1500 3700 606
0 1 64 0
1 2 62 0
2 3 1 0
3 4 55 1
4 5 83 0
5 6 51 1
6 7 79 0
7 8 37 0
8 9 36 0
9 10 13 1
10 11 85 0
11 12 61 0
12 13 3 1
13 14 37 0
14 15 69 0
15 16 6 0
16 17 69 1
17 18 15 1
18 19 37 1
19 20 32 0
20 21 29 1
21 22 49 1
22 23 41 1
23 24 76 1
24 25 13 0
25 26 46 0
26 27 13 0
27 28 20 0
28 29 78 1
29 30 1 1
30 31 24 1
31 32 86 1
32 33 37 1
33 34 80 1
34 35 98 0
35 36 15 1
36 37 98 0
37 38 31 1
38 39 26 1
39 40 54 1
40 41 70 1
41 42 9 1
42 43 27 1
43 44 49 0
44 45 73 1
45 46 32 1
46 47 63 1
47 48 94 1
48 49 30 0
49 50 4 0
50 51 50 0
51 52 53 0
52 53 43 1
53 54 85 0
54 55 7 0
55 56 71 1
56 57 40 1
57 58 32 0
58 59 54 1
59 60 48 1
60 61 100 1
61 62 41 1
62 63 37 0
63 64 51 0
64 65 98 1
65 66 77 0
66 67 35 1
67 68 58 0
68 69 54 1
69 70 16 0
70 71 85 0
71 72 21 1
72 73 73 0
73 74 88 1
74 75 81 0
75 76 83 1
76 77 93 0
77 78 73 1
78 79 21 0
79 80 2 1
80 81 47 1
81 82 18 1
82 83 52 1
83 84 39 0
84 85 73 0
85 86 56 0
86 87 86 1
87 88 32 0
88 89 54 0
89 90 14 1
90 91 85 1
91 92 48 0
92 93 34 0
93 94 3 1
94 95 68 0
95 96 100 1
96 97 51 1
97 98 5 0
98 99 45 0
99 100 31 0
100 101 67 0
101 102 93 0
102 103 44 1
103 104 38 0
104 105 40 1
105 106 51 0
106 107 36 0
107 108 12 0
108 109 1 0
109 110 38 0
110 111 78 0
111 112 95 1
112 113 12 0
113 114 20 0
114 115 44 1
115 116 2 0
116 117 93 0
117 118 43 0
118 119 20 0
119 120 33 1
120 121 55 0
121 122 45 1
122 123 14 0
123 124 77 1
124 125 77 1
125 126 69 0
126 127 21 1
127 128 54 1
128 129 85 0
129 130 46 0
130 131 5 0
131 132 40 0
132 133 33 1
133 134 57 0
134 135 21 0
135 136 14 1
136 137 62 0
137 138 24 1
138 139 41 0
139 140 11 0
140 141 85 1
141 142 61 1
142 143 71 1
143 144 21 1
144 145 24 1
145 146 22 0
146 147 34 1
147 148 86 1
148 149 76 0
149 150 100 0
150 151 18 0
151 152 77 1
152 153 26 0
153 154 38 1
154 155 87 1
155 156 47 1
156 157 99 1
157 158 17 0
158 159 37 0
159 160 95 0
160 161 81 0
161 162 51 1
162 163 15 1
163 164 23 1
164 165 39 0
165 166 27 1
166 167 35 0
167 168 29 1
168 169 21 0
169 170 57 1
170 171 98 0
171 172 67 1
172 173 27 1
173 174 39 0
174 175 4 0
175 176 24 0
176 177 60 0
177 178 6 0
178 179 74 0
179 180 5 0
180 181 87 0
181 182 72 1
182 183 78 1
183 184 70 1
184 185 57 1
185 186 51 1
186 187 67 1
187 188 32 0
188 189 8 0
189 190 31 1
190 191 54 0
191 192 45 0
192 193 70 1
193 194 39 0
194 195 17 0
195 196 59 0
196 197 25 1
197 198 71 0
198 199 56 1
199 200 48 0
200 201 58 1
201 202 41 1
202 203 51 1
203 204 51 0
204 205 23 0
205 206 53 1
206 207 99 1
207 208 28 0
208 209 14 0
209 210 85 0
210 211 11 0
211 212 12 1
212 213 41 1
213 214 18 0
214 215 25 1
215 216 32 0
216 217 16 1
217 218 19 0
218 219 71 0
219 220 50 0
220 221 65 1
221 222 56 0
222 223 18 1
223 224 73 0
224 225 98 0
225 226 31 0
226 227 68 0
227 228 70 1
228 229 41 1
229 230 32 0
230 231 26 0
231 232 100 1
232 233 48 0
233 234 75 1
234 235 36 1
235 236 26 0
236 237 97 1
237 238 43 0
238 239 58 1
239 240 4 1
240 241 100 0
241 242 23 0
242 243 4 1
243 244 78 1
244 245 91 1
245 246 4 1
246 247 48 0
247 248 27 1
248 249 76 0
249 250 85 1
250 251 67 1
251 252 98 1
252 253 6 1
253 254 65 0
254 255 97 1
255 256 26 0
256 257 36 1
257 258 16 1
258 259 65 0
259 260 22 1
260 261 3 1
261 262 25 1
262 263 91 1
263 264 24 0
264 265 99 1
265 266 9 1
266 267 55 0
267 268 8 0
268 269 76 1
269 270 78 0
270 271 70 0
271 272 56 1
272 273 70 0
273 274 33 0
274 275 44 1
275 276 99 0
276 277 38 1
277 278 55 0
278 279 19 0
279 280 53 0
280 281 98 0
281 282 81 1
282 283 56 0
283 284 52 0
284 285 55 0
285 286 73 1
286 287 10 1
287 288 25 0
288 289 61 0
289 290 72 0
290 291 66 0
291 292 44 0
292 293 97 1
293 294 26 1
294 295 79 0
295 296 35 0
296 297 14 0
297 298 44 1
298 299 96 0
299 300 6 0
300 301 52 1
301 302 95 1
302 303 80 1
303 304 54 1
304 305 44 1
305 306 89 0
306 307 75 0
307 308 99 1
308 309 88 1
309 310 56 0
310 311 3 0
311 312 66 1
312 313 62 0
313 314 95 0
314 315 73 0
315 316 57 1
316 317 71 1
317 318 5 1
318 319 52 0
319 320 69 1
320 321 6 1
321 322 96 0
322 323 37 1
323 324 65 0
324 325 23 1
325 326 25 1
326 327 85 1
327 328 2 1
328 329 27 0
329 330 47 1
330 331 68 0
331 332 41 0
332 333 40 0
333 334 23 1
334 335 34 1
335 336 23 1
336 337 68 1
337 338 89 0
338 339 83 0
339 340 88 1
340 341 7 1
341 342 61 0
342 343 97 0
343 344 86 0
344 345 86 1
345 346 36 0
346 347 65 1
347 348 20 1
348 349 22 1
349 350 15 0
350 351 49 1
351 352 78 0
352 353 61 0
353 354 39 0
354 355 15 1
355 356 61 0
356 357 22 1
357 358 7 1
358 359 62 1
359 360 16 1
360 361 55 0
361 362 27 0
362 363 59 0
363 364 10 1
364 365 57 0
365 366 49 0
366 367 15 0
367 368 40 0
368 369 28 1
369 370 82 1
370 371 93 1
371 372 100 0
372 373 38 1
373 374 38 1
374 375 22 1
375 376 23 0
376 377 13 0
377 378 9 0
378 379 2 1
379 380 68 1
380 381 15 0
381 382 44 1
382 383 71 1
383 384 71 0
384 385 1 0
385 386 37 1
386 387 68 0
387 388 45 0
388 389 23 0
389 390 9 0
390 391 29 1
391 392 84 1
392 393 84 1
393 394 43 0
394 395 80 0
395 396 70 0
396 397 78 0
397 398 15 1
398 399 48 0
399 400 67 1
400 401 91 0
401 402 4 0
402 403 30 1
403 404 59 0
404 405 32 1
405 406 80 0
406 407 67 0
407 408 19 0
408 409 95 1
409 410 77 0
410 411 84 1
411 412 59 0
412 413 74 0
413 414 51 1
414 415 81 0
415 416 39 1
416 417 9 1
417 418 85 1
418 419 31 1
419 420 41 0
420 421 92 0
421 422 81 0
422 423 85 1
423 424 39 0
424 425 58 0
425 426 15 1
426 427 4 1
427 428 3 1
428 429 34 1
429 430 82 1
430 431 76 0
431 432 43 1
432 433 17 1
433 434 59 1
434 435 32 1
435 436 69 1
436 437 27 0
437 438 70 1
438 439 2 1
439 440 37 1
440 441 45 1
441 442 94 0
442 443 60 0
443 444 9 1
444 445 82 1
445 446 54 1
446 447 42 0
447 448 3 1
448 449 22 1
449 450 3 0
450 451 38 1
451 452 44 1
452 453 86 0
453 454 99 1
454 455 53 0
455 456 54 1
456 457 93 1
457 458 31 0
458 459 59 0
459 460 58 0
460 461 95 0
461 462 15 0
462 463 65 1
463 464 71 0
464 465 18 0
465 466 92 0
466 467 90 1
467 468 3 1
468 469 33 0
469 470 16 0
470 471 87 1
471 472 37 0
472 473 64 0
473 474 73 1
474 475 75 0
475 476 61 0
476 477 67 0
477 478 4 0
478 479 82 0
479 480 57 1
480 481 3 1
481 482 58 1
482 483 90 0
483 484 55 0
484 485 62 0
485 486 6 1
486 487 63 0
487 488 25 1
488 489 89 0
489 490 31 0
490 491 39 1
491 492 85 1
492 493 65 1
493 494 2 1
494 495 51 0
495 496 87 0
496 497 21 1
497 498 96 0
498 499 53 0
499 500 40 0
500 501 85 0
501 502 66 0
502 503 50 1
503 504 15 0
504 505 9 0
505 506 63 0
506 507 31 0
507 508 86 1
508 509 15 0
509 510 17 1
510 511 35 1
511 512 52 1
512 513 36 1
513 514 34 0
514 515 48 1
515 516 34 0
516 517 47 1
517 518 40 1
518 519 36 1
519 520 46 0
520 521 94 0
521 522 100 1
522 523 86 0
523 524 97 0
524 525 96 0
525 526 49 0
526 527 54 0
527 528 24 1
528 529 32 1
529 530 79 0
530 531 31 0
531 532 8 1
532 533 26 1
533 534 73 1
534 535 82 0
535 536 60 0
536 537 67 0
537 538 98 1
538 539 9 0
539 540 16 0
540 541 95 0
541 542 39 1
542 543 49 0
543 544 43 1
544 545 61 1
545 546 71 0
546 547 56 0
547 548 24 0
548 549 96 0
549 550 69 0
550 551 60 1
551 552 23 1
552 553 86 0
553 554 90 1
554 555 84 0
555 556 1 1
556 557 83 0
557 558 33 1
558 559 45 0
559 560 45 1
560 561 16 1
561 562 29 0
562 563 37 0
563 564 42 1
564 565 19 1
565 566 92 0
566 567 33 1
567 568 98 0
568 569 76 1
569 570 76 1
570 571 75 1
571 572 32 1
572 573 56 1
573 574 6 1
574 575 15 0
575 576 4 0
576 577 39 0
577 578 58 0
578 579 17 1
579 580 38 0
580 581 99 1
581 582 56 0
582 583 15 0
583 584 6 1
584 585 24 1
585 586 51 0
586 587 54 1
587 588 49 1
588 589 81 0
589 590 78 1
590 591 53 1
591 592 49 1
592 593 50 1
593 594 63 1
594 595 90 0
595 596 39 0
596 597 37 1
597 598 68 1
598 599 19 1
599 600 41 1
600 601 24 0
601 602 51 1
602 603 65 1
603 604 81 1
604 605 37 1
605 606 51 0
606 607 16 0
607 608 2 0
608 609 74 1
609 610 82 0
610 611 52 1
611 612 68 1
612 613 6 0
613 614 58 0
614 615 57 0
615 616 98 1
616 617 6 0
617 618 95 1
618 619 23 1
619 620 88 1
620 621 53 1
621 622 17 0
622 623 5 0
623 624 80 1
624 625 42 1
625 626 51 0
626 627 58 0
627 628 42 1
628 629 12 0
629 630 47 1
630 631 42 0
631 632 65 0
632 633 57 0
633 634 81 0
634 635 65 1
635 636 50 1
636 637 37 1
637 638 67 0
638 639 41 0
639 640 22 0
640 641 37 1
641 642 19 1
642 643 54 1
643 644 96 1
644 645 96 0
645 646 34 0
646 647 2 1
647 648 31 1
648 649 95 1
649 650 43 1
650 651 12 0
651 652 2 0
652 653 96 0
653 654 1 1
654 655 92 0
655 656 74 1
656 657 79 0
657 658 96 0
658 659 22 1
659 660 53 1
660 661 59 0
661 662 69 1
662 663 61 0
663 664 86 1
664 665 44 1
665 666 37 1
666 667 25 1
667 668 83 1
668 669 6 1
669 670 55 1
670 671 68 1
671 672 64 1
672 673 70 1
673 674 9 1
674 675 63 1
675 676 61 1
676 677 62 0
677 678 36 0
678 679 9 1
679 680 92 1
680 681 82 0
681 682 38 0
682 683 39 1
683 684 61 0
684 685 4 0
685 686 88 0
686 687 77 0
687 688 65 0
688 689 83 0
689 690 14 0
690 691 2 0
691 692 65 0
692 693 76 0
693 694 60 1
694 695 100 0
695 696 70 1
696 697 34 0
697 698 39 1
698 699 25 0
699 700 98 0
700 701 21 0
701 702 76 1
702 703 86 0
703 704 24 1
704 705 77 0
705 706 73 0
706 707 25 0
707 708 51 0
708 709 25 1
709 710 86 1
710 711 17 0
711 712 9 0
712 713 26 0
713 714 17 1
714 715 91 1
715 716 46 0
716 717 24 0
717 718 20 1
718 719 97 1
719 720 56 0
720 721 73 0
721 722 9 0
722 723 78 1
723 724 3 0
724 725 94 1
725 726 57 1
726 727 46 1
727 728 2 0
728 729 98 1
729 730 43 0
730 731 19 0
731 732 48 0
732 733 82 1
733 734 78 1
734 735 86 0
735 736 67 1
736 737 52 1
737 738 79 0
738 739 30 0
739 740 83 0
740 741 58 1
741 742 79 0
742 743 79 1
743 744 81 1
744 745 97 0
745 746 43 0
746 747 81 0
747 748 80 1
748 749 70 0
749 750 34 1
750 751 94 0
751 752 55 1
752 753 39 0
753 754 13 1
754 755 79 0
755 756 9 0
756 757 85 1
757 758 76 0
758 759 43 0
759 760 72 1
760 761 89 1
761 762 56 1
762 763 57 0
763 764 95 1
764 765 6 1
765 766 30 0
766 767 30 0
767 768 98 1
768 769 11 1
769 770 39 0
770 771 31 0
771 772 65 0
772 773 73 1
773 774 18 0
774 775 57 0
775 776 84 1
776 777 51 0
777 778 20 0
778 779 95 0
779 780 1 1
780 781 63 0
781 782 4 1
782 783 96 0
783 784 36 0
784 785 84 1
785 786 88 0
786 787 47 0
787 788 35 1
788 789 15 0
789 790 80 1
790 791 59 0
791 792 62 1
792 793 61 0
793 794 54 0
794 795 69 1
795 796 6 0
796 797 48 1
797 798 2 1
798 799 32 0
799 800 43 1
800 801 75 0
801 802 96 0
802 803 61 1
803 804 43 0
804 805 92 0
805 806 12 1
806 807 37 1
807 808 46 1
808 809 34 0
809 810 69 1
810 811 24 1
811 812 81 0
812 813 81 1
813 814 83 1
814 815 79 0
815 816 88 1
816 817 48 1
817 818 43 0
818 819 69 1
819 820 25 0
820 821 74 0
821 822 54 1
822 823 93 0
823 824 58 1
824 825 88 0
825 826 60 0
826 827 18 1
827 828 29 0
828 829 19 0
829 830 2 1
830 831 2 0
831 832 92 1
832 833 91 1
833 834 89 1
834 835 25 1
835 836 16 1
836 837 80 1
837 838 74 0
838 839 24 0
839 840 13 0
840 841 46 0
841 842 79 1
842 843 74 1
843 844 63 1
844 845 94 0
845 846 4 0
846 847 56 0
847 848 73 1
848 849 18 1
849 850 8 0
850 851 9 0
851 852 26 0
852 853 66 1
853 854 66 0
854 855 51 0
855 856 45 0
856 857 25 0
857 858 53 1
858 859 81 1
859 860 39 1
860 861 11 1
861 862 8 0
862 863 30 1
863 864 38 1
864 865 36 1
865 866 35 0
866 867 2 0
867 868 33 0
868 869 36 0
869 870 31 0
870 871 85 0
871 872 9 0
872 873 19 1
873 874 95 0
874 875 92 0
875 876 22 1
876 877 49 0
877 878 86 0
878 879 33 0
879 880 25 0
880 881 48 0
881 882 95 1
882 883 32 1
883 884 86 1
884 885 65 0
885 886 19 1
886 887 80 1
887 888 33 0
888 889 4 0
889 890 52 0
890 891 42 1
891 892 53 1
892 893 39 1
893 894 80 0
894 895 100 0
895 896 88 0
896 897 37 0
897 898 83 0
898 899 55 1
899 900 37 0
900 901 50 0
901 902 37 0
902 903 73 1
903 904 56 1
904 905 62 0
905 906 70 1
906 907 86 0
907 908 27 1
908 909 80 0
909 910 61 0
910 911 84 1
911 912 35 0
912 913 52 0
913 914 29 1
914 915 50 0
915 916 32 1
916 917 5 0
917 918 88 0
918 919 53 0
919 920 26 1
920 921 55 0
921 922 85 1
922 923 76 1
923 924 52 1
924 925 86 0
925 926 61 0
926 927 71 1
927 928 5 1
928 929 14 1
929 930 29 1
930 931 88 0
931 932 93 0
932 933 19 1
933 934 53 0
934 935 95 1
935 936 49 1
936 937 97 0
937 938 15 0
938 939 48 0
939 940 33 1
940 941 12 1
941 942 97 0
942 943 69 0
943 944 71 0
944 945 11 1
945 946 100 1
946 947 57 0
947 948 57 0
948 949 68 1
949 950 54 0
950 951 34 1
951 952 92 0
952 953 11 1
953 954 88 1
954 955 78 0
955 956 59 1
956 957 23 0
957 958 74 1
958 959 88 1
959 960 50 0
960 961 85 1
961 962 78 1
962 963 82 1
963 964 66 1
964 965 59 0
965 966 6 0
966 967 40 0
967 968 96 0
968 969 71 1
969 970 23 1
970 971 100 0
971 972 25 1
972 973 18 1
973 974 89 0
974 975 53 1
975 976 68 0
976 977 83 1
977 978 57 0
978 979 8 1
979 980 24 0
980 981 25 0
981 982 16 0
982 983 31 0
983 984 69 0
984 985 77 1
985 986 18 0
986 987 25 0
987 988 35 1
988 989 85 0
989 990 6 1
990 991 100 0
991 992 24 1
992 993 19 1
993 994 25 1
994 995 31 0
995 996 65 0
996 997 6 0
997 998 13 0
998 999 15 1
999 1000 57 0
1000 1001 1 1
1001 1002 79 0
1002 1003 13 0
1003 1004 24 1
1004 1005 68 0
1005 1006 86 0
1006 1007 96 0
1007 1008 11 1
1008 1009 98 1
1009 1010 8 0
1010 1011 7 0
1011 1012 70 1
1012 1013 65 1
1013 1014 17 0
1014 1015 37 1
1015 1016 42 1
1016 1017 76 0
1017 1018 6 1
1018 1019 91 0
1019 1020 91 1
1020 1021 67 1
1021 1022 12 0
1022 1023 45 1
1023 1024 52 0
1024 1025 97 1
1025 1026 28 1
1026 1027 65 0
1027 1028 90 0
1028 1029 14 0
1029 1030 29 1
1030 1031 26 1
1031 1032 7 0
1032 1033 77 1
1033 1034 57 1
1034 1035 34 0
1035 1036 9 1
1036 1037 52 1
1037 1038 17 1
1038 1039 84 1
1039 1040 42 1
1040 1041 48 0
1041 1042 8 0
1042 1043 38 0
1043 1044 14 1
1044 1045 90 0
1045 1046 17 0
1046 1047 59 1
1047 1048 36 0
1048 1049 17 1
1049 1050 27 0
1050 1051 11 0
1051 1052 100 1
1052 1053 32 1
1053 1054 33 1
1054 1055 38 1
1055 1056 5 1
1056 1057 21 1
1057 1058 44 0
1058 1059 91 0
1059 1060 97 0
1060 1061 92 0
1061 1062 59 1
1062 1063 17 0
1063 1064 4 0
1064 1065 78 0
1065 1066 52 1
1066 1067 77 1
1067 1068 92 1
1068 1069 21 0
1069 1070 99 0
1070 1071 69 0
1071 1072 34 0
1072 1073 60 1
1073 1074 2 1
1074 1075 35 1
1075 1076 69 0
1076 1077 29 0
1077 1078 93 0
1078 1079 20 0
1079 1080 34 0
1080 1081 2 0
1081 1082 3 1
1082 1083 33 0
1083 1084 91 1
1084 1085 91 0
1085 1086 56 1
1086 1087 11 0
1087 1088 55 0
1088 1089 90 0
1089 1090 88 1
1090 1091 96 0
1091 1092 14 1
1092 1093 33 0
1093 1094 14 0
1094 1095 50 0
1095 1096 68 0
1096 1097 99 1
1097 1098 87 0
1098 1099 93 1
1099 1100 4 1
1100 1101 2 0
1101 1102 26 1
1102 1103 94 1
1103 1104 63 0
1104 1105 68 0
1105 1106 76 0
1106 1107 96 0
1107 1108 65 0
1108 1109 51 0
1109 1110 95 1
1110 1111 10 0
1111 1112 80 1
1112 1113 88 1
1113 1114 96 1
1114 1115 4 0
1115 1116 31 1
1116 1117 38 0
1117 1118 16 1
1118 1119 34 1
1119 1120 33 0
1120 1121 95 1
1121 1122 13 1
1122 1123 36 0
1123 1124 84 1
1124 1125 75 0
1125 1126 67 0
1126 1127 100 1
1127 1128 9 1
1128 1129 36 0
1129 1130 20 0
1130 1131 61 0
1131 1132 69 0
1132 1133 90 1
1133 1134 24 1
1134 1135 49 1
1135 1136 66 0
1136 1137 47 0
1137 1138 52 0
1138 1139 73 0
1139 1140 38 1
1140 1141 61 0
1141 1142 53 1
1142 1143 15 1
1143 1144 61 1
1144 1145 28 1
1145 1146 35 1
1146 1147 63 0
1147 1148 55 0
1148 1149 49 0
1149 1150 67 0
1150 1151 75 0
1151 1152 76 0
1152 1153 37 0
1153 1154 84 1
1154 1155 20 1
1155 1156 98 1
1156 1157 35 1
1157 1158 66 1
1158 1159 15 0
1159 1160 77 1
1160 1161 56 0
1161 1162 73 1
1162 1163 33 1
1163 1164 48 0
1164 1165 87 0
1165 1166 19 0
1166 1167 69 0
1167 1168 42 0
1168 1169 9 1
1169 1170 20 0
1170 1171 20 1
1171 1172 31 1
1172 1173 38 0
1173 1174 51 1
1174 1175 97 0
1175 1176 47 1
1176 1177 26 0
1177 1178 69 0
1178 1179 56 0
1179 1180 51 1
1180 1181 13 0
1181 1182 60 1
1182 1183 92 1
1183 1184 74 1
1184 1185 88 0
1185 1186 22 1
1186 1187 25 1
1187 1188 69 1
1188 1189 76 1
1189 1190 72 0
1190 1191 67 1
1191 1192 12 0
1192 1193 47 0
1193 1194 75 1
1194 1195 91 0
1195 1196 83 0
1196 1197 67 0
1197 1198 68 0
1198 1199 30 0
1199 1200 1 0
1200 1201 46 0
1201 1202 36 0
1202 1203 80 1
1203 1204 97 1
1204 1205 68 1
1205 1206 70 0
1206 1207 73 0
1207 1208 11 0
1208 1209 7 1
1209 1210 86 0
1210 1211 34 1
1211 1212 41 1
1212 1213 40 0
1213 1214 48 1
1214 1215 96 0
1215 1216 60 1
1216 1217 18 0
1217 1218 82 1
1218 1219 56 1
1219 1220 68 1
1220 1221 98 1
1221 1222 90 1
1222 1223 82 1
1223 1224 39 0
1224 1225 17 0
1225 1226 40 1
1226 1227 28 1
1227 1228 89 0
1228 1229 15 1
1229 1230 26 0
1230 1231 44 0
1231 1232 72 1
1232 1233 35 0
1233 1234 53 1
1234 1235 70 1
1235 1236 91 1
1236 1237 6 1
1237 1238 2 0
1238 1239 11 0
1239 1240 98 1
1240 1241 71 0
1241 1242 37 0
1242 1243 30 1
1243 1244 17 1
1244 1245 29 0
1245 1246 42 1
1246 1247 94 1
1247 1248 70 0
1248 1249 23 1
1249 1250 6 0
1250 1251 87 1
1251 1252 75 1
1252 1253 89 1
1253 1254 14 0
1254 1255 33 1
1255 1256 80 1
1256 1257 16 1
1257 1258 72 1
1258 1259 39 0
1259 1260 58 1
1260 1261 36 1
1261 1262 50 0
1262 1263 70 1
1263 1264 91 1
1264 1265 41 0
1265 1266 15 1
1266 1267 33 0
1267 1268 6 0
1268 1269 7 0
1269 1270 100 1
1270 1271 22 0
1271 1272 30 0
1272 1273 19 0
1273 1274 64 0
1274 1275 13 1
1275 1276 70 1
1276 1277 69 0
1277 1278 77 1
1278 1279 15 1
1279 1280 66 0
1280 1281 63 1
1281 1282 96 1
1282 1283 60 1
1283 1284 10 0
1284 1285 17 1
1285 1286 18 0
1286 1287 77 1
1287 1288 51 0
1288 1289 35 1
1289 1290 22 1
1290 1291 52 1
1291 1292 58 0
1292 1293 26 1
1293 1294 40 1
1294 1295 33 1
1295 1296 43 1
1296 1297 60 0
1297 1298 98 0
1298 1299 15 1
1299 1300 71 0
1300 1301 62 0
1301 1302 58 1
1302 1303 67 1
1303 1304 80 1
1304 1305 85 1
1305 1306 81 1
1306 1307 39 0
1307 1308 94 1
1308 1309 44 0
1309 1310 39 1
1310 1311 1 0
1311 1312 32 0
1312 1313 30 1
1313 1314 70 0
1314 1315 10 1
1315 1316 22 0
1316 1317 76 0
1317 1318 38 0
1318 1319 18 0
1319 1320 18 1
1320 1321 62 0
1321 1322 69 1
1322 1323 60 1
1323 1324 70 0
1324 1325 54 0
1325 1326 78 1
1326 1327 84 0
1327 1328 57 1
1328 1329 4 0
1329 1330 84 0
1330 1331 49 1
1331 1332 93 1
1332 1333 10 1
1333 1334 80 1
1334 1335 64 1
1335 1336 81 0
1336 1337 36 0
1337 1338 91 1
1338 1339 86 1
1339 1340 29 1
1340 1341 84 1
1341 1342 65 1
1342 1343 32 0
1343 1344 42 1
1344 1345 35 1
1345 1346 11 0
1346 1347 35 0
1347 1348 71 0
1348 1349 39 1
1349 1350 42 1
1350 1351 94 0
1351 1352 67 1
1352 1353 44 0
1353 1354 70 1
1354 1355 93 0
1355 1356 73 0
1356 1357 19 0
1357 1358 33 1
1358 1359 36 1
1359 1360 86 1
1360 1361 49 1
1361 1362 58 1
1362 1363 89 0
1363 1364 4 1
1364 1365 17 0
1365 1366 67 0
1366 1367 5 0
1367 1368 17 0
1368 1369 56 0
1369 1370 43 0
1370 1371 47 1
1371 1372 87 0
1372 1373 14 1
1373 1374 78 0
1374 1375 27 0
1375 1376 30 0
1376 1377 45 0
1377 1378 56 1
1378 1379 98 0
1379 1380 80 1
1380 1381 16 0
1381 1382 12 1
1382 1383 46 1
1383 1384 47 0
1384 1385 49 0
1385 1386 83 0
1386 1387 69 0
1387 1388 82 1
1388 1389 72 0
1389 1390 31 1
1390 1391 23 1
1391 1392 77 0
1392 1393 31 0
1393 1394 22 0
1394 1395 63 1
1395 1396 71 0
1396 1397 61 1
1397 1398 96 0
1398 1399 79 1
1399 1400 15 0
1400 1401 83 0
1401 1402 38 1
1402 1403 44 0
1403 1404 2 0
1404 1405 46 1
1405 1406 25 1
1406 1407 34 1
1407 1408 84 0
1408 1409 52 0
1409 1410 42 0
1410 1411 86 0
1411 1412 12 1
1412 1413 59 0
1413 1414 1 1
1414 1415 89 1
1415 1416 17 0
1416 1417 48 0
1417 1418 61 0
1418 1419 54 1
1419 1420 7 1
1420 1421 56 1
1421 1422 86 1
1422 1423 8 1
1423 1424 90 0
1424 1425 51 1
1425 1426 3 0
1426 1427 100 1
1427 1428 78 0
1428 1429 48 0
1429 1430 96 1
1430 1431 30 0
1431 1432 42 0
1432 1433 43 0
1433 1434 14 1
1434 1435 41 0
1435 1436 2 0
1436 1437 84 1
1437 1438 40 0
1438 1439 9 1
1439 1440 45 1
1440 1441 93 0
1441 1442 99 1
1442 1443 99 0
1443 1444 48 1
1444 1445 94 1
1445 1446 10 1
1446 1447 90 1
1447 1448 98 0
1448 1449 8 0
1449 1450 39 0
1450 1451 78 1
1451 1452 34 0
1452 1453 66 0
1453 1454 18 0
1454 1455 33 0
1455 1456 53 1
1456 1457 21 1
1457 1458 49 0
1458 1459 9 1
1459 1460 19 1
1460 1461 96 0
1461 1462 40 1
1462 1463 70 0
1463 1464 62 1
1464 1465 1 0
1465 1466 7 1
1466 1467 10 1
1467 1468 56 0
1468 1469 60 1
1469 1470 56 0
1470 1471 53 0
1471 1472 88 1
1472 1473 74 1
1473 1474 58 0
1474 1475 11 0
1475 1476 61 0
1476 1477 4 0
1477 1478 84 0
1478 1479 60 1
1479 1480 99 1
1480 1481 2 0
1481 1482 83 1
1482 1483 79 1
1483 1484 57 1
1484 1485 11 1
1485 1486 100 1
1486 1487 4 0
1487 1488 2 0
1488 1489 24 0
1489 1490 33 0
1490 1491 95 0
1491 1492 81 1
1492 1493 95 0
1493 1494 30 1
1494 1495 49 1
1495 1496 42 1
1496 1497 14 1
1497 1498 77 1
1498 1499 23 1
577 810 78 1
478 652 35 0
11 1043 72 1
1380 145 63 1
540 1467 36 1
1098 1485 60 1
385 1363 54 0
614 547 40 0
767 44 41 1
26 302 20 1
240 1390 30 1
550 1114 52 0
1278 792 73 0
1464 914 93 1
233 1034 15 0
1189 735 17 1
1139 521 13 0
87 882 22 0
1144 1393 21 0
160 1329 15 0
283 192 89 1
1170 1453 25 1
1149 1397 30 0
595 195 10 1
1465 214 88 1
1371 1417 95 1
1440 644 96 0
1409 572 88 0
875 23 48 1
768 624 34 1
531 643 98 0
0 586 3 0
509 413 32 1
976 439 50 0
501 273 47 0
1315 81 13 1
1285 1292 30 1
1486 891 3 1
575 634 3 1
799 822 28 1
917 1011 6 0
251 166 39 0
940 780 66 1
68 569 13 0
312 566 45 0
1261 832 33 1
1093 817 30 1
1235 389 99 0
973 102 24 1
804 533 4 1
156 24 98 1
1438 313 72 0
1120 916 49 1
859 275 87 0
16 1481 36 0
1325 56 6 0
557 919 81 1
303 1364 55 1
206 653 4 0
1443 515 5 0
207 44 15 1
307 65 89 0
121 1252 90 1
210 334 76 1
148 185 78 1
526 5 41 1
1311 1237 7 1
505 1037 19 1
438 1199 26 1
872 1020 19 1
356 925 10 1
1415 1182 5 1
578 786 17 1
420 151 35 1
764 1468 18 1
1415 564 42 0
979 950 27 0
192 779 54 0
1273 1425 82 0
714 743 14 0
78 151 7 0
746 1499 66 1
659 628 13 0
368 1071 54 1
355 1124 24 1
693 39 68 1
402 1020 37 1
1290 542 89 0
492 541 57 1
667 1167 88 0
325 559 59 0
352 6 35 1
928 121 85 1
1014 1432 19 0
303 72 42 0
1335 1477 20 0
787 414 97 1
472 702 25 0
668 1209 70 0
719 384 17 1
242 1295 40 0
67 497 83 1
598 633 93 0
1367 279 49 1
1276 1337 19 0
1221 8 53 1
736 1293 58 1
821 1140 99 1
1492 387 45 1
1361 473 77 1
557 453 62 0
1128 331 63 0
1044 532 14 0
636 635 11 0
1392 944 4 0
1312 1411 49 0
803 838 16 0
1207 1443 75 0
1111 95 96 0
1272 1417 4 1
962 1378 21 1
1272 1313 60 0
139 702 35 0
48 276 99 1
697 751 91 1
792 829 20 1
540 857 24 1
9 1378 20 1
156 8 14 0
13 366 61 1
1373 830 100 1
45 279 95 1
1034 536 71 0
49 479 71 0
1034 970 55 1
1463 371 17 1
607 251 63 0
721 1402 89 0
1012 519 75 1
83 362 40 0
336 173 68 0
1246 23 39 0
373 381 60 1
372 45 7 0
517 240 67 1
601 1390 94 0
790 356 28 1
1099 200 10 0
248 1010 46 1
571 3 51 0
1313 569 95 0
200 366 56 1
195 443 16 0
40 1455 10 0
1303 1411 71 0
391 1390 96 1
741 1288 3 0
1209 569 32 0
1028 548 84 0
670 1314 77 0
671 1163 3 1
1325 1406 69 0
609 554 90 0
364 1060 62 0
1492 1269 45 0
484 1471 48 1
845 507 85 1
1002 17 79 1
756 303 31 1
558 138 10 1
1179 264 98 1
976 61 17 1
459 1421 4 0
850 1267 39 1
540 176 43 0
1392 783 34 1
297 281 99 1
646 495 46 1
1031 1319 73 1
1381 124 22 1
196 503 47 1
842 1383 47 0
1050 1144 21 0
1239 554 24 1
823 575 40 1
1299 246 46 0
1272 1480 61 0
315 1310 24 1
770 953 22 0
1039 1019 33 1
1235 40 88 1
1332 425 13 1
1442 1340 87 1
1339 1195 99 0
440 51 81 0
197 699 24 1
1367 841 59 0
448 522 65 0
1058 1076 65 0
640 986 23 1
1124 907 95 1
207 1094 46 0
84 1306 19 1
1057 618 97 0
1215 303 50 1
544 1476 72 1
370 430 17 0
473 267 17 0
670 727 42 0
124 735 70 1
1244 14 86 1
827 85 12 0
754 167 99 1
3 1279 99 1
608 148 34 1
1162 492 59 1
1443 1316 27 1
1371 500 89 0
1219 497 97 0
231 109 67 1
1337 104 72 0
343 460 56 1
756 568 80 1
1334 749 16 0
42 1107 33 0
247 567 58 0
586 438 24 0
604 20 16 0
900 880 17 1
675 367 25 1
1483 397 59 1
311 19 17 1
983 1247 36 1
1040 1009 36 1
136 1149 11 1
203 1033 18 0
69 825 89 0
191 612 97 0
1307 376 28 0
303 1322 59 1
656 1134 61 1
628 952 65 1
56 1259 16 0
680 798 93 0
660 362 69 0
687 1030 74 1
867 223 92 1
836 956 52 1
28 870 59 1
320 496 88 0
1160 326 98 1
190 501 32 1
748 959 80 1
1306 1092 40 0
536 841 63 0
1278 722 70 0
1247 715 85 0
1301 1034 17 1
757 522 25 0
830 395 52 1
1260 867 19 1
850 1061 7 1
1032 1133 71 1
1321 1088 20 1
29 1440 66 1
1264 587 18 0
193 313 85 1
215 44 64 0
54 1406 37 1
286 127 93 1
1435 1249 21 0
313 1346 30 0
81 1131 18 1
1037 706 45 0
1033 1079 77 0
239 1375 64 1
553 665 94 1
1030 257 16 1
879 5 9 1
181 1294 40 1
1004 1132 70 0
312 70 22 1
834 356 48 1
1029 1124 87 1
302 1052 86 1
604 805 52 1
1020 592 34 1
658 200 3 0
395 592 52 1
894 271 89 1
1459 151 72 0
351 421 85 0
8 826 85 1
400 1292 82 0
808 752 25 1
181 48 68 0
552 1237 49 0
1176 1014 70 0
66 1268 5 0
517 843 38 1
1267 1186 75 1
1287 311 59 1
1098 585 57 1
654 1444 91 0
1496 920 48 1
436 1171 32 0
1114 1388 21 1
794 332 9 0
1227 918 51 0
1324 1302 76 1
757 1399 34 0
673 862 97 0
431 897 49 1
873 143 3 0
282 1094 89 1
326 1473 95 0
1047 1093 69 1
1389 450 91 1
937 876 80 1
358 859 9 0
460 1490 70 1
728 140 64 0
1112 1283 23 1
592 419 61 1
968 522 86 0
746 1402 59 1
629 302 13 1
1202 1042 71 0
1275 920 26 0
628 1462 40 0
539 400 81 1
538 152 59 1
599 535 99 0
215 394 41 0
452 1128 41 0
1129 510 69 0
281 1380 66 1
1208 862 51 0
639 1009 10 1
410 78 32 0
1049 1486 52 1
229 23 30 0
124 1030 88 1
292 1131 35 1
542 1196 17 1
41 669 14 0
338 618 42 1
447 937 60 1
73 522 11 0
708 515 76 1
256 1449 84 0
86 1303 36 1
127 791 95 0
1028 137 17 0
1079 1043 83 1
862 758 12 1
975 1469 47 0
1001 1437 46 0
1485 516 63 1
446 968 3 1
1357 775 57 0
498 869 37 1
107 1436 27 1
989 17 69 0
900 1289 14 0
1266 1000 95 0
202 1063 57 1
1065 221 83 1
57 477 45 1
308 178 43 0
203 454 71 1
871 1197 44 0
854 864 27 1
1246 629 42 1
1391 264 93 0
1388 209 90 0
1069 71 63 1
907 177 89 1
1482 515 15 0
1340 839 21 0
906 575 18 1
1344 1467 42 1
640 1138 20 0
1200 1148 43 1
229 235 64 0
268 54 63 0
819 1245 82 0
1295 1401 70 1
1414 248 12 1
994 1356 76 0
797 1402 67 0
668 518 59 0
7 121 59 1
1382 1100 4 1
763 389 67 1
461 621 25 0
657 632 85 1
712 1461 38 1
1081 1495 44 1
561 1210 12 1
862 185 88 0
294 1132 47 1
293 1287 57 0
1388 61 10 1
1148 259 65 1
1180 1369 1 0
236 121 77 1
271 114 84 1
348 917 24 1
491 1077 87 0
1155 671 75 0
400 1160 32 0
707 903 2 0
1490 1314 29 1
1393 1014 80 1
488 1149 40 0
553 1337 87 0
988 536 37 1
262 764 4 0
647 550 13 1
389 966 34 1
1478 1401 37 0
748 672 46 1
709 697 51 1
1096 819 69 1
1180 1275 49 1
986 1388 91 0
6 678 92 1
595 1481 25 1
536 609 19 1
233 1392 35 1
1300 864 1 0
462 1098 22 0
1298 1391 4 0
276 473 95 0
370 760 45 0
215 394 84 0
1386 853 79 1
354 500 78 0
57 268 39 0
1386 484 82 0
1277 1133 34 1
996 1322 56 1
1427 189 64 1
1130 1351 28 0
874 893 100 0
1060 1001 72 0
1055 947 67 1
1247 23 85 0
1301 947 54 0
1077 635 74 0
199 514 57 0
886 1468 82 0
317 1390 50 0
440 622 64 1
813 97 52 0
1283 608 31 1
273 1222 92 1
19 171 11 0
161 862 60 0
1158 226 19 1
874 227 25 0
44 1289 88 1
353 582 85 0
536 1146 54 1
995 536 21 1
118 841 70 0
899 1487 58 0
32 1258 17 0
55 962 54 1
78 668 61 1
1361 789 67 0
233 1438 71 0
1435 690 31 0
227 30 20 1
134 101 44 1
1149 434 58 1
515 27 58 1
133 690 92 0
853 798 25 0
633 761 67 1
1101 1179 8 1
669 1499 1 1
253 1143 29 0
235 425 67 0
1045 401 71 1
85 487 34 0
476 1069 41 0
130 1129 45 1
572 355 66 0
545 116 13 0
890 389 59 0
469 43 14 1
162 1027 27 0
158 1241 85 1
204 323 97 0
152 1156 68 0
1413 916 88 1
102 438 87 0
283 1219 92 0
1110 225 100 0
332 835 87 1
458 1416 35 0
364 173 39 0
1441 1456 35 1
453 767 42 0
1372 576 19 0
80 386 55 1
206 378 61 1
1468 1411 16 1
1024 315 50 1
202 271 73 0
402 1496 47 0
1445 1078 32 1
1243 1119 82 1
903 429 44 1
1298 146 50 1
1211 619 69 0
291 1441 71 0
1493 1398 50 1
1002 459 8 1
637 583 56 1
1388 309 98 0
1420 261 55 0
653 1217 34 0
1137 1234 3 0
1077 622 10 1
346 577 55 0
1318 729 46 0
644 1307 54 0
344 224 76 1
1127 560 33 1
1292 56 6 1
668 1480 88 1
1106 49 42 0
844 452 17 1
608 716 90 0
715 786 89 1
1295 313 96 1
562 156 27 1
920 1298 38 1
699 175 68 0
667 499 91 0
205 291 4 0
343 430 15 0
1084 669 11 1
1174 1001 62 0
1080 1350 19 1
110 24 96 0
213 1412 30 0
390 1330 41 1
1175 986 25 0
1214 157 12 0
1253 374 33 0
89 1020 10 0
1491 167 22 1
934 1390 26 1
180 929 93 1
692 25 32 1
290 540 59 1
1429 407 28 0
289 595 38 0
902 1339 40 1
662 716 37 1
510 111 46 1
151 250 89 0
51 856 41 1
1195 54 96 1
983 492 27 1
723 1087 63 0
293 386 95 1
1318 264 44 1
415 1348 53 1
1351 511 55 0
1117 984 20 1
1250 1227 73 1
1248 275 9 0
1092 730 19 1
290 527 96 0
747 365 89 0
663 49 37 0
592 1414 17 1
779 471 33 1
590 71 55 1
1488 493 67 0
923 842 52 1
1055 66 51 1
957 67 29 1
1114 835 75 1
595 1454 42 1
1299 458 73 0
1062 466 16 1
1325 777 95 0
443 1345 23 1
501 638 58 1
1343 1352 86 1
449 85 65 1
889 1497 44 1
569 124 86 0
1282 1365 70 1
622 833 42 0
132 1116 24 1
465 345 76 1
875 508 30 1
61 351 84 0
786 167 12 0
1272 649 47 1
797 532 20 0
336 621 83 1
813 157 98 1
1324 750 29 1
657 1077 27 1
394 788 64 0
980 1230 95 0
477 883 52 0
1225 965 87 0
184 850 32 1
1362 148 76 1
545 343 10 0
260 47 46 0
954 307 36 0
659 451 97 0
360 768 15 1
28 1148 94 0
1359 1345 41 1
773 785 22 1
145 546 57 0
978 904 36 0
661 466 9 1
586 617 91 0
96 1184 89 1
941 102 8 0
858 1428 52 1
124 771 82 1
327 921 38 0
492 1069 69 1
1337 696 67 0
8 380 10 0
1175 593 91 1
1225 813 45 1
685 208 90 1
1243 730 45 1
1489 1345 4 0
227 561 63 0
921 44 71 1
169 1488 5 0
995 1419 88 0
475 119 2 1
195 463 5 0
200 869 43 0
639 272 29 1
1226 1120 81 1
1210 1005 99 1
1400 375 88 1
878 269 45 0
229 328 94 1
352 1036 60 0
47 384 68 0
153 913 89 1
1425 147 11 1
1302 660 100 0
1464 1440 10 0
508 946 89 0
162 858 16 1
137 310 81 0
915 342 92 0
397 1401 13 0
605 1142 95 1
185 253 51 1
1018 1315 16 1
10 1320 81 0
1477 626 60 0
1089 568 6 1
470 1330 47 1
667 54 99 0
230 377 93 0
1405 1061 65 0
736 17 42 1
1179 655 92 0
1341 1229 28 1
1161 704 3 0
108 1363 10 1
511 745 98 1
504 591 65 1
1199 1429 94 0
888 87 92 1
990 764 97 1
1271 1026 4 1
879 1235 72 1
1491 199 75 0
1070 376 79 1
160 946 76 0
1022 242 49 0
40 141 6 1
1087 1444 70 0
1059 72 29 0
1446 1235 43 1
157 1414 64 1
446 1242 40 1
1434 696 100 0
1014 552 86 1
1192 1313 53 0
265 1257 75 1
741 810 26 0
937 49 29 0
1447 755 5 1
74 1113 32 0
550 557 25 1
343 1400 47 0
34 1326 3 0
1437 668 30 1
984 1094 21 0
1053 1491 55 0
1400 1116 75 1
833 815 63 0
819 570 49 1
190 1234 14 0
716 633 63 1
1211 986 70 0
442 247 98 1
126 863 43 1
724 624 76 1
69 254 59 1
1028 429 61 0
353 1346 71 0
1434 701 19 0
476 956 67 0
719 214 30 1
31 1389 89 0
567 1101 92 0
427 683 85 1
1431 813 34 1
378 683 68 0
437 236 62 1
964 240 82 1
1233 326 39 1
366 1189 64 1
897 220 44 0
1006 1368 87 1
355 625 94 1
920 1366 78 0
1113 716 24 0
176 584 67 0
904 740 94 0
1306 700 15 1
899 1332 54 0
1127 927 67 1
1081 476 21 1
1479 1109 7 0
1489 960 66 0
29 408 38 1
1284 1046 7 1
1449 8 20 0
1271 939 86 0
916 1034 90 0
296 1063 14 1
1334 774 2 0
113 1439 8 0
1146 940 4 1
575 522 3 0
1030 1287 91 0
1092 1371 2 0
147 451 25 0
1237 667 55 0
130 1261 97 1
375 76 47 0
1031 933 59 0
47 1 65 1
783 518 34 1
1141 543 5 1
626 1458 5 1
1137 703 63 1
1396 1359 10 1
629 968 23 0
639 829 80 0
1366 704 53 1
1009 494 67 0
112 138 43 1
1464 94 8 0
304 827 1 1
428 1424 2 0
352 1254 90 1
497 132 72 0
1049 893 9 0
522 901 7 0
1135 534 25 1
939 1234 94 1
1456 996 9 0
595 759 5 1
312 521 17 0
599 449 63 1
1407 962 80 1
797 290 98 0
243 1134 84 0
72 692 56 1
886 1064 14 0
1021 80 5 0
919 321 91 0
1321 921 16 0
1328 945 5 0
617 760 81 0
1479 1447 84 0
1233 1194 32 1
755 953 49 0
439 1092 1 1
44 519 96 0
1071 541 24 1
1179 1458 14 0
924 1037 100 1
1148 134 52 0
1152 568 78 1
1148 827 74 1
1311 710 28 1
1295 715 28 1
788 635 61 0
227 457 11 1
137 884 95 0
700 616 9 0
985 661 27 1
207 1052 7 1
600 652 3 0
408 442 65 1
723 903 29 0
396 1126 15 1
1089 366 78 0
97 471 46 1
1392 341 4 0
1027 1404 81 0
128 60 8 0
791 393 50 1
1297 1135 68 1
190 1446 58 0
1063 45 10 0
137 1009 52 1
44 462 21 1
480 421 95 0
1339 632 17 0
833 445 83 0
492 861 90 0
228 742 71 0
1397 570 87 1
1054 1082 53 0
837 1220 73 1
808 1393 63 0
39 749 28 1
364 964 15 0
1418 1360 14 1
1390 368 100 1
979 237 46 1
1086 222 67 1
261 1256 86 0
506 542 82 1
1368 216 64 0
323 457 33 0
646 1156 27 0
180 889 88 1
806 462 16 1
429 1263 82 1
1172 1388 26 1
697 473 60 1
89 123 29 1
833 68 29 0
452 789 34 1
1341 296 66 1
815 1027 21 0
927 354 1 0
1466 1277 79 0
11 1334 61 0
1206 1099 74 0
190 179 75 1
1437 980 5 1
546 1367 99 1
1111 885 58 0
1480 868 26 0
355 488 21 1
889 273 65 0
1091 557 24 1
233 1140 8 1
1173 18 18 0
1142 106 98 1
809 1317 12 1
1222 325 1 1
632 1323 86 0
751 1217 9 1
387 1416 20 1
946 1088 1 0
311 197 42 0
777 1121 53 1
200 1175 24 0
867 1061 42 1
694 538 9 1
118 941 3 0
1034 1365 95 1
1390 660 71 1
1308 1226 63 0
1370 612 80 1
809 766 17 1
413 1273 47 0
927 508 97 1
408 813 82 1
647 1090 15 0
559 956 44 1
299 483 75 1
1495 231 30 0
377 201 89 1
477 1351 13 0
1359 154 42 1
1014 698 14 0
657 910 64 0
304 60 34 1
1367 425 100 1
1405 648 68 1
888 1122 96 0
785 665 83 1
377 351 77 1
1102 76 49 0
81 1006 17 1
936 506 17 0
1112 16 68 1
180 1038 61 0
543 1152 55 1
50 1020 40 1
1279 116 47 0
1137 120 37 1
1209 855 56 0
938 992 32 1
113 966 75 0
183 931 59 1
251 459 36 1
1029 305 58 1
1412 234 35 1
1496 54 8 1
1397 157 77 0
257 234 70 1
81 1474 32 0
895 367 77 1
390 198 73 1
588 99 60 0
273 739 53 0
155 1433 37 0
1178 1148 100 0
384 141 44 0
1472 1137 55 0
1089 575 90 0
597 620 74 0
1243 1005 42 0
1152 1451 6 1
1125 1249 71 0
655 159 6 0
710 52 13 1
832 766 97 0
561 364 80 1
323 382 71 0
1215 1126 20 0
271 118 23 1
421 463 100 1
878 792 40 0
232 1197 40 1
342 1480 53 1
1156 427 92 1
1351 1321 8 0
533 968 2 0
948 9 93 0
937 1247 92 1
763 1431 47 1
446 41 35 1
1340 905 60 0
463 839 48 0
1158 1006 51 0
547 253 2 0
655 1271 32 1
623 1460 71 0
1226 985 73 0
1243 1214 9 1
513 869 32 1
259 1011 29 1
392 934 8 0
585 1238 87 0
522 958 33 1
121 455 12 1
1090 286 22 0
1467 476 65 0
255 852 1 1
1095 788 42 1
1264 283 74 1
483 724 36 1
419 687 1 1
1498 752 65 0
1109 819 17 1
546 994 50 0
806 1247 94 1
753 90 43 0
924 1133 99 1
288 1239 51 0
852 443 86 0
1444 496 78 0
797 1478 64 0
1062 1200 72 1
788 250 16 1
834 720 88 1
580 377 4 1
726 95 14 1
92 1422 97 0
642 1285 26 1
796 606 70 0
210 208 84 1
637 436 40 1
406 1408 72 0
427 319 14 1
731 1146 90 0
475 985 14 0
373 122 50 1
1211 1029 23 1
273 48 68 1
526 1274 21 0
326 443 58 1
449 1177 85 1
1210 248 70 1
1006 909 96 0
282 1381 40 0
1191 1447 98 0
226 1005 86 0
356 611 91 0
1251 596 31 0
1071 967 47 1
88 1287 8 0
104 1116 19 0
4 155 82 0
1083 962 80 1
1073 782 75 1
171 1021 42 0
409 422 19 1
402 719 25 0
273 53 87 1
1336 501 69 0
1409 347 74 0
639 531 95 1
846 555 22 0
686 1043 47 1
852 1176 74 0
573 939 17 0
669 1186 2 1
761 694 38 1
1231 1167 72 0
1012 1161 86 1
1400 1208 63 0
337 1141 89 0
744 693 79 0
1482 642 43 0
637 1426 25 0
2 466 41 1
1011 1102 25 1
975 605 2 1
1428 1389 26 1
1084 278 26 1
694 326 60 1
335 636 73 0
691 1280 75 0
157 316 39 0
324 148 89 0
859 269 44 0
864 920 79 1
1244 232 2 0
1245 351 31 1
915 511 58 0
755 241 28 1
1078 36 73 1
1172 1172 93 1
925 303 45 0
114 243 80 1
276 315 61 0
1102 1189 57 0
1215 1061 99 1
819 450 65 1
557 1085 31 1
653 687 19 0
393 1288 82 1
328 304 44 0
217 513 50 0
13 83 73 0
191 352 72 1
348 973 66 1
968 770 21 0
418 869 87 0
275 1167 12 1
723 122 59 0
761 1089 40 0
1150 90 34 0
29 960 59 0
1029 557 33 0
1245 1387 7 1
1282 1209 88 1
1315 358 56 0
1373 1408 65 1
1012 226 26 1
712 1164 19 0
1119 1111 13 0
1116 967 56 0
169 792 1 0
1362 987 93 1
343 148 93 1
249 1417 78 1
1397 874 4 1
271 363 98 0
169 392 26 1
445 1302 87 0
893 1438 80 1
78 200 30 1
1070 1435 76 0
698 1075 8 1
619 845 34 0
913 74 80 0
1009 239 16 1
447 75 28 0
505 482 95 1
906 1307 73 0
300 1121 14 1
774 1039 88 0
243 751 17 1
600 197 59 1
1056 1341 35 0
421 1370 68 0
138 382 24 1
85 720 95 1
967 1383 49 0
1208 864 34 0
1273 822 44 1
973 626 42 1
554 1310 18 0
1283 493 31 0
12 881 70 0
1192 567 60 0
1309 1133 42 0
0 1069 43 1
407 1319 95 1
1412 348 82 1
1236 811 1 0
291 154 34 1
1045 656 37 1
1389 1035 39 0
360 128 10 1
926 1368 48 1
654 265 54 1
660 133 58 0
653 1399 37 1
611 152 48 1
370 92 84 1
616 427 17 1
450 719 11 1
1130 1283 23 1
670 921 41 0
617 560 35 1
1439 909 16 1
390 126 37 1
1395 1229 33 1
1063 249 53 0
492 1293 1 1
1141 798 56 0
727 72 27 1
1235 810 53 0
1272 215 77 0
439 778 11 0
841 538 100 0
715 608 81 0
865 143 1 1
1217 869 2 1
588 191 49 1
453 727 87 0
63 123 80 0
844 118 4 1
718 1463 27 1
657 64 18 1
986 593 23 0
1373 300 25 1
158 948 35 0
1091 1199 88 0
74 699 18 0
773 1171 33 1
520 1046 75 0
197 67 70 1
1126 41 89 0
1436 1438 75 0
873 150 73 1
583 27 91 0
1437 1443 39 1
923 1408 72 0
374 808 50 0
957 410 71 0
708 1407 7 0
579 1485 93 0
221 591 61 0
888 1232 37 1
1450 219 26 0
414 994 44 0
599 938 51 0
47 42 90 0
1422 750 71 1
1165 1430 39 0
1128 1041 3 0
43 16 13 0
617 1359 60 1
219 1344 89 0
990 1434 57 1
530 812 31 1
903 1206 78 1
873 412 56 0
686 783 29 1
306 1026 57 0
1416 566 40 0
451 40 35 0
251 1417 20 0
183 412 81 1
197 1429 75 1
90 1170 31 1
953 625 13 0
1187 303 61 1
1346 973 6 1
542 1162 54 0
219 847 51 0
523 689 60 1
459 1198 80 1
367 931 30 0
750 1358 66 0
154 1046 60 1
203 388 76 0
495 351 85 1
1167 1084 47 0
989 142 7 1
986 1089 72 1
336 5 26 1
7 1491 70 1
708 486 47 1
1295 997 55 1
1478 1134 22 1
896 1351 6 0
354 253 73 0
1393 1081 56 0
649 203 87 1
247 339 21 1
400 959 78 1
834 577 60 1
254 349 13 1
298 732 32 0
632 548 76 0
119 1191 82 0
272 742 40 1
1461 2 86 1
110 735 32 1
705 362 27 1
461 372 84 1
1153 483 56 1
21 1255 69 0
1111 1104 61 0
754 691 10 0
1416 125 43 1
1432 736 99 0
422 1410 51 0
1007 1162 87 1
373 1026 51 1
970 811 28 1
1193 648 72 1
999 182 20 0
539 1013 23 0
196 738 14 0
1489 1344 72 0
154 965 29 1
232 359 74 1
1240 1337 40 0
148 643 11 0
142 715 95 0
934 1217 25 1
779 732 48 1
935 95 81 0
445 1485 96 0
47 484 41 0
498 792 64 0
1224 784 82 1
432 401 63 1
467 809 73 1
749 306 44 1
1247 470 72 1
602 1115 32 1
176 323 22 1
133 749 4 0
538 1030 58 0
117 970 33 1
1332 1089 56 1
1127 549 48 0
1455 958 17 1
162 289 61 1
453 853 76 0
1267 540 76 0
79 1136 68 1
1219 1201 7 0
586 290 83 0
151 1169 98 0
1329 313 32 1
872 601 24 0
1061 1225 59 1
753 697 26 1
1397 546 34 0
1393 163 59 1
859 667 26 1
138 1450 57 0
282 847 21 0
236 962 48 1
465 506 33 1
1086 517 62 0
986 262 10 1
1252 1180 37 1
1265 416 35 1
465 1444 69 0
456 1429 20 0
1168 174 36 1
822 1423 45 1
1086 761 95 0
453 87 85 1
543 16 74 0
990 1445 85 1
879 886 37 1
950 107 79 1
1340 1088 83 0
168 870 71 1
1333 668 51 1
1274 193 53 0
27 1304 41 0
335 620 66 0
114 402 96 1
405 1188 53 0
424 574 41 1
1355 883 54 1
562 262 16 0
798 570 18 0
1312 783 33 1
817 575 36 1
275 635 90 0
216 230 98 1
1052 350 96 0
241 47 39 1
1134 402 25 0
1354 1488 46 1
917 180 98 1
470 126 19 0
1054 560 75 1
1135 411 10 1
184 108 100 1
1477 566 74 0
1321 285 90 1
296 1073 6 1
720 1310 44 0
983 351 93 0
1351 1174 31 0
514 614 58 0
776 287 30 1
1241 900 30 1
548 859 11 1
820 1074 73 0
1325 31 78 1
1306 275 61 0
125 1435 25 0
706 835 68 0
626 355 43 0
1484 667 46 0
1206 51 78 0
964 608 8 0
973 683 60 1
373 712 67 1
957 79 73 0
91 588 9 0
869 923 30 1
553 133 14 1
604 1465 99 1
661 1371 69 0
1277 125 84 0
1049 1140 29 1
330 513 42 1
644 235 20 1
1302 1105 88 1
1392 911 31 0
717 870 51 1
25 457 95 0
1409 322 66 1
86 519 84 0
423 1196 58 0
259 316 9 1
1173 576 66 0
1008 758 4 1
620 357 97 0
528 940 91 1
250 181 61 1
809 572 73 1
1274 21 25 1
945 1415 31 1
1055 826 92 0
1204 858 69 1
527 721 31 1
157 1049 51 0
429 624 6 0
1424 1247 12 0
26 197 3 1
76 56 66 0
1068 376 30 0
760 503 39 1
483 216 74 0
1370 1262 98 0
455 1127 54 0
542 1122 63 1
230 1139 49 1
764 694 61 0
525 1276 32 0
1008 1005 22 1
1363 300 49 1
110 1187 93 1
175 1187 12 1
1082 664 7 1
992 1244 1 1
1158 516 92 0
1212 806 6 0
44 637 37 0
1003 404 74 0
1104 12 88 1
1032 1231 20 0
1303 49 63 0
544 697 55 0
1002 954 90 0
1447 1040 81 0
36 1126 44 0
248 563 11 1
547 94 4 1
399 51 2 1
995 1001 27 1
1117 1122 71 0
958 66 90 0
739 83 70 1
704 789 33 1
938 211 6 0
583 378 43 1
143 116 57 1
980 460 95 0
28 1119 71 1
1135 41 31 0
322 1351 92 1
566 1243 49 1
77 607 83 0
1048 136 56 0
416 124 41 1
260 571 8 0
762 101 38 1
294 765 40 1
687 927 46 1
96 314 41 0
220 1165 21 1
1085 323 77 0
1426 72 90 1
157 384 85 1
279 1042 59 0
522 59 3 1
138 289 54 1
409 371 45 1
1435 696 93 1
1153 1067 20 1
111 1408 96 1
1322 1048 73 1
1344 1381 14 1
1340 89 80 1
193 654 33 0
1232 894 54 0
1123 1138 71 0
893 1120 13 0
858 936 89 1
139 1164 10 0
1238 730 19 1
1007 1280 84 0
771 1471 30 1
415 1106 20 1
151 361 98 0
251 649 63 1
236 1268 10 0
507 1161 60 0
253 1043 40 1
217 1426 43 1
709 376 59 1
672 267 13 0
112 41 20 1
1330 717 50 0
797 789 25 0
304 456 56 1
238 34 88 0
932 416 63 1
512 1041 71 0
1249 738 36 1
885 1407 63 1
635 1124 55 0
363 1149 82 0
88 875 97 0
960 919 29 0
1017 806 40 0
1204 213 100 0
398 618 33 1
1324 197 84 0
776 594 70 0
761 521 21 1
1228 552 8 1
1258 767 3 0
761 945 94 0
788 1386 44 1
809 1438 74 1
985 968 63 0
1261 409 93 0
1064 449 94 0
1366 22 59 0
628 748 98 1
240 949 83 1
954 314 56 0
542 375 44 0
796 1220 29 0
814 1425 18 1
1158 776 18 1
560 1363 43 1
1176 929 55 1
1452 1472 63 1
1060 238 8 0
375 309 61 0
1041 283 21 0
427 924 87 0
288 477 98 1
11 705 95 1
119 1361 82 1
503 779 100 0
389 356 69 1
730 1011 80 1
190 901 59 0
1271 1484 30 1
136 287 14 0
56 1158 39 1
547 766 1 0
46 1359 21 0
919 1331 32 1
851 880 85 0
719 1358 8 1
345 702 79 0
41 762 76 1
1266 1155 99 0
830 216 35 0
620 652 56 0
509 652 47 1
221 357 28 1
597 1181 24 0
246 44 34 1
1212 396 46 0
543 1141 86 1
815 840 70 1
1123 889 52 0
1278 985 30 1
1299 775 73 1
553 70 94 0
1083 147 15 1
473 816 57 1
235 687 34 1
534 1162 73 1
481 484 26 1
985 781 8 0
121 358 11 0
1226 1463 46 1
1321 1381 34 1
756 594 87 0
511 1432 35 0
1447 98 24 1
1464 1456 10 1
407 266 86 0
831 104 98 0
848 1245 69 0
1134 1280 68 0
418 1271 21 0
637 903 95 1
1485 913 68 1
849 627 5 0
1 435 33 0
558 718 26 0
1436 912 68 1
953 474 56 0
633 1032 90 0
353 1182 39 0
1442 294 48 1
289 720 99 0
788 271 85 1
1307 317 4 0
328 773 40 0
1103 1462 47 1
757 760 54 1
390 651 75 1
398 822 15 0
500 828 43 0
1164 925 42 0
174 1493 39 0
732 1214 21 0
980 126 65 0
647 1261 31 0
148 361 14 1
932 1221 90 1
1293 683 29 0
525 258 53 1
1336 806 27 0
689 109 34 1
1023 1044 21 1
930 971 58 0
479 88 53 0
514 1433 29 0
995 403 18 0
1119 752 66 1
1432 231 14 0
1288 891 56 0
81 1473 10 0
606 805 70 1
478 1217 12 0
84 558 17 0
932 276 75 0
928 349 62 0
616 741 51 1
1187 1175 13 0
369 98 31 0
846 1444 50 0
70 1284 78 0
523 923 3 0
899 66 84 1
824 1285 52 0
920 98 81 1
282 1327 85 0
537 1357 60 1
1432 319 66 1
31 237 16 1
704 227 83 0
345 372 47 0
1188 1300 8 0
69 1202 81 0
1158 814 25 0
109 679 95 0
688 706 90 1
1284 1137 16 1
1179 1290 32 1
1034 219 18 0
1056 389 54 1
932 202 74 0
1183 197 94 1
491 744 71 1
825 1154 27 1
1308 924 81 1
1253 476 80 0
234 447 55 1
1467 382 10 1
1200 806 48 1
1277 925 40 1
601 269 53 0
26 833 66 1
687 314 11 1
1346 271 68 0
429 1284 14 0
161 47 90 1
838 1287 38 0
1032 1333 16 1
636 1489 92 0
1457 1157 72 0
891 1398 61 1
918 478 18 0
1392 620 59 0
1079 1050 65 0
12 541 30 1
937 803 20 1
887 1227 14 1
492 1363 56 0
476 1063 43 1
259 1350 50 0
1141 428 66 1
1393 803 31 0
806 193 51 1
1463 1346 29 1
1392 1397 81 0
405 738 82 0
207 1201 12 0
257 1219 30 1
618 284 46 0
1372 1218 77 0
314 214 48 0
556 752 92 0
417 438 13 1
1059 0 73 0
1479 1411 32 1
611 56 11 1
1357 1395 5 1
218 436 65 0
156 90 93 0
32 304 26 1
1444 497 55 1
393 600 19 1
1419 1022 80 1
1257 957 38 1
282 1086 45 1
1160 487 52 1
1030 1229 82 0
280 1139 31 1
14 1408 97 0
366 803 40 0
772 343 53 0
272 1161 33 1
1485 114 41 1
1428 1258 56 0
1002 351 16 1
1197 28 86 0
1088 1243 1 1
1013 1467 5 1
1131 1051 79 1
1160 1399 88 1
200 1364 94 1
705 867 80 1
1121 772 64 0
870 782 3 0
376 1134 23 1
687 732 96 0
760 474 6 1
691 184 40 0
435 674 97 1
1125 349 32 1
604 1067 18 0
1480 895 10 1
1327 1106 18 1
95 1322 93 1
462 432 11 0
901 862 60 1
213 624 92 1
713 1314 55 1
1090 957 62 0
1105 970 72 1
934 785 39 1
1079 72 13 1
1080 654 24 1
1438 1111 20 0
522 931 44 0
495 332 14 0
1171 1128 11 0
411 974 74 1
1420 1175 50 1
415 1403 70 1
227 1190 95 0
248 954 41 0
521 315 95 1
378 843 40 0
63 186 60 1
942 1443 83 1
1357 1110 2 1
132 1431 21 0
453 1234 89 0
460 952 97 1
1421 410 15 0
853 942 75 1
743 1027 32 0
1144 526 37 1
1057 783 61 1
1074 1363 90 1
176 873 20 1
942 1104 29 0
740 576 56 0
1130 1009 42 1
829 1450 27 1
958 425 48 1
878 748 2 0
304 87 49 1
7 493 84 0
892 893 55 1
786 1133 83 1
26 410 63 0
1215 958 26 0
1103 856 43 0
1127 1254 71 0
1496 449 72 0
782 366 50 0
1256 897 97 1
625 922 4 0
1243 773 4 0
768 1037 33 1
1145 859 95 0
403 311 42 1
1346 197 22 1
979 1376 47 1
223 721 76 1
528 1207 87 0
1198 666 38 1
1470 200 45 1
311 569 68 1
1105 366 2 1
1127 1235 5 1
1154 88 49 0
661 184 17 0
1310 30 30 0
28 814 70 1
921 201 33 1
360 848 4 0
706 86 93 1
459 793 46 0
748 1255 77 0
908 916 16 0
932 1155 32 1
690 736 64 1
987 31 44 0
850 392 85 1
24 1319 37 0
373 235 80 1
782 129 80 0
1346 740 97 0
887 1116 55 1
634 961 49 0
285 45 2 1
37 1477 44 0
305 657 64 0
694 719 74 1
983 291 15 0
390 1065 33 1
503 150 83 1
424 163 52 1
140 1052 69 0
917 745 32 1
521 188 39 0
798 856 93 1
546 291 14 0
799 251 99 1
1207 260 86 0
481 806 89 0
1168 239 55 1
1427 648 49 1
390 1478 88 0
365 1279 62 0
442 1459 28 1
1061 277 15 0
637 485 54 1
1122 268 81 1
563 653 3 1
366 792 21 1
391 1337 68 0
442 546 11 1
471 1160 50 1
1425 34 15 1
1338 126 54 0
1115 1393 36 1
1168 1450 6 1
948 1453 92 1
552 693 52 1
744 1460 10 0
1039 333 37 1
1066 610 84 1
333 1244 46 0
392 479 7 1
402 1057 52 0
540 1359 38 1
117 1020 88 1
1175 822 85 0
273 753 3 0
1200 1195 13 0
139 1382 39 0
664 754 12 0
82 289 71 0
1494 101 100 0
1064 4 92 0
759 455 83 0
1466 1442 56 1
1255 1398 92 1
1486 747 78 1
189 1484 67 1
623 366 45 1
1026 504 85 0
981 652 74 0
944 445 91 0
827 1020 11 0
1059 1125 85 1
586 694 52 1
1206 865 81 0
484 1275 8 1
1493 982 78 1
650 140 13 0
1291 1200 35 1
394 1246 30 0
1099 1017 90 0
683 1197 77 0
220 337 16 0
167 633 12 0
1397 170 57 0
795 1164 56 0
259 1247 73 1
976 87 71 1
423 612 56 1
794 585 63 1
1420 618 55 1
876 699 50 1
555 371 36 0
103 292 93 0
1044 362 64 1
1399 723 81 0
367 759 38 0
135 289 81 1
1339 429 97 0
467 484 19 1
671 12 4 1
962 451 49 1
701 1098 18 0
805 931 2 0
65 1119 91 0
499 780 16 0
475 676 94 1
569 829 8 0
517 1334 44 1
314 363 60 0
550 1307 71 0
480 784 51 0
87 192 76 0
748 265 46 1
355 971 12 1
324 1031 40 0
624 1040 58 0
660 1402 99 1
335 418 26 0
1032 1258 47 1
721 61 45 0
733 759 73 1
415 942 94 1
173 633 71 1
640 1203 39 0
310 140 45 0
721 1179 35 0
1044 297 42 0
565 64 67 1
494 183 58 1
1025 862 32 1
1322 1374 55 0
1311 1158 53 1
499 1326 79 0
54 1438 30 1
225 19 4 0
1177 990 14 0
1150 79 1 1
604 1485 37 0
585 120 14 0
631 676 11 1
7 1367 17 0
361 728 65 1
1325 1194 90 0
324 1370 9 1
1238 1475 57 0
313 169 29 0
1303 1245 69 0
1492 307 56 0
247 778 71 0
24 510 33 0
675 525 16 0
246 655 55 1
58 537 44 0
62 504 76 1
4 44 12 1
1057 106 33 0
714 440 62 1
1454 740 99 1
497 989 42 0
579 571 51 1
907 1092 49 0
560 893 16 0
94 108 82 0
1487 581 18 1
1453 412 13 0
1309 1454 94 1
837 521 91 1
506 1232 79 1
382 1285 30 1
641 1208 3 0
1161 61 16 0
800 855 63 1
390 745 67 0
922 1005 32 0
1214 651 75 0
522 149 3 1
805 379 98 0
676 29 42 0
390 1176 3 0
1311 894 65 1
781 958 67 1
1009 335 17 0
292 243 32 0
100 392 10 0
526 87 76 0
1073 378 91 1
1112 24 22 1
571 196 6 0
323 1394 99 1
203 1282 73 1
482 849 20 1
351 540 55 0
1372 169 64 0
66 747 15 1
489 896 38 1
594 10 99 1
591 73 26 0
325 985 34 0
1097 546 3 1
1345 1279 55 1
121 1049 73 1
1044 1294 7 0
1327 29 26 1
491 1288 97 0
646 787 74 1
1144 489 17 0
1295 71 71 1
669 623 53 0
1108 927 11 0
215 109 33 1
23 102 51 1
1048 180 92 0
632 951 73 1
1303 152 18 1
164 1463 87 0
157 414 70 0
573 1497 27 1
148 34 60 0
163 1221 60 1
164 961 66 1
413 140 100 1
1186 289 25 1
9 1185 61 1
1256 1184 98 1
1266 376 42 0
1041 700 12 0
1401 514 63 0
482 343 89 0
1159 1375 2 1
60 422 8 1
922 4 15 1
653 917 7 0
1222 764 32 0
935 56 55 1
549 943 49 0
615 28 35 0
1056 848 82 0
1415 1254 44 0
282 798 59 0
709 346 43 1
348 1152 29 1
925 807 4 1
841 816 65 0
1386 1253 93 1
1168 58 4 0
1135 247 59 1
1288 865 66 1
96 1367 100 1
724 799 28 1
1201 880 83 1
961 342 35 0
503 641 74 1
256 1180 19 0
1397 450 38 0
401 756 97 0
1459 479 40 1
470 349 75 0
232 1112 5 0
236 971 62 0
1361 1260 64 1
1332 1239 100 1
71 742 96 0
332 805 44 1
10 662 19 1
1172 942 5 0
84 897 25 0
1031 222 22 1
401 853 67 0
81 1426 28 0
354 118 51 1
1166 48 56 1
284 873 3 1
930 882 88 0
636 1323 54 1
1385 368 24 1
797 1104 31 1
983 439 100 1
877 38 4 0
457 746 86 0
89 990 96 1
308 1133 67 1
499 138 7 0
1417 988 50 1
1436 1054 95 1
713 30 3 1
430 263 90 1
259 226 15 1
400 1192 89 0
895 452 43 0
1034 297 25 1
72 982 89 0
308 313 9 1
1407 415 39 1
1328 553 73 0
707 1392 90 0
1118 554 34 0
639 582 23 1
508 686 4 0
53 407 43 1
967 697 57 0
1358 27 83 1
869 1168 81 0
267 344 51 0
766 1211 34 1
1269 1439 27 0
656 866 29 1
477 114 69 1
935 324 99 0
39 983 48 1
199 480 59 0
1408 1229 37 0
18 1304 66 1
1451 1307 94 1
1282 972 21 1
1413 562 65 1
723 1331 60 1
1210 816 80 0
1384 1000 91 1
999 514 47 0
647 788 45 1
1173 332 87 0
1241 365 12 1
1167 896 50 0
1122 764 2 0
724 865 19 1
1383 226 17 1
516 1201 91 0
63 995 70 0
1242 60 78 1
1199 866 56 0
1126 563 50 0
88 574 36 1
260 298 58 0
330 141 67 0
964 870 84 1
1371 740 17 1
1216 693 23 1
620 480 78 1
933 1171 84 0
320 648 18 1
1467 176 72 0
808 1025 39 1
658 1118 31 0
893 18 88 0
508 946 24 1
811 226 96 1
51 877 27 1
514 391 40 0
1042 1415 87 0
219 340 12 0
728 631 62 1
232 1370 48 1
1379 13 88 0
1037 580 57 0
140 918 24 1
632 524 15 1
225 638 41 0
624 272 42 1
11 79 17 1
1415 8 37 1
321 43 91 1
198 1403 25 1
791 68 98 1
1284 600 82 0
1076 258 92 0
1388 166 37 0
439 1479 43 0
1198 1023 37 1
27 611 78 0
1231 10 27 0
697 656 69 0
1449 498 38 1
1279 1438 61 1
1117 251 40 0
46 92 37 1
117 1194 31 1
1021 548 36 1
1347 845 74 0
589 659 59 0
981 621 47 0
580 1425 30 1
383 1253 37 1
555 1418 48 1
1131 1005 45 0
1149 547 84 0
414 1148 85 0
1476 101 83 0
147 1221 68 1
478 1162 2 0
1268 803 74 1
453 854 64 0
813 1414 41 0
1211 564 86 1
1400 398 67 1
416 344 62 0
646 96 54 1
1452 818 39 1
486 345 73 1
1363 328 4 0
1436 1126 51 1
1258 401 11 1
