800 1600 362
0 1 100 0
1 2 27 0
2 3 91 1
3 4 25 1
4 5 64 0
5 6 80 0
6 7 5 1
7 8 44 0
8 9 96 0
9 10 64 1
10 11 38 1
11 12 57 1
12 13 63 0
13 14 78 1
14 15 50 1
15 16 74 0
16 17 38 0
17 18 71 0
18 19 88 1
19 20 38 1
20 21 84 1
21 22 30 0
22 23 56 0
23 24 64 1
24 25 8 1
25 26 29 1
26 27 42 1
27 28 87 1
28 29 3 0
29 30 36 1
30 31 79 0
31 32 97 0
32 33 44 1
33 34 21 0
34 35 93 1
35 36 16 1
36 37 59 0
37 38 13 0
38 39 7 1
39 40 46 0
40 41 31 0
41 42 29 0
42 43 32 0
43 44 84 0
44 45 41 0
45 46 82 1
46 47 64 0
47 48 12 1
48 49 87 0
49 50 44 0
50 51 54 0
51 52 30 1
52 53 19 0
53 54 26 1
54 55 22 0
55 56 57 0
56 57 21 0
57 58 82 1
58 59 22 1
59 60 4 1
60 61 65 1
61 62 1 1
62 63 23 0
63 64 2 1
64 65 24 1
65 66 22 1
66 67 82 1
67 68 69 0
68 69 91 0
69 70 29 1
70 71 4 1
71 72 45 0
72 73 86 0
73 74 2 0
74 75 35 1
75 76 31 0
76 77 30 0
77 78 8 0
78 79 56 1
79 80 59 1
80 81 21 1
81 82 24 0
82 83 39 0
83 84 29 1
84 85 65 1
85 86 95 1
86 87 74 0
87 88 38 1
88 89 100 1
89 90 45 0
90 91 93 0
91 92 59 0
92 93 79 0
93 94 98 0
94 95 13 1
95 96 99 1
96 97 24 1
97 98 27 1
98 99 49 0
99 100 24 1
100 101 34 1
101 102 20 0
102 103 1 1
103 104 13 1
104 105 77 0
105 106 80 0
106 107 97 1
107 108 62 1
108 109 47 0
109 110 3 0
110 111 48 0
111 112 26 1
112 113 71 1
113 114 42 1
114 115 46 1
115 116 61 0
116 117 42 0
117 118 7 1
118 119 65 0
119 120 31 0
120 121 37 0
121 122 59 0
122 123 67 0
123 124 1 1
124 125 22 1
125 126 73 0
126 127 46 1
127 128 89 0
128 129 16 1
129 130 8 1
130 131 60 1
131 132 65 1
132 133 85 0
133 134 88 1
134 135 12 1
135 136 44 0
136 137 15 1
137 138 57 0
138 139 45 0
139 140 1 0
140 141 49 1
141 142 91 1
142 143 57 1
143 144 45 0
144 145 57 0
145 146 49 1
146 147 1 0
147 148 86 0
148 149 17 1
149 150 10 0
150 151 47 0
151 152 9 0
152 153 51 0
153 154 26 0
154 155 65 1
155 156 44 1
156 157 40 1
157 158 100 0
158 159 32 1
159 160 59 1
160 161 24 1
161 162 45 1
162 163 48 1
163 164 52 0
164 165 40 0
165 166 99 1
166 167 37 0
167 168 28 1
168 169 24 0
169 170 78 0
170 171 3 1
171 172 54 0
172 173 10 1
173 174 73 1
174 175 77 1
175 176 2 0
176 177 22 1
177 178 84 0
178 179 79 0
179 180 15 1
180 181 55 0
181 182 60 1
182 183 48 1
183 184 87 1
184 185 44 0
185 186 34 0
186 187 55 0
187 188 83 0
188 189 26 1
189 190 92 1
190 191 88 0
191 192 25 0
192 193 8 1
193 194 62 1
194 195 77 0
195 196 72 1
196 197 82 1
197 198 2 0
198 199 97 1
199 200 80 0
200 201 57 1
201 202 81 1
202 203 45 0
203 204 90 0
204 205 53 0
205 206 19 1
206 207 73 0
207 208 92 1
208 209 12 1
209 210 49 1
210 211 35 0
211 212 28 0
212 213 25 1
213 214 80 0
214 215 82 1
215 216 17 0
216 217 97 1
217 218 39 1
218 219 14 1
219 220 31 1
220 221 71 0
221 222 96 1
222 223 91 0
223 224 64 1
224 225 36 0
225 226 79 1
226 227 37 0
227 228 99 1
228 229 57 1
229 230 94 0
230 231 74 1
231 232 42 0
232 233 4 1
233 234 3 1
234 235 52 1
235 236 96 0
236 237 32 0
237 238 30 0
238 239 92 0
239 240 90 0
240 241 10 1
241 242 98 1
242 243 33 0
243 244 13 0
244 245 56 0
245 246 88 0
246 247 59 1
247 248 55 1
248 249 19 0
249 250 70 0
250 251 54 1
251 252 80 0
252 253 86 0
253 254 70 0
254 255 56 1
255 256 29 0
256 257 18 1
257 258 7 0
258 259 37 1
259 260 60 0
260 261 9 1
261 262 38 0
262 263 34 0
263 264 90 0
264 265 84 0
265 266 95 1
266 267 37 0
267 268 15 1
268 269 52 1
269 270 47 1
270 271 86 1
271 272 8 0
272 273 87 0
273 274 98 1
274 275 91 0
275 276 83 0
276 277 59 1
277 278 15 0
278 279 27 0
279 280 97 1
280 281 13 0
281 282 90 0
282 283 75 1
283 284 5 0
284 285 94 0
285 286 20 1
286 287 8 0
287 288 70 0
288 289 58 0
289 290 71 1
290 291 84 1
291 292 44 1
292 293 10 1
293 294 18 1
294 295 5 0
295 296 38 0
296 297 11 1
297 298 34 1
298 299 73 0
299 300 18 0
300 301 28 1
301 302 82 0
302 303 21 0
303 304 23 0
304 305 24 1
305 306 41 1
306 307 38 1
307 308 83 1
308 309 90 0
309 310 86 0
310 311 87 1
311 312 75 0
312 313 6 1
313 314 93 0
314 315 85 0
315 316 67 0
316 317 1 1
317 318 70 1
318 319 71 0
319 320 63 0
320 321 19 0
321 322 30 0
322 323 44 1
323 324 15 0
324 325 52 0
325 326 4 1
326 327 14 0
327 328 60 0
328 329 32 1
329 330 77 1
330 331 59 1
331 332 69 0
332 333 76 0
333 334 53 1
334 335 68 0
335 336 19 1
336 337 25 1
337 338 62 0
338 339 86 1
339 340 46 1
340 341 43 0
341 342 57 1
342 343 76 1
343 344 86 0
344 345 74 1
345 346 8 0
346 347 47 1
347 348 88 1
348 349 82 1
349 350 93 0
350 351 60 0
351 352 13 1
352 353 69 0
353 354 40 0
354 355 59 0
355 356 2 1
356 357 94 1
357 358 54 1
358 359 4 1
359 360 84 0
360 361 49 1
361 362 32 0
362 363 96 1
363 364 44 1
364 365 77 1
365 366 39 1
366 367 27 1
367 368 10 0
368 369 24 1
369 370 38 1
370 371 52 0
371 372 77 1
372 373 92 1
373 374 59 1
374 375 27 1
375 376 19 0
376 377 86 1
377 378 5 1
378 379 27 0
379 380 58 1
380 381 49 1
381 382 89 0
382 383 45 1
383 384 90 1
384 385 34 0
385 386 98 0
386 387 58 0
387 388 94 1
388 389 64 1
389 390 62 1
390 391 5 1
391 392 88 0
392 393 22 0
393 394 76 1
394 395 9 0
395 396 100 1
396 397 3 1
397 398 3 1
398 399 47 1
399 400 88 0
400 401 67 1
401 402 34 1
402 403 97 1
403 404 50 0
404 405 49 0
405 406 9 1
406 407 34 0
407 408 72 0
408 409 38 1
409 410 21 0
410 411 90 1
411 412 96 0
412 413 11 0
413 414 24 1
414 415 46 1
415 416 27 1
416 417 7 1
417 418 14 1
418 419 58 1
419 420 57 1
420 421 4 0
421 422 70 0
422 423 93 0
423 424 73 1
424 425 70 1
425 426 92 1
426 427 68 1
427 428 75 0
428 429 45 1
429 430 71 0
430 431 8 1
431 432 30 1
432 433 98 0
433 434 85 1
434 435 5 1
435 436 39 1
436 437 89 1
437 438 8 1
438 439 95 1
439 440 78 0
440 441 60 0
441 442 99 1
442 443 64 1
443 444 29 1
444 445 39 1
445 446 35 0
446 447 50 1
447 448 54 1
448 449 17 1
449 450 43 0
450 451 81 0
451 452 22 0
452 453 64 0
453 454 84 0
454 455 87 1
455 456 100 0
456 457 87 0
457 458 36 0
458 459 27 1
459 460 58 0
460 461 26 1
461 462 93 0
462 463 92 1
463 464 69 0
464 465 47 1
465 466 82 1
466 467 9 0
467 468 30 1
468 469 63 0
469 470 52 1
470 471 10 0
471 472 44 0
472 473 66 1
473 474 31 1
474 475 60 1
475 476 46 1
476 477 33 1
477 478 90 0
478 479 6 1
479 480 89 0
480 481 85 0
481 482 3 0
482 483 21 1
483 484 38 0
484 485 4 1
485 486 39 0
486 487 63 0
487 488 15 0
488 489 29 1
489 490 13 0
490 491 29 0
491 492 69 0
492 493 59 1
493 494 39 1
494 495 47 1
495 496 55 0
496 497 14 0
497 498 19 1
498 499 9 1
499 500 31 1
500 501 25 0
501 502 96 0
502 503 77 0
503 504 72 0
504 505 51 1
505 506 19 1
506 507 36 1
507 508 9 1
508 509 38 1
509 510 32 1
510 511 60 1
511 512 27 0
512 513 8 1
513 514 35 0
514 515 26 1
515 516 68 1
516 517 67 0
517 518 9 1
518 519 39 0
519 520 74 1
520 521 99 0
521 522 65 0
522 523 85 0
523 524 21 1
524 525 63 1
525 526 61 0
526 527 12 0
527 528 78 0
528 529 94 1
529 530 16 0
530 531 90 0
531 532 4 1
532 533 74 0
533 534 96 0
534 535 38 1
535 536 32 0
536 537 11 1
537 538 69 0
538 539 39 0
539 540 40 0
540 541 16 1
541 542 72 1
542 543 62 0
543 544 52 0
544 545 1 0
545 546 56 0
546 547 42 1
547 548 67 1
548 549 64 0
549 550 18 0
550 551 76 1
551 552 7 1
552 553 75 0
553 554 98 0
554 555 13 0
555 556 25 0
556 557 98 0
557 558 98 1
558 559 14 0
559 560 69 1
560 561 42 1
561 562 18 0
562 563 22 1
563 564 95 1
564 565 40 1
565 566 82 1
566 567 74 1
567 568 4 0
568 569 84 0
569 570 19 1
570 571 38 0
571 572 72 0
572 573 29 1
573 574 7 1
574 575 49 1
575 576 100 1
576 577 38 0
577 578 82 1
578 579 22 1
579 580 37 0
580 581 62 1
581 582 53 0
582 583 71 0
583 584 29 0
584 585 56 1
585 586 45 0
586 587 68 1
587 588 62 0
588 589 78 0
589 590 26 0
590 591 97 0
591 592 85 0
592 593 43 0
593 594 98 0
594 595 11 0
595 596 51 0
596 597 55 1
597 598 93 1
598 599 62 1
599 600 12 0
600 601 10 0
601 602 58 0
602 603 82 0
603 604 13 1
604 605 33 0
605 606 24 0
606 607 6 1
607 608 71 1
608 609 11 0
609 610 84 0
610 611 82 1
611 612 15 0
612 613 73 1
613 614 82 0
614 615 99 0
615 616 46 0
616 617 17 0
617 618 27 0
618 619 85 1
619 620 49 1
620 621 18 1
621 622 88 0
622 623 69 0
623 624 77 0
624 625 73 0
625 626 57 0
626 627 82 0
627 628 93 0
628 629 5 1
629 630 21 1
630 631 93 0
631 632 38 0
632 633 78 1
633 634 80 1
634 635 94 0
635 636 77 0
636 637 88 1
637 638 56 1
638 639 36 1
639 640 28 0
640 641 76 0
641 642 83 0
642 643 89 1
643 644 74 1
644 645 73 0
645 646 67 1
646 647 72 0
647 648 1 0
648 649 94 1
649 650 8 1
650 651 93 1
651 652 50 1
652 653 64 0
653 654 3 0
654 655 50 1
655 656 23 1
656 657 30 1
657 658 17 0
658 659 48 0
659 660 86 1
660 661 6 1
661 662 73 1
662 663 69 1
663 664 19 1
664 665 46 0
665 666 66 0
666 667 60 0
667 668 98 0
668 669 95 1
669 670 3 1
670 671 82 0
671 672 57 0
672 673 19 1
673 674 18 1
674 675 31 0
675 676 2 1
676 677 48 0
677 678 52 0
678 679 51 0
679 680 15 1
680 681 73 1
681 682 25 1
682 683 72 0
683 684 24 0
684 685 77 0
685 686 59 1
686 687 100 1
687 688 59 1
688 689 87 1
689 690 34 1
690 691 60 1
691 692 15 0
692 693 41 0
693 694 42 1
694 695 54 1
695 696 98 1
696 697 34 1
697 698 50 1
698 699 27 0
699 700 81 1
700 701 100 1
701 702 7 0
702 703 40 1
703 704 34 1
704 705 22 1
705 706 9 0
706 707 3 0
707 708 2 1
708 709 59 1
709 710 19 1
710 711 65 0
711 712 84 1
712 713 18 0
713 714 76 1
714 715 67 1
715 716 40 0
716 717 22 1
717 718 66 1
718 719 78 1
719 720 51 1
720 721 63 1
721 722 84 1
722 723 70 1
723 724 74 0
724 725 2 0
725 726 32 0
726 727 62 0
727 728 26 1
728 729 58 1
729 730 30 1
730 731 85 0
731 732 4 0
732 733 82 0
733 734 15 1
734 735 97 1
735 736 78 0
736 737 72 1
737 738 62 0
738 739 9 0
739 740 87 1
740 741 48 1
741 742 61 0
742 743 6 1
743 744 58 0
744 745 55 0
745 746 86 1
746 747 92 1
747 748 10 1
748 749 100 1
749 750 77 1
750 751 68 1
751 752 14 1
752 753 61 0
753 754 75 0
754 755 16 0
755 756 18 0
756 757 4 0
757 758 29 0
758 759 74 0
759 760 39 0
760 761 73 1
761 762 63 0
762 763 44 1
763 764 81 1
764 765 19 0
765 766 11 1
766 767 32 0
767 768 13 0
768 769 35 0
769 770 39 0
770 771 90 1
771 772 16 1
772 773 64 0
773 774 57 0
774 775 54 1
775 776 23 0
776 777 69 1
777 778 99 1
778 779 58 0
779 780 23 0
780 781 52 0
781 782 57 1
782 783 84 1
783 784 75 1
784 785 78 0
785 786 26 0
786 787 66 0
787 788 37 0
788 789 25 0
789 790 43 1
790 791 6 0
791 792 16 1
792 793 56 0
793 794 68 0
794 795 51 1
795 796 30 1
796 797 69 0
797 798 84 0
798 799 83 1
159 276 8 1
757 748 41 1
104 261 63 1
788 497 60 1
534 576 41 1
610 292 62 1
379 36 36 1
239 214 65 0
667 741 37 0
160 75 21 0
334 318 93 1
17 387 35 1
581 553 69 0
302 446 86 0
615 626 39 0
536 477 17 0
767 146 39 1
525 240 61 0
598 720 97 0
567 590 45 0
83 304 31 0
511 16 63 0
488 294 41 0
785 402 1 1
235 199 31 1
73 381 37 1
483 106 18 0
456 342 64 0
482 562 61 1
156 213 85 1
167 763 74 1
142 420 14 0
95 390 82 0
514 123 27 0
27 364 54 1
281 599 58 0
771 12 61 1
148 109 59 0
537 86 71 1
620 241 84 1
781 360 49 0
771 195 60 0
414 513 85 1
399 22 61 1
433 611 19 1
93 173 82 0
640 755 63 1
576 781 55 1
32 363 26 1
157 451 30 1
785 701 44 1
730 797 22 0
604 472 7 1
85 487 98 0
397 651 55 0
34 85 58 0
238 379 94 1
253 480 40 0
725 760 82 0
328 454 49 0
603 438 8 1
339 763 16 1
662 267 4 0
33 727 59 1
0 492 60 0
490 1 61 0
106 255 97 0
359 772 65 0
77 536 62 1
579 281 81 0
394 264 64 1
382 435 67 0
501 182 45 0
387 770 33 0
180 320 44 1
445 571 12 1
146 790 40 1
590 141 37 0
496 698 50 0
713 759 89 0
459 103 88 1
48 79 15 1
327 170 19 0
553 137 40 0
123 661 18 0
130 631 98 1
657 304 4 0
418 489 29 1
429 684 48 1
135 774 11 0
724 131 99 0
768 679 18 1
300 284 73 1
215 279 47 0
13 308 92 0
530 316 18 0
504 460 12 1
701 771 14 0
373 398 48 0
113 240 31 1
578 682 88 0
640 781 29 1
467 719 100 0
696 144 73 0
591 342 24 1
444 187 91 1
481 78 10 1
588 74 55 1
429 285 60 0
701 221 6 1
666 74 46 0
415 719 37 0
10 83 51 1
148 460 25 1
289 499 87 0
774 40 41 1
120 584 10 0
311 627 45 0
392 592 29 0
255 495 11 0
223 288 61 0
58 514 71 1
653 453 45 0
195 52 34 0
31 552 19 1
56 435 55 0
370 730 76 1
324 709 18 0
556 38 59 0
257 16 100 0
548 641 20 1
300 589 29 0
546 597 79 0
255 589 4 1
400 485 82 1
49 119 62 1
642 570 57 0
3 490 39 1
762 146 18 0
220 289 19 0
669 298 46 1
107 505 76 0
589 93 92 0
212 172 96 0
341 42 81 0
428 615 80 1
620 729 80 0
542 384 78 1
16 657 3 1
40 314 54 0
182 575 33 0
467 687 30 1
113 255 64 1
119 763 7 0
766 450 26 1
697 629 26 0
24 65 31 1
234 630 97 0
547 651 91 0
244 407 41 0
180 50 98 1
273 599 31 0
180 384 22 1
330 14 33 0
628 482 39 1
268 798 31 0
118 707 72 1
205 684 79 1
487 678 62 0
374 664 59 0
355 99 69 0
270 218 64 0
112 205 67 0
97 66 38 1
426 493 82 0
71 683 66 1
433 344 53 0
619 548 12 1
626 179 15 1
536 189 96 1
163 571 65 1
262 310 85 0
177 620 58 1
628 117 73 0
715 170 61 0
374 718 99 0
13 597 91 1
255 462 13 1
85 702 65 0
362 65 17 1
307 780 13 0
214 156 22 1
401 173 67 0
236 4 61 0
28 304 29 1
0 294 17 1
43 341 38 0
144 203 81 0
132 749 9 1
97 472 58 1
217 186 24 1
619 250 97 0
579 334 44 0
531 120 98 0
111 798 35 0
178 532 19 1
443 414 57 0
116 539 46 0
680 697 66 0
495 713 16 1
190 59 14 0
293 707 31 0
388 560 52 1
291 645 22 0
249 92 61 0
789 663 30 0
715 437 49 0
143 571 7 0
528 49 23 1
546 653 95 1
368 206 80 0
497 435 78 1
316 362 98 0
510 439 39 0
209 535 98 1
733 716 53 0
28 767 4 1
597 686 46 0
718 297 87 1
17 601 4 1
629 96 24 1
141 243 22 0
246 510 58 1
264 131 71 0
132 94 41 0
159 277 20 1
60 143 54 1
264 703 35 1
360 545 32 0
713 347 54 0
740 772 40 0
86 386 64 1
98 757 77 0
522 668 80 0
581 568 90 0
636 265 27 0
751 587 92 1
574 476 10 1
731 499 54 0
136 378 81 1
783 776 47 1
666 65 81 1
435 30 31 0
705 57 34 1
568 522 23 0
0 193 29 0
276 418 38 0
453 265 43 0
651 430 70 0
546 649 93 1
48 91 91 1
41 703 94 1
667 531 54 1
343 174 82 1
56 547 78 1
560 69 46 1
563 689 19 0
55 197 43 0
473 112 57 0
152 91 1 1
300 454 40 1
59 370 47 0
3 749 72 1
404 330 24 0
772 698 58 1
778 765 27 1
278 426 34 0
731 461 43 1
39 751 76 0
540 746 19 0
294 690 41 1
716 590 24 0
188 0 68 0
725 786 22 1
140 401 88 1
754 485 87 1
732 9 32 1
442 217 25 0
638 641 9 1
547 202 51 1
250 137 43 1
751 404 17 0
738 703 78 0
229 462 98 1
193 533 61 0
718 224 58 0
366 513 22 1
340 81 61 0
445 120 14 1
215 781 73 0
542 109 59 0
300 402 91 0
40 721 60 0
399 245 15 1
748 215 13 0
705 518 83 1
482 355 83 0
760 213 12 0
536 22 100 0
443 327 23 1
318 95 22 0
245 187 63 1
746 618 9 0
221 593 8 0
290 406 14 1
142 557 63 1
675 742 61 1
356 399 23 0
587 576 83 0
737 253 98 0
85 524 82 0
595 339 62 0
0 721 14 0
721 29 10 0
336 113 48 1
524 220 73 1
105 699 77 0
506 462 81 0
733 750 87 0
783 700 61 1
696 640 61 0
407 609 10 1
312 285 6 1
142 85 88 0
42 385 19 1
42 435 63 0
556 322 13 0
145 333 70 0
389 404 81 0
376 4 12 0
670 268 17 1
795 187 97 1
434 142 44 0
211 671 87 0
212 14 28 0
448 368 10 0
204 556 36 1
48 551 98 0
201 724 84 1
407 85 44 0
724 167 36 1
127 40 27 1
172 55 27 0
424 796 41 1
734 559 86 1
417 372 98 0
507 765 13 1
404 490 42 0
135 791 91 0
687 253 88 1
778 389 53 1
366 69 82 0
750 20 76 0
125 269 19 1
333 446 38 0
676 430 66 0
574 649 54 0
135 74 82 1
415 621 80 0
534 630 25 1
434 797 28 0
768 133 4 0
565 569 53 1
695 362 11 1
707 624 58 0
416 213 47 1
357 637 7 0
453 729 47 1
496 610 46 0
715 258 57 1
15 144 4 1
534 488 19 1
164 133 59 1
520 685 64 1
760 198 67 0
184 271 97 0
150 462 76 0
177 281 97 1
650 402 74 0
107 275 81 1
36 215 63 1
660 266 94 0
511 512 17 0
782 476 21 1
19 686 72 1
581 374 43 1
43 591 86 1
763 786 29 0
89 7 57 0
347 511 77 1
53 303 37 0
305 0 94 0
666 432 28 0
220 539 89 0
543 516 84 1
505 454 42 1
656 131 36 1
188 371 3 0
353 22 12 0
722 452 58 0
424 771 60 0
712 483 38 1
559 575 53 1
346 47 64 0
295 751 15 0
21 239 1 0
638 634 43 0
351 125 29 0
128 509 63 1
596 600 73 1
653 394 54 0
606 230 3 0
506 420 56 1
580 682 72 1
303 383 36 0
784 280 94 0
487 657 44 1
530 774 57 0
710 173 26 0
447 722 23 0
416 792 32 0
755 599 7 1
532 405 42 1
71 325 23 0
717 58 1 0
665 352 58 1
252 490 78 0
101 140 83 1
619 315 98 0
135 512 14 1
772 576 84 0
220 332 27 1
116 70 70 0
536 351 85 0
700 574 61 1
161 789 97 0
245 291 56 1
553 275 83 0
693 743 87 0
441 280 79 0
519 695 10 1
91 56 87 0
326 755 85 0
268 796 40 1
99 679 83 1
161 294 75 1
388 89 58 1
294 89 84 0
708 712 48 0
226 488 22 0
678 332 27 0
716 39 97 0
369 729 44 1
698 739 91 0
129 770 33 1
197 260 83 1
433 684 41 1
180 477 5 0
681 184 8 1
575 102 1 0
429 238 1 1
108 110 99 0
553 584 70 0
293 232 27 1
347 638 81 0
552 253 33 1
67 235 35 1
653 394 42 0
588 248 55 1
465 575 79 0
334 300 44 0
372 354 59 1
757 320 79 1
253 109 1 0
202 366 38 1
323 614 33 0
113 260 20 0
449 139 18 0
664 576 93 0
632 541 88 1
120 578 80 1
509 212 95 1
555 516 30 0
618 461 66 1
792 735 43 1
693 145 89 1
500 565 69 0
197 23 88 0
739 301 52 1
215 676 91 0
134 230 14 1
756 132 97 0
252 677 41 0
89 228 75 0
188 237 56 1
748 146 97 0
293 249 65 0
8 387 82 0
162 4 23 1
545 313 99 1
237 122 63 1
218 487 5 0
408 47 8 1
437 779 60 1
574 253 72 0
415 37 37 1
350 557 4 1
429 569 51 1
610 432 56 1
505 304 99 1
285 636 3 1
543 716 45 0
465 115 46 1
34 535 7 1
133 631 75 1
285 165 79 1
434 425 51 1
532 274 75 0
15 332 19 1
537 125 93 0
566 788 21 1
430 610 33 1
546 459 80 0
109 781 12 1
700 230 21 0
20 332 30 0
107 646 79 0
206 412 1 1
100 310 27 0
354 197 53 0
694 22 58 1
175 617 76 1
274 380 11 1
530 541 73 0
779 371 3 1
725 41 79 0
47 515 94 1
493 495 70 0
350 742 70 0
222 487 9 1
14 447 27 1
379 581 41 0
236 220 27 0
58 261 87 1
607 654 64 1
102 365 5 0
211 635 22 1
267 447 34 1
523 91 72 0
124 561 65 1
771 446 85 0
446 217 28 1
492 379 83 1
77 731 17 0
650 426 22 0
452 240 94 0
565 498 78 0
261 467 73 0
485 746 66 0
283 232 100 1
303 747 5 1
632 666 51 1
787 740 88 1
625 741 85 1
786 291 98 0
268 401 26 0
42 660 78 0
481 245 8 1
600 201 22 0
250 269 27 1
587 80 83 0
237 641 79 0
322 623 41 1
91 587 84 1
365 519 1 1
212 177 25 1
119 150 16 1
371 708 56 1
91 431 80 0
211 207 30 0
300 671 69 1
48 306 36 1
454 86 75 1
245 638 10 1
668 8 18 0
312 323 34 1
603 610 94 1
433 409 93 0
317 302 72 0
757 143 36 1
756 732 24 0
655 48 28 1
183 397 21 0
332 618 22 0
300 381 8 1
38 163 43 1
335 295 49 1
27 157 22 1
545 363 49 1
122 518 38 0
133 68 18 0
77 226 43 0
351 155 56 0
737 626 99 1
385 757 29 1
258 45 36 1
223 244 16 1
341 613 67 1
4 176 34 1
553 314 64 0
95 297 25 1
243 488 31 0
538 526 25 1
479 332 36 1
200 508 10 0
241 629 44 1
223 706 12 1
568 635 97 1
241 40 27 0
648 538 9 0
147 507 11 0
684 256 28 1
580 453 37 1
786 102 88 1
296 17 40 0
769 285 94 1
757 642 13 0
638 46 74 0
50 330 61 0
582 238 85 1
554 259 95 1
81 405 4 0
362 311 93 1
689 42 61 0
473 752 4 1
605 206 37 0
640 190 96 1
654 202 20 0
42 538 93 0
391 434 91 0
536 443 93 1
490 170 72 0
594 195 45 1
737 482 24 0
498 290 13 1
609 527 73 1
403 783 24 1
2 462 84 0
202 482 1 1
769 717 73 0
412 464 45 1
111 629 77 0
748 323 6 1
756 722 30 1
518 181 17 1
355 354 61 0
579 355 7 1
585 568 46 1
102 632 8 1
529 597 73 1
445 100 77 1
583 201 35 1
708 743 86 0
596 287 1 0
671 518 95 1
598 408 27 0
564 607 31 0
496 740 24 0
562 202 62 1
227 184 88 1
242 113 36 0
483 151 6 0
87 383 74 1
340 470 47 1
597 405 78 0
76 213 83 0
514 244 74 0
562 517 36 0
774 432 22 1
457 38 95 0
696 620 16 1
742 343 53 1
460 146 59 1
331 237 15 0
609 98 99 0
670 31 78 1
83 349 39 1
489 147 9 0
444 497 13 0
295 673 6 0
388 31 23 0
176 790 52 0
1 194 4 1
405 256 32 0
65 723 63 1
740 60 83 0
141 365 10 0
605 636 84 1
128 209 41 0
532 406 64 0
346 784 21 0
38 8 11 1
423 187 21 0
787 724 62 0
623 363 67 0
466 379 4 1
141 11 67 1
372 693 96 0
456 524 5 1
650 284 87 1
366 204 23 1
172 346 22 0
159 215 77 1
753 719 48 1
704 704 63 0
782 98 10 1
9 260 41 1
735 147 51 1
540 250 3 1
134 242 68 0
487 273 91 1
657 780 27 1
690 772 75 1
0 384 75 1
765 562 89 0
517 425 76 1
774 462 38 1
540 361 33 0
313 671 70 0
47 631 8 0
13 119 78 0
717 305 17 1
24 738 27 1
340 290 45 0
300 386 20 1
4 738 37 0
546 442 82 0
308 249 59 0
716 628 67 0
694 478 27 0
585 640 92 1
337 196 56 0
178 779 99 1
205 605 20 1
495 398 47 0
67 185 80 0
587 226 34 1
659 781 56 1
784 258 11 1
772 790 34 0
27 705 60 0
133 468 48 0
668 166 71 0
724 648 96 0
643 224 87 1
405 585 64 1
399 568 22 1
427 31 55 0
519 681 90 1
381 168 85 0
698 353 45 1
528 715 89 1
362 419 8 0
431 547 24 0
698 708 62 0
22 740 19 0
688 316 78 0
599 771 83 0
696 49 37 0
55 76 51 0
510 419 36 1
423 415 58 1
297 17 17 0
149 282 11 0
699 22 50 0
701 313 69 1
250 337 56 0
221 533 39 1
493 646 70 0
280 48 29 1
377 325 95 0
79 89 35 0
477 518 52 1
313 720 90 1
235 193 58 0
114 267 44 1
201 649 95 0
739 1 77 1
580 611 38 1
715 268 57 1
236 318 67 1
