20 1000
0 yd
0 mxw
0 jyaitmsosq
1 glpwkfnnd
1 wvfzqsstp
1 wkthbkcpv
1 naq
1 odtvywjjkf
1 exwqbxlfnv
1 wa
1 r
0 hxscbx
0 xsqxnsslpn
1 dughfiga
0 znnyr
1 tyabal
1 ajixb
1 abczhiuxw
1 mxu
0 kxdwxfzyjo
0 12
0 6
1 3
1 16
1 2
0 13
0 16
0 5
0 1
0 18
0 6
0 14
0 1
0 9
1 14
1 3
0 10
0 5
1 17
0 1
1 9
1 12
1 13
1 10
0 7
0 6
0 15
1 5
0 19
0 15
1 5
0 4
0 15
1 11
1 17
1 11
0 5
0 5
0 5
0 5
0 7
0 14
1 6
1 17
1 10
1 7
0 9
1 2
1 3
0 14
0 6
0 19
0 2
1 3
1 18
1 11
0 11
1 6
1 2
1 4
1 17
1 17
0 14
1 19
1 1
0 17
1 3
0 1
1 12
0 10
1 19
0 12
1 5
0 12
0 5
1 5
1 19
1 3
0 8
0 4
1 3
0 1
1 7
1 2
1 15
1 13
1 3
1 16
0 5
0 8
1 3
0 17
0 4
1 18
1 8
0 14
1 16
0 18
1 14
1 15
1 8
0 1
0 9
0 1
1 6
1 6
1 11
0 4
1 18
1 17
1 1
1 5
0 1
0 6
0 5
0 4
1 2
1 13
0 18
0 5
0 14
1 2
1 5
0 1
0 12
1 13
0 12
0 18
0 7
1 2
1 9
0 19
1 5
1 18
1 18
0 10
1 1
0 4
1 8
0 12
1 5
0 4
0 6
1 3
0 8
0 16
0 16
0 4
0 2
1 4
1 14
1 10
0 19
0 19
1 14
0 8
1 19
0 15
1 2
0 7
0 15
1 13
1 10
1 5
0 1
0 3
0 19
1 13
0 10
0 1
0 1
1 17
0 12
0 15
0 17
0 12
1 6
0 15
1 1
0 11
0 3
0 1
0 11
1 8
0 8
1 7
0 18
0 10
1 16
1 10
1 11
0 13
0 18
1 4
0 6
1 13
1 4
1 17
0 18
0 17
0 10
0 16
1 5
1 9
0 2
0 6
1 17
1 9
1 15
1 15
0 2
1 16
0 18
0 16
1 17
1 6
1 7
0 12
1 9
0 14
1 6
1 19
0 15
0 14
1 18
0 12
1 4
0 16
0 14
0 17
1 6
1 6
1 6
1 14
1 13
1 3
1 13
0 5
0 17
1 12
1 14
0 14
1 7
1 7
1 14
1 5
1 9
1 8
0 17
1 18
1 6
1 3
1 16
0 1
1 14
1 1
1 13
0 8
1 10
0 2
0 12
0 13
1 3
0 13
0 13
1 8
0 11
1 11
0 8
1 2
0 10
1 6
1 8
0 2
0 7
1 11
0 2
0 14
0 1
1 12
0 9
1 11
1 11
1 1
0 6
0 2
0 16
0 11
1 17
1 5
0 1
0 18
1 12
0 8
0 18
1 16
0 2
0 5
0 6
0 5
1 6
1 17
0 9
1 2
0 16
0 1
1 3
0 11
1 1
1 18
1 16
0 10
0 15
0 19
1 11
0 19
0 13
1 2
0 7
1 19
1 10
1 17
1 16
0 5
1 2
1 7
1 10
0 7
1 15
1 15
0 7
1 1
1 19
1 15
1 5
1 17
1 8
0 13
1 19
0 9
1 2
0 14
1 16
0 3
1 12
1 11
1 18
0 4
1 15
0 17
1 7
1 8
0 12
0 15
1 2
1 16
1 13
1 14
0 6
0 17
1 1
1 8
1 5
1 7
0 8
1 9
0 9
1 17
1 3
1 18
0 16
1 1
1 17
0 16
0 3
1 10
1 3
1 6
0 15
0 6
0 2
0 5
0 14
0 18
1 1
1 9
1 3
1 17
1 6
1 16
1 6
1 10
0 10
0 11
0 12
0 2
1 12
1 10
1 14
0 15
1 18
1 13
0 15
0 6
0 4
1 8
1 1
0 15
0 19
0 10
0 5
0 19
1 19
0 12
1 7
1 19
0 19
0 1
0 15
1 9
1 7
1 16
1 11
1 11
0 16
1 11
1 8
0 13
0 17
0 7
1 11
1 11
0 6
1 7
1 9
1 7
0 14
0 1
0 8
1 5
1 1
0 14
1 15
1 18
0 2
1 15
0 14
0 17
0 8
1 8
1 12
0 10
1 5
0 16
1 18
0 5
1 10
1 16
1 17
0 16
1 16
0 9
0 4
1 17
1 4
0 19
1 4
0 13
1 10
0 3
0 4
1 13
0 3
1 15
1 8
1 6
0 5
1 15
1 3
0 8
1 4
1 12
0 17
0 5
1 15
1 4
0 6
1 11
1 8
1 15
0 19
1 6
1 11
1 16
1 18
1 6
1 1
0 10
0 17
0 3
0 12
0 11
1 10
0 18
1 16
0 14
0 18
0 6
1 19
1 1
0 7
1 19
0 8
1 3
0 11
0 1
0 13
0 9
1 7
0 3
0 4
1 6
0 3
1 15
1 13
1 9
1 12
0 17
0 12
1 12
0 10
0 6
1 13
0 15
1 15
0 7
1 6
0 4
0 4
0 3
0 6
0 8
0 3
0 6
1 5
0 9
1 12
0 5
1 5
1 3
0 12
1 2
0 2
1 17
1 19
1 7
1 2
0 15
1 10
0 10
1 13
1 2
0 6
0 11
0 6
0 11
1 16
0 7
0 13
0 13
0 13
0 16
0 7
0 2
1 6
1 11
1 6
0 18
1 15
0 8
0 8
0 12
1 10
0 3
1 16
0 19
0 8
0 15
1 16
0 10
1 2
1 3
1 8
1 14
0 11
0 16
1 5
1 9
0 17
1 6
1 10
1 12
1 11
1 12
0 10
1 2
1 5
1 6
1 10
1 19
1 9
1 2
1 17
1 5
0 18
1 4
1 8
1 7
1 19
1 2
1 10
0 18
1 6
0 14
1 14
1 2
1 2
1 14
0 6
0 1
0 17
1 17
1 15
1 14
1 7
1 9
1 4
1 8
0 13
0 19
1 17
0 10
0 5
1 9
0 13
0 11
1 3
0 13
1 12
0 6
0 2
1 7
1 7
0 13
1 2
0 18
0 4
1 17
0 19
0 3
0 18
1 3
1 8
1 1
1 13
0 5
0 19
0 4
1 1
1 2
1 10
0 9
0 16
0 19
0 3
0 19
0 4
0 16
1 9
0 13
0 14
0 12
1 5
0 3
1 19
1 1
1 19
1 9
0 3
1 16
1 10
0 15
0 17
1 12
0 19
1 1
0 5
0 9
0 6
1 10
1 17
1 4
0 4
0 14
0 18
1 8
0 7
0 3
1 3
0 4
0 5
0 13
1 3
0 10
0 4
0 15
1 11
0 19
1 14
0 4
0 12
0 7
1 6
0 19
0 12
0 6
1 10
0 7
1 18
1 11
0 17
0 17
0 18
1 9
0 1
0 6
1 2
0 10
0 16
1 9
0 14
1 8
1 11
0 10
1 3
0 4
0 5
0 4
0 5
0 11
0 9
0 1
0 11
0 15
0 10
0 18
1 3
1 1
0 11
0 18
0 11
0 5
0 9
0 6
1 18
0 13
1 14
0 8
0 5
0 9
0 19
0 12
1 11
1 19
0 17
0 15
0 14
1 10
1 1
1 10
1 14
1 16
1 17
0 2
1 15
0 13
1 15
0 1
1 9
1 1
0 4
0 18
1 18
0 1
0 13
1 16
0 13
1 14
1 3
1 5
0 10
1 16
1 8
1 9
0 6
0 13
1 19
1 8
1 18
0 6
1 9
0 14
1 5
1 19
1 19
0 8
1 3
1 5
0 12
1 8
0 12
0 2
1 2
1 10
0 19
0 18
0 17
0 17
0 10
0 8
1 4
0 15
1 5
1 15
1 18
0 8
1 6
1 3
0 3
0 17
1 9
1 13
0 10
1 13
1 5
0 4
0 6
0 9
1 15
0 2
1 1
0 7
0 18
1 8
0 5
1 3
0 11
1 8
0 7
0 14
0 16
0 9
0 1
1 10
0 13
1 4
1 19
0 2
0 6
0 6
0 16
0 1
0 7
0 17
0 16
1 1
1 19
0 18
0 9
1 12
0 2
1 15
1 10
1 16
0 8
1 5
0 4
0 10
0 11
1 1
0 10
0 7
0 9
0 13
1 15
0 9
1 7
0 18
1 4
0 12
0 5
0 10
0 16
1 8
0 16
0 5
1 12
0 18
1 5
1 10
1 1
1 16
1 3
0 5
0 3
0 2
1 18
0 15
1 19
1 13
0 6
0 10
0 11
1 16
0 2
0 1
0 1
1 11
1 14
1 2
0 17
1 7
0 16
0 2
1 19
1 4
1 2
1 17
1 4
0 19
0 1
0 15
0 6
1 15
0 13
1 15
0 14
0 15
0 12
0 5
1 19
0 2
1 10
1 17
0 13
1 13
0 12
0 14
0 13
1 11
1 1
0 1
0 8
0 13
0 17
1 9
1 8
1 8
1 3
0 17
1 15
0 1
1 16
0 18
1 4
0 3
1 15
1 4
1 8
1 2
0 2
1 10
0 15
1 16
0 6
0 10
0 1
1 17
0 4
1 9
1 11
1 16
1 7
0 8
1 13
0 19
0 18
0 4
0 12
0 9
