605
19429 83
19711 96
14699 58
10493 85
18405 64
14181 80
11136 58
10308 70
15431 97
19847 59
18484 69
12602 96
17797 79
11092 75
12195 56
12129 52
11103 93
16431 56
14350 61
11933 81
13415 86
19153 83
10490 50
14569 85
15396 96
10980 67
18400 65
17587 76
18816 92
19210 81
14828 87
17403 50
11481 56
12404 71
17998 91
14055 97
10100 71
10812 73
18060 55
17730 87
17237 74
11323 87
16718 92
18937 50
13001 50
18851 86
15872 74
13229 59
11260 66
13943 74
19284 61
17876 95
19523 86
15117 66
14493 76
15399 61
12275 94
16371 92
12053 94
12277 56
15656 76
10471 73
12872 98
16207 55
12384 77
15726 91
11799 82
10858 52
17389 57
10862 78
11462 88
12400 94
19238 51
14452 86
14046 93
15215 79
15654 84
18431 78
18860 52
16617 87
17596 54
12498 76
15696 72
12450 68
14041 77
14134 83
16127 99
17237 95
18725 64
12262 62
10593 58
19040 80
14811 73
11617 73
10659 90
19491 73
10888 57
14604 58
12150 63
14085 77
12768 58
12157 86
12207 77
15935 74
11513 69
13793 84
16149 52
14254 72
12350 98
14519 51
13350 77
18005 51
17053 58
15218 83
10594 66
15337 68
18729 69
14987 99
11678 69
12660 79
13017 74
15869 66
17891 63
13347 85
19368 59
17223 57
15804 72
15624 61
19363 91
17582 86
17020 68
13304 67
16189 95
17208 84
10309 98
19101 77
13294 86
16450 61
12322 62
19717 53
11600 87
15419 75
10686 99
19490 80
17425 67
16071 55
12907 85
11528 83
17892 74
10077 78
19356 98
17859 57
19808 90
18024 57
18667 78
14286 82
10495 73
12090 71
13380 89
10428 90
13792 62
12356 96
10759 61
17235 84
15685 53
13840 80
16634 54
10748 74
14662 63
14216 96
15477 69
11653 62
11068 85
18588 68
18597 70
11247 89
12887 72
10943 68
14106 87
12400 50
13289 70
18186 50
18216 69
17106 54
17368 95
13176 73
16793 72
10097 56
11280 54
16328 74
13770 99
19505 65
19311 63
11935 51
13033 95
12679 70
10135 66
11795 80
11198 83
11643 95
19311 56
16961 85
17679 85
10956 92
13731 88
12328 83
15658 59
10908 74
16767 74
11036 61
10351 97
15712 70
17528 52
11716 66
13699 61
19361 63
14819 76
14924 51
14222 85
15405 54
15660 94
16435 93
16509 62
18679 75
11904 76
16782 85
18194 83
15586 74
15875 88
16131 90
14863 94
13402 94
10091 77
16479 90
19071 89
17676 64
11715 81
14097 55
12365 67
14185 97
10474 64
15005 95
11418 72
18375 97
11297 79
14986 54
14859 88
11664 94
15968 97
14948 95
10361 83
12913 77
13954 97
18058 72
14752 72
16316 91
11172 64
12673 99
18672 59
11062 55
11786 90
19360 66
14879 92
11258 71
13466 84
15410 91
14485 60
18244 70
19070 77
12199 68
14526 94
17639 73
14567 78
16818 76
15164 86
12616 84
12741 63
17628 98
17138 81
12976 55
12704 60
14080 75
14394 57
17245 89
12866 55
14926 71
18032 72
12706 69
15866 71
17305 58
18821 56
16755 75
18666 71
19304 98
14877 63
19594 94
16746 67
10008 82
14065 58
19941 50
12388 92
11320 77
12638 60
19749 66
13222 54
19596 80
14131 98
18112 51
12547 97
18427 78
19591 70
10336 57
13297 66
12305 64
12961 75
11106 57
12716 91
12685 67
19503 55
11752 96
11122 79
19220 80
13840 56
10535 94
10933 69
12941 75
19337 99
13642 97
11933 86
15683 95
17107 64
19197 79
10179 73
12534 65
18043 66
12611 89
16999 79
17306 82
11714 99
17089 84
16091 59
12550 74
10427 87
17168 89
19637 98
17686 99
10783 76
11887 94
17441 96
10601 55
18700 63
10974 62
10157 83
10580 81
12545 75
12820 75
16619 70
10862 85
14660 55
17786 63
13570 50
18690 89
12060 55
13294 64
17341 52
10528 50
12935 80
11937 55
10075 93
15836 57
12150 79
16458 87
16829 61
11549 68
13164 96
16049 65
12763 88
14671 67
11731 77
19524 52
17360 93
16017 93
16007 59
17045 55
15337 96
12696 61
10136 64
15945 94
10138 59
12811 54
15324 86
17259 96
10889 67
14437 63
12683 60
15895 93
12385 95
13606 52
11426 87
17056 94
10240 85
19154 97
11600 62
11211 78
10138 97
12288 59
11548 93
10401 75
11796 56
16860 53
13293 83
11409 77
19177 86
18198 77
16496 66
14715 98
18184 98
10497 87
18198 70
15862 65
12292 89
19380 53
17731 82
16444 95
13971 98
19180 93
10193 74
17049 60
14671 67
11993 57
11242 72
16447 52
17208 90
10380 74
17073 75
15492 95
12241 93
19088 77
16330 76
12802 80
10542 67
18702 98
13805 83
13014 54
10444 85
12790 66
17784 96
17890 60
15529 86
15293 58
11930 61
12140 66
14728 80
14778 89
13593 63
13341 76
19278 99
18328 61
15580 92
13186 87
12712 65
11223 82
10961 87
19438 96
16003 96
19019 85
11960 72
19830 89
10210 95
14347 69
11255 92
13907 69
18123 90
11028 53
10756 94
13428 95
17866 95
16291 55
12174 73
19626 99
16125 88
16478 91
12916 85
10730 89
18246 82
19596 68
19308 87
16798 93
19660 65
18136 94
10062 94
18820 82
14171 89
11522 98
18310 64
11741 84
10799 93
12654 83
16038 81
10064 82
13037 62
19620 86
19841 55
13525 56
15578 57
11054 76
18017 73
10890 86
14530 56
18812 84
10050 77
18289 86
12338 52
18131 70
16357 75
13968 82
14494 84
13578 94
12126 93
17584 64
16045 69
11244 72
10166 91
13150 69
12024 69
15658 71
11865 92
15453 53
17694 52
10790 96
19929 58
12258 76
16099 56
11768 88
17530 63
10615 63
17564 88
14076 84
13076 86
10024 91
11604 61
19618 85
16484 65
14169 91
12922 90
12413 77
11067 82
12270 88
14273 53
17317 60
12910 52
14546 53
14047 86
19445 92
11572 61
10689 71
18399 57
13853 88
12123 52
16285 60
12559 76
16545 64
10643 77
15020 58
10082 56
17880 77
18913 63
12217 69
16815 62
12847 83
14270 91
13535 74
12176 63
11587 81
19093 66
11169 54
10245 64
17866 97
15016 88
10741 68
11998 59
15019 87
11676 89
18452 98
17364 61
12610 97
10809 67
10635 78
14577 79
14413 67
17659 82
16333 54
11490 71
13889 80
14339 64
16111 65
10364 86
17589 82
13894 52
14523 81
13525 52
15429 59
11853 55
13278 87
17415 86
