5
323 2000 50 87927407
1 248 7
90 323 3
248 241 4
241 304 7
304 10 4
10 305 2
305 106 8
106 45 8
45 205 9
205 292 8
292 27 7
27 243 3
243 3 4
3 264 8
264 176 9
176 289 8
289 196 5
196 188 8
188 101 10
101 44 5
44 110 3
110 114 4
114 72 9
72 198 4
198 32 8
32 199 9
199 213 7
213 171 3
171 105 9
105 139 1
139 69 10
69 123 5
123 103 3
103 239 6
239 273 1
273 86 1
86 89 9
89 56 8
56 169 3
169 216 10
216 235 7
235 12 4
12 197 1
197 115 9
115 160 5
160 284 4
284 15 5
15 120 3
120 279 2
279 309 9
309 222 8
222 320 1
320 26 6
26 319 10
319 43 10
43 247 9
247 65 8
65 307 1
307 311 8
311 315 1
315 58 10
58 174 4
174 152 4
152 234 9
234 38 10
38 62 3
62 7 1
7 84 3
84 266 2
266 121 1
121 151 7
151 286 3
286 64 10
64 322 10
322 287 3
287 212 3
212 181 7
181 35 9
35 161 10
161 204 6
204 271 2
271 77 1
77 280 10
280 119 1
119 2 7
2 95 8
95 126 4
126 153 10
153 175 1
175 233 6
233 18 9
18 262 1
262 145 1
145 154 8
154 141 2
141 25 9
25 299 6
299 100 4
100 231 6
231 209 8
209 207 9
207 112 3
112 267 1
267 215 5
215 179 7
179 109 1
109 256 5
256 147 3
147 166 9
166 40 4
40 70 4
70 36 10
36 246 8
246 93 9
93 94 2
94 99 3
99 268 2
268 55 9
55 214 8
214 130 3
130 143 3
143 290 2
290 302 6
302 251 2
251 182 7
182 192 4
192 57 7
57 87 3
87 258 1
258 165 4
165 54 7
54 104 5
104 291 6
291 164 8
164 91 1
91 202 6
202 136 7
136 277 5
277 60 5
60 240 9
240 230 8
230 47 4
47 157 10
157 297 9
297 244 5
244 263 6
263 298 3
298 283 10
283 226 1
226 300 8
300 223 3
223 301 5
301 312 4
312 162 1
162 19 10
19 158 1
158 254 8
254 149 7
149 148 2
148 122 2
122 90 5
118 99 3
233 68 4
291 34 5
254 113 3
160 196 10
43 275 7
153 223 3
125 300 4
274 157 10
209 222 7
122 307 1
241 15 9
262 53 6
323 287 8
157 66 10
139 222 3
88 237 10
153 156 8
247 46 6
286 106 2
233 275 1
18 135 9
94 138 7
130 55 4
283 282 9
280 98 5
184 173 5
86 239 2
125 50 8
134 29 5
75 174 7
310 54 10
63 154 5
85 185 8
313 204 3
313 76 8
189 229 8
183 107 1
235 322 4
304 21 5
253 10 2
291 169 3
58 190 8
114 267 10
55 177 3
124 195 9
3 191 6
320 135 4
275 258 7
217 243 6
89 83 4
185 188 7
218 178 4
118 83 1
16 278 7
102 31 2
142 163 7
196 97 9
301 119 1
164 37 2
139 57 6
6 75 4
19 29 9
279 293 4
104 37 1
172 175 2
69 146 5
148 44 7
20 284 7
164 131 9
127 283 7
253 38 7
31 57 7
302 160 9
306 170 5
192 59 3
70 245 9
301 269 4
6 305 10
57 91 10
135 86 9
118 225 3
231 78 9
48 94 6
210 98 5
107 152 8
147 39 1
269 293 5
173 150 8
122 256 9
230 124 4
257 317 3
73 179 3
104 44 3
167 216 10
184 93 8
53 165 2
199 158 10
198 102 1
268 37 9
198 212 6
295 194 9
295 281 8
3 17 8
303 74 7
100 280 1
22 176 3
50 63 10
316 15 9
189 164 4
15 31 6
172 261 4
252 261 3
23 19 2
26 167 8
175 159 5
282 230 4
317 4 5
235 188 9
246 72 8
301 68 8
75 99 7
196 10 7
244 212 7
297 191 8
232 242 1
34 312 8
275 299 8
136 307 4
127 120 4
179 301 1
280 278 1
76 315 8
171 6 6
208 249 5
13 11 7
6 32 3
152 227 4
101 77 6
25 90 2
9 198 4
300 49 6
268 237 3
203 230 7
222 63 1
241 116 1
55 262 4
157 124 5
227 178 1
249 191 8
269 102 3
130 23 6
254 170 1
213 5 5
60 293 7
234 159 10
72 178 9
275 298 4
267 65 6
168 212 5
40 83 9
82 4 7
234 233 1
25 309 8
56 162 1
300 165 5
299 20 10
147 296 10
285 39 3
245 309 6
284 267 4
153 234 1
199 112 7
180 198 6
67 64 10
53 16 7
42 2 1
132 208 2
225 224 4
215 88 7
147 110 7
53 239 9
120 283 1
244 145 2
84 189 3
312 151 2
34 77 10
49 221 3
57 65 3
64 140 6
248 205 5
80 281 3
153 102 10
45 218 2
292 44 6
61 121 7
296 298 10
153 51 8
246 135 3
131 315 10
166 87 4
142 249 9
248 76 10
161 140 3
252 36 3
188 210 3
138 31 6
198 252 10
42 197 10
40 98 9
108 171 7
210 101 10
241 77 3
311 52 2
4 153 5
31 207 2
23 274 9
148 170 5
56 131 5
226 139 2
83 123 8
13 73 3
151 53 10
287 304 6
284 131 9
304 43 9
97 44 8
88 269 1
171 267 5
248 287 1
62 20 7
148 2 4
87 209 9
298 55 7
43 98 1
114 255 6
222 82 1
232 223 2
264 124 2
137 224 10
184 65 7
29 88 4
313 297 4
74 193 7
251 207 3
159 292 9
173 289 10
309 256 8
263 173 1
242 36 8
137 90 7
314 38 10
199 154 8
37 238 1
275 262 2
208 214 2
250 46 1
267 155 3
268 79 7
208 315 4
148 67 8
82 95 2
290 93 1
21 148 1
106 74 10
68 64 2
25 81 10
169 313 7
206 239 3
74 114 5
13 50 8
53 11 4
78 192 5
29 256 5
233 5 1
207 254 1
142 147 2
296 278 9
185 139 9
292 268 8
76 321 6
93 174 9
162 63 9
179 206 7
102 127 7
71 320 4
18 140 3
270 6 9
129 79 5
69 200 4
109 32 3
318 3 10
47 6 9
8 153 3
245 88 8
190 124 3
20 320 8
36 50 1
289 249 9
300 145 9
255 43 2
165 198 9
99 17 2
110 262 6
250 253 9
171 250 5
115 102 4
11 170 10
269 110 3
129 228 2
16 304 5
243 128 5
62 141 3
132 242 10
186 191 9
171 167 10
248 48 2
227 154 9
240 257 1
47 305 6
267 166 6
1 272 2
307 130 8
210 111 4
185 191 9
3 75 2
174 86 9
288 236 8
2 285 4
121 164 2
32 243 10
54 21 1
55 130 5
7 295 7
2 42 7
215 190 4
74 164 4
18 100 3
275 292 3
139 306 4
198 308 8
3 277 8
288 91 4
56 174 1
211 178 6
232 195 7
128 191 4
237 46 4
73 275 9
187 111 9
198 203 3
290 216 8
72 253 6
8 30 9
141 42 9
156 228 6
208 227 7
204 237 6
243 156 9
27 257 3
70 104 7
122 133 9
171 182 1
244 243 3
30 281 1
227 38 8
258 57 5
278 217 10
5 274 2
255 174 10
156 321 1
89 80 6
116 257 7
131 257 10
92 205 10
74 206 1
93 203 9
286 86 1
99 274 6
293 286 9
101 47 3
16 157 3
77 268 10
212 117 2
114 112 7
125 98 5
4 140 2
183 54 1
244 151 2
172 276 2
54 222 2
202 300 8
126 39 10
243 13 6
34 132 2
268 257 4
212 67 7
187 106 4
310 201 9
241 267 6
31 200 1
1 151 8
16 297 7
219 252 2
48 109 2
193 78 9
261 187 9
256 289 6
6 276 2
23 278 2
89 152 2
309 83 3
310 304 5
195 2 5
83 125 9
154 292 5
258 206 1
169 82 7
146 162 9
281 256 1
77 156 3
249 259 3
81 322 2
267 262 10
139 281 9
286 201 1
135 112 1
90 93 9
248 184 4
114 187 2
102 290 3
215 174 9
7 191 3
271 80 2
152 50 4
266 302 4
323 62 9
131 87 6
224 154 4
42 309 4
319 310 3
262 21 5
197 203 3
177 101 3
127 33 3
136 170 8
119 68 2
139 96 8
178 199 9
105 62 5
132 156 8
219 178 7
37 229 4
86 55 7
220 127 9
69 281 7
91 259 5
127 23 3
262 159 6
281 150 5
220 134 4
241 232 4
322 289 2
35 298 10
237 313 6
248 6 6
285 274 8
144 275 6
22 132 8
1 157 1
282 198 10
310 3 10
286 115 1
150 209 6
194 155 8
107 220 2
177 4 9
177 28 6
303 188 1
202 65 7
241 227 3
311 260 1
3 166 3
151 114 6
64 38 2
20 26 6
287 297 6
218 116 5
310 316 1
255 165 8
41 91 5
245 249 4
220 188 10
83 303 1
239 322 8
321 34 9
199 129 8
183 114 7
91 169 8
127 237 1
298 317 7
302 287 10
107 110 2
73 315 2
319 140 9
30 230 5
47 219 8
3 135 10
40 184 9
52 24 6
15 182 9
293 252 8
60 9 3
189 127 10
252 197 3
209 167 3
83 188 9
262 60 5
199 210 7
189 261 10
80 79 4
121 249 3
127 252 8
205 260 9
206 68 4
53 109 3
3 214 7
6 196 2
188 294 5
112 136 6
267 212 5
37 236 7
202 90 4
282 40 9
115 22 4
203 288 9
220 312 7
16 221 1
94 64 1
4 106 6
262 188 2
266 176 1
322 169 1
198 245 6
25 210 10
133 187 3
243 180 5
51 176 3
240 69 8
79 137 3
312 102 3
104 183 9
66 202 3
65 103 7
55 298 3
256 245 5
42 268 3
293 213 9
159 316 7
245 205 9
140 32 3
316 61 6
116 12 6
114 32 7
91 288 10
114 87 7
143 96 6
173 303 10
222 229 2
212 226 7
162 291 2
321 90 7
90 69 3
240 200 4
89 286 5
61 300 9
210 66 1
186 123 4
238 195 6
189 297 3
289 117 9
21 314 6
203 283 7
142 259 6
275 264 8
269 38 3
234 76 6
45 75 8
29 275 6
131 320 7
2 321 7
129 136 8
252 51 5
200 7 9
46 289 10
126 95 2
235 256 3
179 18 2
84 213 1
150 74 7
194 226 9
239 179 5
206 3 8
241 252 9
60 142 2
135 99 1
311 47 3
235 186 9
181 107 3
144 251 10
165 126 8
292 99 5
37 148 8
235 48 1
274 282 2
307 13 3
301 71 3
298 209 6
241 124 9
304 184 7
287 241 6
161 323 5
17 300 5
7 41 9
319 321 6
294 133 3
269 198 10
293 281 7
173 159 3
32 108 7
3 157 4
221 252 9
112 99 9
83 104 2
103 279 8
26 318 3
149 162 2
156 26 4
99 8 3
117 223 5
267 68 6
273 219 7
192 236 4
265 233 10
82 76 6
280 195 3
11 63 10
44 36 2
117 122 8
131 289 6
30 62 10
287 164 4
263 239 6
15 126 1
303 12 5
147 206 10
102 43 10
148 49 4
295 118 8
13 167 2
4 244 4
142 298 4
247 122 1
95 218 3
158 180 2
313 281 7
291 52 7
162 160 8
144 318 1
60 88 5
232 178 1
322 142 4
287 116 1
106 196 5
319 177 7
218 251 10
147 148 1
208 297 10
250 183 2
55 283 4
251 60 8
289 259 2
45 295 7
219 236 2
270 202 2
322 317 7
89 193 4
27 55 6
98 187 3
193 117 3
15 24 1
75 42 7
187 237 1
123 58 2
279 69 4
195 53 4
124 110 9
31 255 4
255 207 3
91 269 1
39 97 9
319 56 4
45 230 10
116 186 6
79 191 4
59 106 7
251 73 10
308 312 3
54 50 8
118 77 6
180 201 4
37 320 4
264 54 7
304 183 10
44 15 1
111 171 3
40 49 1
148 228 7
114 104 8
6 124 2
14 61 10
171 57 4
189 17 8
20 310 7
234 92 5
85 91 5
32 26 10
137 10 9
108 202 6
99 12 4
93 177 2
207 166 1
6 84 6
150 23 7
235 2 4
97 104 6
142 258 10
220 163 7
34 198 5
12 47 3
282 193 9
10 223 10
163 162 7
184 171 7
305 61 7
6 218 8
135 188 8
266 159 8
296 18 8
23 67 8
257 109 7
92 303 4
66 275 8
114 16 6
223 218 3
22 255 4
243 239 2
125 252 3
17 86 9
161 76 4
306 262 8
223 266 7
55 78 1
320 128 3
157 245 8
31 263 6
196 199 3
287 59 1
201 300 4
174 293 1
314 180 8
194 305 1
259 160 8
107 259 5
63 260 4
92 263 5
251 176 2
43 13 2
262 128 8
164 238 9
166 88 2
276 252 3
155 61 7
119 54 2
277 316 10
249 53 5
170 25 9
227 83 1
183 5 2
21 128 10
314 11 1
244 3 6
19 204 2
245 50 5
223 18 8
8 192 7
56 303 2
3 184 8
267 44 6
81 231 3
283 284 9
151 216 3
85 154 9
71 265 10
225 169 2
295 198 2
241 229 5
138 176 1
291 256 7
124 182 7
259 119 10
139 108 5
37 147 10
13 99 5
133 73 6
200 201 8
228 151 3
253 135 5
307 317 2
271 98 8
247 58 4
320 160 9
159 152 7
21 68 4
183 169 1
57 136 9
225 99 7
83 315 10
114 306 9
166 218 9
214 60 5
78 50 3
66 264 7
145 2 1
128 77 1
270 235 10
108 228 4
105 141 3
310 162 9
150 246 9
171 243 9
247 68 9
172 290 6
306 66 9
228 57 5
273 140 8
147 52 5
57 96 4
76 69 4
78 194 1
147 167 4
157 273 3
140 3 6
306 53 3
70 198 7
230 251 1
131 68 5
319 290 10
158 311 6
66 50 8
54 186 8
317 151 7
28 142 4
7 215 3
282 93 7
176 266 10
193 110 3
74 73 4
166 272 2
164 126 9
86 212 8
239 257 6
88 49 4
159 46 10
309 39 3
92 14 3
295 308 7
241 99 6
234 90 2
130 34 6
290 100 7
282 142 7
164 312 10
137 217 2
132 85 5
76 271 5
33 194 6
111 17 7
183 216 10
212 41 5
198 285 5
269 271 3
260 179 1
2 69 1
294 108 5
95 274 5
196 163 5
56 272 8
62 273 6
269 286 9
152 155 3
103 249 9
156 87 1
73 146 1
108 269 2
266 87 9
267 45 9
146 31 6
211 247 7
291 73 1
228 60 1
247 114 2
22 25 1
28 114 9
302 141 7
59 303 7
134 289 7
165 20 7
191 236 8
149 57 7
196 84 4
170 318 2
219 25 6
282 201 5
102 117 2
286 256 5
249 161 8
96 50 4
185 261 7
19 194 8
202 216 3
154 10 5
320 212 4
141 114 3
117 180 6
63 90 10
126 71 9
70 102 9
202 84 3
142 237 1
62 265 3
317 187 9
169 215 8
300 264 5
123 253 6
72 7 4
59 221 6
113 200 4
163 256 3
168 170 10
23 261 6
142 29 10
59 58 2
197 236 9
205 41 1
41 297 10
135 113 5
40 217 2
33 95 2
201 212 9
74 254 1
37 222 2
193 47 4
149 182 10
164 161 8
112 142 9
264 277 5
160 210 4
42 222 10
213 208 3
183 275 5
76 16 8
170 62 4
287 23 2
36 273 8
73 252 3
312 154 4
85 3 7
47 17 9
12 247 1
180 306 6
159 323 3
230 243 1
274 305 10
174 250 4
140 158 6
319 212 9
250 53 1
47 33 8
224 103 4
59 295 3
263 161 7
163 23 4
102 248 4
82 52 7
214 111 2
113 210 6
259 310 10
257 19 10
79 112 2
133 175 9
86 172 4
215 222 2
322 213 4
41 127 1
304 122 7
250 113 4
153 213 6
320 284 10
155 181 5
141 247 3
227 82 4
41 247 1
91 244 3
243 238 8
95 123 2
211 292 8
26 224 7
110 134 7
176 208 3
223 203 10
42 299 5
8 176 6
102 88 7
175 25 1
228 76 10
241 121 1
191 39 5
116 19 3
119 112 10
291 75 10
125 124 6
9 238 3
179 200 1
208 105 3
222 278 6
240 128 2
166 211 3
122 124 9
272 137 8
52 288 5
66 298 7
289 250 2
278 67 3
66 124 1
232 199 10
111 211 2
24 317 7
155 139 5
251 255 10
269 213 1
178 270 4
268 212 1
96 193 3
16 2 9
48 247 4
40 299 1
316 41 10
14 164 4
262 4 5
227 1 4
314 34 9
265 5 6
67 23 5
215 243 1
131 40 3
256 137 2
154 276 10
110 249 1
125 217 8
40 306 6
86 123 2
188 300 9
305 133 10
93 236 2
284 314 5
145 311 3
111 21 2
303 147 1
148 191 10
60 80 1
320 266 2
170 52 8
271 227 3
201 79 10
109 148 2
229 268 10
26 22 9
13 181 10
153 210 3
169 11 6
128 270 10
171 150 6
19 78 2
255 179 9
301 291 4
265 259 1
91 51 10
50 190 2
102 48 9
204 20 2
308 234 9
290 126 3
75 246 4
130 164 2
184 279 10
32 46 7
49 151 4
187 73 1
96 260 5
216 229 9
248 67 6
116 135 4
313 300 5
240 68 7
213 119 3
149 127 9
221 273 4
294 210 2
43 277 2
13 47 4
10 50 10
112 280 5
136 283 2
14 189 3
209 313 2
54 298 1
286 238 8
239 254 2
131 121 3
139 234 5
270 104 3
301 143 10
130 90 10
37 309 4
55 319 6
211 11 7
148 99 8
313 222 10
272 255 2
184 39 3
247 134 1
86 231 4
283 108 10
69 262 1
208 140 8
306 254 5
231 178 7
307 232 10
5 90 5
259 75 6
42 237 5
263 191 10
169 23 7
2 78 3
173 228 3
167 210 2
321 11 8
312 127 9
83 30 8
282 311 10
78 284 3
19 212 1
321 171 2
174 54 1
7 142 2
14 103 2
130 13 1
33 188 10
167 234 6
135 274 7
124 50 8
50 163 4
85 83 9
289 105 10
43 296 10
228 19 2
169 288 3
181 316 10
304 292 5
290 53 5
198 85 8
162 309 8
160 69 1
282 261 5
217 67 3
221 125 6
175 120 8
289 168 8
60 155 8
197 171 6
68 315 9
275 94 1
94 179 3
134 216 1
154 94 5
145 144 7
64 200 4
186 180 1
31 243 4
61 197 8
106 167 4
306 198 1
68 305 8
117 287 1
267 63 2
117 11 1
112 172 6
253 263 3
166 42 6
253 220 4
183 193 4
237 228 10
290 133 1
131 206 4
204 161 6
106 107 2
283 228 5
248 143 4
121 96 1
265 2 3
29 237 5
220 291 5
27 10 3
22 170 10
180 229 3
73 1 5
11 238 1
262 118 1
95 67 1
205 112 6
39 308 1
286 157 7
100 235 4
46 120 8
111 223 8
276 139 7
157 203 8
164 264 1
254 100 7
107 254 7
139 143 1
215 136 5
49 56 6
219 157 6
217 43 4
1 180 6
221 137 5
45 36 4
271 154 4
228 293 8
75 94 5
206 42 4
182 143 3
256 140 2
2 15 6
23 179 8
158 290 7
310 303 9
91 135 1
79 34 2
308 52 8
85 49 5
59 35 9
277 129 8
152 276 6
213 129 1
190 171 1
214 90 5
119 32 8
288 5 6
293 232 8
51 208 4
70 237 3
224 76 2
243 28 1
89 142 4
321 124 8
259 49 1
143 75 8
265 225 2
229 239 7
302 30 8
286 199 3
82 190 5
314 309 1
321 10 8
30 253 3
55 75 9
110 12 8
153 91 2
285 231 8
183 61 6
19 117 10
216 74 5
208 124 6
65 87 7
15 133 2
169 205 6
213 135 2
105 129 10
66 218 1
63 318 5
25 307 5
82 176 2
4 46 6
291 178 1
89 176 3
27 47 9
270 112 9
183 121 3
55 268 4
225 196 9
155 96 9
160 120 3
24 139 8
279 174 8
86 256 4
52 200 1
98 91 1
49 208 6
119 111 1
297 91 6
101 290 4
6 161 10
91 43 10
279 145 1
250 230 5
113 173 10
175 89 9
189 5 5
85 312 7
259 131 4
60 79 1
174 48 6
290 221 4
20 299 2
230 72 10
291 146 6
55 246 4
317 64 10
289 61 3
182 194 8
73 39 3
15 26 6
101 30 10
252 185 5
275 135 3
38 55 9
23 4 6
168 17 5
300 47 3
159 158 3
60 196 5
158 128 5
22 136 9
79 242 9
301 31 9
118 21 9
323 159 5
19 81 6
27 204 3
282 139 8
161 59 3
76 119 1
216 3 4
8 97 2
301 261 8
223 140 10
266 267 8
165 113 10
12 145 1
148 25 10
312 284 4
2 72 1
247 267 4
60 152 10
167 293 9
84 64 8
287 127 8
176 6 1
231 72 8
124 107 1
319 57 1
104 276 8
5 255 7
91 213 7
209 12 4
104 27 3
307 286 10
184 1 8
132 55 10
222 102 2
141 222 6
143 168 6
125 305 1
174 122 2
317 33 5
158 136 1
15 202 9
318 61 10
74 128 4
263 221 7
141 199 1
96 43 4
299 291 1
198 277 9
194 125 2
178 230 9
247 67 9
146 175 4
131 231 3
58 260 2
160 162 10
287 137 3
273 94 7
34 217 2
84 192 2
41 265 4
74 175 10
147 293 5
175 95 3
102 269 2
55 281 7
101 73 10
50 143 3
320 159 8
76 173 7
319 178 5
314 32 8
101 135 6
212 242 5
149 273 10
28 242 7
227 267 7
242 189 2
279 320 6
163 190 5
16 224 7
271 69 3
252 37 1
311 298 4
33 292 5
306 134 5
113 110 1
129 82 8
259 7 9
127 148 3
40 52 8
147 275 5
294 83 4
238 34 3
55 133 5
88 273 1
167 66 1
93 302 2
71 143 9
293 185 2
131 16 1
137 93 5
109 224 6
179 182 1
15 249 10
35 191 1
238 32 9
251 248 5
115 73 4
182 120 7
9 149 1
69 8 4
140 13 10
193 250 9
106 61 7
254 285 6
210 87 3
312 299 7
211 301 3
184 175 9
133 53 7
227 240 5
224 86 9
98 99 10
248 130 9
92 11 1
83 216 2
38 220 1
180 27 2
174 121 6
258 282 1
51 122 9
151 304 9
157 79 3
138 262 9
57 208 5
117 80 3
261 131 10
7 158 9
260 200 10
147 203 4
213 113 9
157 240 1
15 50 8
62 156 7
269 170 8
244 29 8
106 7 4
270 134 2
15 78 5
272 198 1
240 175 5
187 261 4
289 139 6
114 61 6
307 290 1
39 192 7
21 166 2
35 279 3
208 80 3
213 180 6
305 3 1
3 286 6
57 167 6
96 246 8
3 181 1
20 18 5
79 126 1
73 292 10
221 139 9
179 56 6
29 120 8
161 65 9
300 240 6
26 121 2
264 125 4
114 131 9
263 293 1
73 295 8
292 37 8
241 80 6
269 120 1
267 118 10
55 140 7
199 123 9
145 192 2
127 312 1
234 240 7
22 148 2
121 104 2
132 232 9
245 217 10
314 211 3
249 157 3
62 14 7
26 103 4
159 203 1
189 149 2
227 198 2
85 286 4
294 187 8
247 139 1
208 270 4
277 255 8
274 262 10
41 189 7
12 222 7
109 122 2
194 99 8
12 68 8
79 147 9
150 43 10
230 263 9
225 269 4
17 248 10
302 59 3
316 123 4
104 223 5
55 81 1
143 287 8
12 217 1
62 190 1
65 135 1
315 319 5
159 250 3
111 277 4
59 158 2
264 301 2
190 64 2
281 183 3
269 292 2
152 148 5
106 193 6
307 29 2
53 42 5
275 157 5
249 248 1
111 269 2
245 84 1
264 232 9
95 23 3
258 93 2
70 25 1
278 27 3
254 206 8
249 203 2
178 49 6
27 305 8
99 97 7
234 62 6
135 128 6
159 13 3
194 12 7
136 144 8
199 68 8
136 188 5
279 168 5
222 305 7
46 166 5
210 234 6
251 319 1
115 173 6
208 225 1
176 187 8
244 248 8
11 270 1
319 17 9
266 72 7
103 86 1
203 33 4
167 82 2
112 151 9
175 239 6
216 190 8
70 120 3
241 184 8
230 151 10
173 30 4
193 293 9
236 185 6
119 12 1
140 120 7
259 105 1
306 176 4
47 276 2
2 76 4
323 206 5
212 214 8
42 254 10
173 197 5
295 71 7
64 282 4
150 64 9
30 92 8
40 221 6
61 137 8
291 315 10
217 283 6
281 72 5
9 209 8
78 121 7
142 134 9
252 303 7
174 247 3
2 39 4
12 219 9
134 214 3
26 210 1
44 72 10
259 263 5
277 34 8
152 323 1
159 156 9
174 141 4
182 155 2
5 17 5
25 119 3
155 250 3
125 179 3
201 118 3
272 92 2
216 78 1
1 284 3
271 40 6
12 95 3
143 163 8
112 163 4
51 143 5
94 106 6
128 49 8
191 15 10
216 89 8
277 108 10
205 77 4
288 198 1
264 23 4
182 320 5
26 270 4
314 21 8
20 34 4
142 80 8
264 304 6
124 191 7
126 180 3
54 180 1
10 266 4
73 247 10
198 286 5
249 28 6
170 54 10
23 12 1
232 101 10
223 239 6
44 119 1
119 232 9
17 157 1
130 108 7
149 319 2
262 181 1
302 269 10
183 192 10
30 58 10
37 282 8
56 127 1
196 96 5
38 47 6
64 129 4
136 233 5
163 260 10
116 296 7
264 154 8
8 120 7
290 220 8
45 78 5
174 257 10
126 305 3
253 233 6
183 274 10
298 181 3
275 274 10
175 127 2
102 93 6
137 214 7
107 207 6
193 161 1
111 263 1
293 56 7
119 163 3
140 139 4
122 179 3
313 198 8
309 216 10
199 56 3
253 246 9
281 259 8
59 52 2
255 159 2
15 220 6
206 110 9
163 248 10
235 225 4
270 192 10
222 37 8
322 201 10
3 63 9
169 214 1
307 280 9
244 290 2
296 216 9
14 149 8
296 243 3
43 166 1
90 307 6
218 306 2
305 283 9
91 232 7
302 165 5
274 119 10
287 41 8
21 98 5
172 72 1
273 252 3
8 186 7
53 98 9
80 298 4
136 208 8
112 77 9
53 134 3
141 71 7
127 87 10
137 246 8
87 251 4
16 24 2
149 161 9
310 110 3
182 200 5
128 22 10
191 262 3
312 72 4
148 189 6
22 300 7
204 60 5
89 177 10
277 287 4
218 130 3
28 264 5
184 257 9
314 55 2
274 151 2
68 283 4
303 1 8
225 321 7
38 185 8
188 164 10
164 145 2
141 173 7
264 53 7
69 178 1
159 3 7
225 194 6
187 184 6
284 318 9
228 118 2
27 156 10
313 169 5
143 164 1
243 108 6
50 27 10
250 100 1
131 196 9
262 83 3
227 302 6
285 67 1
151 209 4
187 121 5
34 20 7
301 254 9
22 61 6
232 158 3
249 313 7
84 167 1
616 2000 50 882729471
1 301 3
34 616 1
301 57 2
57 173 8
173 477 5
477 198 7
198 201 6
201 428 5
428 354 7
354 263 1
263 109 10
109 416 1
416 341 6
341 50 4
50 241 6
241 335 3
335 296 3
296 318 7
318 84 3
84 120 1
120 470 2
470 228 3
228 512 7
512 144 5
144 142 4
142 456 5
456 136 1
136 145 4
145 444 5
444 295 9
295 589 3
589 424 4
424 264 6
264 89 5
89 62 9
62 137 1
137 308 6
308 77 10
77 55 4
55 479 4
479 245 1
245 351 8
351 205 10
205 426 4
426 534 1
534 614 10
614 338 5
338 411 10
411 447 4
447 463 3
463 66 9
66 229 7
229 140 10
140 151 8
151 287 3
287 366 10
366 506 3
506 480 3
480 509 2
509 568 3
568 61 2
61 81 7
81 248 6
248 170 1
170 422 1
422 161 7
161 171 2
171 127 6
127 4 3
4 592 2
592 372 10
372 315 7
315 603 4
603 451 5
451 564 8
564 532 4
532 298 8
298 17 7
17 615 10
615 190 5
190 260 9
260 74 2
74 586 5
586 49 3
49 33 7
33 350 6
350 394 8
394 240 2
240 376 7
376 440 7
440 359 8
359 572 5
572 174 4
174 97 6
97 368 4
368 41 3
41 540 1
540 28 1
28 457 6
457 369 3
369 9 8
9 385 8
385 46 6
46 192 10
192 38 1
38 210 8
210 271 8
271 357 2
357 419 9
419 150 1
150 576 2
576 550 9
550 465 3
465 593 9
593 449 6
449 391 10
391 360 10
360 72 9
72 551 5
551 159 8
159 104 5
104 93 2
93 23 2
23 219 9
219 511 3
511 24 6
24 604 6
604 581 7
581 469 5
469 527 10
527 115 8
115 105 3
105 107 2
107 206 6
206 96 7
96 307 5
307 185 8
185 204 10
204 386 8
386 111 10
111 347 1
347 536 10
536 574 3
574 300 7
300 578 3
578 294 1
294 492 10
492 37 10
37 19 6
19 531 5
531 498 4
498 247 3
247 432 7
432 609 9
609 602 8
602 59 6
59 320 6
320 147 4
147 433 1
433 345 6
345 380 7
380 332 9
332 438 1
438 265 3
265 383 1
383 272 5
272 290 5
290 176 7
176 508 10
508 427 10
427 71 3
71 571 5
571 569 8
569 165 10
165 113 5
113 125 9
125 5 6
5 388 8
388 21 1
21 473 4
473 450 2
450 68 2
68 395 10
395 146 8
146 362 4
362 323 9
323 40 5
40 573 8
573 246 2
246 448 7
448 183 3
183 129 9
129 565 3
565 250 2
250 122 7
122 417 3
417 549 6
549 377 2
377 517 4
517 106 3
106 358 8
358 333 4
333 15 10
15 29 10
29 430 4
430 552 4
552 254 4
254 103 9
103 233 3
233 162 9
162 458 10
458 94 4
94 274 4
274 555 10
555 493 9
493 595 10
595 157 9
157 45 5
45 269 5
269 87 4
87 334 6
334 14 8
14 175 6
175 499 6
499 563 2
563 491 6
491 216 7
216 191 2
191 500 10
500 63 5
63 270 5
270 181 9
181 343 2
343 560 9
560 193 1
193 88 3
88 570 3
570 355 8
355 389 2
389 485 2
485 76 7
76 459 6
459 412 7
412 316 4
316 16 4
16 346 3
346 108 5
108 11 1
11 482 9
482 197 2
197 403 3
403 288 8
288 545 4
545 149 1
149 249 4
249 138 1
138 556 3
556 356 10
356 180 1
180 468 2
468 187 9
187 43 10
43 163 5
163 594 9
594 513 7
513 339 8
339 79 9
79 213 7
213 588 7
588 65 5
65 548 2
548 234 4
234 236 3
236 337 5
337 515 6
515 31 3
31 559 9
559 446 2
446 402 5
402 83 1
83 466 2
466 208 10
208 583 4
583 382 7
382 2 7
2 91 10
91 421 10
421 39 8
39 134 4
134 299 7
299 7 2
7 590 1
590 273 6
273 495 2
495 476 3
476 310 9
310 95 5
95 27 5
27 353 10
353 606 5
606 352 1
352 160 3
160 284 10
284 326 7
326 528 5
528 400 1
400 116 2
116 34 8
397 487 4
132 605 6
253 31 9
145 39 2
71 80 10
387 295 1
115 473 2
476 430 1
327 408 3
137 513 5
185 277 8
97 580 5
354 114 6
473 460 9
65 432 7
55 568 2
349 177 8
20 146 9
255 388 7
8 255 8
103 389 5
254 54 10
109 573 9
25 49 3
491 412 6
378 322 2
454 196 8
247 295 3
165 360 9
2 514 10
110 420 1
316 133 5
8 354 10
460 23 1
307 305 3
77 148 5
53 158 6
304 596 8
23 154 10
538 281 10
425 377 10
263 201 9
171 39 9
170 154 4
54 528 1
480 576 5
265 330 7
273 373 9
5 250 3
86 609 7
183 505 1
267 99 3
382 605 8
10 259 8
347 483 8
351 21 7
180 458 10
454 18 4
252 209 10
451 357 7
216 605 6
450 70 10
323 478 7
121 612 4
43 573 6
73 52 7
117 126 1
197 187 10
453 384 2
87 50 7
466 479 5
564 72 4
219 600 3
38 293 2
312 433 10
215 489 2
102 472 10
126 456 3
45 49 1
151 468 8
196 331 9
218 548 6
323 142 1
212 302 1
285 122 9
343 415 4
327 497 6
173 364 3
98 370 5
386 117 1
434 117 4
180 290 4
537 193 4
136 186 4
416 519 1
258 518 1
241 430 10
176 33 1
476 306 5
69 38 7
588 492 6
50 24 7
40 41 5
550 36 1
262 455 10
421 277 6
507 54 9
175 548 10
349 406 3
612 93 8
324 492 9
167 603 6
585 171 5
450 257 3
419 426 3
281 405 10
144 303 6
395 358 4
564 401 5
106 391 7
467 287 10
473 570 8
304 434 6
123 199 4
532 482 7
183 158 5
286 198 8
303 358 1
41 101 8
489 297 2
577 571 10
577 33 1
113 305 6
110 404 2
474 150 5
18 266 1
200 466 5
503 11 6
522 133 10
278 426 2
9 8 3
160 439 3
116 579 10
562 298 9
575 519 9
261 8 10
81 241 5
193 615 2
543 398 10
157 572 1
571 254 4
169 392 7
175 495 1
493 152 3
141 552 8
341 141 3
1 609 3
352 30 6
242 610 10
502 479 2
239 206 10
431 589 9
58 563 2
453 309 6
11 14 1
151 153 1
120 45 5
128 566 8
353 408 2
582 393 4
78 315 2
440 299 9
28 335 5
237 139 1
316 450 6
235 559 3
323 41 7
371 208 8
91 69 3
421 450 8
585 536 3
427 400 7
139 237 6
22 101 4
481 358 9
555 261 9
606 180 2
1 308 7
347 20 4
82 141 6
479 459 10
583 397 10
272 205 2
164 534 1
64 483 3
552 517 10
177 420 2
211 504 3
391 343 4
182 572 7
469 253 10
124 28 6
416 535 1
11 503 9
41 477 9
388 323 6
511 480 5
595 457 6
161 452 10
190 369 8
282 24 7
92 585 5
328 548 1
319 34 8
149 572 6
536 87 10
265 536 9
596 514 10
457 367 8
454 480 8
492 561 10
489 217 5
471 191 5
68 325 10
146 541 9
207 608 5
513 573 7
261 423 9
556 520 2
587 236 10
94 545 5
168 2 6
54 427 5
154 105 10
147 491 3
492 433 10
432 59 3
364 200 3
449 550 7
423 143 3
361 377 7
296 170 7
183 241 9
312 212 1
87 275 7
424 396 5
254 414 7
25 16 5
48 226 5
156 420 3
407 88 3
453 410 3
589 592 3
560 549 9
331 32 7
28 180 9
289 539 5
124 194 7
510 176 8
605 444 5
597 167 5
149 340 6
536 16 8
106 480 10
392 46 9
517 599 4
238 270 7
563 251 9
293 406 4
218 346 8
101 42 3
547 528 2
58 44 6
352 33 8
8 316 8
527 543 8
219 590 5
345 504 3
606 124 2
236 154 8
421 612 4
606 155 8
555 369 2
498 348 2
12 208 5
293 404 5
562 381 9
235 366 3
379 361 10
578 370 10
485 615 2
176 616 6
271 359 8
405 492 6
45 108 1
303 14 8
336 307 6
62 103 3
51 253 9
157 286 10
464 340 6
127 516 9
33 122 8
411 131 1
461 32 5
439 113 4
272 101 6
573 66 3
245 17 6
299 63 1
372 104 1
440 607 3
54 7 2
470 317 7
599 470 5
46 362 7
34 381 6
5 609 3
31 164 8
148 295 5
326 73 4
531 51 3
195 94 3
455 393 6
413 583 6
401 18 5
136 199 6
202 496 3
374 569 3
164 470 1
580 369 10
224 232 2
356 70 2
448 392 3
331 484 4
537 1 1
201 52 10
449 332 1
57 222 6
182 235 6
235 196 4
163 185 7
540 98 3
308 472 2
580 549 1
600 243 7
523 381 6
125 67 4
133 517 2
515 286 9
419 343 7
599 420 3
598 455 1
99 456 1
133 157 4
548 206 6
557 249 8
455 579 5
258 284 9
92 561 5
20 128 1
49 354 5
394 313 1
196 250 6
60 326 8
117 328 3
406 179 6
209 223 5
149 461 7
359 153 4
191 566 4
598 554 2
97 230 2
534 94 1
276 397 1
167 452 8
479 335 1
282 13 5
357 409 7
334 178 8
374 611 1
194 312 6
62 232 5
342 387 3
322 100 4
595 375 2
105 351 8
431 340 5
327 58 1
337 605 10
380 312 1
115 555 7
298 390 7
19 463 1
146 592 8
61 131 1
25 29 1
118 608 8
490 143 9
615 477 3
129 364 5
352 228 8
410 349 9
43 25 9
265 24 2
509 206 2
507 521 2
107 429 4
245 526 3
258 400 8
450 96 5
245 425 4
34 410 4
363 430 8
224 64 9
77 23 4
388 571 1
278 317 10
42 9 3
29 126 8
75 222 5
94 189 2
150 115 10
377 1 6
509 609 5
615 362 2
552 491 1
21 545 9
77 81 3
90 328 4
252 59 8
7 434 10
177 496 2
551 565 4
515 346 7
273 596 9
280 437 1
43 397 1
615 221 1
260 313 10
162 279 1
565 310 5
378 312 7
518 483 3
385 221 3
6 547 3
35 614 4
225 367 7
5 375 3
131 545 9
330 465 8
432 299 5
589 318 5
35 90 2
583 340 1
515 564 1
485 330 6
352 57 8
321 57 9
139 241 3
373 504 4
255 288 9
468 260 2
594 285 6
175 276 8
564 249 4
146 261 1
603 125 7
203 511 1
38 574 8
506 428 6
301 509 5
131 543 1
543 466 3
49 524 10
271 455 2
158 430 2
32 48 6
284 3 9
170 78 6
427 310 10
266 348 1
444 167 5
185 69 4
223 279 2
209 165 9
25 377 3
549 600 8
110 377 7
48 221 3
394 502 9
142 487 3
528 499 2
293 367 10
199 122 9
529 319 10
579 544 10
252 104 10
140 166 7
599 68 1
39 57 2
431 24 1
47 184 4
161 595 9
604 331 1
500 130 7
545 267 2
534 69 6
307 441 9
81 181 7
194 480 5
510 167 9
465 266 9
540 599 10
148 507 7
469 81 7
525 133 3
370 82 2
153 540 10
482 188 5
56 305 10
63 326 3
389 596 7
135 554 5
304 10 2
66 429 3
196 411 9
546 189 6
80 220 10
383 98 6
558 580 7
561 478 6
256 473 2
299 608 9
540 403 6
502 296 2
483 343 3
39 413 3
267 606 2
6 23 5
312 369 9
231 546 8
353 537 9
421 495 9
245 385 5
305 355 1
258 68 3
45 360 10
471 415 2
469 510 8
126 390 8
604 511 5
517 4 7
331 271 1
481 186 6
419 60 4
161 563 9
58 439 7
523 343 3
164 266 3
423 403 9
574 78 10
36 466 2
332 12 10
421 405 5
442 455 7
405 232 10
543 490 5
76 126 3
71 55 3
199 589 7
169 142 8
74 329 2
299 506 2
480 476 9
514 404 4
25 574 6
481 250 1
442 7 5
569 329 9
589 263 6
123 379 7
178 69 9
103 376 2
230 424 2
137 95 1
351 320 7
402 84 5
616 507 3
322 116 2
471 481 10
486 363 5
415 403 3
352 508 8
12 308 5
270 175 2
119 302 1
473 25 7
16 354 8
590 138 9
518 32 5
299 118 4
291 115 3
159 439 7
132 90 3
387 111 1
18 353 7
473 88 1
250 57 9
239 111 6
215 296 6
499 468 6
60 160 3
60 398 2
385 226 1
299 500 2
53 359 9
423 356 8
29 327 6
520 282 4
279 578 3
552 449 5
530 73 2
522 315 10
66 416 2
123 106 10
583 395 10
591 494 5
45 218 8
46 426 3
45 318 8
109 527 3
478 311 4
397 542 7
514 107 9
216 37 8
343 17 7
111 9 7
315 25 8
494 403 9
526 518 4
381 568 10
7 146 3
26 113 4
594 488 3
614 342 3
614 495 10
69 397 10
73 301 1
138 414 4
397 560 4
452 496 5
559 37 5
603 598 7
8 208 10
70 79 5
111 338 5
422 334 8
459 464 8
564 77 8
60 373 7
66 55 6
414 135 7
498 499 1
177 184 9
26 603 6
522 219 2
142 574 6
432 269 4
575 139 10
509 591 6
10 151 5
121 126 2
71 272 8
240 150 6
253 79 7
165 491 3
209 450 8
255 463 7
28 554 2
277 309 5
131 386 9
382 177 2
511 373 3
135 91 9
121 357 5
385 458 6
347 215 2
509 297 2
58 290 3
419 598 10
386 599 1
368 465 5
316 295 2
202 477 4
91 228 8
179 573 5
358 291 4
145 80 10
34 337 5
107 300 8
124 481 9
233 128 8
504 129 6
243 129 4
45 257 6
84 609 3
533 562 2
122 488 9
460 4 9
42 296 2
444 249 1
451 441 7
543 344 7
601 340 3
16 302 3
194 26 2
234 34 6
610 381 7
187 381 4
363 193 8
584 356 8
611 129 1
112 262 2
592 360 6
562 57 8
285 193 4
137 455 3
542 509 4
232 532 9
573 512 8
103 42 1
446 490 10
207 302 10
240 307 7
116 537 3
370 601 7
117 427 4
616 501 1
337 217 7
290 283 7
452 409 1
487 261 8
368 318 10
89 528 3
64 495 10
594 27 2
303 270 1
255 319 3
256 47 4
187 107 2
45 7 9
180 332 7
115 89 6
116 443 5
328 281 10
168 432 8
465 125 7
15 125 1
487 210 5
418 76 5
130 92 5
22 218 6
263 30 2
41 31 8
171 102 4
215 492 5
578 555 6
351 485 2
575 414 2
540 56 1
21 203 4
575 492 1
513 281 10
325 243 6
448 206 4
76 299 8
140 467 3
493 605 6
285 575 5
275 562 2
329 332 7
430 588 3
308 274 7
549 389 1
615 511 10
216 524 7
568 469 7
413 333 3
414 104 7
244 436 9
19 553 6
438 129 10
479 276 2
50 134 4
292 576 5
169 450 5
546 136 9
100 266 5
447 592 6
142 445 10
426 536 6
224 135 4
382 159 1
297 318 2
462 429 5
425 450 7
69 496 4
606 486 9
515 349 5
191 419 1
242 306 8
588 243 4
138 334 10
531 344 1
481 193 8
586 144 8
522 349 6
340 68 9
530 402 9
137 87 8
285 109 4
222 568 7
280 185 6
2 579 2
397 438 3
284 207 2
359 316 5
614 266 5
328 231 8
606 329 6
23 251 5
85 135 8
186 354 2
289 120 7
29 340 6
347 36 9
186 506 4
234 462 9
257 336 7
527 458 7
340 399 1
439 35 8
584 242 1
268 553 6
43 616 2
455 431 7
525 150 8
311 68 3
556 399 9
336 404 1
318 594 8
549 15 2
32 264 9
239 192 9
137 615 9
466 433 1
174 437 8
193 536 1
321 570 7
321 174 6
205 493 10
491 606 8
312 613 5
88 498 1
344 435 4
480 152 9
319 561 8
196 70 3
511 560 9
54 488 5
454 126 7
65 462 10
390 284 6
483 547 6
74 437 5
78 388 1
367 615 2
606 52 5
167 465 1
290 588 2
461 413 6
533 137 1
72 590 4
272 224 5
93 497 4
364 178 7
579 563 9
276 402 6
313 262 2
233 150 3
25 37 7
323 59 10
110 232 1
254 122 3
190 418 3
580 13 7
113 60 5
309 337 3
48 515 7
174 398 4
74 97 1
22 151 10
202 520 7
411 552 7
295 268 4
341 567 3
107 29 7
504 603 4
202 236 8
564 55 9
228 539 2
145 4 9
388 421 5
350 502 8
525 444 6
411 187 8
228 38 2
607 48 2
475 356 4
452 612 3
75 378 10
255 366 4
381 358 2
439 268 1
512 501 4
128 389 9
114 96 1
278 512 2
376 370 2
276 455 6
459 98 9
340 606 4
74 577 7
430 261 8
158 550 7
182 304 10
136 345 9
255 266 3
333 327 7
379 195 3
437 605 8
405 459 2
245 93 8
335 121 4
187 388 1
278 517 7
397 608 6
3 160 10
309 332 4
464 279 4
358 330 9
164 247 3
349 184 5
220 110 7
461 477 9
60 263 4
222 142 6
271 444 2
287 434 1
251 285 10
583 533 9
583 530 8
580 239 7
367 610 7
379 21 7
570 374 9
158 8 9
613 284 10
518 56 5
195 35 6
241 566 5
271 458 8
182 508 6
218 138 5
156 598 5
336 7 10
58 215 7
431 396 1
335 590 6
332 358 8
108 190 6
293 351 4
510 479 7
351 180 1
495 86 6
340 153 7
492 171 3
365 592 5
189 49 5
290 574 2
351 526 1
447 446 7
586 253 1
566 289 5
218 1 6
233 319 10
409 82 2
434 437 9
432 545 1
456 503 10
224 267 10
252 499 6
134 510 4
144 211 2
126 412 9
80 535 2
534 565 7
225 234 4
512 152 7
498 583 4
447 270 6
234 454 2
306 20 3
541 303 4
612 216 8
163 402 9
150 294 3
153 342 1
579 134 1
442 157 7
539 424 9
581 480 8
27 330 5
477 406 9
152 315 2
566 68 10
255 523 9
233 506 9
31 159 9
616 259 4
12 441 1
450 332 6
385 264 6
578 483 1
600 287 7
568 29 3
379 581 5
252 30 10
566 526 8
4 478 8
346 391 6
94 469 7
336 509 5
293 182 5
64 183 10
615 340 9
198 93 2
355 249 2
346 263 5
187 237 8
500 405 6
155 390 10
36 498 3
546 511 6
475 298 4
378 86 8
578 169 3
120 27 1
154 121 2
376 318 3
52 472 3
372 221 8
511 343 6
604 454 1
21 180 10
450 551 4
440 488 8
280 34 9
576 356 1
290 531 1
84 546 5
472 551 9
615 142 10
607 447 5
104 420 6
268 381 7
523 291 3
50 358 1
166 570 1
446 36 5
376 127 9
10 272 10
144 137 10
567 538 8
555 141 6
108 172 1
172 53 6
246 154 9
214 473 1
105 610 6
558 182 7
224 555 3
557 50 4
535 549 10
366 564 7
114 339 6
165 247 7
14 217 10
230 100 7
397 13 8
146 523 2
508 436 9
253 152 10
554 259 7
379 363 5
454 285 7
182 112 7
370 579 6
299 384 9
194 73 2
553 534 10
250 246 8
88 255 4
258 475 1
131 162 8
282 85 5
612 180 1
220 201 5
567 532 7
603 195 8
279 341 5
440 509 6
556 307 4
181 559 3
370 350 1
431 402 6
578 558 1
64 110 6
602 324 4
71 254 8
320 540 3
318 353 10
52 497 2
492 13 6
274 195 7
492 576 2
173 521 2
23 503 3
530 209 9
339 595 8
338 501 5
511 329 10
28 392 1
71 491 2
130 216 9
354 281 9
601 469 6
302 112 1
219 524 10
539 367 3
101 596 2
537 167 5
439 443 3
228 213 10
50 194 2
33 231 4
335 229 5
250 447 5
129 459 9
554 175 9
166 583 8
469 216 9
399 273 6
600 258 8
281 494 2
570 543 2
102 90 3
182 173 4
494 60 1
167 415 2
551 172 7
434 168 9
22 40 7
86 475 7
57 94 2
588 389 10
56 97 1
520 490 9
172 287 2
110 120 7
524 467 2
398 249 7
514 137 2
495 527 2
321 351 1
290 509 2
307 459 9
441 405 10
486 594 6
70 376 6
189 167 7
247 282 8
6 584 3
155 68 3
320 32 2
537 118 2
415 32 9
111 220 3
297 104 4
395 536 6
2 252 4
221 501 10
105 549 1
271 16 1
55 34 9
221 548 3
315 494 10
276 430 9
311 168 1
118 406 5
464 577 6
573 201 6
221 410 7
232 512 3
261 180 2
455 469 6
608 224 9
535 248 10
70 508 9
325 319 3
389 471 6
467 216 8
112 253 1
352 491 4
90 324 7
561 147 3
220 496 4
590 324 6
529 443 9
545 402 7
566 595 8
451 100 8
439 415 1
534 361 6
386 49 8
190 101 9
547 503 7
574 100 4
269 141 3
362 290 1
266 152 5
32 444 6
69 163 9
60 63 4
237 555 7
272 610 4
31 277 4
56 587 5
306 152 4
578 158 7
376 133 8
569 546 6
314 406 10
490 494 7
160 428 9
67 594 5
305 12 7
506 386 8
219 346 10
526 54 4
203 378 4
598 292 2
119 475 6
67 505 8
266 225 10
331 61 3
370 541 2
604 329 3
171 300 2
505 149 6
5 349 2
217 460 2
548 185 6
78 593 7
335 613 2
439 53 10
19 276 10
241 248 9
525 572 9
520 354 4
558 81 6
607 126 3
95 470 1
546 536 1
218 24 3
132 60 2
545 551 4
32 11 4
137 351 2
15 136 8
71 95 9
281 190 9
271 177 4
155 541 10
46 140 5
143 64 9
517 588 5
51 388 10
441 442 1
313 362 10
525 296 10
278 216 5
559 476 8
226 316 1
254 434 10
78 345 5
323 274 5
525 135 2
539 519 8
471 581 4
11 544 8
254 15 5
399 176 8
316 614 5
204 152 9
498 325 1
372 281 1
304 266 8
516 234 10
461 95 1
256 316 1
201 8 7
20 176 1
314 263 3
398 609 4
514 68 8
394 423 3
99 329 2
265 604 5
478 534 7
500 573 4
315 275 10
411 223 4
24 330 6
108 257 2
229 585 10
532 545 8
471 80 3
283 535 7
570 396 2
230 571 2
53 30 1
366 433 9
173 493 7
246 94 3
88 360 6
142 31 8
411 29 8
519 300 7
547 131 4
259 222 3
181 363 8
452 322 8
557 181 1
69 291 3
359 210 1
137 551 8
11 219 9
570 308 10
388 239 2
439 585 4
296 105 8
456 42 4
301 558 3
350 87 10
66 569 8
411 73 6
68 433 9
80 431 7
309 284 5
363 351 10
373 298 9
475 302 1
63 87 6
146 611 1
412 265 10
516 348 3
85 46 4
109 414 2
351 258 2
158 134 5
510 288 7
264 117 6
77 582 7
613 501 7
505 49 3
515 123 9
401 91 8
122 208 10
164 595 1
504 324 10
160 59 1
411 606 8
201 23 4
488 99 8
100 400 7
426 120 1
9 201 5
262 539 4
436 559 3
70 110 2
11 227 9
38 308 10
195 123 7
542 67 8
597 296 4
105 327 5
41 39 8
499 443 9
416 393 5
452 126 2
249 199 10
568 99 7
560 286 4
304 70 1
444 19 7
480 584 5
117 351 5
153 535 2
49 480 1
105 587 7
91 480 7
530 525 2
473 53 8
159 137 7
101 262 9
500 378 10
158 216 7
554 368 10
89 29 10
261 20 5
576 408 1
240 202 4
82 377 9
559 405 8
387 480 4
400 467 2
347 447 7
141 389 4
7 312 3
495 220 9
602 287 3
114 165 1
102 566 10
180 426 7
278 466 6
483 469 2
304 321 7
358 338 1
323 417 3
566 87 10
1 529 8
164 122 5
32 89 3
496 320 2
50 301 3
489 191 3
85 552 3
15 340 10
437 581 3
477 84 2
487 449 9
434 150 6
595 390 10
475 15 8
146 282 9
124 163 3
42 474 6
418 257 10
600 346 10
84 26 7
287 328 4
14 180 8
425 556 2
329 495 9
69 449 10
27 9 3
9 402 3
77 331 2
564 143 2
285 519 7
480 461 10
559 281 10
262 119 10
464 538 5
226 194 2
339 175 3
27 333 5
104 444 8
38 443 8
105 53 7
410 543 7
558 411 7
479 148 2
430 446 4
567 446 2
507 445 2
355 373 5
369 123 1
189 249 6
172 534 6
442 116 5
188 275 10
10 205 2
147 278 2
305 329 2
587 19 10
27 462 9
299 556 8
91 423 9
94 506 3
292 446 8
344 368 1
460 484 8
362 466 10
43 543 9
450 142 8
294 438 1
607 303 9
360 554 8
613 34 8
199 4 1
259 8 8
412 234 10
196 237 7
572 194 2
355 115 1
503 267 7
442 569 10
100 609 1
147 442 3
495 312 3
91 362 10
134 579 10
285 336 2
70 493 2
389 169 8
598 445 2
291 104 8
368 219 8
586 329 5
601 85 6
260 423 1
239 573 4
465 228 2
290 155 5
270 311 8
477 24 9
228 235 7
554 473 4
246 463 7
37 28 2
78 281 4
446 359 3
606 47 5
256 355 8
80 595 1
325 313 9
415 589 10
188 52 6
65 385 8
309 471 6
439 522 3
561 181 7
203 100 5
134 67 8
611 457 9
406 63 6
586 569 3
79 365 6
385 473 1
228 524 10
557 144 10
482 372 10
406 616 6
43 227 2
53 233 1
170 466 5
561 74 5
549 494 9
244 438 1
367 146 8
366 403 9
287 51 10
58 101 9
157 488 7
210 82 6
192 320 4
366 262 6
251 509 5
375 159 5
117 57 6
278 190 6
605 340 1
146 455 9
452 23 7
21 240 5
431 82 1
479 26 7
32 423 4
408 532 5
41 535 6
134 298 6
535 553 9
320 373 5
288 164 10
455 367 1
215 319 8
264 196 2
357 494 4
572 441 6
316 185 4
139 187 5
615 361 1
164 27 7
45 511 8
397 112 10
345 347 2
208 465 6
104 2 2
240 450 4
547 380 3
121 351 3
38 450 3
399 249 7
107 106 5
119 157 3
194 52 5
480 144 6
263 209 3
359 1 3
447 274 1
438 34 4
40 236 1
609 342 8
368 469 7
99 267 7
482 114 3
294 32 8
440 94 8
518 508 10
106 169 7
92 519 5
175 445 1
311 569 9
58 35 5
366 394 1
272 53 9
482 396 1
403 285 8
43 335 8
34 363 9
15 103 4
556 546 10
319 540 10
243 42 3
357 537 2
506 196 10
272 151 4
533 154 3
282 250 7
27 37 3
199 172 5
278 328 7
376 161 6
534 308 7
105 64 8
563 27 6
206 470 4
60 458 2
500 193 4
201 360 3
83 65 10
245 140 8
300 517 8
147 241 3
67 314 7
550 16 5
309 104 4
430 129 3
223 359 9
543 465 4
484 532 6
159 567 4
437 331 2
313 204 3
137 416 5
595 549 8
569 510 6
354 393 6
417 567 3
763 2000 50 945881476
1 709 2
440 763 7
709 671 4
671 714 10
714 732 1
732 190 5
190 342 1
342 180 8
180 421 4
421 548 1
548 525 1
525 720 8
720 423 2
423 624 5
624 664 6
664 216 6
216 237 3
237 637 9
637 312 4
312 163 3
163 167 3
167 14 4
14 196 1
196 540 8
540 364 9
364 239 3
239 755 4
755 734 7
734 204 6
204 564 5
564 146 3
146 428 9
428 544 3
544 23 8
23 572 5
572 273 5
273 372 9
372 701 4
701 187 8
187 206 6
206 4 1
4 276 10
276 623 1
623 384 5
384 512 6
512 469 6
469 31 5
31 281 5
281 429 6
429 169 8
169 561 9
561 567 4
567 723 7
723 454 2
454 86 5
86 532 9
532 715 8
715 329 7
329 595 1
595 148 1
148 613 4
613 629 8
629 494 8
494 594 5
594 739 4
739 610 1
610 464 3
464 87 3
87 562 9
562 305 8
305 38 6
38 583 9
583 730 9
730 712 3
712 209 4
209 12 4
12 212 4
212 236 7
236 632 5
632 261 2
261 327 10
327 147 9
147 411 8
411 67 1
67 294 7
294 395 4
395 130 3
130 333 4
333 253 2
253 563 9
563 640 6
640 703 1
703 41 6
41 142 9
142 379 2
379 381 6
381 289 2
289 466 8
466 79 5
79 576 4
576 36 4
36 579 6
579 537 9
537 596 4
596 478 10
478 560 6
560 368 2
368 536 5
536 700 3
700 687 1
687 374 8
374 556 4
556 361 10
361 444 2
444 72 3
72 319 1
319 609 8
609 653 4
653 482 5
482 16 1
16 489 10
489 431 2
431 650 9
650 365 7
365 122 1
122 404 10
404 265 6
265 652 6
652 550 8
550 721 6
721 658 6
658 208 9
208 300 2
300 391 4
391 30 9
30 747 5
747 232 8
232 527 3
527 660 3
660 506 9
506 267 7
267 108 3
108 40 8
40 426 10
426 316 6
316 414 10
414 138 3
138 127 7
127 278 7
278 111 7
111 75 1
75 128 8
128 694 8
694 82 8
82 412 7
412 513 7
513 3 5
3 539 8
539 11 3
11 599 8
599 722 7
722 56 9
56 417 9
417 442 9
442 735 5
735 483 8
483 716 7
716 112 10
112 97 10
97 137 8
137 258 4
258 402 2
402 408 3
408 250 6
250 597 8
597 593 8
593 708 7
708 224 10
224 62 8
62 115 1
115 104 5
104 263 9
263 22 8
22 173 1
173 517 9
517 743 3
743 757 4
757 644 5
644 81 1
81 554 4
554 447 9
447 55 8
55 74 8
74 231 9
231 432 1
432 214 7
214 681 2
681 762 8
762 565 9
565 297 1
297 504 7
504 686 6
686 165 4
165 176 6
176 15 8
15 114 4
114 488 2
488 396 6
396 754 4
754 323 2
323 337 1
337 511 1
511 625 4
625 744 7
744 241 9
241 326 7
326 725 10
725 159 4
159 306 7
306 615 9
615 42 6
42 314 4
314 274 9
274 26 9
26 382 4
382 371 4
371 690 8
690 604 7
604 80 5
80 285 9
285 499 9
499 260 4
260 474 9
474 682 1
682 46 7
46 8 6
8 446 3
446 497 4
497 617 6
617 303 4
303 603 9
603 64 5
64 186 6
186 420 10
420 487 8
487 362 10
362 460 3
460 524 4
524 614 8
614 492 2
492 552 8
552 162 8
162 463 6
463 355 5
355 643 7
643 221 8
221 475 9
475 280 5
280 586 3
586 659 8
659 545 5
545 34 3
34 272 9
272 401 1
401 77 7
77 240 7
240 676 10
676 59 4
59 670 4
670 164 7
164 150 9
150 518 6
518 161 3
161 174 2
174 373 6
373 118 3
118 13 8
13 119 3
119 481 6
481 549 6
549 93 8
93 680 8
680 143 3
143 683 4
683 178 1
178 255 4
255 296 5
296 32 9
32 727 2
727 197 5
197 657 9
657 244 6
244 601 7
601 315 7
315 313 3
313 292 2
292 505 8
505 347 2
347 748 1
748 18 7
18 750 7
750 588 5
588 635 7
635 529 3
529 693 2
693 406 3
406 367 5
367 140 9
140 271 7
271 155 4
155 369 3
369 674 6
674 158 6
158 29 1
29 195 8
195 322 4
322 71 9
71 243 10
243 663 7
663 551 8
551 729 2
729 301 9
301 541 2
541 520 7
520 234 6
234 229 6
229 332 4
332 136 2
136 193 7
193 558 6
558 213 3
213 533 1
533 501 6
501 330 9
330 133 4
133 376 6
376 84 1
84 102 5
102 277 1
277 356 2
356 70 3
70 500 9
500 543 5
543 299 10
299 33 10
33 293 10
293 706 2
706 48 5
48 168 2
168 54 8
54 311 1
311 160 7
160 283 9
283 353 9
353 171 4
171 718 10
718 666 5
666 320 3
320 531 5
531 251 9
251 713 9
713 227 9
227 182 4
182 535 7
535 284 5
284 242 8
242 17 9
17 546 8
546 390 9
390 101 4
101 135 10
135 39 5
39 521 7
521 335 2
335 602 2
602 308 2
308 470 6
470 582 1
582 647 6
647 473 4
473 440 7
317 220 9
120 27 9
107 537 6
132 229 2
703 622 6
362 308 4
195 642 2
170 314 3
547 543 7
65 578 2
372 518 8
136 388 6
529 473 4
538 720 5
98 344 3
405 361 8
569 628 1
546 556 4
2 648 8
207 153 1
753 668 2
553 406 1
189 735 2
578 61 5
205 486 8
750 496 1
284 740 5
195 426 1
720 689 3
699 271 3
605 75 4
1 210 7
739 273 5
341 428 5
145 209 5
445 460 9
475 312 10
371 638 4
455 14 3
385 284 9
137 103 3
133 703 8
297 707 5
394 376 6
658 101 10
442 656 1
49 309 4
432 589 9
265 113 2
374 460 6
40 701 1
697 176 1
687 733 7
719 572 3
323 718 8
695 130 9
81 666 6
169 404 3
695 119 6
707 556 9
673 700 1
110 732 7
112 298 9
16 351 10
59 66 4
630 265 4
268 13 7
724 594 1
239 9 2
406 514 1
407 520 9
252 626 6
723 649 7
308 162 5
569 738 4
192 244 4
646 210 9
542 145 3
547 60 5
80 49 7
117 761 10
737 757 10
395 128 10
280 291 8
725 402 10
213 83 8
133 510 6
749 280 5
571 274 7
492 208 7
294 79 7
134 529 10
355 359 6
716 349 2
698 647 10
214 82 4
426 30 5
629 197 3
102 438 3
65 254 8
427 265 1
570 8 4
486 66 4
450 577 5
48 252 8
114 89 4
267 602 3
572 249 3
579 175 4
357 299 6
460 374 10
300 354 5
291 16 9
711 403 4
513 241 4
159 716 3
556 602 3
478 733 1
399 351 6
380 119 8
135 272 1
762 23 9
134 442 6
4 613 2
231 599 10
65 625 3
428 308 3
4 102 10
513 179 4
736 239 2
696 666 3
182 415 7
432 57 2
183 169 10
445 534 3
684 49 2
546 448 4
482 52 10
329 545 1
198 466 4
359 137 10
323 748 6
340 667 7
112 198 3
111 743 2
453 256 2
28 239 4
395 479 2
12 499 9
495 7 6
183 677 8
711 364 3
502 632 10
206 518 8
738 265 8
645 291 9
438 670 10
330 625 7
664 598 5
235 22 6
126 410 4
117 740 9
457 542 9
363 686 10
701 289 2
324 305 7
74 129 1
4 461 10
283 422 4
691 590 5
672 3 7
649 357 10
308 677 3
501 564 3
543 525 8
319 487 7
573 321 1
138 270 6
457 258 5
274 198 1
163 517 6
102 479 5
202 568 6
602 587 8
103 388 4
72 150 7
253 687 8
499 627 8
364 246 5
240 21 5
69 490 5
760 498 8
209 700 8
54 681 10
124 293 5
343 568 1
634 480 1
172 746 10
199 283 9
427 729 8
116 129 1
95 348 10
312 17 10
373 551 8
300 529 10
54 447 8
596 317 10
743 147 10
614 112 9
541 118 9
88 492 9
383 218 4
189 751 3
27 738 4
605 193 1
135 362 7
382 165 7
93 491 4
71 701 6
2 561 7
445 562 2
319 23 5
117 725 4
76 643 7
404 665 1
396 709 2
743 520 1
659 406 8
73 237 1
370 100 6
453 322 3
139 705 2
25 144 8
257 671 8
192 291 9
187 566 2
539 233 2
97 699 10
265 650 3
143 503 9
658 133 1
51 621 1
344 250 4
398 168 6
351 192 5
700 145 4
250 300 6
169 597 9
671 591 8
73 653 9
629 120 1
12 228 6
94 606 6
757 83 1
248 480 7
33 19 6
196 619 4
530 152 10
377 232 7
751 1 9
241 108 4
313 41 9
290 430 9
195 553 5
417 654 9
740 11 9
19 620 9
326 639 5
451 6 7
563 707 1
723 338 9
640 6 4
610 645 7
217 58 4
745 86 4
428 476 3
731 49 7
720 681 2
336 394 10
99 644 7
478 6 5
193 115 4
655 719 4
102 4 7
73 108 2
612 50 4
506 214 9
494 733 1
20 685 4
757 116 7
265 517 3
138 577 7
681 310 8
596 523 10
483 544 7
277 762 4
315 304 8
535 719 9
62 327 9
276 337 9
363 604 8
526 179 5
425 164 6
628 409 2
184 463 2
709 614 5
365 500 3
345 8 7
738 204 2
277 696 1
549 743 5
109 273 7
651 260 9
291 451 2
281 213 3
350 752 1
295 230 1
110 743 10
191 338 1
368 1 4
151 9 8
275 278 6
85 569 7
533 396 9
141 145 2
78 700 9
69 689 7
245 59 9
382 478 8
622 296 2
185 460 8
712 532 3
646 510 2
104 117 4
529 339 9
679 9 7
664 229 9
140 13 10
376 501 2
594 315 1
304 58 8
462 17 3
313 650 6
513 99 4
673 380 2
447 299 8
269 460 9
413 705 8
647 13 8
625 199 4
688 402 4
268 692 9
379 152 3
576 626 2
53 706 5
335 408 5
34 292 4
468 750 1
616 584 10
674 176 3
530 291 2
457 254 4
128 447 7
543 586 1
682 599 7
686 372 10
58 739 8
396 139 10
115 350 2
102 269 9
81 683 4
530 134 6
513 634 10
59 491 1
224 150 8
145 278 2
577 12 1
65 429 3
704 46 6
174 364 2
548 545 4
426 551 7
494 235 7
52 351 3
395 629 4
481 135 3
283 706 5
707 58 7
458 736 5
102 368 2
279 354 8
515 589 4
297 249 8
113 284 8
750 307 4
348 738 5
731 642 8
319 702 6
388 567 3
439 383 4
472 403 8
355 266 10
256 481 5
367 125 8
475 523 3
262 301 3
761 628 4
468 635 8
234 625 5
216 203 6
487 194 10
20 296 4
657 523 5
285 740 2
560 639 3
588 294 9
445 599 9
599 122 8
203 135 8
590 381 4
313 65 5
520 16 9
29 577 9
521 381 1
281 94 9
317 285 9
560 739 7
381 481 5
733 222 1
629 499 9
178 393 3
272 535 6
132 338 5
486 473 10
214 733 7
704 86 4
353 563 4
198 14 6
308 255 8
70 583 5
7 488 8
714 501 8
513 482 8
390 708 3
381 650 8
348 461 5
512 539 4
630 257 8
595 235 4
257 560 10
657 384 5
619 369 7
749 627 3
312 243 3
581 125 9
675 516 2
215 552 7
724 225 7
444 693 9
477 377 9
136 401 10
604 441 8
326 58 3
314 16 4
377 415 3
405 284 5
503 556 1
504 8 5
163 39 7
388 270 2
336 292 2
416 186 7
759 238 1
117 479 10
144 167 7
317 657 10
521 34 5
603 631 2
415 373 6
255 264 7
153 569 7
102 572 1
199 337 10
7 87 1
750 346 9
271 666 9
625 459 9
13 642 7
59 371 6
729 669 5
604 88 1
254 741 9
652 205 1
416 220 1
206 237 7
544 93 4
119 545 5
205 71 10
732 721 10
95 217 5
10 525 4
2 261 2
556 585 4
509 467 9
394 681 8
721 750 4
70 370 4
203 473 7
50 590 8
257 409 7
127 116 6
317 383 5
244 511 7
306 210 8
305 702 1
72 599 5
459 312 1
78 195 4
217 205 7
687 755 2
222 213 4
5 747 3
516 688 7
192 179 5
552 219 8
170 579 10
24 198 7
178 515 6
109 103 3
630 392 6
720 46 9
428 334 4
471 77 9
638 289 9
15 664 9
636 145 6
380 389 6
101 763 7
158 740 3
73 357 3
352 458 3
645 679 6
693 454 1
260 229 1
120 596 6
42 563 9
76 250 9
617 70 3
617 565 5
707 613 7
130 237 1
762 724 1
93 276 7
153 23 2
613 737 10
141 519 3
517 753 5
129 618 9
546 332 3
166 763 6
537 178 2
68 511 1
493 128 3
486 744 2
547 313 8
566 375 7
84 387 10
432 300 1
137 583 1
434 13 6
695 503 2
483 292 4
89 575 10
55 551 5
681 165 8
457 385 3
355 550 7
666 376 4
618 761 9
626 414 8
331 343 4
402 155 1
563 596 9
23 417 9
709 454 2
460 651 8
188 422 5
34 283 8
425 604 8
524 647 5
461 496 8
36 724 2
665 325 1
128 439 6
391 758 2
624 643 6
489 417 6
50 552 3
243 296 1
156 322 7
732 266 10
83 583 4
583 417 6
318 49 3
380 360 6
193 282 8
147 297 2
464 313 10
762 180 6
176 100 4
153 646 3
87 585 3
72 277 5
731 194 4
170 30 7
679 452 2
707 500 5
267 272 9
545 83 8
761 220 8
500 659 7
120 290 3
310 456 10
48 188 3
304 105 3
566 280 8
496 312 5
513 516 5
655 684 5
491 156 7
356 83 10
156 661 6
333 232 1
163 29 2
117 475 3
548 754 1
251 588 10
17 432 6
309 240 3
499 277 3
392 224 9
177 261 2
159 458 4
654 587 2
98 438 5
579 141 6
105 284 9
232 472 2
530 595 2
448 456 5
643 269 3
677 203 7
468 734 9
28 318 3
579 709 5
243 475 8
700 338 9
602 343 5
155 180 6
697 667 4
269 638 4
578 261 9
669 25 3
162 81 3
308 291 10
301 730 6
15 133 5
280 708 7
717 705 5
592 294 9
706 537 5
516 351 4
345 464 6
703 721 2
424 82 3
743 142 7
436 679 10
431 303 9
224 138 9
53 491 3
147 165 3
118 81 3
477 356 7
484 505 5
484 381 4
121 642 9
289 588 4
484 83 6
70 281 5
287 490 1
290 498 8
155 490 3
522 392 10
549 144 3
428 545 3
123 409 6
344 619 10
513 605 7
264 148 8
289 357 10
256 567 2
401 681 10
346 747 6
26 323 6
35 453 6
669 248 8
453 295 4
545 523 1
375 110 6
468 337 10
630 87 6
49 509 3
670 172 6
71 444 3
163 102 10
496 666 2
168 586 3
394 431 5
355 720 4
21 424 5
443 530 8
415 265 5
262 409 3
98 32 2
240 502 9
74 458 8
335 635 8
762 348 7
460 493 8
670 436 3
55 282 8
520 696 3
499 487 7
448 500 2
466 153 6
58 456 2
570 739 2
511 634 7
236 113 5
502 441 9
39 157 9
667 54 9
662 320 4
84 371 6
569 294 7
635 617 7
739 480 3
646 476 5
318 93 1
347 717 1
161 348 7
520 355 5
39 416 6
593 629 1
254 659 1
342 542 4
637 355 7
409 266 10
681 74 4
594 387 5
68 453 6
649 387 9
289 508 6
216 13 10
748 197 2
180 47 10
507 249 6
154 143 9
725 20 2
397 692 10
256 217 4
2 22 8
524 114 4
712 662 6
273 729 10
574 91 4
192 25 5
702 49 2
365 674 10
528 59 9
168 622 2
431 381 5
118 324 7
752 559 6
525 370 2
312 653 9
670 650 7
293 230 7
692 226 3
17 41 2
433 706 9
327 613 4
13 563 7
746 492 6
287 6 10
12 244 4
574 423 10
637 653 6
560 203 10
619 175 10
163 124 4
654 672 7
178 123 10
655 726 9
593 225 1
197 1 3
267 695 7
181 595 2
290 560 2
541 496 5
589 298 3
189 361 10
696 704 6
740 724 4
706 38 9
82 41 9
408 647 3
118 88 10
398 162 10
461 420 2
284 579 10
683 565 6
512 399 4
383 380 9
252 149 9
475 52 6
34 694 3
8 533 6
112 482 8
663 417 9
139 222 10
674 701 1
359 395 10
273 312 7
267 214 9
90 58 2
656 632 7
308 480 1
519 456 7
142 305 9
28 166 1
749 527 10
442 584 1
218 246 1
760 520 9
25 411 1
45 293 2
270 612 1
711 458 8
219 294 5
636 327 5
95 339 5
75 34 6
22 161 9
149 419 5
633 323 5
606 536 6
188 297 1
402 153 8
556 493 2
22 700 4
123 653 7
437 724 8
88 714 10
605 676 2
533 100 6
674 758 7
752 109 3
26 252 2
640 599 10
274 425 2
365 205 6
524 193 2
145 384 10
355 292 4
749 648 5
264 277 8
101 615 2
391 621 5
465 144 10
393 483 9
227 463 5
592 360 5
719 468 1
437 461 9
297 641 7
580 183 1
333 535 6
446 369 1
607 476 8
449 212 4
616 278 9
734 469 6
615 569 4
153 325 6
321 388 10
491 589 6
459 108 9
710 588 2
541 18 1
267 690 7
520 583 7
79 652 8
741 350 3
373 520 5
379 154 6
76 491 5
144 487 5
113 549 10
210 426 3
507 266 3
382 609 4
266 464 7
754 116 3
543 176 6
407 297 3
446 172 2
626 275 3
469 184 4
598 556 2
693 469 7
151 339 5
539 83 6
582 592 9
230 250 10
413 555 4
127 643 9
534 503 4
317 451 5
640 660 5
51 180 5
544 340 3
513 339 1
660 190 8
679 559 4
19 128 1
732 138 7
112 100 5
422 627 7
326 613 4
556 724 7
157 128 9
715 63 4
95 34 5
602 280 6
385 499 2
57 302 9
514 81 5
696 266 1
493 110 6
294 211 9
510 504 6
752 755 3
473 259 6
87 470 3
276 42 6
673 693 6
749 46 4
478 290 6
72 381 7
124 63 8
669 631 7
577 299 7
461 3 1
588 447 1
527 541 6
135 634 2
251 438 1
582 224 6
557 595 4
688 431 9
566 194 2
535 116 10
286 231 3
540 761 2
486 529 5
491 349 5
399 287 3
601 177 5
217 152 9
182 291 7
632 490 10
493 94 4
761 534 2
305 699 4
250 190 1
447 436 7
64 656 3
271 115 4
403 21 9
101 263 6
436 542 1
119 261 7
512 200 10
111 448 7
326 501 8
347 547 5
745 600 8
308 438 7
263 272 3
690 84 4
196 566 1
143 146 5
570 489 10
729 227 9
98 44 6
283 741 8
4 61 2
477 14 10
394 285 1
466 402 6
316 727 3
137 400 4
303 240 10
57 30 4
643 356 10
359 112 9
87 587 6
717 703 3
353 55 4
206 137 10
58 157 7
433 114 9
419 16 5
689 566 6
469 489 2
254 464 6
279 79 3
122 272 10
375 750 2
1 466 3
132 723 8
175 707 7
373 4 2
435 70 5
507 444 8
409 682 1
138 494 1
208 18 10
289 432 3
749 318 6
424 740 4
607 197 7
747 568 7
568 523 4
197 230 1
38 57 4
96 447 2
726 254 6
172 14 2
475 227 6
173 352 3
429 244 9
618 295 8
411 64 9
88 610 5
92 168 8
340 282 2
549 132 8
600 96 1
92 664 2
350 240 10
181 353 10
293 475 1
16 640 6
280 51 2
645 423 8
724 536 3
226 568 1
378 371 9
70 682 6
46 452 5
534 562 10
249 308 6
13 484 9
671 256 3
461 682 2
646 253 4
723 216 3
175 199 4
334 210 8
593 665 3
294 680 6
430 683 4
528 125 5
321 95 1
658 374 1
726 569 1
269 400 3
513 317 1
301 649 6
332 272 7
362 654 1
458 435 2
362 744 5
116 104 7
466 81 6
51 374 2
327 223 7
125 245 7
262 307 8
711 703 4
168 641 8
283 562 7
605 595 3
694 149 6
153 229 6
223 448 7
412 674 7
657 290 7
621 166 3
511 619 4
162 659 7
574 239 6
13 276 7
631 524 5
163 457 3
167 71 6
120 616 5
467 99 2
64 69 6
506 503 9
333 300 7
671 731 9
290 6 8
259 123 10
732 509 10
106 427 4
703 459 9
372 85 9
223 743 9
242 100 1
353 616 8
17 724 9
634 720 10
657 517 7
381 109 7
21 229 9
75 701 6
434 76 5
614 668 8
654 563 7
194 350 5
513 756 10
730 607 5
399 520 1
152 613 5
190 285 8
125 47 6
17 666 1
638 115 10
471 678 7
698 581 3
227 616 1
292 486 6
432 626 4
467 741 2
504 602 6
713 718 7
211 139 8
700 736 2
254 520 9
677 208 9
332 328 3
479 604 3
195 23 2
457 157 1
460 5 10
385 278 6
203 71 2
187 286 7
374 263 2
596 190 3
268 476 5
539 589 10
64 688 9
585 140 5
40 10 1
410 188 4
693 97 6
759 73 7
380 135 8
738 65 3
594 138 7
31 150 8
369 482 6
16 335 9
673 535 2
667 154 10
432 341 1
70 139 4
122 501 4
761 231 5
373 397 10
368 411 2
115 470 3
709 515 3
225 572 7
120 550 3
161 739 4
591 383 8
748 627 5
99 39 9
37 163 9
756 465 6
161 118 9
310 161 6
302 617 10
491 368 3
135 69 4
698 369 7
479 477 2
727 43 3
456 654 3
393 360 4
743 491 9
580 77 3
507 127 1
504 441 6
551 266 9
685 706 2
485 625 8
29 748 10
747 573 7
352 397 8
662 586 3
425 242 4
464 185 7
220 337 2
355 703 10
453 580 1
595 555 3
463 577 1
126 483 3
755 625 3
695 667 4
300 462 8
129 44 8
158 619 10
470 387 4
580 712 3
700 371 3
491 26 4
572 618 9
244 56 8
737 457 7
715 54 9
89 448 4
583 411 6
96 731 6
434 594 5
64 379 1
90 45 5
540 562 8
626 689 7
114 272 8
630 8 9
660 255 1
237 246 3
65 114 5
463 706 8
681 364 7
53 708 10
36 318 10
101 167 1
259 512 1
515 54 7
248 655 8
214 93 5
595 559 1
25 537 6
314 473 6
212 435 3
619 112 10
724 140 5
224 343 1
6 287 3
412 253 1
175 636 7
250 412 1
445 517 4
297 24 3
526 131 8
219 232 9
551 601 8
372 529 2
296 297 10
401 202 7
463 76 9
550 693 2
528 194 1
211 355 9
456 744 10
231 255 9
359 313 3
110 193 7
559 353 1
659 127 9
81 465 5
701 446 6
555 223 1
383 636 3
374 636 9
29 454 8
124 564 5
704 204 9
237 538 10
280 84 10
314 247 1
537 430 10
408 519 5
448 664 3
483 512 1
196 666 10
374 422 10
301 5 5
613 473 3
299 169 10
650 217 3
381 208 8
743 294 5
66 316 7
560 254 9
295 530 6
306 505 10
153 690 7
480 725 5
615 718 7
119 65 8
711 734 4
217 493 9
590 358 7
249 205 7
542 373 4
139 80 2
387 155 3
384 114 10
489 169 4
475 180 6
533 746 5
524 38 10
337 426 9
626 571 7
599 508 3
63 650 9
690 363 7
105 379 3
10 520 9
744 658 5
354 431 6
197 755 7
587 634 6
735 710 1
118 101 4
144 505 7
483 484 7
739 444 4
212 6 9
629 115 9
747 502 9
313 606 8
411 269 9
650 354 5
16 302 10
172 437 10
192 489 8
180 83 8
657 583 2
105 502 9
608 559 6
337 542 6
13 437 1
455 673 9
164 629 10
269 712 1
215 462 3
191 553 6
196 275 10
458 78 5
342 601 4
151 292 7
525 273 4
530 618 10
521 265 1
532 415 10
228 119 6
694 243 10
21 382 4
144 544 3
234 429 5
74 262 1
467 336 2
53 523 7
155 749 3
686 196 9
636 435 6
213 473 7
504 494 7
576 390 8
641 552 9
567 304 10
274 91 5
68 20 1
525 46 2
272 663 1
518 704 9
360 711 5
667 463 9
485 158 3
715 529 7
672 266 3
696 673 5
326 581 10
632 120 9
388 219 3
609 581 5
660 250 6
62 609 10
432 280 2
140 197 2
586 287 3
463 114 10
405 237 10
461 368 6
114 476 4
374 23 4
433 763 5
341 703 5
639 300 2
123 498 9
620 515 4
243 587 7
436 150 9
418 227 1
261 303 1
38 404 1
565 380 1
281 70 3
240 168 9
411 338 1
473 354 10
330 109 9
135 341 6
659 496 5
549 697 2
246 168 4
73 120 2
126 544 4
614 427 6
118 245 1
150 24 3
201 164 6
583 223 6
595 728 3
174 411 4
221 126 10
319 273 7
167 661 10
736 122 9
8 80 6
749 420 7
254 583 3
50 488 7
620 735 6
240 403 6
208 322 9
745 657 2
659 331 5
402 716 3
140 257 10
190 716 8
62 681 8
12 30 6
418 325 10
337 394 2
308 252 2
276 311 2
679 695 10
333 462 3
132 700 3
629 164 5
508 737 10
1 718 8
175 377 8
645 521 4
556 355 10
599 559 6
52 616 2
581 262 10
498 430 7
387 43 9
361 28 6
486 231 1
297 431 3
198 364 2
604 446 10
56 194 6
729 282 5
45 256 9
338 84 10
525 109 9
324 614 9
373 277 4
526 78 4
213 336 9
681 741 9
409 378 1
553 593 2
39 734 1
711 674 10
57 508 8
513 512 5
516 586 4
300 592 10
658 152 4
322 697 5
679 215 2
615 496 9
717 694 8
621 726 2
720 688 10
670 716 8
388 217 10
406 267 1
205 323 7
121 477 8
629 233 5
732 132 4
37 73 4
186 663 2
417 429 7
691 80 5
566 159 9
333 139 1
500 377 6
427 32 1
330 224 6
457 279 5
404 373 9
134 632 6
33 525 2
491 410 1
353 273 2
361 296 9
6 556 8
13 376 2
373 149 9
736 393 8
643 190 7
353 552 7
508 291 4
563 49 6
68 319 8
357 694 7
88 105 1
760 48 6
52 454 1
394 383 1
536 98 10
513 260 10
614 164 7
574 325 7
461 304 10
534 666 10
644 696 3
613 464 6
730 31 6
7 46 7
169 192 2
260 100 2
515 702 5
676 394 7
356 195 2
455 409 4
525 595 7
143 721 9
550 264 4
617 379 3
600 138 10
690 382 3
78 693 2
180 718 7
465 224 6
281 684 3
17 121 4
323 227 3
253 27 10
439 576 10
581 305 8
285 12 8
326 480 1
601 672 6
708 743 9
18 21 5
374 91 9
466 102 7
212 660 5
317 291 10
490 238 6
686 373 9
265 361 7
679 622 7
311 498 1
97 711 5
761 53 1
582 645 8
316 680 10
358 276 3
497 62 7
638 666 2
751 9 7
460 116 10
648 178 2
499 309 5
305 91 4
237 702 4
420 1 4
80 241 4
209 67 4
264 2000 50 648920433
1 36 10
115 264 7
36 162 9
162 26 6
26 62 10
62 48 3
48 22 3
22 82 3
82 34 3
34 220 8
220 9 4
9 180 5
180 224 6
224 151 2
151 253 1
253 188 10
188 70 1
70 243 7
243 149 1
149 66 8
66 204 6
204 158 10
158 144 9
144 183 3
183 262 3
262 193 8
193 14 10
14 113 8
113 41 10
41 29 2
29 141 6
141 73 3
73 85 4
85 143 3
143 137 8
137 154 10
154 13 9
13 234 4
234 12 8
12 25 7
25 96 10
96 104 1
104 60 7
60 87 7
87 179 8
179 171 2
171 77 3
77 169 3
169 65 7
65 206 4
206 168 3
168 63 1
63 163 10
163 203 4
203 57 9
57 240 3
240 111 8
111 252 6
252 69 6
69 222 8
222 148 6
148 114 10
114 213 10
213 260 4
260 33 4
33 72 1
72 248 10
248 189 9
189 121 5
121 56 5
56 67 4
67 211 1
211 55 4
55 255 10
255 109 4
109 210 9
210 227 10
227 126 5
126 190 9
190 241 8
241 228 1
228 108 6
108 106 7
106 92 9
92 10 10
10 200 3
200 86 3
86 43 4
43 245 4
245 244 1
244 53 4
53 38 5
38 15 3
15 175 7
175 130 4
130 50 10
50 4 9
4 84 6
84 76 3
76 18 3
18 59 2
59 19 2
19 71 4
71 116 9
116 192 8
192 150 8
150 250 9
250 125 5
125 52 5
52 246 8
246 79 10
79 42 6
42 75 5
75 32 7
32 146 10
146 199 10
199 138 1
138 230 6
230 45 1
45 177 3
177 251 6
251 24 6
24 165 8
165 124 5
124 209 6
209 159 4
159 239 7
239 128 2
128 185 3
185 23 2
23 105 10
105 115 1
224 22 6
127 40 4
133 190 3
191 92 6
202 186 5
73 264 6
84 255 4
80 239 4
124 97 9
208 260 5
1 190 5
176 147 2
79 116 10
127 238 5
61 6 2
78 126 4
112 199 6
219 87 5
53 44 3
205 115 7
47 178 10
71 132 3
198 156 1
123 144 2
94 207 8
128 118 10
203 236 9
133 43 4
68 44 7
111 173 4
84 230 8
6 21 10
140 216 7
250 62 10
146 257 2
126 179 4
89 129 9
90 203 5
9 85 9
128 202 7
141 78 1
3 253 3
237 190 9
139 134 3
165 161 1
146 6 4
76 133 7
225 21 10
199 221 6
237 170 6
21 93 1
1 200 9
223 70 3
133 82 10
139 70 5
203 58 9
63 40 9
196 194 1
215 1 4
235 117 7
56 77 6
69 261 1
15 118 9
20 48 1
72 247 9
197 141 8
144 15 3
64 23 1
22 172 1
159 38 9
129 218 10
218 214 7
211 244 7
48 224 7
139 166 7
246 70 1
120 251 8
111 200 6
121 226 3
262 123 10
218 1 9
131 98 1
96 44 5
9 48 6
257 262 10
97 125 2
1 158 9
135 100 1
10 7 3
36 29 8
166 108 6
85 244 1
124 212 8
216 111 5
42 72 4
181 76 4
172 206 6
24 154 5
163 210 4
189 262 3
222 37 2
156 144 7
65 138 9
105 159 1
33 264 4
217 71 4
180 212 7
248 97 2
24 242 2
87 189 9
194 5 3
46 53 7
43 217 2
104 158 5
251 113 8
132 174 3
97 226 5
183 200 4
195 92 2
244 1 6
261 249 2
94 260 3
149 43 2
204 141 1
191 65 5
30 234 9
133 166 9
57 244 2
107 218 6
251 97 6
12 174 9
170 64 9
109 137 4
3 120 4
212 220 7
86 180 5
167 189 2
236 91 7
189 77 1
49 182 10
231 59 3
162 106 6
185 199 8
139 43 8
197 168 10
48 223 2
5 28 5
223 256 1
4 236 4
3 78 8
237 250 5
208 264 6
257 25 6
144 196 6
211 57 6
98 203 9
50 56 1
115 6 8
25 160 5
229 49 1
118 53 5
79 49 7
8 116 10
105 77 1
77 115 2
8 45 10
160 82 2
156 114 1
193 102 1
57 189 10
195 46 2
95 112 10
210 145 2
154 263 6
228 53 10
150 114 2
153 125 3
9 55 9
151 15 1
34 98 7
124 227 8
33 119 9
4 208 9
243 172 9
254 104 3
104 204 2
158 245 5
92 253 10
117 37 10
72 10 10
113 89 8
51 261 9
244 163 4
177 81 3
65 219 1
9 258 2
219 254 5
24 113 3
152 232 2
96 143 3
21 122 4
136 57 5
24 100 10
151 41 3
246 192 2
222 18 10
236 64 4
243 230 5
104 94 5
29 216 7
51 41 2
63 215 5
228 92 6
208 76 2
202 163 10
230 147 1
247 4 4
250 136 2
38 29 4
148 84 3
171 65 9
24 232 4
64 25 8
207 40 10
197 10 10
115 46 9
14 39 7
199 154 9
117 191 4
17 163 1
127 163 10
99 92 7
88 150 3
109 125 1
239 247 6
39 257 2
36 24 9
106 175 6
14 143 8
81 39 8
48 31 3
229 228 10
49 166 1
210 169 8
61 8 5
114 42 3
68 30 6
203 132 5
54 27 10
182 188 1
220 188 8
190 184 7
185 183 9
205 28 3
193 16 5
117 261 6
75 195 8
79 16 5
140 164 10
102 21 7
243 227 2
29 205 6
91 35 7
7 144 1
72 229 3
197 192 2
89 234 9
82 47 7
182 263 4
42 186 1
1 228 8
206 205 2
237 224 6
178 85 3
119 57 1
27 23 1
242 252 6
45 207 1
206 69 10
251 36 5
68 256 1
218 94 3
151 227 8
89 230 7
91 228 3
176 232 4
63 211 7
197 177 4
204 152 7
167 51 4
36 188 10
110 80 10
158 199 5
2 212 2
14 117 1
6 15 8
185 217 6
109 200 3
226 215 7
241 77 2
37 144 8
43 239 6
241 93 9
5 177 3
185 204 2
215 219 5
21 103 5
191 1 4
71 19 1
182 224 10
182 73 2
196 261 2
206 91 4
149 179 3
261 122 9
205 140 8
138 169 7
52 71 10
60 90 6
215 229 8
89 213 10
171 205 5
26 167 9
138 73 4
45 95 6
180 33 6
212 141 5
134 128 2
249 30 7
43 39 2
112 192 4
24 46 5
244 72 8
42 261 6
129 134 3
259 152 4
86 186 2
115 250 9
186 114 7
152 49 10
121 130 6
168 146 1
29 262 3
44 256 4
171 161 2
264 259 7
206 194 1
26 23 2
227 207 10
237 145 6
70 68 7
12 36 10
144 135 4
262 44 5
110 215 6
133 65 3
110 92 7
120 61 2
87 242 8
155 194 2
221 42 1
94 31 5
75 209 9
34 106 7
48 69 7
186 65 9
128 79 10
91 6 4
93 26 2
178 175 4
40 143 8
5 117 6
103 208 9
214 225 8
82 241 9
183 75 3
197 161 4
155 201 5
133 71 2
70 172 10
24 150 8
170 232 5
178 217 9
58 94 9
106 231 8
142 44 6
13 101 8
211 161 6
66 242 1
104 14 9
96 198 4
237 87 10
127 6 6
54 183 1
60 41 4
168 4 1
129 252 5
112 28 4
3 41 9
259 109 1
72 102 8
166 55 2
203 36 6
28 101 7
111 236 10
14 224 1
65 69 9
15 169 5
30 160 4
242 178 2
31 234 5
65 254 3
100 77 2
152 162 9
52 13 5
1 137 5
147 148 5
150 3 8
122 116 3
240 11 1
69 154 2
251 17 6
74 197 3
95 160 10
27 162 10
129 17 5
149 206 10
131 42 7
58 155 5
201 21 5
238 220 8
133 60 2
13 211 4
1 80 3
42 200 5
107 75 5
182 49 2
210 148 6
29 240 8
91 38 2
16 38 2
156 234 4
66 99 7
195 198 4
37 203 7
254 114 3
139 40 9
57 150 9
203 82 3
19 188 8
37 30 8
64 157 4
157 76 2
145 133 3
126 146 9
20 226 5
173 5 1
138 181 9
184 95 5
218 242 8
87 73 8
138 96 2
118 104 5
129 41 3
73 6 9
62 200 5
247 33 7
68 201 9
214 22 4
219 119 3
246 181 3
241 247 10
25 66 9
56 62 8
121 218 7
66 49 5
226 206 7
178 136 6
61 69 9
91 111 2
213 164 8
38 42 5
207 60 2
231 254 6
210 35 9
213 113 9
83 120 1
128 220 8
139 50 8
2 29 6
193 223 2
49 168 1
99 135 3
145 23 9
147 225 6
167 257 4
78 118 8
26 183 7
225 8 7
246 211 3
74 157 4
218 27 9
37 212 3
173 125 4
127 58 10
131 257 9
62 126 7
217 185 1
44 225 4
36 27 9
68 48 9
188 236 6
215 144 9
79 126 4
206 224 2
75 16 5
118 4 2
193 18 8
195 121 4
124 5 10
182 227 1
144 206 1
235 182 1
161 193 10
72 166 5
144 90 2
28 45 3
219 238 4
246 159 1
254 6 9
62 218 10
73 66 1
159 252 3
42 206 10
121 68 1
24 253 3
146 130 2
27 182 9
163 168 10
188 61 9
100 12 2
141 3 10
222 84 5
151 22 6
36 30 9
10 90 3
7 49 6
129 188 2
159 253 2
215 134 3
79 15 2
1 59 8
182 219 5
218 110 6
41 148 6
85 78 1
125 24 6
19 152 5
55 157 7
161 214 1
85 237 9
116 217 2
241 50 8
24 221 9
95 61 7
99 25 4
139 152 4
243 76 10
112 227 6
221 155 3
140 209 2
174 7 2
10 31 10
120 178 3
50 160 6
234 98 10
157 41 10
183 126 9
212 256 5
80 106 3
26 27 2
173 250 4
36 215 6
24 190 10
236 260 6
244 174 10
261 161 7
104 9 6
229 264 7
170 69 7
108 142 1
199 78 9
57 93 7
167 119 8
210 131 7
130 141 6
11 165 9
143 129 2
43 219 1
104 177 8
204 242 1
221 126 9
202 189 2
56 216 7
185 141 8
113 199 4
35 246 10
56 16 2
67 161 10
215 164 1
186 10 9
27 181 8
241 162 3
80 10 9
167 87 10
120 188 5
208 199 7
195 214 5
8 248 5
103 259 10
82 220 6
37 103 8
42 11 2
259 104 4
226 95 4
118 263 4
76 52 9
6 64 3
111 99 8
131 230 9
223 15 8
121 244 7
228 192 1
29 256 9
7 86 6
87 197 1
208 28 5
250 126 8
22 221 5
104 196 7
248 79 6
165 191 10
202 65 4
185 39 4
101 124 9
107 69 6
124 62 5
32 106 3
216 252 3
69 258 8
94 200 2
188 30 2
132 35 3
147 145 7
168 187 10
34 240 5
57 210 5
237 30 6
161 226 9
211 47 3
106 192 2
80 170 5
80 248 9
91 56 4
87 188 9
130 185 9
115 206 9
42 249 5
119 51 3
26 17 9
198 169 3
221 77 9
115 185 5
258 43 2
163 113 1
52 66 7
94 182 9
130 221 5
76 260 5
82 162 3
209 167 6
181 178 3
235 55 1
236 43 7
221 131 5
29 37 4
216 200 3
141 49 10
238 207 1
200 100 3
16 131 4
84 216 4
63 88 5
139 112 8
189 243 4
30 46 8
86 132 6
237 211 4
231 149 8
233 17 9
204 211 6
59 95 8
254 213 1
259 159 6
114 111 2
29 68 1
167 197 5
157 126 3
73 199 8
44 222 4
67 157 8
239 98 1
223 102 10
136 175 5
72 164 10
20 34 6
219 179 1
210 206 5
77 116 1
245 111 7
42 184 2
144 140 5
119 188 7
110 117 8
151 75 7
32 97 3
150 22 9
206 217 8
53 187 3
224 258 7
77 95 9
128 44 3
135 217 6
254 84 9
113 42 3
190 162 6
254 212 3
204 32 3
201 32 5
41 261 6
248 12 9
205 249 4
223 97 1
249 99 7
3 19 6
113 52 8
189 211 2
63 195 6
232 225 8
140 80 8
166 245 3
123 161 10
79 122 6
45 82 6
56 24 9
208 44 4
233 256 5
159 139 5
17 209 3
15 109 1
211 226 5
238 213 6
68 186 2
194 111 3
142 174 8
107 111 1
40 170 2
42 57 8
187 46 1
61 192 2
135 258 2
10 207 4
124 38 5
208 9 1
188 121 2
20 193 6
11 66 7
56 11 2
122 117 2
88 43 9
90 175 10
20 187 9
74 160 10
18 235 2
257 33 5
10 218 5
19 88 10
155 55 4
227 24 5
223 200 3
136 117 10
229 262 9
256 214 9
140 174 3
99 124 3
188 73 9
31 46 10
146 43 7
120 263 4
189 205 8
223 7 9
66 103 5
25 31 3
128 260 9
158 146 4
144 36 9
54 61 5
193 22 10
234 133 4
197 65 6
264 252 2
191 183 1
239 130 6
29 177 6
181 38 10
91 179 10
170 117 10
137 259 7
256 242 8
48 161 10
133 134 6
102 217 9
101 36 8
158 76 8
246 88 9
85 75 9
18 7 1
134 214 1
47 128 4
119 93 9
160 254 1
166 198 7
173 68 7
19 183 4
168 231 2
121 184 7
9 188 10
94 66 5
103 46 3
48 242 7
170 86 10
186 224 1
145 84 1
255 35 1
204 122 1
130 212 6
128 152 8
142 2 10
237 96 8
23 52 7
254 107 5
149 264 9
185 152 10
250 163 9
209 172 1
85 121 2
208 144 1
183 103 10
117 10 7
66 101 7
127 172 6
162 174 1
165 59 10
133 180 4
143 206 6
69 124 3
67 111 4
239 30 8
84 62 2
116 40 8
195 81 4
125 225 6
162 135 7
167 14 7
229 215 4
70 110 4
135 31 7
18 26 7
16 166 10
128 11 10
50 20 4
111 160 6
157 140 4
147 174 9
149 142 1
140 133 4
158 229 9
113 148 9
84 204 3
162 161 6
206 113 7
85 235 4
131 27 4
44 13 2
259 58 5
20 61 9
208 130 2
137 138 9
41 256 4
100 53 9
123 264 7
143 245 8
146 26 3
6 158 6
246 128 1
238 119 7
182 64 6
168 192 1
249 68 1
161 233 7
206 202 7
182 158 1
203 208 9
260 80 1
3 98 6
206 67 7
102 246 5
43 98 9
147 187 3
235 142 9
221 24 8
157 203 5
24 169 5
161 196 7
169 193 10
81 159 3
41 142 7
82 131 10
5 107 5
6 198 1
244 206 7
91 139 3
107 262 4
90 206 2
206 143 1
111 225 2
186 16 3
93 92 2
202 147 5
50 179 9
229 133 3
209 235 6
23 102 3
124 168 8
189 112 4
104 90 10
117 146 10
59 14 4
209 5 5
191 214 5
132 92 5
131 17 5
121 224 1
13 208 2
156 42 7
227 263 5
138 214 6
175 83 10
28 245 5
134 161 7
196 40 10
208 126 3
125 92 7
1 172 3
165 125 8
133 64 7
245 104 8
126 209 4
38 71 6
7 18 1
132 219 4
144 33 7
229 244 8
47 113 4
138 42 7
122 259 3
254 204 6
46 234 3
181 201 4
245 226 5
151 7 1
25 168 2
51 172 5
189 240 5
119 190 6
222 173 1
117 97 10
52 211 2
76 218 7
191 205 9
180 83 5
220 54 7
225 256 9
210 190 1
223 78 5
56 142 3
246 180 7
181 83 5
124 202 2
67 20 10
43 156 1
190 234 9
209 44 2
190 132 10
135 155 3
231 8 7
106 176 8
121 57 9
255 174 8
178 48 2
198 186 6
243 39 3
232 236 6
196 226 9
35 107 5
237 44 3
134 237 3
93 152 7
11 64 9
170 31 2
102 115 7
161 219 6
100 66 4
85 117 3
195 234 6
218 112 3
161 237 1
166 252 9
98 159 1
100 136 6
5 109 5
26 92 4
173 245 8
21 154 6
264 10 10
102 146 9
31 256 8
59 169 4
201 132 1
151 223 1
189 44 7
225 26 5
70 14 1
63 242 10
4 166 7
58 214 1
27 190 10
114 85 3
154 49 1
183 224 6
41 170 6
72 89 7
124 165 7
164 91 8
172 30 4
150 68 7
111 154 5
38 203 9
192 27 3
260 39 6
18 106 10
52 39 2
25 223 8
125 188 3
164 25 5
4 158 6
252 174 4
264 48 9
177 210 1
195 232 10
126 160 7
102 127 2
141 57 8
63 200 9
74 102 5
176 87 5
73 141 8
167 196 6
129 227 9
4 113 1
52 42 10
173 241 10
206 121 7
84 261 8
17 181 9
254 133 2
261 83 10
201 7 2
225 131 1
14 69 2
60 263 10
208 137 6
184 110 5
45 256 2
97 99 6
258 83 5
11 195 10
84 53 6
97 235 3
86 118 5
100 186 8
147 106 8
130 172 7
4 77 8
92 35 10
258 252 4
203 163 4
55 250 6
54 188 2
153 122 2
79 178 1
174 2 2
174 247 2
68 244 1
64 263 10
84 169 5
246 93 2
258 185 3
134 19 10
165 204 7
99 96 5
46 210 4
148 118 2
221 241 4
70 168 5
55 244 3
127 148 3
195 62 3
95 122 4
255 105 10
109 75 10
138 86 6
220 32 5
90 83 9
262 127 1
42 69 6
183 162 3
10 220 4
29 8 6
146 132 10
235 100 7
34 105 8
133 260 10
7 191 4
244 14 3
41 119 6
85 217 8
118 62 7
207 121 6
35 157 3
217 26 7
47 242 10
99 103 8
77 201 7
203 61 1
122 248 1
206 29 8
50 11 2
10 253 3
4 16 5
182 110 6
217 139 4
177 104 9
234 92 3
207 106 8
125 156 4
182 98 8
210 212 3
258 4 10
103 200 7
200 255 1
48 39 6
126 34 6
65 52 6
226 160 5
3 228 9
69 138 4
168 22 7
171 157 7
254 62 7
219 67 6
156 74 5
161 164 9
154 2 6
209 87 3
28 139 6
88 34 5
197 187 7
255 126 4
161 192 2
77 13 8
244 54 10
48 208 9
225 248 7
207 123 10
235 125 5
117 52 4
55 194 3
132 131 10
35 236 6
91 141 10
180 66 7
79 227 9
244 191 1
5 171 8
190 44 10
3 156 3
134 70 10
253 139 4
200 107 9
245 192 10
115 79 4
85 232 9
109 50 2
158 98 5
25 39 7
246 144 10
259 93 7
242 93 6
77 210 9
175 66 2
79 102 2
223 198 3
177 212 7
64 73 9
264 157 9
227 151 4
197 220 7
3 178 9
226 75 5
13 214 5
259 56 9
109 175 6
20 128 7
224 251 10
146 125 9
193 65 5
185 99 7
78 111 2
9 237 3
228 54 9
179 143 1
127 44 8
203 176 4
174 140 7
1 42 9
197 46 5
210 59 8
31 50 2
224 92 8
247 74 3
168 72 3
145 130 3
141 71 2
181 114 4
25 220 6
102 141 2
223 33 1
197 233 7
96 83 7
156 237 9
149 40 10
118 106 1
134 245 10
92 149 7
112 228 10
185 9 5
113 72 10
48 201 7
210 101 4
52 215 6
110 128 9
263 196 7
251 249 1
57 83 10
213 238 1
95 131 8
147 89 1
21 243 1
23 169 7
259 157 5
75 84 9
84 212 5
136 176 3
13 52 8
183 249 4
111 125 8
242 160 3
158 110 9
77 34 4
252 155 4
151 165 9
4 117 10
207 246 7
193 111 9
189 71 9
28 2 6
228 25 8
112 57 1
104 40 9
252 183 3
115 29 10
126 157 2
126 207 4
181 195 6
105 188 5
186 256 7
44 11 7
14 68 4
168 169 6
253 11 9
199 189 3
19 238 4
203 25 8
168 130 1
206 81 10
162 224 8
69 248 8
253 165 1
226 81 10
240 115 7
228 3 9
38 50 5
99 37 2
114 208 10
60 111 8
51 166 10
236 190 4
65 161 8
127 209 1
88 129 5
147 188 2
39 243 6
120 98 9
257 23 9
190 212 2
90 116 9
114 87 6
58 11 8
125 160 5
147 113 7
244 123 3
37 87 9
112 174 9
165 182 6
49 225 4
246 126 6
83 39 5
76 183 9
147 12 6
188 243 4
4 202 4
149 251 7
129 34 4
22 188 4
62 125 9
182 243 7
85 118 7
100 158 10
233 240 10
253 124 2
63 203 2
234 183 2
73 164 1
249 21 3
96 32 5
39 63 6
37 209 4
159 172 1
99 165 5
227 73 7
117 65 4
192 83 4
208 206 3
231 181 7
82 194 7
182 68 10
238 81 8
158 116 7
15 68 10
204 126 8
127 130 5
114 66 9
199 215 7
114 2 10
74 55 1
76 200 10
21 118 5
103 142 10
229 83 6
179 38 1
16 191 7
29 164 5
127 156 8
156 243 6
165 167 7
62 166 9
18 227 2
254 78 3
173 113 8
103 242 1
158 80 8
112 221 6
24 22 7
163 221 1
155 151 2
15 199 5
223 93 9
263 187 4
244 162 6
170 213 3
208 101 7
49 256 3
97 215 5
41 214 5
15 183 5
30 56 7
123 157 10
25 228 3
117 106 2
249 193 6
5 57 4
64 212 10
140 178 2
1 98 3
36 205 4
114 159 4
167 250 1
105 127 10
238 200 7
69 58 2
176 49 4
159 179 1
100 58 3
221 29 9
92 146 10
109 47 2
199 39 7
138 177 6
111 86 6
251 50 9
57 104 6
199 263 10
215 113 3
165 58 5
190 87 1
156 107 7
233 244 10
7 237 4
86 209 2
162 258 4
43 207 2
230 164 8
66 148 6
47 147 3
203 18 2
14 174 7
64 226 2
194 150 10
45 215 9
90 153 5
87 12 10
130 109 8
36 47 6
16 183 8
80 52 6
85 129 2
44 65 4
46 45 7
220 190 2
98 187 3
116 230 9
232 217 7
165 195 2
120 37 8
237 138 4
61 235 5
148 139 4
78 27 3
33 208 5
11 19 5
245 190 6
148 181 10
2 192 8
244 73 2
32 164 8
126 97 4
76 77 7
104 72 9
38 133 3
262 25 9
71 63 5
9 203 10
75 106 7
193 243 3
221 101 5
115 2 10
37 15 10
103 217 9
68 83 5
140 160 8
187 119 3
203 161 8
168 86 7
201 15 10
39 241 9
87 72 9
184 76 9
105 126 4
54 70 7
84 208 5
249 50 2
220 234 2
24 202 8
219 216 9
198 231 4
216 209 10
15 89 8
107 213 4
77 209 8
162 73 3
208 191 2
123 228 5
248 84 6
26 120 3
138 258 1
248 209 9
96 31 2
90 149 1
118 27 2
167 48 4
241 212 4
231 64 4
136 182 7
147 221 4
132 85 7
192 140 3
95 213 8
39 167 4
96 89 6
204 238 4
219 190 5
127 96 3
260 19 2
241 32 1
251 9 5
211 235 4
143 238 4
141 121 6
235 223 4
258 33 6
55 166 9
112 3 1
199 250 10
11 240 6
44 37 1
37 251 3
28 29 9
182 193 7
146 220 3
121 10 1
178 135 6
142 80 6
46 252 3
211 204 9
247 23 7
191 86 2
124 150 5
27 198 8
44 18 4
176 223 7
193 190 3
211 112 3
38 128 3
165 74 5
113 116 2
77 98 10
178 199 7
68 11 9
230 36 1
53 226 6
48 234 8
28 23 10
240 189 9
177 218 4
160 70 4
182 142 10
185 170 6
198 209 6
198 261 8
44 132 7
84 248 3
21 80 4
159 160 5
102 155 6
204 41 4
254 257 5
258 13 10
6 7 1
47 89 2
210 137 1
145 176 3
180 129 4
10 258 9
239 167 10
4 226 9
46 172 1
58 246 7
100 38 7
122 101 7
175 36 6
16 63 2
148 109 9
30 99 6
247 163 10
67 71 1
169 197 7
112 68 6
159 233 2
109 114 8
95 84 7
151 63 7
219 227 1
80 39 2
71 184 10
189 103 6
26 195 10
68 213 5
130 231 6
257 182 5
91 243 8
189 17 5
143 9 10
136 131 5
223 242 2
93 125 8
102 82 9
159 125 8
15 239 9
157 205 2
16 162 3
240 263 5
18 161 8
64 233 9
11 157 3
19 146 6
214 83 10
209 190 8
54 38 9
44 195 5
132 46 1
197 98 9
247 35 1
132 156 7
95 234 2
179 217 1
174 54 8
119 37 10
163 263 3
31 73 10
259 148 7
170 164 6
249 157 8
108 99 1
70 17 2
188 174 2
31 43 3
258 93 4
104 28 4
44 15 7
257 198 1
77 204 5
129 225 1
16 182 1
213 25 8
202 200 7
222 90 9
41 154 5
155 152 5
66 109 2
151 93 10
128 75 9
189 127 7
164 241 5
182 256 8
122 239 2
120 126 8
154 232 5
56 225 8
203 42 7
235 137 3
29 258 7
9 106 8
17 29 6
45 24 4
43 238 2
104 118 2
30 159 3
69 259 8
130 103 2
158 148 9
93 159 7
260 171 6
173 98 4
1 77 3
2 106 1
196 258 4
231 52 10
224 158 1
260 214 6
18 152 10
201 229 2
125 131 6
41 172 5
34 90 6
85 233 9
23 186 9
36 106 8
228 104 7
47 114 5
190 130 9
215 173 5
78 203 4
189 139 7
54 94 2
186 53 2
58 208 7
84 150 2
14 52 9
208 139 7
114 5 8
1 138 7
11 232 7
228 59 6
228 149 2
116 173 5
29 5 7
44 76 9
161 202 10
110 225 3
190 222 6
185 216 4
201 45 5
182 231 10
236 173 1
130 146 9
125 247 7
30 93 10
98 162 6
63 8 7
185 45 10
50 169 5
150 167 4
135 158 8
38 182 10
157 8 2
51 85 5
34 164 6
89 123 1
134 205 8
138 220 5
113 183 4
79 60 6
98 144 1
80 222 2
9 142 6
30 257 10
213 68 5
249 127 2
85 136 3
180 68 3
144 186 1
257 64 5
4 15 8
137 4 4
42 38 3
170 111 7
72 176 2
93 169 10
198 133 7
82 232 5
37 178 8
91 149 8
240 50 4
158 197 6
11 246 7
121 169 8
108 78 4
255 85 9
198 58 1
123 162 3
204 187 7
157 124 7
174 190 4
28 234 3
158 184 6
194 205 3
161 171 2
86 154 4
216 255 1
102 143 3
48 192 2
130 114 5
240 147 2
88 60 2
68 146 2
66 215 1
128 107 8
195 261 9
236 99 4
257 242 8
198 204 9
178 193 2
220 138 3
74 16 7
220 52 3
19 56 4
129 22 3
157 232 3
189 104 9
119 2 5
90 200 3
61 171 1
127 135 7
176 255 3
121 193 2
149 225 6
18 217 8
225 11 8
81 243 5
117 44 4
253 191 2
2 225 2
171 15 1
94 127 2
149 156 10
84 136 8
203 170 10
231 108 7
176 8 9
86 191 8
13 171 5
260 162 9
230 128 8
188 264 1
190 233 7
129 152 6
198 222 5
20 224 4
117 76 1
253 245 6
116 70 4
39 206 4
109 76 1
100 154 4
125 212 6
5 237 7
79 166 6
66 12 10
95 174 6
223 11 7
227 259 9
141 38 2
150 59 8
14 206 8
55 175 10
6 63 4
163 130 4
482 2000 50 642236544
1 120 8
149 482 4
120 376 6
376 417 6
417 405 9
405 204 8
204 198 4
198 245 10
245 455 3
455 285 8
285 421 6
421 143 7
143 389 8
389 65 6
65 348 2
348 297 2
297 408 4
408 317 4
317 434 7
434 47 2
47 260 9
260 44 10
44 468 3
468 450 8
450 233 8
233 361 2
361 210 10
210 387 3
387 392 4
392 37 7
37 238 1
238 292 8
292 184 8
184 112 6
112 319 8
319 447 10
447 243 10
243 441 1
441 296 8
296 291 9
291 403 7
403 108 2
108 470 4
470 239 5
239 36 9
36 263 5
263 217 10
217 478 2
478 66 2
66 415 6
415 316 6
316 88 6
88 105 4
105 257 10
257 398 6
398 125 8
125 169 8
169 56 7
56 256 8
256 288 3
288 39 5
39 51 1
51 52 5
52 159 5
159 175 7
175 255 9
255 289 7
289 41 10
41 449 10
449 77 8
77 146 9
146 448 3
448 457 7
457 347 8
347 437 10
437 199 8
199 24 8
24 60 3
60 253 3
253 147 4
147 106 9
106 61 6
61 308 2
308 466 3
466 130 6
130 182 4
182 315 9
315 81 9
81 58 10
58 170 5
170 23 8
23 55 2
55 64 7
64 192 7
192 78 5
78 383 5
383 86 9
86 477 1
477 202 3
202 194 4
194 104 3
104 346 5
346 298 10
298 444 1
444 458 1
458 375 5
375 131 3
131 438 1
438 218 10
218 140 4
140 406 1
406 116 2
116 409 9
409 63 2
63 324 6
324 329 1
329 203 6
203 33 4
33 179 3
179 254 2
254 411 6
411 107 2
107 423 5
423 94 3
94 432 4
432 18 7
18 476 4
476 29 1
29 173 2
173 330 7
330 124 1
124 388 2
388 141 1
141 28 7
28 213 7
213 401 5
401 220 1
220 189 4
189 31 4
31 188 5
188 474 10
474 332 8
332 275 1
275 237 9
237 286 8
286 128 4
128 294 4
294 252 6
252 270 10
270 15 1
15 379 10
379 265 8
265 59 1
59 250 4
250 138 3
138 278 2
278 176 9
176 362 10
362 156 5
156 400 9
400 355 6
355 360 10
360 331 8
331 382 2
382 150 2
150 75 10
75 102 2
102 22 7
22 26 1
26 196 6
196 21 9
21 453 10
453 206 9
206 258 2
258 402 2
402 428 10
428 235 8
235 339 1
339 101 6
101 311 2
311 465 5
465 165 10
165 386 3
386 74 6
74 459 4
459 326 2
326 122 9
122 344 8
344 87 10
87 132 1
132 144 4
144 302 6
302 225 7
225 193 5
193 393 3
393 95 1
95 8 3
8 473 9
473 153 6
153 334 2
334 100 9
100 92 3
92 115 4
115 280 9
280 313 8
313 178 9
178 129 7
129 236 1
236 283 6
283 230 4
230 195 10
195 80 10
80 11 4
11 4 2
4 480 2
480 139 3
139 227 8
227 369 4
369 397 7
397 442 5
442 241 10
241 121 8
121 371 1
371 380 9
380 410 7
410 9 7
9 354 10
354 337 8
337 378 10
378 321 1
321 20 10
20 464 8
464 137 4
137 282 2
282 158 4
158 16 1
16 89 3
89 183 6
183 215 5
215 187 2
187 149 9
235 332 2
214 404 6
354 172 3
455 262 8
233 138 1
240 465 4
240 105 2
87 158 5
57 229 2
217 438 8
34 111 10
444 237 8
289 97 6
65 118 8
399 445 2
252 422 8
383 183 9
28 204 5
458 317 6
111 480 4
405 129 9
199 73 9
190 172 3
90 399 1
69 28 2
309 98 9
323 282 2
246 292 8
181 342 1
27 149 3
381 478 3
476 100 3
425 120 9
211 264 9
45 193 5
331 47 6
412 436 5
117 306 1
71 342 3
334 405 1
83 55 6
179 49 6
140 107 6
89 150 3
357 1 7
12 386 6
293 7 8
242 323 7
36 282 4
455 235 4
262 369 4
305 419 8
28 256 4
346 202 4
216 348 4
325 174 9
215 412 3
208 313 1
442 89 5
336 180 10
385 108 6
349 14 10
384 27 2
313 143 6
30 71 10
113 149 4
276 194 5
234 250 7
477 417 5
459 302 6
403 222 4
71 62 5
432 446 7
284 312 1
330 475 5
402 345 3
224 26 4
332 200 3
415 170 9
175 384 7
224 151 9
276 291 1
336 199 1
221 110 9
119 116 8
105 424 1
261 151 8
180 450 2
309 444 6
303 78 1
120 156 1
425 390 10
271 354 5
92 302 9
442 389 1
196 119 1
412 67 3
1 254 7
289 2 2
427 66 1
204 386 3
95 457 9
51 317 1
208 275 5
482 159 5
176 420 5
98 7 10
92 169 1
439 307 9
231 55 3
250 84 1
442 13 1
435 316 6
369 293 2
98 143 4
194 189 7
368 1 1
153 203 4
455 396 10
45 380 5
440 287 8
382 163 2
18 408 7
400 470 7
440 384 8
85 463 10
70 20 5
363 10 8
101 113 5
422 127 8
8 417 7
333 355 10
346 268 2
213 42 5
189 211 5
267 370 9
414 220 2
343 247 1
243 159 2
297 386 7
25 452 7
291 170 1
199 479 6
200 12 8
228 378 6
68 264 4
17 446 1
438 152 4
59 86 9
435 296 2
350 468 6
148 32 6
120 113 2
271 177 9
395 257 10
171 322 8
173 119 1
443 454 9
276 109 5
289 418 5
34 210 8
397 179 10
197 10 6
266 455 9
103 47 6
293 129 4
349 414 6
242 262 8
352 127 1
48 2 8
21 76 1
388 214 5
295 326 10
48 33 8
58 359 1
235 475 6
178 302 10
454 337 6
470 455 1
400 141 9
214 248 10
36 347 7
152 266 4
87 382 8
182 311 4
158 380 3
87 294 7
355 214 5
132 176 2
280 273 5
170 18 7
59 119 8
251 406 2
311 61 1
319 127 4
223 114 10
13 425 6
465 220 9
170 414 7
13 47 9
289 348 2
177 325 1
356 178 8
402 85 9
98 407 7
49 284 10
303 233 3
3 388 10
474 224 6
177 405 7
425 249 10
244 279 10
443 366 7
354 26 3
71 23 7
17 325 9
374 165 3
253 172 8
407 389 9
193 337 3
88 352 1
473 64 10
51 208 10
66 374 6
324 226 7
28 123 6
417 215 3
90 346 4
333 6 1
362 157 3
36 180 6
411 71 9
375 85 9
100 41 3
9 194 10
212 116 3
296 451 10
88 102 3
328 439 1
231 226 5
418 119 8
102 284 9
6 215 3
93 158 2
475 269 9
194 117 1
45 132 4
422 287 3
481 213 3
448 140 10
476 345 6
461 439 3
443 341 10
3 30 9
273 355 7
84 304 10
161 424 7
158 278 9
367 447 8
110 77 2
248 71 2
205 293 10
86 119 6
357 271 6
22 362 6
326 12 3
282 422 4
136 441 7
341 442 6
182 339 6
191 219 4
312 107 6
41 353 8
285 251 5
457 267 10
429 33 8
351 268 4
176 7 2
271 141 1
63 20 2
68 320 4
165 418 1
448 177 4
153 451 9
304 120 4
58 53 6
172 365 2
34 290 4
447 349 1
107 159 9
458 304 10
197 229 2
300 66 2
376 35 9
230 73 4
159 17 8
479 331 6
207 360 2
335 454 7
51 203 1
324 440 7
303 11 6
12 173 5
167 82 10
441 293 5
370 408 2
290 396 7
174 376 7
154 209 2
202 420 4
269 249 8
183 51 4
44 255 10
100 180 5
269 292 4
74 294 10
332 215 8
5 350 4
15 419 1
369 42 1
474 387 1
184 238 8
101 324 6
4 119 7
243 449 10
437 110 9
416 39 4
478 62 9
423 114 8
42 333 8
94 97 4
70 12 8
314 319 1
179 22 1
384 121 3
433 311 8
315 38 4
385 395 1
22 273 9
54 82 5
226 135 6
361 346 10
189 423 3
294 109 10
101 214 1
282 174 8
56 395 10
152 398 2
56 17 4
127 158 2
385 429 9
285 459 2
346 307 2
283 458 9
24 42 9
51 318 5
111 294 8
462 120 5
400 304 8
310 356 10
218 156 6
294 395 8
119 380 4
481 325 8
235 271 2
250 445 1
131 403 1
349 65 3
344 434 4
422 414 1
353 273 6
474 372 6
305 370 1
18 158 4
147 53 9
94 63 4
414 282 8
415 271 6
289 292 7
310 298 5
96 17 4
349 202 7
143 237 7
268 471 6
324 439 6
121 127 9
154 11 6
291 410 10
195 39 9
464 42 1
383 287 10
400 237 7
392 481 1
192 409 9
162 37 9
435 458 3
67 323 3
29 197 9
164 155 1
29 9 1
314 40 8
416 197 1
437 64 5
321 121 4
393 337 6
150 385 5
460 70 6
353 114 10
296 228 7
197 256 7
324 436 4
249 446 8
8 96 2
314 58 3
118 67 2
226 478 4
155 427 8
202 371 9
20 119 8
440 132 8
264 313 1
303 258 1
342 133 4
69 22 8
82 438 2
285 316 6
470 134 5
37 371 8
304 92 9
87 193 7
109 418 7
260 321 3
306 414 4
179 80 3
351 292 5
283 213 8
168 453 7
297 122 4
291 267 6
185 369 7
265 233 1
448 362 7
118 248 2
251 19 3
367 88 1
17 75 8
151 98 1
15 169 10
378 457 1
88 12 9
468 182 8
192 31 4
478 182 9
414 276 3
278 2 9
367 474 5
247 84 9
186 283 10
435 164 5
125 170 1
284 310 10
339 388 5
2 43 1
280 69 4
357 46 10
208 417 2
4 148 6
271 293 8
233 406 9
475 132 2
391 53 4
78 438 3
206 48 9
78 319 3
148 477 10
67 414 1
78 186 5
441 116 7
411 142 10
447 125 10
106 427 9
368 4 8
203 234 1
461 359 3
287 433 3
60 288 7
476 222 5
198 76 5
186 305 2
463 233 4
91 67 8
62 298 7
42 397 7
218 234 3
104 482 5
15 94 8
362 168 5
87 214 8
283 92 5
160 417 9
473 339 4
459 332 9
439 73 6
92 386 5
133 283 10
207 110 7
378 384 6
60 252 5
188 450 3
168 322 10
4 448 3
94 398 10
92 418 8
303 74 2
434 39 4
449 451 8
243 336 6
453 115 6
156 364 1
238 296 4
16 169 6
378 244 5
106 37 4
274 20 6
116 54 1
158 430 7
409 389 4
141 441 4
146 292 1
453 168 1
64 176 3
217 65 1
102 101 3
202 63 4
137 64 9
368 226 3
315 367 10
149 121 3
449 339 2
78 104 8
323 182 6
449 128 9
231 475 9
329 119 4
471 166 7
421 479 4
296 107 4
26 377 6
310 439 10
400 47 7
162 11 2
115 382 4
100 74 9
362 437 5
238 66 2
476 419 10
482 442 4
478 216 9
302 59 4
272 54 6
385 144 5
48 131 8
59 180 5
50 300 9
477 432 2
148 165 4
254 278 7
422 81 9
257 190 2
146 466 1
6 152 9
16 313 7
400 55 5
169 120 4
96 244 8
200 243 7
179 372 6
92 226 9
246 35 3
302 327 7
446 388 2
286 157 6
207 168 5
105 417 4
179 204 8
275 448 7
195 61 7
20 82 6
333 328 10
464 78 9
72 170 5
50 299 1
375 480 3
452 447 2
191 277 2
127 352 4
120 138 1
425 140 10
135 195 6
266 392 8
262 132 5
147 475 8
444 274 4
113 126 1
36 452 6
16 91 6
371 41 7
354 185 3
166 467 10
44 59 2
258 457 9
36 396 4
424 208 4
322 121 2
329 388 1
430 245 7
7 429 1
467 258 6
473 108 9
337 239 3
72 57 10
251 229 10
146 234 9
292 342 9
173 43 1
221 384 5
35 192 1
379 315 8
437 277 10
369 168 3
379 349 10
77 76 4
266 34 7
387 481 10
242 397 8
289 429 5
442 348 6
449 122 6
438 42 2
478 181 9
43 270 3
444 251 4
269 212 7
141 324 8
35 94 6
393 72 3
225 382 2
388 272 8
367 264 8
231 334 3
263 389 10
254 119 7
180 276 2
99 295 1
252 46 3
248 36 9
80 70 1
268 264 1
99 316 8
421 332 1
6 145 7
11 45 4
379 292 10
136 475 1
449 80 4
35 134 6
48 357 5
406 1 3
312 231 8
78 10 5
221 308 4
430 48 7
139 88 4
448 178 9
337 38 9
263 190 2
296 345 7
135 55 3
413 76 6
250 325 2
141 192 7
375 102 2
276 431 5
159 420 3
335 101 4
352 176 10
41 156 8
418 473 8
146 291 1
58 62 1
312 392 5
175 314 4
380 285 10
294 311 3
374 149 2
152 327 9
374 81 9
304 15 9
65 253 5
321 14 10
371 37 8
209 313 3
472 362 7
268 41 9
331 131 9
227 295 8
323 130 4
185 386 6
318 148 5
5 96 1
275 357 7
39 331 3
2 399 7
337 466 5
185 425 9
66 481 6
74 225 9
126 244 5
47 167 4
260 277 6
385 204 2
458 103 4
250 380 3
181 404 6
44 41 6
134 202 9
341 220 7
457 256 1
23 384 3
59 84 9
355 205 3
432 302 1
1 105 10
269 195 8
390 95 6
302 199 6
248 242 9
132 400 4
476 146 1
324 149 4
216 173 9
400 438 5
341 152 2
226 153 3
39 17 5
64 34 10
58 247 4
131 280 7
207 144 1
79 424 4
36 344 3
425 326 7
302 192 1
295 259 10
86 285 8
392 334 8
99 210 10
315 323 4
339 266 7
466 83 9
277 179 5
1 410 8
393 132 7
142 35 5
414 60 5
450 254 2
481 176 3
89 70 7
310 73 5
161 317 2
463 1 4
163 10 3
277 463 10
362 192 2
6 281 7
221 322 2
388 433 10
446 427 8
106 423 10
195 280 10
97 352 3
365 323 5
242 88 1
462 295 1
472 233 4
231 284 2
241 10 8
73 242 6
174 12 5
345 416 2
184 142 5
191 377 5
257 294 6
463 215 1
154 311 2
232 94 1
221 461 5
358 277 6
256 40 1
446 5 5
392 167 9
309 193 8
244 380 4
345 251 9
220 300 7
83 315 9
286 460 4
137 136 3
404 437 7
476 220 7
471 426 5
242 357 6
186 201 9
302 189 10
70 345 6
119 267 6
53 474 8
152 240 3
266 440 2
73 339 1
253 314 5
175 51 5
433 79 9
358 283 4
358 102 6
92 142 3
351 267 7
470 15 9
243 80 5
312 104 2
407 406 5
292 97 1
443 245 3
248 64 2
257 402 10
196 442 3
220 311 9
232 454 1
261 162 7
323 405 7
299 270 1
339 277 9
271 277 2
24 301 2
434 298 3
199 202 6
355 213 4
312 474 1
9 234 10
213 314 10
108 107 5
372 91 6
467 433 9
443 87 7
32 285 5
203 233 4
139 330 6
84 265 4
39 330 8
199 423 8
58 72 10
319 47 6
310 444 1
97 357 5
400 432 9
239 329 5
398 190 2
409 130 3
232 27 4
180 114 6
247 51 10
337 54 9
117 371 10
279 156 7
120 214 4
211 353 2
441 344 4
104 234 2
336 188 4
251 149 9
421 61 7
59 374 5
95 384 1
301 115 9
131 382 9
255 315 9
239 119 10
57 128 10
268 106 7
225 476 1
480 59 8
462 265 7
198 303 9
247 447 7
304 407 8
301 387 4
94 360 3
146 91 5
27 30 2
19 366 10
314 276 8
64 171 2
304 18 7
80 77 5
445 316 4
267 358 3
446 191 4
35 450 7
313 429 6
389 135 8
360 177 2
184 333 1
110 224 10
374 150 10
466 362 5
262 378 8
358 56 8
112 314 10
75 336 8
220 47 7
234 251 7
386 123 10
353 461 3
292 73 7
85 126 9
272 246 3
438 48 2
164 387 2
294 393 6
150 428 7
270 124 6
380 234 2
155 84 6
349 432 1
445 146 6
364 321 7
208 410 1
30 164 4
190 73 8
297 32 3
31 222 2
426 344 8
362 229 3
123 264 10
386 435 8
413 152 6
298 110 6
2 83 2
92 162 9
420 13 9
200 146 10
449 173 2
166 310 8
389 126 7
272 33 1
211 474 9
460 98 4
482 126 9
117 219 7
8 399 8
125 248 1
221 55 1
226 38 2
7 48 9
46 281 10
169 458 7
390 198 3
341 293 8
79 275 3
91 98 3
463 465 10
287 132 6
166 235 6
270 36 6
283 399 5
60 179 8
470 357 7
315 334 9
84 280 7
176 468 7
107 482 6
229 444 7
341 376 7
409 295 7
121 376 3
45 146 4
377 280 1
37 4 9
111 52 5
393 281 5
49 76 10
201 460 8
64 348 1
356 137 7
108 123 9
171 252 9
477 261 8
374 2 7
356 76 6
264 327 3
44 467 1
370 141 3
397 110 2
399 146 6
125 137 7
224 361 10
5 313 5
407 114 8
318 212 1
239 379 5
205 422 9
226 26 10
481 45 4
221 224 1
283 162 2
321 437 9
455 208 8
31 154 10
221 60 1
84 8 6
135 388 10
6 299 1
110 467 4
104 174 1
390 188 4
152 87 2
439 386 8
260 124 4
463 212 8
12 213 7
347 406 9
391 94 8
279 355 1
247 320 8
449 279 7
10 48 10
64 404 3
143 367 1
189 346 7
386 250 1
272 251 9
209 116 10
189 208 4
326 396 10
58 79 5
168 109 4
56 458 10
61 38 10
341 8 6
316 91 8
85 197 8
31 140 8
105 1 5
326 275 7
429 231 4
39 395 5
315 28 1
185 78 4
214 412 7
18 137 1
61 294 8
452 411 4
175 373 5
52 67 8
457 30 4
156 248 6
377 329 3
350 409 1
394 146 4
40 105 8
438 431 4
61 208 3
214 188 1
154 359 2
391 42 8
167 254 1
17 1 3
314 201 7
163 381 1
98 80 7
40 2 5
387 215 1
56 45 10
408 247 5
165 33 7
64 21 1
146 142 3
335 63 7
405 475 10
249 246 1
135 24 8
49 166 7
360 8 4
317 402 9
254 117 9
225 348 10
224 272 1
466 403 9
304 156 6
192 433 7
310 94 8
354 148 10
277 465 1
213 279 8
437 42 5
310 481 7
436 237 3
349 145 1
449 474 8
251 108 7
12 350 7
335 89 2
69 476 3
116 40 6
353 464 2
136 355 6
239 20 6
308 258 2
242 224 1
260 62 1
34 31 6
54 40 10
339 92 6
220 455 1
19 445 1
6 382 8
61 243 6
395 420 3
24 474 4
365 94 8
318 434 4
177 423 2
382 255 6
140 304 9
393 98 3
435 320 7
109 339 6
149 423 7
302 143 4
135 200 2
327 433 3
57 56 3
299 300 9
252 455 10
263 419 10
482 419 1
339 373 9
294 327 6
301 460 5
54 257 4
68 97 10
397 374 6
303 481 2
341 26 4
228 191 10
190 263 5
178 401 2
375 168 4
106 87 5
428 208 8
191 357 5
466 261 4
5 116 2
445 102 2
425 228 3
385 96 4
196 215 5
78 30 9
39 162 7
461 407 7
430 73 3
331 114 7
444 28 7
173 395 1
214 203 9
386 50 4
23 195 3
263 374 10
154 171 6
364 13 9
275 371 10
249 68 9
356 142 10
38 178 4
73 17 1
128 88 5
323 430 8
139 154 9
285 21 6
201 343 10
60 308 9
473 241 2
82 470 6
134 187 8
75 242 1
153 267 6
34 198 2
340 212 8
221 276 10
163 253 2
154 271 6
68 328 7
472 325 2
336 450 10
28 27 5
188 380 6
173 256 7
86 328 10
57 276 3
78 400 6
256 296 1
156 362 7
276 408 6
82 218 5
173 358 10
73 43 7
212 108 8
256 420 4
173 443 2
456 270 4
78 152 9
396 48 8
137 362 9
330 282 7
170 345 7
371 165 10
456 423 6
422 278 9
216 96 8
474 414 5
402 42 4
382 108 7
430 196 7
412 75 10
7 285 5
8 412 2
195 89 4
107 243 1
450 216 5
169 114 6
424 452 3
326 372 5
264 285 1
97 347 5
138 54 8
152 373 3
19 175 6
159 30 9
107 143 9
396 412 8
456 204 1
85 327 4
224 441 1
343 478 8
360 170 6
209 138 7
295 369 8
439 452 4
313 51 10
480 136 1
133 403 5
435 331 3
55 118 9
419 88 8
243 395 5
219 197 1
69 156 9
139 112 9
76 255 6
400 23 3
324 44 4
426 232 7
385 231 2
216 126 5
185 10 3
126 318 1
127 178 3
317 135 5
456 347 9
395 63 6
71 107 2
190 430 8
234 58 9
40 398 7
465 236 5
32 220 2
374 200 8
414 162 10
448 225 5
140 379 1
164 185 6
347 331 10
357 64 9
428 380 10
236 49 10
377 401 9
51 60 5
172 23 7
171 198 2
310 139 2
427 242 5
146 275 6
97 144 8
281 209 2
105 291 8
403 225 1
313 134 8
460 34 8
241 14 6
317 418 5
203 382 4
91 338 4
196 372 5
45 415 5
142 367 9
237 249 10
323 196 9
142 248 3
457 438 5
406 258 3
230 462 10
449 354 9
14 2 8
165 103 1
177 20 5
129 371 3
402 339 9
202 53 10
60 166 6
47 341 4
424 172 10
464 237 3
357 353 1
437 372 1
159 135 6
383 202 2
359 277 3
305 416 9
10 118 6
178 134 9
45 356 3
345 64 7
208 118 5
121 164 5
203 401 6
144 294 10
478 153 1
34 343 7
41 329 9
37 85 4
273 345 1
102 355 5
298 311 3
226 169 6
285 19 7
202 112 7
436 110 8
191 184 6
167 265 7
414 48 8
444 239 9
439 362 9
36 69 9
293 80 3
462 251 4
84 121 10
321 75 8
139 45 1
459 402 9
383 129 4
6 457 4
245 434 9
378 258 5
428 60 1
375 368 2
259 445 1
27 245 10
169 320 5
347 191 6
473 420 3
366 397 8
285 100 3
249 467 4
318 314 8
449 419 9
322 259 3
343 184 2
323 388 10
73 155 4
187 128 5
443 208 9
395 173 10
2 282 5
174 375 2
474 241 4
181 422 4
192 263 6
478 454 6
151 160 10
317 274 1
39 171 4
315 453 1
452 311 7
97 451 1
324 433 2
292 124 10
112 391 1
462 86 7
179 415 3
308 140 1
67 218 10
199 374 2
388 479 6
406 399 1
35 287 2
93 432 3
436 115 6
218 147 8
175 33 6
440 98 6
318 63 8
458 454 9
13 37 10
131 216 4
204 127 9
56 341 2
295 158 2
215 194 8
77 160 3
156 425 9
162 163 2
169 386 2
206 116 2
178 67 2
226 448 3
269 400 7
410 83 1
239 16 10
426 118 7
435 82 4
479 141 8
161 66 5
23 52 10
182 344 9
476 385 7
16 474 9
437 351 1
294 254 2
365 141 1
77 455 8
4 18 9
398 98 9
190 191 5
273 471 8
106 347 7
447 19 7
267 348 4
276 293 6
392 296 2
44 253 7
472 468 6
470 32 10
179 3 3
456 222 7
266 407 9
453 404 6
76 82 2
235 338 8
302 480 9
5 397 6
78 303 9
290 40 3
174 13 5
426 33 5
232 172 10
32 75 6
459 181 6
390 187 5
343 454 8
479 313 3
146 314 7
173 253 10
136 195 10
10 62 10
439 398 2
157 382 1
101 412 3
349 58 10
53 409 8
220 191 3
189 17 4
113 383 2
310 150 6
366 401 8
315 237 6
134 296 3
71 444 3
321 184 2
316 358 7
369 423 10
470 211 6
105 446 10
98 65 2
178 419 5
372 302 6
132 190 8
460 252 6
453 256 9
285 95 6
300 276 5
444 73 8
56 140 7
77 102 4
449 291 7
323 252 8
228 174 10
103 143 8
479 156 9
92 284 9
151 53 2
259 366 4
217 74 7
23 128 7
257 165 7
274 473 7
349 261 10
419 218 2
219 74 7
223 463 4
393 300 7
126 350 3
8 282 7
450 107 7
465 143 9
337 124 6
391 89 10
349 381 8
469 158 3
169 339 10
34 176 9
125 195 9
320 151 3
364 251 8
228 40 10
268 230 10
311 299 7
458 403 8
404 110 7
442 418 1
34 471 3
343 390 10
385 468 3
150 160 7
112 247 8
74 350 9
326 368 6
116 210 2
63 398 2
386 300 6
25 94 3
480 442 5
160 211 8
269 371 6
112 328 7
31 2 10
332 403 9
329 325 7
452 167 2
274 138 6
114 425 10
150 453 6
424 354 1
111 108 8
247 443 1
352 359 5
55 95 8
330 380 9
245 471 4
207 363 5
132 18 10
238 283 6
229 120 7
66 339 9
426 403 6
451 315 9
480 11 10
297 263 3
383 200 10
148 453 9
472 272 2
67 416 8
403 69 2
404 435 5
144 143 4
296 222 10
147 365 4
475 442 9
315 322 5
171 47 1
385 110 5
68 435 5
329 275 7
357 249 9
52 68 7
210 70 6
124 206 8
379 283 8
347 388 6
274 142 10
344 246 3
278 422 3
168 334 6
413 272 9
387 2 6
95 330 1
54 72 6
212 19 4
175 169 5
166 267 10
317 219 9
77 480 3
220 172 3
345 174 10
61 56 2
441 356 7
175 417 6
476 335 4
482 475 2
146 92 4
383 348 1
184 308 4
18 154 5
309 208 5
408 72 7
317 25 2
367 159 2
267 191 7
395 135 7
365 176 9
12 69 5
80 284 7
335 154 9
453 239 7
261 104 7
38 152 5
368 247 3
40 442 4
84 1 2
27 430 1
183 13 6
410 197 4
169 35 3
422 476 1
87 224 3
276 161 1
359 221 9
195 371 2
95 259 10
418 120 10
471 53 8
127 338 6
19 249 5
434 186 1
305 303 10
68 116 1
280 369 4
353 140 5
226 416 7
367 145 1
188 50 10
172 251 9
304 226 3
160 130 10
323 382 5
261 159 9
25 47 9
38 111 5
333 234 1
27 197 6
365 80 6
428 56 3
176 291 10
255 245 3
378 375 3
250 450 9
327 183 9
198 193 1
59 208 3
47 96 7
295 480 6
246 290 9
131 59 5
118 204 9
302 448 5
395 207 8
94 81 5
234 267 3
389 172 5
324 10 7
107 172 3
430 280 1
243 43 3
23 443 4
422 50 6
200 179 2
333 213 8
114 86 1
65 371 9
204 28 2
81 330 3
77 228 1
473 36 10
293 389 7
357 107 8
370 431 9
155 285 5
455 29 5
432 12 9
276 439 4
100 429 4
180 426 8
201 155 1
60 176 1
67 83 2
171 248 6
362 28 6
284 41 10
217 403 9
177 477 10
459 290 4
96 128 10
226 212 10
213 62 9
81 375 2
146 246 4
396 467 10
18 255 2
253 383 1
436 97 6
2 460 7
211 409 1
148 97 4
329 129 6
141 260 7
187 189 3
413 279 4
256 312 10
30 225 9
19 101 2
156 326 6
67 39 2
246 321 10
185 278 10
342 165 2
39 422 6
61 134 8
44 360 5
32 136 8
170 341 9
