5
621 2000 50 895097246
1 302 9
437 621 3
302 8 8
8 303 4
303 104 10
104 555 1
555 203 7
203 290 3
290 360 7
360 26 2
26 172 1
172 285 1
285 192 5
192 325 4
325 185 7
185 610 7
610 41 10
41 619 9
619 495 10
495 417 1
417 70 6
70 400 1
400 197 5
197 31 7
31 386 10
386 199 8
199 419 9
419 214 10
214 482 6
482 106 5
106 69 7
69 614 6
614 483 6
483 542 3
542 273 4
273 402 7
402 87 7
87 602 10
602 434 3
434 58 10
58 487 9
487 387 1
387 219 8
219 22 2
22 246 4
246 519 4
519 504 3
504 202 9
202 530 9
530 179 2
179 391 9
391 348 9
348 283 3
283 225 6
225 201 7
201 321 9
321 10 7
10 578 6
578 366 5
366 315 6
315 469 7
469 422 2
422 152 7
152 435 2
435 247 10
247 174 8
174 30 2
30 84 8
84 522 8
522 377 3
377 407 6
407 576 4
576 12 4
12 210 4
210 413 4
413 200 10
200 523 10
523 433 8
433 532 6
532 345 8
345 376 1
376 168 2
168 226 4
226 392 8
392 131 7
131 369 4
369 545 10
545 38 8
38 195 2
195 254 3
254 48 4
48 62 10
62 311 3
311 243 8
243 408 4
408 572 10
572 322 7
322 108 8
108 128 1
128 395 4
395 158 5
158 82 1
82 423 5
423 327 1
327 46 1
46 314 2
314 416 2
416 52 10
52 551 4
551 340 1
340 432 8
432 251 9
251 289 2
289 470 4
470 204 6
204 150 8
150 42 4
42 527 3
527 218 1
218 493 3
493 528 9
528 513 2
513 569 6
569 457 4
457 275 8
275 18 3
18 57 10
57 277 6
277 288 5
288 355 1
355 100 1
100 440 3
440 135 2
135 17 7
17 7 2
7 516 10
516 267 5
267 74 5
74 354 9
354 304 2
304 584 4
584 112 8
112 492 6
492 579 7
579 160 1
160 558 3
558 23 5
23 534 5
534 381 10
381 40 9
40 601 9
601 575 10
575 479 5
479 514 10
514 484 2
484 115 8
115 600 5
600 139 4
139 71 3
71 13 7
13 318 5
318 546 2
546 6 6
6 524 8
524 415 5
415 229 10
229 209 7
209 352 9
352 604 9
604 359 10
359 344 3
344 298 5
298 281 2
281 182 8
182 611 9
611 596 2
596 520 7
520 418 9
418 612 2
612 540 3
540 473 5
473 385 8
385 533 5
533 319 3
319 276 5
276 438 3
438 406 10
406 573 6
573 541 8
541 489 10
489 455 1
455 477 6
477 334 3
334 146 5
146 529 1
529 436 9
436 525 3
525 474 7
474 79 6
79 248 6
248 316 1
316 216 1
216 258 2
258 272 7
272 605 10
605 101 3
101 47 9
47 356 10
356 309 2
309 114 7
114 396 1
396 28 3
28 554 9
554 459 5
459 439 3
439 475 7
475 564 6
564 105 6
105 39 8
39 461 9
461 107 3
107 526 6
526 411 7
411 593 5
593 501 8
501 137 8
137 134 2
134 388 7
388 78 4
78 583 6
583 221 1
221 460 2
460 389 2
389 213 8
213 362 1
362 398 7
398 357 1
357 266 7
266 156 1
156 561 6
561 556 2
556 452 2
452 274 6
274 328 6
328 472 8
472 123 10
123 126 5
126 287 9
287 130 5
130 61 3
61 113 10
113 502 1
502 2 6
2 331 1
331 36 7
36 35 5
35 255 3
255 217 6
217 548 5
548 21 8
21 338 4
338 313 4
313 235 4
235 15 5
15 607 2
607 148 2
148 559 7
559 336 4
336 458 5
458 330 4
330 606 8
606 257 4
257 72 9
72 570 6
570 256 6
256 353 1
353 517 5
517 365 6
365 613 9
613 305 4
305 155 10
155 620 1
620 465 6
465 161 9
161 208 1
208 412 9
412 25 2
25 138 9
138 86 8
86 230 3
230 378 2
378 215 8
215 308 10
308 310 9
310 129 7
129 37 8
37 238 3
238 99 4
99 212 1
212 96 7
96 537 8
537 454 7
454 253 3
253 65 1
65 449 3
449 63 8
63 284 2
284 557 2
557 117 8
117 437 7
485 8 1
589 249 2
361 255 10
11 146 7
251 338 8
185 381 7
241 148 4
579 384 9
615 599 9
123 85 1
336 324 5
364 516 7
123 296 6
568 170 8
506 549 3
262 499 10
400 305 3
348 266 1
555 154 6
14 540 4
510 431 7
138 586 8
505 145 10
306 280 8
586 560 9
606 254 10
617 579 7
88 60 8
308 440 5
556 169 10
569 12 6
396 278 4
370 431 2
521 381 7
451 485 6
401 592 5
341 103 2
517 254 7
480 46 5
248 145 10
354 196 10
275 243 3
469 524 4
452 130 10
105 472 6
371 67 8
496 220 2
535 213 5
464 216 5
2 46 2
514 16 10
204 19 6
577 378 2
572 615 1
67 538 1
92 265 5
332 362 7
503 532 5
361 459 6
490 527 1
108 188 1
495 532 8
539 481 4
153 166 7
588 253 1
372 520 8
384 207 1
18 387 9
335 324 1
461 129 2
400 126 6
398 570 10
586 277 2
99 81 8
89 213 1
66 320 8
598 189 3
41 566 4
563 523 1
179 539 10
305 455 6
612 141 7
14 287 1
457 618 8
39 406 10
273 54 6
265 272 7
346 613 9
492 32 3
301 498 10
538 526 5
264 396 10
465 201 1
85 465 5
512 117 7
234 619 2
414 178 4
571 54 3
424 341 4
281 568 6
419 543 10
607 609 8
284 136 2
28 559 4
464 200 2
259 15 3
621 146 9
45 377 6
590 63 1
404 291 3
620 402 5
559 349 2
229 216 4
577 120 1
72 505 9
93 529 9
394 148 4
336 235 6
580 604 6
619 29 2
578 440 5
485 592 8
149 273 5
256 460 5
27 345 9
258 264 9
525 468 6
290 102 2
108 109 1
503 566 4
569 330 2
283 341 8
28 529 2
79 613 7
521 449 5
517 16 1
247 490 10
56 168 4
214 94 8
102 240 1
359 15 9
112 91 10
235 407 6
51 620 1
281 579 1
236 444 4
621 429 4
486 20 4
87 482 4
411 475 2
383 349 7
479 94 4
57 492 6
102 205 4
572 194 6
569 516 1
463 451 8
288 395 9
317 153 4
503 165 6
608 245 5
589 353 3
149 153 9
124 407 8
567 531 8
193 495 8
540 437 9
182 478 3
559 497 2
22 145 3
157 102 7
58 303 3
528 403 1
127 238 9
66 483 10
476 247 4
455 463 10
93 595 9
300 331 10
237 479 1
430 550 6
422 168 3
131 172 10
355 562 9
439 420 2
26 307 4
89 171 8
120 365 6
299 20 9
156 600 1
241 320 4
159 408 6
448 49 3
496 376 6
12 183 7
500 24 8
301 286 2
433 513 7
41 560 8
156 357 8
546 339 10
539 41 6
236 508 9
458 85 7
338 518 2
113 525 4
235 430 2
459 34 6
231 35 8
217 31 4
318 471 10
92 170 2
90 288 9
32 15 1
256 169 8
190 294 3
77 116 4
419 303 1
309 410 7
245 232 6
165 170 6
71 521 2
81 54 4
390 598 9
390 413 6
52 522 5
155 500 10
131 52 9
107 416 9
233 562 10
185 425 2
40 305 3
315 45 2
476 34 2
510 129 3
74 330 5
467 353 8
87 11 4
554 578 7
301 43 3
112 166 5
615 618 2
11 337 8
416 175 10
164 397 9
437 80 5
18 396 4
161 277 8
256 603 5
370 11 4
42 227 3
571 434 9
197 191 3
483 604 10
485 298 4
568 37 9
562 43 10
412 593 3
527 396 10
113 467 6
36 195 10
611 202 4
326 39 8
621 563 7
121 403 1
297 364 1
309 179 2
573 321 4
187 227 5
89 371 10
417 507 6
12 613 9
297 118 7
257 266 2
119 313 8
24 100 3
468 243 6
109 542 1
81 592 6
263 136 9
246 480 9
511 158 1
296 523 4
157 354 5
535 85 1
398 425 4
106 218 7
405 499 2
17 456 8
527 435 3
42 164 3
389 405 7
498 313 6
511 391 7
218 617 6
209 212 6
103 541 5
15 247 3
476 347 4
195 84 6
395 58 8
127 543 10
257 502 1
285 395 8
32 526 3
354 203 1
478 255 9
132 515 10
212 398 6
538 461 5
5 293 8
534 365 4
230 599 1
436 418 8
170 253 4
506 494 3
282 226 9
114 423 2
60 149 4
336 483 6
79 368 10
321 604 5
397 566 10
177 521 10
33 38 4
43 190 4
305 107 5
297 184 10
2 587 8
304 297 7
582 241 3
101 421 1
349 170 3
206 415 8
475 589 3
587 556 1
590 583 6
504 133 8
86 99 1
158 263 4
596 266 3
65 462 1
133 212 9
416 579 1
9 507 2
293 299 5
79 279 2
120 411 5
25 389 7
396 487 7
252 81 4
31 611 8
485 402 8
523 216 6
527 561 5
510 328 1
47 259 9
93 488 4
393 110 6
18 506 6
120 102 4
186 170 6
610 423 8
267 229 9
144 443 1
479 548 10
34 612 5
305 90 4
548 468 6
64 149 1
397 352 4
239 128 3
391 378 1
531 479 2
192 198 8
621 615 10
382 344 2
214 57 7
467 611 5
154 288 7
27 269 2
61 503 3
364 16 6
37 430 4
563 608 4
432 455 6
61 237 3
304 576 9
140 48 2
85 526 1
386 200 4
257 45 2
517 326 2
327 149 1
547 607 3
298 320 4
259 115 2
487 138 5
366 77 5
57 487 2
583 354 9
28 79 1
595 396 5
305 138 6
46 162 10
113 343 7
500 410 1
595 427 1
552 587 8
244 615 8
276 612 7
16 167 9
57 76 7
5 421 2
550 473 6
274 304 10
18 215 2
336 476 1
7 524 2
98 191 7
236 91 10
298 317 1
584 169 6
55 228 3
570 149 6
15 84 7
548 13 3
582 450 4
510 11 7
168 195 6
312 283 2
76 437 8
61 203 5
192 479 9
335 221 1
168 331 10
458 506 6
503 219 7
55 617 2
118 96 6
561 499 2
403 130 10
589 154 8
365 256 5
50 537 6
210 605 3
139 277 3
611 494 3
537 549 3
413 319 10
544 451 8
620 352 6
172 212 6
456 437 8
245 194 7
434 415 8
498 344 1
25 232 6
10 414 1
495 458 8
321 115 1
465 387 7
421 139 1
464 576 10
177 371 10
308 459 4
208 487 8
238 292 2
124 548 9
148 535 2
513 428 4
34 375 10
274 91 6
462 81 2
294 296 5
367 205 1
68 396 2
510 164 1
107 469 10
474 180 7
35 401 2
521 250 1
17 34 7
363 200 1
186 238 7
572 32 6
593 439 4
112 416 7
591 174 1
41 104 1
365 575 3
34 145 6
345 109 8
563 309 2
599 366 2
111 308 2
149 573 8
129 387 9
300 351 2
204 503 6
67 444 2
18 383 10
150 348 7
460 404 9
319 382 2
577 23 6
551 601 3
365 134 9
118 316 10
392 98 8
147 145 10
558 223 3
278 377 4
436 249 4
570 305 10
459 515 4
576 427 10
159 34 3
76 615 3
49 209 7
193 490 8
407 107 10
255 278 2
514 418 9
6 84 10
184 156 1
324 339 8
481 335 4
185 405 8
28 245 6
459 529 9
509 539 9
143 531 2
12 590 8
240 351 8
591 604 2
602 460 10
367 569 8
64 186 2
64 253 5
171 21 5
535 7 2
469 46 3
358 90 2
376 136 8
38 571 2
412 99 8
510 12 5
430 334 6
522 10 3
395 147 5
141 225 9
178 126 2
60 26 9
300 513 5
7 485 2
407 278 6
425 46 3
313 328 5
133 32 3
466 82 2
265 356 8
373 265 6
615 53 3
270 573 9
418 433 1
139 64 7
428 105 2
432 210 5
36 597 7
348 245 4
228 365 6
261 573 3
571 584 2
287 537 1
516 131 5
109 61 8
390 338 7
213 191 8
462 400 7
235 532 8
10 130 2
441 123 4
7 515 9
522 613 4
494 405 10
243 563 2
324 268 3
59 577 10
471 396 8
372 541 1
599 137 10
483 220 2
578 315 1
316 444 9
35 553 5
362 16 10
397 164 5
70 264 9
228 23 8
472 433 9
532 91 3
209 33 3
59 394 3
53 588 5
288 612 1
100 495 10
403 420 3
88 607 2
271 221 5
267 596 4
607 125 4
148 38 1
224 593 6
28 484 4
509 241 4
533 26 7
596 422 9
220 581 5
307 267 2
91 243 6
166 543 1
458 150 1
357 116 10
443 89 3
30 507 5
497 255 2
588 275 10
569 372 2
24 285 5
476 511 8
204 94 7
224 536 4
517 36 9
438 170 5
179 124 7
296 615 1
28 197 6
281 588 7
178 377 2
150 587 10
298 580 6
338 64 6
133 596 2
191 260 5
334 477 3
351 331 1
200 443 9
502 53 7
274 520 6
368 79 9
225 381 6
586 186 8
109 312 6
473 311 5
57 19 3
98 525 3
191 13 10
140 261 3
61 132 7
20 264 5
440 84 6
185 306 5
471 231 6
402 437 9
377 350 10
113 13 3
96 599 6
580 42 2
245 449 2
506 85 2
434 93 3
318 565 10
432 184 6
589 492 7
119 557 3
123 586 6
162 17 2
590 143 6
477 272 9
72 587 2
369 366 2
303 583 10
180 394 9
403 452 5
254 130 6
393 514 1
563 367 8
54 424 2
552 236 4
483 109 1
543 109 7
595 175 6
250 612 6
167 369 9
18 398 8
404 498 2
474 152 1
586 520 10
609 429 6
215 295 6
214 42 7
141 340 10
426 182 4
48 583 3
481 210 4
536 375 5
387 88 5
193 241 10
477 529 6
533 504 4
362 568 4
606 330 10
371 268 3
13 404 10
591 533 2
578 410 4
508 67 4
44 415 2
520 544 7
308 247 7
434 116 3
465 555 7
325 125 7
139 402 9
552 148 9
347 542 5
399 70 9
81 252 10
580 163 2
102 24 4
553 186 10
322 533 4
311 575 9
90 38 5
378 584 4
342 261 3
17 592 3
66 244 10
613 237 6
605 532 3
397 174 3
572 561 4
453 264 6
527 40 1
10 498 8
276 171 6
417 101 7
572 494 8
461 331 6
525 476 7
9 332 9
244 354 5
621 34 4
412 64 8
68 491 3
541 322 7
531 55 3
462 547 9
99 371 5
23 458 7
351 585 2
447 568 3
488 132 3
13 168 7
531 477 3
414 488 10
418 131 1
576 234 6
553 550 10
593 210 8
37 329 4
444 241 5
359 134 4
169 444 4
617 194 7
470 162 2
237 33 3
416 285 10
108 438 9
463 499 9
165 252 7
79 534 5
56 490 9
399 75 10
33 143 8
566 121 8
97 613 4
203 228 4
185 85 8
588 87 6
515 260 7
514 19 5
378 586 7
543 177 6
223 222 5
246 346 3
443 482 4
49 258 7
187 144 10
34 186 6
472 213 6
432 15 5
308 496 6
280 584 10
88 119 7
605 261 9
581 190 7
301 421 8
499 433 7
456 388 6
347 9 10
562 181 8
246 154 10
326 25 2
359 568 5
430 283 8
521 127 9
142 442 1
446 332 5
376 395 6
525 335 10
309 1 2
237 343 2
308 511 9
428 313 6
419 83 2
144 314 1
489 263 6
506 587 10
621 462 7
171 597 4
489 74 8
385 464 6
44 598 3
265 580 5
434 260 2
514 305 5
467 589 2
90 219 1
6 10 3
198 484 8
316 25 2
553 567 2
327 221 4
55 532 10
112 334 5
429 123 3
171 317 8
573 356 3
260 347 10
364 470 1
150 520 6
407 510 6
136 188 7
291 574 8
25 127 2
116 567 5
281 309 5
226 140 6
261 156 5
173 78 8
196 177 1
256 183 8
546 537 5
620 459 3
614 459 5
472 30 1
97 186 3
40 112 7
500 85 8
511 208 8
190 226 5
219 350 9
146 572 1
524 548 5
372 568 6
571 223 3
364 328 1
238 130 9
352 258 7
574 498 1
129 168 6
190 266 3
550 164 9
330 370 3
22 139 3
154 516 3
364 245 9
548 533 3
605 409 9
551 469 1
231 411 9
10 59 6
157 350 9
250 1 1
384 40 8
243 413 6
266 280 5
29 354 7
502 241 4
23 54 1
253 461 9
138 209 4
198 604 5
392 336 2
19 529 3
276 57 3
589 138 10
460 165 9
621 218 10
219 553 3
215 139 3
353 507 10
54 490 5
333 291 3
22 376 6
170 596 4
422 585 1
227 618 5
167 460 9
228 1 10
376 580 8
347 71 3
23 25 9
119 148 6
281 294 7
461 83 5
187 568 1
458 97 6
251 554 2
214 455 10
278 363 5
378 344 8
283 499 3
122 376 6
259 278 7
5 561 4
348 616 5
35 486 1
236 138 10
106 411 1
563 495 3
10 168 7
30 28 3
569 264 4
551 588 8
358 89 5
345 115 4
442 85 10
83 186 6
126 6 9
494 219 7
416 228 3
434 34 4
188 323 6
102 355 10
505 460 9
24 322 4
1 219 5
17 45 7
235 159 6
314 216 9
41 606 5
598 566 6
143 179 1
514 171 9
516 195 4
316 573 3
431 361 6
310 443 10
408 317 1
79 328 5
209 276 7
109 527 10
517 389 2
2 387 1
379 563 10
551 415 1
481 322 2
393 555 9
343 74 9
59 295 8
284 289 1
529 193 2
132 21 10
324 542 10
616 500 4
206 40 9
250 609 9
360 578 10
12 345 8
550 17 3
20 263 8
51 165 9
367 315 3
133 251 2
263 380 7
288 497 8
512 299 6
480 135 9
168 505 9
512 478 6
22 539 1
185 251 7
583 571 5
138 563 10
618 394 5
101 45 3
14 92 6
21 434 7
242 268 9
264 464 2
298 438 5
111 207 3
369 536 8
442 153 9
38 556 1
597 372 6
303 22 8
466 537 6
543 139 5
489 256 4
5 412 3
337 170 7
319 103 9
589 613 8
270 509 3
225 64 2
81 306 2
352 577 4
74 203 5
502 231 1
141 434 3
508 249 9
369 254 5
357 137 3
111 230 4
81 516 5
446 431 4
34 323 9
478 332 10
330 613 4
301 143 5
349 222 6
137 104 3
381 497 4
297 547 7
389 400 8
172 333 4
255 143 4
61 356 7
510 18 5
188 549 4
69 348 1
299 534 7
128 118 3
618 56 5
353 131 10
329 488 5
421 359 10
564 200 7
63 358 2
455 85 4
361 165 10
158 475 9
350 222 2
31 296 8
573 599 4
54 59 1
312 302 6
300 528 1
54 520 5
246 265 4
262 125 9
273 500 2
550 388 6
108 287 4
493 416 10
72 349 5
608 142 3
185 137 1
284 218 10
76 570 10
365 359 10
401 168 3
7 48 4
274 56 1
329 589 8
330 5 10
353 12 9
39 468 10
113 612 8
219 104 8
415 59 9
158 175 8
215 487 7
533 451 4
583 38 2
176 222 4
461 228 2
173 610 4
585 123 1
17 117 10
553 42 10
69 1 8
237 284 7
551 346 3
505 280 5
127 293 4
397 497 9
289 418 10
44 315 3
336 542 5
532 37 4
443 427 5
368 24 8
495 302 6
180 382 10
77 181 8
526 188 2
459 342 8
468 233 7
209 28 6
430 368 3
457 94 2
110 163 3
282 28 2
153 415 8
353 401 8
150 576 9
310 494 3
224 133 10
339 10 5
190 19 2
469 443 6
351 80 5
64 267 7
352 176 2
400 52 8
227 188 1
291 470 7
441 151 2
581 576 6
291 148 10
315 135 7
258 100 3
341 436 4
276 208 2
231 543 6
14 327 2
44 551 9
123 542 5
542 520 2
571 527 5
6 35 3
180 344 2
498 535 1
545 264 7
171 54 1
433 214 10
387 290 3
77 366 6
215 506 9
316 179 10
160 156 3
73 427 4
416 182 3
374 75 8
207 374 2
48 368 1
11 465 5
290 405 2
393 591 2
530 460 5
99 46 10
307 259 6
197 435 7
121 20 8
186 52 9
536 583 3
95 273 8
257 186 6
378 32 6
285 174 1
47 14 4
529 248 10
177 429 9
41 30 7
225 338 6
588 30 10
266 404 10
386 490 10
301 160 10
449 268 10
168 94 7
410 525 1
532 55 1
153 450 3
516 537 3
469 8 4
614 373 7
405 17 10
257 334 2
154 190 3
51 198 6
337 90 8
168 582 2
40 469 2
130 610 9
467 554 5
505 433 4
482 334 7
391 17 2
69 486 6
562 39 8
549 194 10
176 541 5
264 108 3
359 313 4
258 142 2
481 348 8
252 387 9
294 521 6
152 471 5
397 160 3
432 54 4
533 85 7
139 276 3
193 232 1
86 345 3
47 483 4
46 611 8
519 415 3
301 73 5
84 139 10
368 530 5
224 49 6
38 238 4
105 360 2
410 575 4
451 529 3
462 256 2
497 467 1
439 440 8
229 113 2
431 58 6
126 7 6
160 435 4
53 169 7
563 269 5
306 574 5
496 442 5
159 469 9
103 6 10
68 117 8
154 555 8
239 345 9
14 214 9
612 431 9
287 74 10
74 609 3
230 312 7
82 428 6
457 539 5
348 167 7
491 464 7
287 584 4
458 72 7
120 81 1
432 284 4
598 511 4
48 596 1
196 200 8
267 578 5
277 91 2
527 100 4
248 535 2
501 337 9
323 392 1
170 91 7
115 582 6
494 100 10
135 559 10
365 284 7
609 406 2
294 101 2
237 234 10
430 565 8
118 528 1
359 337 1
440 99 5
439 413 1
347 231 7
71 543 2
23 370 3
185 357 9
469 74 7
220 270 8
459 111 7
82 238 6
162 52 9
593 359 3
41 328 7
166 510 2
217 9 2
233 66 7
394 371 1
264 594 6
207 78 1
464 34 8
475 412 4
402 397 3
192 153 6
428 517 4
116 382 7
395 212 2
595 466 1
406 592 3
121 396 5
614 564 5
155 185 10
73 214 7
585 579 6
354 286 10
319 616 5
99 113 1
273 580 5
31 64 9
122 290 9
276 167 2
278 568 10
492 165 6
453 421 10
239 149 9
499 71 9
515 167 3
132 39 5
54 142 5
552 420 5
445 28 1
74 126 5
484 286 7
489 184 1
21 168 6
27 160 7
341 37 1
151 464 9
482 600 6
128 527 5
500 440 7
242 256 2
219 604 7
467 201 4
234 362 10
395 425 4
2 429 7
227 311 2
515 381 10
337 444 3
172 116 4
63 220 2
540 3 10
319 462 9
11 257 1
21 444 5
254 604 8
136 597 9
200 542 8
227 483 2
161 318 8
380 607 9
526 176 2
556 168 9
375 407 6
164 138 8
196 317 2
371 405 4
307 446 3
256 493 1
156 117 4
572 278 4
580 6 5
280 344 2
570 128 6
609 274 3
528 148 10
458 115 3
455 48 8
273 506 5
246 393 4
358 263 10
237 63 10
152 11 10
43 465 2
356 254 5
409 551 5
222 410 4
248 583 3
260 496 4
210 156 3
536 179 6
215 621 2
536 523 6
300 50 10
538 561 10
257 44 8
243 385 9
81 346 1
38 66 10
314 10 4
143 489 4
382 409 4
503 394 10
517 264 7
10 380 1
215 231 2
157 32 9
578 562 4
558 251 1
220 56 4
311 491 4
46 438 8
275 101 8
273 528 4
555 138 7
568 26 2
140 468 8
128 415 6
118 213 5
67 196 8
88 79 8
502 254 8
471 300 7
24 340 6
267 333 1
230 224 9
31 210 6
241 501 3
47 144 9
341 554 2
543 449 7
295 510 2
370 142 7
584 608 3
447 504 10
311 561 4
367 521 8
210 515 4
110 6 10
411 503 6
256 395 3
283 436 5
373 237 5
365 100 9
520 259 10
542 179 6
588 197 4
90 317 7
368 164 9
86 569 5
183 181 2
369 509 2
546 222 2
152 147 2
284 16 8
289 204 8
514 380 3
122 257 8
88 69 5
394 577 3
541 223 3
517 216 7
213 137 9
308 419 8
400 456 7
504 120 3
523 487 10
274 575 4
36 253 9
118 525 3
228 340 10
572 448 8
332 242 4
617 501 4
195 392 5
259 36 5
621 88 9
191 387 10
392 378 2
519 302 7
152 47 6
142 259 8
550 535 4
234 192 3
82 150 4
211 409 4
109 129 4
97 164 3
470 353 3
505 266 5
191 17 5
483 136 1
246 198 10
338 15 10
436 440 9
332 520 9
585 317 3
125 219 8
609 328 1
389 222 8
454 573 3
471 122 7
410 389 3
54 261 6
392 469 1
324 578 8
279 33 8
231 607 4
89 392 6
3 620 2
106 116 1
342 428 1
196 431 4
238 259 3
578 551 7
303 409 1
429 531 6
244 189 1
297 175 6
191 267 6
445 420 1
435 215 4
326 356 7
231 116 10
326 114 3
434 313 7
103 476 4
267 172 10
276 133 7
253 225 8
337 230 3
71 254 6
86 292 6
155 474 9
430 259 7
2 444 10
545 216 4
373 383 4
203 186 3
128 602 2
16 368 10
54 162 9
91 357 3
590 149 9
582 344 8
365 595 2
536 251 9
113 507 10
266 63 6
44 600 1
135 355 1
237 348 2
167 115 4
320 237 1
442 214 3
164 28 4
412 119 6
122 326 10
23 615 5
174 433 4
352 104 8
393 537 6
231 493 6
113 64 4
218 81 9
168 346 1
387 207 4
405 433 4
562 487 9
63 566 4
18 6 2
498 160 7
203 411 9
416 547 9
43 343 10
482 547 6
584 426 3
159 30 6
355 405 6
431 532 9
422 549 1
187 53 9
566 605 2
550 423 2
172 524 5
432 42 2
456 277 4
71 261 2
419 64 6
65 160 3
59 139 7
418 341 2
49 193 8
253 294 5
557 75 6
471 4 6
149 305 8
238 137 8
112 460 7
510 93 9
512 167 5
516 232 7
484 224 3
200 483 2
324 159 7
269 613 2
134 540 1
349 135 9
36 378 8
232 116 4
458 561 10
425 369 3
208 578 6
464 488 10
573 472 10
179 339 9
593 383 3
466 256 10
277 612 8
311 314 7
129 122 5
366 38 2
334 227 9
52 458 3
565 599 8
483 571 6
139 406 4
463 156 9
466 531 1
246 524 2
283 471 7
362 509 10
171 368 9
481 465 2
589 594 4
236 124 2
449 598 5
130 373 10
507 171 9
393 108 8
41 5 6
340 597 9
466 586 7
500 616 2
512 295 6
404 44 7
50 61 8
18 367 8
315 52 10
530 355 4
620 395 4
571 14 9
588 444 6
490 569 9
7 323 9
232 567 3
110 597 9
409 323 4
499 467 1
407 493 10
387 28 9
105 522 9
611 293 7
594 256 10
56 218 8
96 356 3
369 331 10
605 12 10
246 269 4
51 2 9
148 15 9
372 536 7
373 334 3
237 319 6
251 368 9
87 126 8
107 44 1
266 470 3
94 454 7
196 2000 50 452214069
1 21 2
185 196 1
21 51 9
51 142 4
142 107 2
107 111 7
111 166 2
166 124 1
124 28 3
28 69 9
69 100 7
100 178 7
178 72 2
72 31 2
31 32 1
32 46 1
46 119 8
119 186 5
186 81 4
81 161 8
161 10 10
10 41 5
41 50 1
50 159 8
159 195 7
195 179 4
179 73 7
73 192 3
192 17 3
17 26 6
26 6 5
6 113 4
113 87 4
87 103 9
103 97 2
97 120 5
120 56 7
56 35 7
35 156 2
156 106 10
106 126 2
126 65 1
65 20 5
20 14 2
14 140 8
140 108 4
108 112 4
112 135 3
135 157 3
157 165 3
165 49 6
49 16 2
16 118 6
118 133 3
133 37 6
37 2 5
2 170 4
170 130 10
130 131 6
131 60 9
60 79 8
79 29 4
29 9 9
9 4 8
4 137 4
137 12 8
12 180 8
180 158 3
158 188 3
188 92 7
92 48 6
48 13 2
13 145 5
145 123 7
123 76 2
76 63 3
63 184 3
184 47 4
47 191 3
191 139 7
139 84 8
84 114 9
114 38 10
38 105 8
105 129 4
129 121 2
121 44 9
44 149 10
149 52 5
52 168 2
168 153 4
153 99 1
99 40 4
40 162 10
162 194 7
194 155 5
155 116 5
116 185 1
108 77 5
66 23 5
150 179 9
28 42 6
68 155 9
178 136 8
60 91 2
49 67 10
115 30 2
107 61 6
184 27 8
165 69 5
149 50 2
119 143 3
10 195 3
151 40 10
132 104 3
89 158 7
110 116 4
186 40 6
194 51 9
15 35 6
162 44 10
65 72 9
99 128 1
20 25 2
108 146 2
180 117 1
86 99 1
32 89 5
135 185 2
136 50 9
43 166 2
22 68 8
27 150 8
65 73 1
147 92 8
188 34 1
88 64 1
111 36 2
38 118 10
104 5 6
115 135 6
83 148 3
46 12 2
96 127 3
169 143 8
9 3 5
127 58 1
194 21 3
8 76 10
69 58 9
176 49 10
108 102 1
45 159 9
7 85 6
73 3 7
45 158 5
110 56 10
145 12 5
171 43 5
32 188 8
71 98 5
177 190 10
30 55 5
188 195 7
194 135 8
31 139 3
72 34 3
56 179 7
36 126 1
96 37 2
55 118 4
10 140 1
122 45 8
3 32 7
101 151 8
133 150 3
194 113 5
56 130 7
22 154 6
183 166 4
181 185 6
14 107 6
106 77 9
179 154 8
153 80 4
89 169 5
28 100 5
82 40 8
73 128 8
34 26 1
79 161 2
96 180 3
75 60 2
166 173 10
119 73 10
3 62 8
171 8 8
28 132 1
66 173 4
105 118 6
151 158 2
167 22 10
143 97 6
41 189 4
34 17 2
183 72 8
85 92 5
76 12 1
115 106 6
62 130 8
150 35 1
73 38 4
9 75 8
170 109 1
10 4 1
22 53 1
74 188 5
34 4 5
183 24 4
59 25 3
165 140 9
45 151 3
183 178 1
41 150 5
64 57 2
174 12 8
24 79 5
22 26 10
74 125 6
172 30 8
79 85 9
90 195 5
51 50 2
159 116 2
97 155 5
107 29 4
176 105 5
71 105 2
105 60 4
4 177 5
83 93 6
57 107 9
35 81 8
120 5 5
19 34 6
89 153 10
171 115 10
118 132 2
116 84 1
196 87 8
105 63 4
76 57 1
167 7 8
62 195 8
55 129 7
81 79 6
155 80 1
37 30 2
178 138 9
128 63 4
90 162 1
158 83 5
112 169 4
65 113 2
155 124 5
112 67 8
108 64 8
106 99 5
37 141 4
16 157 4
99 158 6
51 84 9
86 7 4
184 90 7
86 25 10
4 174 4
31 112 2
148 121 1
158 101 10
179 17 10
131 148 1
115 107 4
187 120 4
165 145 7
39 146 6
113 179 10
174 131 5
54 150 1
152 81 2
1 34 1
55 59 7
172 143 7
68 171 4
7 115 9
117 122 9
61 184 9
100 133 3
141 96 7
84 56 7
77 28 7
107 122 7
48 25 10
176 157 7
177 72 9
36 14 5
173 81 9
152 118 5
188 6 7
189 60 7
169 175 10
166 63 7
106 162 8
1 83 8
42 127 10
175 108 4
104 102 1
122 123 4
122 166 2
8 165 3
182 89 5
144 127 5
44 7 6
79 157 4
5 46 8
36 113 7
64 116 3
88 144 5
152 9 1
83 137 3
30 126 2
111 26 10
106 54 2
135 45 1
23 75 8
137 86 3
101 126 1
161 169 5
123 166 9
145 22 6
71 10 1
87 67 10
1 164 4
14 20 9
156 95 6
101 28 1
33 136 2
113 1 7
185 161 5
142 155 3
76 143 2
79 177 10
96 43 3
49 181 4
188 84 8
181 126 2
168 28 1
85 95 5
173 29 8
158 191 8
7 152 6
21 190 3
183 151 2
13 83 10
105 178 4
7 169 9
111 21 5
174 79 2
49 39 8
73 47 2
42 64 5
95 30 8
37 142 7
4 93 6
21 134 3
140 47 2
86 157 1
112 37 5
62 188 7
30 179 8
174 28 3
98 62 4
194 163 6
89 92 4
115 195 4
193 135 1
44 31 10
9 138 10
119 157 6
14 10 8
138 88 10
172 186 10
22 6 8
3 177 7
189 57 2
14 57 6
12 75 4
57 178 2
116 122 6
102 44 2
26 86 4
101 105 10
104 132 4
193 185 3
49 124 2
164 52 2
179 74 9
139 21 9
5 195 1
127 194 6
111 165 10
63 29 4
52 172 3
5 25 5
56 5 2
88 4 2
93 60 6
192 80 9
1 3 8
62 50 2
36 32 4
131 58 4
106 89 4
6 171 5
117 1 4
106 112 3
16 111 6
162 52 6
166 4 4
75 82 3
10 187 7
111 20 9
54 147 8
22 187 4
123 150 1
5 30 7
65 130 2
160 13 10
177 90 2
144 171 2
86 97 6
57 30 9
181 113 10
42 89 4
39 54 6
129 71 6
173 20 2
151 101 4
150 152 3
91 49 2
196 79 5
156 9 1
190 178 4
49 104 8
119 170 1
90 131 9
78 59 8
13 12 8
38 131 10
164 79 9
183 133 2
14 90 7
105 4 6
71 196 2
24 130 2
16 103 3
62 190 1
83 14 4
168 68 2
149 189 3
6 181 10
92 168 5
189 196 9
192 82 4
62 58 9
58 84 8
150 101 9
64 27 6
81 46 5
138 152 5
143 156 10
191 127 4
79 122 7
21 127 3
26 30 10
19 43 10
119 33 1
148 139 7
190 37 2
189 190 7
98 29 7
133 132 3
168 57 10
167 172 5
103 142 2
165 186 7
113 85 10
180 72 6
82 119 4
73 65 6
27 8 2
176 64 9
156 176 4
58 64 1
74 13 1
133 99 6
166 12 2
105 17 10
129 86 3
160 162 1
128 58 7
133 20 6
111 116 9
82 195 5
157 12 1
60 171 7
109 64 1
31 2 4
60 23 1
44 168 1
4 20 9
62 1 7
36 16 8
182 186 4
38 126 1
152 147 3
66 147 1
49 157 6
130 77 10
173 191 2
176 189 8
101 172 6
165 37 8
114 168 8
193 172 10
103 115 9
49 158 7
28 5 9
146 125 3
185 103 10
122 42 1
8 183 7
65 125 1
191 13 8
43 40 2
2 80 7
56 105 8
11 188 5
133 54 4
25 62 3
131 23 3
18 75 10
111 129 10
142 125 8
31 61 10
145 113 5
108 125 7
185 65 7
117 127 10
26 59 5
63 70 9
52 126 4
158 169 8
124 158 3
157 72 7
34 18 5
29 150 10
100 22 4
53 42 2
130 48 6
142 2 5
143 89 6
18 128 10
64 20 2
130 129 10
163 120 2
50 193 1
196 133 6
26 169 8
161 149 10
170 7 3
114 49 9
162 65 2
148 136 5
133 41 5
111 176 2
66 73 9
169 87 9
64 163 10
68 49 1
192 118 7
76 142 7
45 190 8
7 102 10
130 176 1
72 98 7
136 182 7
13 179 5
11 39 6
84 112 9
185 18 6
7 20 5
35 90 7
179 134 5
172 129 6
27 37 3
83 134 10
156 101 9
167 102 6
187 7 6
3 179 8
8 124 9
40 101 2
65 18 3
62 76 10
124 79 6
171 71 4
123 12 10
123 170 9
25 103 3
22 58 4
120 17 4
64 113 6
86 79 10
182 15 6
134 193 1
109 19 6
26 76 4
27 57 5
4 64 5
112 53 3
120 66 6
164 145 3
118 145 1
68 164 6
69 21 10
105 103 6
147 40 1
71 158 2
8 148 2
63 143 7
151 16 5
194 65 2
194 195 1
48 69 6
71 178 1
92 20 1
22 157 5
73 170 2
72 90 1
169 191 2
65 175 4
184 152 6
29 30 6
88 81 3
55 87 9
135 33 6
154 142 6
37 54 1
50 59 10
156 57 10
78 44 3
182 17 1
83 175 9
27 129 2
100 92 4
135 164 10
104 161 10
112 31 7
49 156 8
174 134 4
193 53 4
158 168 9
61 157 6
138 104 5
118 35 1
148 68 6
19 25 7
32 57 5
99 112 9
178 181 6
72 146 3
81 26 2
132 195 2
1 45 5
39 181 9
82 9 7
153 29 4
163 99 6
33 87 8
184 14 9
88 36 8
16 135 4
174 20 4
82 13 9
21 172 9
110 169 5
67 193 10
26 155 10
83 177 9
5 159 3
81 108 10
170 85 6
53 79 6
3 164 5
97 102 2
188 159 2
185 182 3
67 32 7
87 165 9
77 60 5
58 100 9
157 183 7
56 54 2
41 187 8
149 145 6
156 33 9
12 145 8
151 8 7
73 6 7
2 168 4
176 51 9
138 30 7
147 183 8
72 68 3
171 40 3
119 84 7
36 109 3
144 83 4
86 187 7
161 171 3
5 15 7
90 117 5
147 132 8
185 158 10
137 37 7
42 128 6
107 134 2
148 82 9
19 172 5
152 3 8
164 37 5
189 92 8
111 145 6
136 93 9
69 174 9
11 178 10
179 16 6
39 142 2
30 20 6
178 49 6
3 137 7
21 116 9
117 153 10
158 172 2
132 184 4
49 43 3
187 137 4
8 51 3
23 74 8
134 172 2
48 134 6
181 144 5
192 135 2
48 80 9
73 35 1
35 75 1
74 159 10
148 22 5
151 120 1
78 102 1
53 158 10
17 118 1
44 125 7
71 122 3
47 120 4
24 84 10
134 196 4
145 122 5
86 87 10
146 114 2
87 152 7
192 124 2
180 166 3
186 193 4
163 143 10
115 66 2
64 81 9
157 143 8
5 142 6
121 135 4
174 13 1
108 175 3
17 53 7
94 125 4
188 177 2
65 182 6
123 37 7
48 49 4
68 176 9
99 65 10
175 121 1
126 11 9
5 191 7
35 97 1
60 148 7
119 184 5
100 110 7
79 52 9
22 167 4
11 85 2
189 21 7
176 53 8
76 86 2
70 153 7
143 109 4
174 120 2
120 192 8
182 171 3
165 143 5
73 68 9
74 42 7
53 157 7
56 162 7
171 88 3
168 82 2
129 191 4
111 181 4
79 186 9
76 102 2
122 46 3
136 23 6
78 7 7
92 179 5
96 102 10
143 69 1
167 30 3
180 108 2
77 190 5
19 169 3
21 119 3
195 150 9
41 161 7
188 176 4
162 121 10
106 161 4
119 138 8
73 86 4
78 82 3
120 82 6
86 34 10
23 81 1
83 32 2
192 104 6
108 172 10
153 39 6
52 54 1
72 51 10
92 174 6
119 193 5
117 145 1
84 47 4
23 22 4
196 25 4
120 85 1
45 108 7
48 5 3
61 166 10
151 110 8
72 26 3
38 84 7
113 136 9
58 12 7
43 1 7
121 7 1
100 162 10
119 45 3
188 95 1
121 83 2
39 104 6
49 73 8
119 50 2
75 109 9
91 186 5
24 132 3
122 186 5
174 130 4
130 70 10
8 47 4
90 93 7
189 20 5
127 132 6
178 83 4
74 16 10
36 106 6
32 65 1
148 80 3
141 103 3
54 112 9
2 30 4
185 57 7
34 99 1
182 87 8
18 21 1
2 79 6
135 191 8
167 136 6
190 88 5
163 22 6
76 59 5
86 139 10
88 183 8
142 158 1
84 95 3
138 59 5
168 15 4
12 56 8
109 29 7
24 115 7
40 195 6
138 37 4
19 99 1
57 168 5
170 16 2
75 59 3
187 45 3
50 133 1
124 41 3
149 59 6
184 189 5
9 152 6
167 114 4
118 153 5
110 54 3
80 168 4
106 110 8
92 120 8
102 92 1
112 153 1
150 70 10
174 106 5
134 51 5
70 138 4
66 160 10
97 74 1
188 196 5
183 80 4
64 7 7
39 141 8
83 114 8
159 75 2
163 46 10
52 99 10
162 87 3
133 190 10
111 62 10
186 177 7
57 26 10
5 160 4
119 9 2
7 136 2
116 23 2
127 18 4
58 39 3
77 52 8
148 16 9
89 73 7
193 96 5
183 193 4
95 186 5
186 67 2
77 16 1
9 166 10
12 163 3
133 172 8
109 112 5
36 135 3
94 102 10
11 23 8
136 37 3
172 157 10
23 96 1
91 115 4
117 67 10
196 135 7
54 76 1
192 22 4
143 18 9
192 53 1
95 36 6
27 110 5
104 24 8
175 51 10
103 127 8
15 96 5
155 35 2
167 126 3
40 186 9
150 94 1
102 43 1
120 71 5
140 172 9
22 140 2
4 21 10
67 29 7
143 178 3
166 61 3
40 131 8
105 53 1
77 172 4
54 73 3
132 28 8
59 21 6
144 31 7
66 130 10
191 141 1
178 64 3
11 125 7
153 154 5
111 153 3
161 63 6
168 103 9
90 54 1
1 20 3
18 17 6
38 149 2
112 105 5
8 168 5
57 120 4
80 143 6
166 76 10
107 81 6
50 140 1
115 109 4
177 154 4
138 19 3
37 93 10
39 101 4
136 86 7
54 139 5
163 139 10
20 10 2
2 148 7
160 143 1
93 159 9
21 40 7
196 14 5
188 156 7
53 138 1
143 158 7
24 27 3
22 139 4
141 6 6
162 156 2
72 89 5
110 25 9
163 164 2
186 196 8
174 66 7
71 190 6
16 76 8
149 195 10
154 36 8
70 88 8
45 43 9
129 110 5
141 99 4
193 62 2
154 145 8
108 105 4
38 168 7
171 157 4
39 8 2
1 86 9
86 41 8
192 46 6
196 65 8
194 173 1
61 146 9
137 22 3
80 18 8
80 59 3
158 49 3
95 68 5
55 117 9
9 30 9
196 24 4
48 128 7
130 159 8
18 68 9
11 36 7
89 119 2
151 86 5
66 122 7
173 43 6
108 78 9
16 1 3
26 89 7
159 117 8
72 188 2
142 129 5
139 12 6
175 193 4
54 47 9
60 44 5
41 43 3
36 174 2
166 194 5
181 188 8
126 15 7
85 15 10
102 73 3
6 186 2
36 7 8
173 93 5
194 38 1
122 39 1
153 175 4
110 13 2
154 189 3
173 72 6
66 112 5
189 4 9
98 32 2
139 85 1
81 97 9
114 113 8
65 42 2
163 69 2
87 151 4
105 19 5
129 181 8
67 19 1
122 194 6
50 75 9
148 77 1
31 127 2
172 28 2
34 82 8
81 57 8
103 117 9
44 184 5
115 101 8
193 146 5
27 6 8
196 150 9
60 128 2
55 164 6
126 17 5
114 137 3
145 81 6
146 73 9
142 146 9
128 127 6
38 48 4
12 155 8
9 26 7
102 83 6
58 116 8
24 23 1
11 144 5
35 163 2
84 23 3
124 9 2
73 184 5
101 117 5
69 73 4
175 64 5
144 82 8
76 42 6
160 189 8
74 30 10
83 162 6
116 94 2
56 151 10
113 90 7
103 169 3
43 77 9
157 54 5
72 25 10
55 98 9
182 181 6
172 76 3
119 39 5
173 177 9
146 130 1
94 91 8
15 73 9
158 121 7
175 101 9
14 27 9
56 159 2
29 186 8
185 53 4
143 92 4
124 100 7
72 172 4
77 65 8
119 105 2
44 154 10
29 112 2
89 38 1
109 42 9
193 190 7
189 154 6
31 195 5
63 99 2
57 161 4
89 138 3
165 2 6
140 82 1
84 5 7
63 50 8
129 92 6
59 62 4
66 158 7
105 115 9
17 148 3
183 57 6
75 19 3
101 41 6
129 89 7
147 71 2
150 47 2
75 87 2
169 55 4
138 172 2
149 75 4
102 49 2
74 154 4
154 43 4
44 84 8
39 128 4
121 81 8
107 145 2
110 193 8
159 79 1
158 93 3
68 148 2
38 17 3
47 60 10
185 118 8
143 184 7
31 129 3
2 85 6
78 69 3
10 80 4
149 139 1
24 123 6
125 74 6
26 4 1
155 6 5
132 86 8
87 10 2
41 142 1
135 65 10
110 144 5
164 105 9
59 81 1
74 104 10
141 120 8
102 86 10
114 1 7
194 74 2
156 19 4
122 169 10
29 181 9
82 121 3
141 164 9
176 65 7
86 12 2
180 141 5
194 193 5
21 83 7
44 164 2
191 101 4
171 166 3
131 133 2
161 117 1
40 44 9
17 16 9
187 73 4
16 136 8
130 185 4
172 11 1
170 88 5
66 110 3
93 10 4
181 114 8
133 76 8
165 42 10
192 55 4
15 175 6
143 64 4
191 37 9
116 45 9
130 146 10
193 32 3
73 153 2
39 43 3
25 174 5
20 37 1
43 63 8
55 47 8
114 58 9
41 40 3
104 133 3
137 174 9
30 139 7
46 161 8
172 92 6
60 80 2
82 64 10
34 44 1
173 186 8
164 113 10
26 153 2
16 31 4
36 18 3
59 164 4
9 79 6
63 17 2
116 178 5
177 157 10
152 113 9
154 5 9
43 46 5
108 22 7
84 16 5
73 62 8
69 68 1
39 71 4
158 115 4
76 41 3
54 158 8
121 132 4
78 16 3
133 6 10
132 152 7
193 180 7
34 56 1
31 163 1
173 38 4
1 65 3
73 88 8
24 133 10
184 39 10
56 86 9
88 69 9
40 116 2
40 10 2
105 192 3
109 153 1
10 99 9
170 168 4
140 186 2
52 111 6
15 135 10
80 152 5
188 37 3
161 64 1
66 11 3
113 132 4
15 46 6
142 18 5
185 119 3
190 117 3
127 107 6
152 83 10
48 16 3
168 164 2
106 74 10
172 66 4
58 85 1
87 36 10
79 30 10
87 26 7
183 35 8
89 27 1
36 181 4
125 147 7
126 168 5
43 36 2
128 116 2
128 62 10
20 69 8
89 18 5
76 49 3
157 128 4
155 128 10
178 44 10
6 25 5
6 107 4
123 51 3
10 65 2
32 66 3
36 75 7
156 121 7
172 71 2
191 2 1
11 86 1
147 38 3
119 165 3
162 112 4
41 131 2
161 147 3
20 110 2
119 141 1
188 96 1
164 74 10
37 91 7
50 188 6
104 21 9
145 106 7
45 36 5
4 166 9
194 49 4
87 147 9
28 176 8
176 160 10
169 94 2
80 88 2
43 117 7
39 13 4
171 119 10
191 56 6
183 50 9
108 99 6
29 36 9
37 153 6
69 38 9
140 81 4
196 51 4
152 72 8
178 119 5
159 82 5
47 78 6
155 24 9
23 171 5
12 129 6
142 60 10
79 130 5
1 176 2
180 132 8
11 129 1
2 24 6
164 75 10
164 190 8
86 116 4
154 31 10
167 163 7
129 109 4
18 106 5
18 36 6
146 195 4
166 19 4
23 140 2
124 38 4
193 68 7
87 96 6
86 32 10
120 76 4
159 167 9
43 157 1
75 134 5
127 75 4
169 128 1
140 10 9
179 186 1
6 40 8
89 102 5
175 95 6
56 28 5
111 140 9
139 128 10
144 151 8
73 54 3
17 43 3
168 17 4
33 50 8
193 162 5
115 137 4
109 142 5
157 37 7
4 126 8
14 184 1
173 5 8
61 38 8
124 170 8
29 2 7
70 29 5
94 153 6
183 152 8
8 106 1
119 182 5
156 169 6
170 92 8
62 96 3
141 118 10
18 61 3
87 83 1
18 125 9
127 50 9
85 114 6
131 9 10
131 77 5
133 18 3
62 144 4
19 192 9
54 154 6
96 155 2
119 2 6
65 36 8
115 69 7
26 110 3
16 145 9
11 54 8
4 60 1
185 165 10
27 32 7
146 129 5
33 92 9
108 39 2
10 5 5
144 154 5
193 75 5
49 41 4
24 124 4
122 74 3
49 58 7
185 107 10
136 153 4
73 140 8
151 124 6
70 28 3
133 90 5
2 40 5
129 61 1
135 153 1
97 185 1
153 90 6
26 136 7
63 90 3
107 34 10
115 164 10
137 117 5
122 114 9
128 182 5
54 130 1
152 194 10
72 161 5
191 70 2
184 148 9
15 120 5
87 15 5
185 68 9
21 146 9
107 186 8
127 124 9
47 94 4
138 99 4
65 88 1
55 155 8
177 132 2
173 58 1
60 111 10
158 69 1
88 76 4
54 58 9
60 105 9
63 103 1
186 109 9
195 93 2
6 142 4
37 104 5
31 25 10
83 97 6
189 79 9
92 145 10
44 35 2
159 3 9
106 155 7
35 112 7
143 138 7
4 55 4
163 64 4
28 73 8
91 73 10
3 19 4
138 24 7
81 69 1
75 89 9
44 52 9
194 129 8
50 192 6
154 117 7
118 179 9
178 59 6
86 68 2
129 7 2
146 84 10
155 34 4
48 42 8
42 188 10
157 112 10
6 11 2
88 43 1
44 64 2
98 142 6
88 173 7
50 196 10
88 53 4
195 31 2
108 25 10
6 133 10
135 62 1
83 103 2
21 138 3
131 72 5
156 127 9
41 78 6
53 129 4
16 169 5
116 183 3
6 22 3
158 143 2
67 78 7
99 34 10
63 152 6
154 98 1
171 173 5
88 93 7
59 92 9
146 156 4
46 167 3
196 151 7
48 167 9
195 142 7
71 127 6
72 140 2
148 146 2
173 1 6
176 28 4
45 100 8
49 9 5
4 127 4
184 155 3
114 57 10
181 154 4
54 168 5
131 90 4
70 79 2
97 4 5
46 55 6
15 119 3
140 9 9
83 62 1
186 82 1
106 170 6
70 123 4
19 56 1
135 68 6
164 154 10
88 156 1
14 32 2
185 122 6
154 101 2
74 139 3
72 178 8
32 40 6
146 132 2
78 124 4
23 77 4
23 116 3
14 128 2
53 183 1
100 80 2
87 139 9
110 49 3
91 89 5
4 5 3
178 57 2
140 79 10
159 133 4
166 196 3
26 44 4
130 187 4
38 81 5
88 171 7
151 48 5
72 60 9
23 87 5
181 147 6
130 87 9
172 125 3
32 119 8
100 90 9
110 2 9
152 2 8
94 54 3
184 22 2
55 192 7
78 111 3
28 61 1
185 52 6
181 29 10
45 87 1
89 105 5
25 72 9
71 123 5
92 98 4
125 104 1
12 140 4
167 184 7
148 74 8
6 177 8
129 54 3
83 20 10
94 138 9
142 157 4
3 89 7
118 30 10
52 74 8
194 11 9
111 95 10
7 124 7
14 138 10
121 21 6
140 128 6
9 163 4
137 187 1
114 138 2
73 156 1
58 97 6
42 149 2
123 119 5
173 92 1
115 88 2
130 188 3
40 170 7
120 38 2
42 125 7
123 71 4
151 15 9
180 114 5
45 133 3
92 78 7
153 149 3
154 94 10
79 14 7
75 157 2
5 91 1
63 164 1
98 77 3
53 112 9
39 132 7
27 170 5
106 118 3
16 19 1
186 192 8
153 104 9
95 104 5
172 123 1
160 112 3
39 20 7
88 120 4
19 87 1
56 110 9
18 196 9
16 95 2
134 111 2
43 176 4
121 22 7
114 140 1
31 11 2
179 112 8
156 62 6
144 128 9
39 57 8
83 136 10
62 165 2
38 70 6
2 149 1
140 62 3
57 44 6
26 1 5
67 177 5
73 83 5
40 122 10
14 16 10
131 62 1
124 83 9
8 167 3
47 146 3
16 126 8
40 28 10
139 157 6
121 119 8
187 184 2
111 2 9
127 53 10
170 190 10
132 105 4
173 149 9
55 107 3
170 171 10
78 161 5
110 133 6
33 128 10
176 83 9
62 134 10
79 38 9
105 73 5
32 75 4
52 78 2
102 22 1
3 132 10
73 57 10
158 166 4
157 180 1
182 100 7
93 148 8
64 117 6
25 112 4
108 117 2
155 88 9
137 85 6
119 153 10
85 156 9
84 159 2
186 36 10
151 59 8
121 130 9
31 118 1
180 181 8
16 52 7
8 161 6
64 96 1
38 45 10
45 181 9
35 152 7
52 136 7
50 107 10
12 168 2
33 23 7
166 152 3
135 41 3
189 74 10
36 45 9
129 58 3
76 43 6
79 4 9
4 27 3
36 127 9
133 186 9
49 32 2
91 63 10
124 24 1
130 132 10
62 20 2
107 20 4
173 192 1
91 61 9
64 39 9
106 167 4
52 89 2
136 196 7
63 185 9
55 91 8
85 159 10
77 80 6
90 85 8
168 25 4
87 25 1
75 116 9
183 11 9
100 51 9
64 107 2
138 52 1
28 116 8
42 71 3
170 110 10
113 34 3
144 35 8
84 135 7
73 10 1
185 25 5
39 32 10
117 43 5
87 115 2
130 35 5
9 160 5
178 133 4
121 133 2
67 5 9
50 13 9
156 58 9
45 31 2
162 145 8
134 115 6
179 38 10
112 194 3
25 101 9
45 155 5
167 196 3
32 169 4
131 102 5
13 140 5
120 185 10
138 110 4
116 81 8
133 183 1
193 57 6
82 49 2
67 16 4
13 159 2
59 193 9
154 194 2
115 163 1
153 118 1
135 142 4
164 64 7
126 105 5
170 51 10
132 142 3
38 181 5
121 183 6
135 84 5
140 161 6
137 39 9
39 97 2
9 108 10
93 8 10
141 18 3
82 160 6
37 151 1
36 114 1
177 16 2
182 90 4
114 158 3
84 19 1
11 192 10
156 164 1
31 150 2
94 68 6
104 71 10
61 17 9
195 138 7
122 193 8
155 174 4
9 126 7
28 162 8
98 81 9
86 16 1
117 168 7
70 5 3
183 91 1
47 68 1
98 127 10
91 164 2
97 109 7
132 179 10
156 120 2
60 25 9
141 5 2
113 173 2
189 62 9
122 185 9
151 91 6
104 147 10
74 180 5
187 166 8
10 147 1
140 156 9
107 17 2
106 114 8
105 112 3
96 100 2
129 174 10
190 111 1
191 105 7
174 154 3
31 106 8
71 66 9
104 128 1
132 39 7
135 6 7
107 166 8
50 47 4
60 109 9
113 66 9
89 133 3
187 132 8
12 10 10
76 82 3
104 74 3
35 130 1
131 43 1
127 148 10
55 176 5
119 81 10
235 2000 50 287592827
1 179 4
220 235 1
179 52 5
52 29 6
29 155 7
155 46 4
46 188 5
188 94 6
94 43 3
43 143 6
143 233 10
233 13 3
13 135 7
135 116 6
116 177 4
177 47 3
47 228 9
228 63 2
63 97 4
97 35 8
35 144 4
144 182 6
182 160 5
160 166 8
166 110 2
110 67 8
67 132 4
132 154 1
154 190 8
190 38 8
38 158 3
158 80 8
80 57 6
57 108 4
108 96 10
96 103 1
103 138 8
138 45 10
45 214 6
214 84 10
84 77 1
77 161 10
161 139 10
139 44 1
44 51 7
51 40 4
40 140 2
140 189 10
189 152 3
152 134 8
134 206 8
206 178 8
178 49 4
49 61 10
61 34 6
34 98 9
98 215 1
215 71 9
71 202 8
202 159 8
159 124 6
124 70 4
70 92 9
92 64 3
64 162 2
162 170 4
170 114 7
114 129 1
129 216 3
216 128 9
128 212 8
212 125 6
125 30 5
30 62 5
62 168 10
168 229 1
229 79 10
79 167 1
167 58 1
58 171 9
171 172 2
172 48 9
48 68 9
68 50 5
50 149 7
149 115 5
115 231 7
231 142 10
142 148 9
148 89 10
89 109 5
109 183 5
183 83 6
83 198 1
198 227 7
227 137 8
137 60 6
60 100 9
100 69 10
69 213 3
213 99 9
99 59 1
59 153 4
153 201 5
201 184 10
184 121 8
121 122 4
122 15 4
15 226 8
226 163 10
163 53 5
53 85 4
85 230 3
230 55 1
55 37 3
37 88 1
88 220 8
192 160 1
148 205 7
138 233 4
121 19 9
40 57 9
85 121 5
163 210 1
221 158 7
147 108 7
141 7 1
14 57 4
150 158 4
68 87 2
68 116 7
201 191 10
217 137 6
64 33 1
67 220 10
217 36 2
203 137 6
234 17 9
39 222 1
87 178 6
88 40 9
95 124 4
101 126 8
142 160 7
159 137 5
55 218 10
94 232 4
24 229 5
18 136 1
50 109 5
63 219 1
67 36 7
200 191 6
222 32 6
87 153 9
234 56 1
50 128 2
158 161 10
23 218 2
50 23 9
75 59 4
144 81 1
15 123 3
47 185 1
129 203 1
110 235 8
99 11 2
97 146 4
167 195 1
2 136 8
148 128 1
35 75 9
33 50 6
188 216 8
198 179 8
115 1 7
128 192 5
56 47 4
196 7 6
186 112 2
120 214 9
189 36 7
103 120 7
176 233 9
201 122 6
127 180 10
228 14 1
204 114 7
76 107 4
53 28 3
60 111 9
24 203 5
26 105 5
20 52 1
201 139 2
181 67 2
126 103 2
232 101 4
34 118 5
224 147 7
170 26 5
189 33 10
215 25 1
210 83 6
108 44 6
19 140 3
216 205 10
195 42 10
180 98 6
204 183 6
93 183 7
190 22 2
182 62 4
193 98 3
107 191 4
46 56 4
51 107 7
131 193 6
56 62 8
209 200 7
61 42 6
195 34 5
199 214 10
76 52 4
182 211 6
182 134 5
211 74 8
181 200 6
214 78 5
137 189 5
185 218 9
82 18 7
135 161 8
56 149 5
213 114 5
183 48 9
179 223 5
206 87 5
125 154 8
18 14 2
167 166 2
122 140 8
174 86 4
53 220 6
99 163 6
192 40 5
103 112 2
129 152 9
113 186 3
132 192 4
75 161 9
34 37 7
46 150 7
148 75 1
104 127 7
235 126 8
28 73 8
203 72 2
173 205 5
16 176 5
130 181 8
212 102 4
78 233 7
19 200 2
161 38 5
2 187 5
224 176 2
164 176 4
193 171 10
162 109 4
197 101 4
195 35 7
6 154 5
142 27 1
10 48 4
158 87 2
58 61 10
146 34 9
41 83 7
151 133 10
114 16 2
147 3 3
79 164 3
207 140 6
176 205 9
97 98 4
143 72 10
62 98 8
15 215 1
108 186 9
231 228 3
217 199 1
129 96 3
108 102 9
171 151 4
209 92 7
231 23 2
3 179 4
198 11 1
173 206 4
132 92 6
231 69 4
183 31 4
160 131 9
90 177 6
34 222 8
155 179 1
42 158 3
120 224 6
94 104 2
35 203 3
223 192 5
126 39 6
45 234 8
172 87 7
26 129 5
75 214 5
195 204 3
203 73 8
37 117 9
162 39 3
61 160 10
96 86 5
153 22 6
154 51 10
85 190 4
23 7 4
223 66 9
35 153 9
134 147 1
213 75 7
2 198 2
222 26 2
36 125 8
199 125 9
177 117 5
191 19 2
122 23 6
104 108 10
43 90 10
48 176 6
88 234 7
156 223 8
6 99 8
21 145 5
203 150 10
35 29 2
139 51 10
124 54 4
141 71 8
180 198 7
109 50 6
190 3 6
225 195 5
234 85 10
202 36 3
77 53 2
146 183 2
150 148 6
15 127 8
62 72 3
78 153 2
147 93 6
186 72 5
135 67 10
191 220 1
5 159 2
138 46 1
162 52 3
35 225 10
28 186 2
9 38 9
34 110 9
24 172 3
169 164 3
209 173 6
62 199 10
218 163 3
150 55 7
232 93 8
225 54 9
74 152 5
105 148 4
23 167 1
180 194 10
165 123 10
54 178 4
185 88 10
19 105 5
109 133 3
117 94 10
219 173 8
64 163 7
106 90 4
86 110 3
101 199 6
164 233 7
113 162 9
120 61 1
69 31 10
189 196 3
119 191 2
151 156 8
189 190 8
183 53 1
172 201 9
230 92 7
89 46 9
172 62 2
95 54 9
128 131 9
206 5 2
215 20 3
114 10 5
61 209 8
81 90 10
70 115 1
82 88 4
61 158 8
5 96 7
45 210 2
202 186 7
228 35 4
103 121 1
185 221 8
112 154 3
33 124 6
121 126 2
151 206 2
109 179 5
176 44 5
80 43 3
14 79 9
142 197 2
228 179 3
19 35 3
184 51 5
114 172 3
150 114 1
136 126 6
66 76 4
186 10 3
62 69 4
102 107 1
129 144 10
167 141 8
14 185 3
120 111 8
153 158 4
49 81 6
190 4 8
123 17 2
28 36 5
32 22 4
213 160 8
79 110 6
226 192 3
48 110 1
10 165 5
144 97 7
209 51 3
199 188 9
114 11 6
27 113 8
80 167 7
203 210 6
51 173 2
111 199 9
100 209 1
226 30 5
106 185 7
45 90 8
54 23 7
211 72 8
58 172 3
59 80 10
106 89 8
14 33 7
200 142 6
222 87 6
180 89 3
137 138 3
65 224 7
160 13 4
195 235 1
55 46 1
100 110 6
209 77 2
162 13 3
166 114 5
231 191 7
151 72 7
98 147 10
216 63 6
138 10 2
158 32 9
145 3 6
202 142 7
140 57 9
70 133 2
153 100 10
25 50 10
31 132 4
35 89 10
120 37 2
93 92 6
176 200 2
51 160 4
228 61 5
131 27 6
78 144 3
39 143 5
135 170 5
221 209 7
76 117 8
120 67 2
154 107 7
122 181 1
185 156 2
214 165 8
173 150 8
44 146 2
105 111 7
129 3 7
221 77 9
63 131 7
93 190 9
220 140 8
94 111 3
187 127 7
19 201 8
48 30 10
173 57 5
71 79 2
29 127 5
19 168 6
175 219 6
73 190 1
191 147 10
62 173 9
128 172 1
127 199 7
27 121 7
115 123 10
4 84 7
156 205 9
147 206 4
121 199 1
97 63 1
55 174 2
6 111 2
41 99 4
190 25 4
136 44 8
12 43 1
184 39 7
92 90 8
113 235 5
95 188 10
136 139 10
93 131 7
176 26 10
174 61 6
186 205 3
219 73 1
135 129 9
98 208 4
191 168 9
58 87 9
108 123 7
187 159 7
137 227 4
95 121 10
73 29 8
62 11 3
162 113 5
235 40 4
21 188 1
223 53 2
163 141 1
19 132 2
197 182 6
216 21 1
150 144 4
144 60 3
101 10 4
16 4 3
124 34 6
179 100 4
222 229 3
227 30 6
166 38 6
194 212 8
122 148 7
173 157 3
13 147 10
213 51 1
71 233 10
89 212 5
136 197 9
170 51 2
163 226 6
76 176 10
151 2 6
168 140 8
204 207 2
149 6 1
201 214 1
123 8 6
228 111 7
159 80 4
64 38 6
142 115 9
146 159 10
190 234 6
56 224 3
86 70 3
168 81 4
193 45 10
149 67 4
122 185 6
104 191 8
47 172 10
16 60 5
56 49 3
64 20 7
174 36 10
151 67 3
91 204 9
64 232 2
221 129 3
81 216 6
124 178 6
219 117 6
84 174 1
180 210 4
156 164 3
157 219 3
66 117 4
43 40 7
235 29 3
109 146 8
127 9 1
172 169 7
157 49 6
41 88 5
197 36 10
27 156 8
170 164 7
125 8 8
222 163 7
14 221 9
172 25 6
106 176 3
33 84 5
162 178 10
228 234 5
153 195 6
214 122 5
171 3 10
78 80 4
47 175 10
62 113 2
68 111 4
131 182 4
66 222 6
60 114 6
9 32 6
209 144 8
48 23 10
95 61 2
148 106 5
175 120 5
132 25 9
52 104 3
79 194 5
137 135 3
66 195 8
3 22 6
135 182 3
8 18 5
229 90 3
160 26 3
235 229 1
233 139 4
45 159 8
101 93 2
62 28 6
112 14 3
161 102 4
230 85 1
119 202 10
171 150 7
67 12 2
121 221 4
221 182 8
78 123 7
46 6 2
100 73 4
67 123 1
78 87 7
10 33 1
82 72 5
188 34 3
70 121 1
107 96 7
208 68 5
60 151 10
39 159 7
159 21 3
17 18 7
134 47 7
76 164 4
216 233 6
136 221 4
129 212 2
23 90 8
79 68 8
62 201 2
85 205 5
85 222 4
51 199 4
117 99 4
52 201 10
81 155 4
91 172 2
151 181 2
235 125 5
9 26 1
9 58 6
232 53 3
61 26 6
214 70 3
108 189 1
7 215 6
167 126 5
100 154 2
155 228 8
116 142 9
199 213 7
85 10 3
211 172 7
112 86 5
129 207 7
160 60 9
232 48 7
55 85 7
198 82 1
160 79 5
154 198 8
98 75 1
78 30 9
230 233 8
35 52 2
215 134 10
46 91 6
100 226 9
52 214 5
46 98 2
118 226 7
57 157 1
200 195 1
129 170 8
56 75 9
80 106 10
139 213 3
177 140 2
5 231 7
168 125 6
123 58 1
47 143 5
8 27 8
93 71 2
229 163 10
165 208 5
218 215 8
64 71 2
222 34 1
226 193 9
94 197 9
184 193 2
184 200 8
23 209 3
35 158 3
25 158 2
153 29 9
121 57 2
159 204 3
10 207 2
210 61 8
129 138 3
86 216 5
135 36 10
218 133 8
47 218 1
208 114 1
217 100 7
110 112 1
106 125 8
141 152 2
158 109 2
192 78 5
50 13 6
167 103 6
182 154 4
33 85 4
130 78 2
146 108 6
66 96 2
116 161 7
202 125 10
86 221 7
18 159 7
102 111 7
97 39 6
7 76 5
90 235 3
11 62 8
71 150 8
206 89 2
55 35 1
188 16 1
216 143 5
221 46 9
199 94 1
174 40 8
181 48 2
125 124 1
66 135 3
10 23 8
114 24 3
106 193 8
26 167 10
104 13 9
170 71 1
117 112 6
134 34 4
154 230 9
156 46 1
165 77 10
27 142 6
197 103 6
160 50 5
91 227 7
112 74 7
208 170 3
176 95 6
117 108 3
17 177 6
184 33 6
191 204 1
117 6 1
196 217 4
128 162 8
218 83 7
145 74 6
107 205 6
1 115 1
140 73 7
234 89 4
46 166 7
210 109 9
50 185 6
3 176 7
154 152 2
99 185 6
45 145 6
53 54 6
11 145 2
184 179 9
209 119 2
65 168 9
8 153 3
135 203 6
182 228 7
92 121 10
31 168 1
191 194 6
93 207 6
233 212 3
194 153 9
127 105 10
218 105 1
46 228 9
6 187 1
189 162 5
70 51 2
174 117 3
121 12 3
40 14 5
156 114 1
99 120 3
106 207 9
31 133 1
230 86 2
52 118 10
10 100 1
197 135 3
40 229 6
52 191 5
220 65 3
129 169 6
202 10 7
217 200 5
160 167 2
50 156 6
137 224 4
62 227 6
44 55 6
231 230 9
204 201 7
215 88 6
181 90 2
144 221 9
157 78 5
48 146 1
44 212 9
85 146 2
174 6 8
117 10 7
35 167 6
11 119 4
30 151 1
28 10 3
55 89 3
157 13 4
135 20 10
184 94 8
129 112 6
184 218 7
139 89 10
195 194 7
195 23 4
108 35 4
107 228 1
162 212 5
31 209 4
232 103 2
93 152 9
48 22 9
128 200 10
157 152 3
9 175 1
228 129 5
128 145 7
52 165 3
220 98 5
168 90 5
232 33 6
198 207 5
227 100 4
84 205 4
43 91 5
184 96 10
114 61 6
84 177 5
123 19 4
68 17 5
37 186 5
213 132 4
138 143 6
189 59 1
47 153 4
188 143 1
37 178 1
64 187 8
222 24 3
44 225 9
4 161 6
45 49 6
233 76 3
24 91 2
177 194 7
196 174 6
129 10 9
110 35 2
176 105 3
145 17 9
6 218 10
165 153 1
148 26 9
77 189 5
49 114 7
164 96 4
17 142 10
90 82 5
9 22 9
175 4 2
61 108 5
201 52 4
42 35 5
227 26 8
105 182 9
104 180 3
16 130 6
121 59 5
89 58 10
50 189 3
139 92 4
102 85 7
71 6 2
167 63 8
137 101 2
173 204 3
127 97 9
64 24 6
174 192 8
22 235 7
7 111 6
59 2 4
142 72 9
30 201 6
35 128 7
121 165 4
98 23 10
229 235 7
7 230 5
235 145 6
129 87 5
32 57 7
233 126 10
228 24 5
219 6 7
32 194 8
84 165 4
188 199 4
3 139 5
146 7 8
170 200 10
61 226 3
16 178 3
28 2 3
199 86 5
62 44 10
44 15 4
186 47 7
113 3 7
74 24 4
224 230 10
77 127 4
11 195 7
20 130 10
108 122 8
148 232 9
101 24 10
192 95 5
197 107 10
40 62 7
117 218 10
227 14 4
64 61 7
162 102 3
135 57 7
202 226 4
25 191 6
208 218 5
33 213 6
192 231 1
41 168 9
221 40 8
111 53 7
37 163 4
67 68 8
205 94 10
197 149 9
148 45 2
81 112 3
187 28 3
95 52 5
6 212 8
36 31 7
233 148 2
77 3 7
179 218 3
2 151 10
101 228 3
63 230 3
73 148 2
194 98 7
147 203 9
138 118 7
119 72 8
125 122 5
78 75 7
7 65 10
145 43 5
50 164 8
108 58 8
52 157 8
138 2 5
227 99 9
185 103 9
131 224 6
153 102 10
209 206 1
36 6 6
215 149 8
21 55 3
228 12 2
153 50 10
158 60 6
97 152 6
53 142 2
191 189 2
105 122 5
125 2 8
163 140 1
79 124 4
38 139 8
75 185 7
107 37 6
40 214 3
151 66 9
69 54 1
37 52 2
127 193 9
99 173 2
219 207 10
62 225 7
223 206 4
89 118 6
146 215 7
227 16 3
201 172 2
159 108 4
117 55 8
6 66 9
185 204 9
34 167 8
178 84 3
28 57 4
142 147 3
212 3 6
62 52 2
71 45 8
81 42 3
208 25 8
57 25 5
102 192 9
227 92 3
133 99 1
231 221 5
117 163 9
140 34 6
219 139 7
19 71 5
71 107 4
181 58 7
159 4 4
3 192 10
170 89 5
47 56 4
170 1 3
18 205 1
28 3 7
77 58 2
202 113 10
39 110 10
66 190 1
19 173 7
154 213 2
127 79 4
162 34 6
163 207 1
35 60 6
151 42 6
222 112 2
108 59 7
57 41 3
45 23 6
78 64 7
15 175 3
117 129 5
78 158 4
150 6 6
202 222 9
198 28 5
10 170 5
6 137 2
88 169 6
54 52 3
218 205 5
138 222 3
75 79 9
72 93 1
22 152 7
125 22 7
213 190 7
10 86 6
108 155 2
111 86 2
45 162 10
162 132 1
158 104 1
69 183 7
86 17 5
196 203 1
221 18 4
203 132 8
229 233 4
61 203 3
158 191 5
31 66 7
36 47 2
200 18 8
198 106 2
194 145 5
5 70 4
153 107 10
218 142 6
89 47 4
48 41 7
83 10 7
233 235 1
70 103 3
57 136 2
117 96 5
137 75 4
224 46 4
123 169 4
217 84 6
80 151 7
203 201 6
54 169 8
173 84 3
166 163 5
120 150 3
13 51 4
167 172 2
230 16 1
41 32 8
51 180 2
225 51 6
42 216 5
180 14 9
52 211 2
114 189 3
202 120 6
53 73 4
78 90 4
216 173 10
105 118 1
77 215 4
174 165 4
125 42 3
184 46 10
10 175 9
194 158 4
184 167 10
33 144 2
61 233 3
132 198 9
110 156 4
164 202 1
136 224 8
42 202 1
40 117 2
131 120 3
120 199 1
153 2 7
165 60 5
153 72 7
104 142 10
111 186 10
78 126 1
119 21 6
97 168 1
172 56 8
23 121 4
59 60 6
214 170 10
109 178 5
121 176 2
45 103 1
23 97 5
29 32 4
150 160 1
128 230 3
32 193 8
3 213 1
192 72 9
179 15 3
39 96 1
15 84 6
189 99 4
218 51 4
210 66 6
118 190 5
58 125 5
191 161 6
51 189 9
174 118 9
162 57 5
86 97 8
97 174 6
72 94 5
105 68 2
21 201 1
141 222 9
141 75 6
11 24 6
96 106 10
122 133 5
17 21 10
233 64 5
214 153 10
72 106 8
164 187 1
115 36 5
32 173 4
107 120 5
124 194 2
122 113 1
206 76 9
206 151 4
148 9 6
2 10 8
116 72 1
161 6 4
13 188 6
206 234 10
211 75 10
214 157 4
126 140 7
171 153 3
91 39 7
83 223 2
51 60 7
225 123 5
4 94 10
218 14 3
235 62 5
86 10 1
213 117 5
221 199 4
218 32 2
152 139 9
72 175 3
49 230 3
167 188 10
80 172 5
50 115 10
98 133 8
166 99 7
74 175 8
214 192 8
157 64 2
94 34 6
155 16 2
25 84 8
16 181 10
123 93 3
11 93 5
37 234 4
50 51 7
52 207 2
155 149 6
149 206 8
138 36 6
181 31 8
222 40 10
157 43 8
110 16 1
4 110 9
83 105 1
57 155 6
56 130 2
73 215 10
76 79 4
228 41 5
197 215 5
80 14 3
104 17 7
142 75 1
32 165 8
104 90 8
57 137 7
117 146 4
40 124 10
97 66 2
224 121 2
178 225 2
208 168 6
92 235 8
84 40 1
2 232 7
165 25 8
114 20 10
56 194 4
47 58 3
46 88 4
115 126 9
126 36 10
180 121 2
75 55 6
77 78 6
49 103 1
32 150 3
174 39 6
77 147 3
212 35 5
189 12 9
73 165 8
60 83 10
62 157 7
101 161 8
229 149 3
38 13 1
117 18 4
78 211 9
39 12 3
92 228 4
231 222 6
70 113 4
35 135 2
201 75 6
59 17 6
184 93 10
150 137 2
170 211 10
214 174 7
145 198 5
95 155 2
66 205 2
96 75 2
116 16 5
197 145 3
95 168 5
77 117 9
229 97 1
176 10 2
131 87 6
233 159 2
225 216 4
109 189 1
69 155 8
141 223 10
151 100 7
60 5 1
47 134 4
197 170 7
138 142 7
15 180 5
87 187 2
92 216 5
184 36 8
165 54 3
229 232 5
72 235 7
109 217 5
207 234 8
112 90 2
226 178 1
234 133 5
86 49 7
49 150 3
29 100 8
69 67 3
196 82 2
197 68 3
64 141 5
136 214 4
179 107 7
38 207 6
114 151 9
121 68 9
169 77 3
12 10 1
192 193 4
156 189 7
124 50 9
28 74 6
146 60 2
135 43 2
100 103 4
194 230 1
131 143 8
7 60 3
213 153 10
43 97 1
102 1 7
176 91 1
47 206 6
167 118 8
85 61 3
106 177 7
225 95 2
220 147 7
49 128 8
48 5 2
20 129 2
161 86 3
121 207 4
152 76 8
73 226 1
112 135 1
208 130 3
231 132 1
203 12 2
184 106 8
127 201 5
119 215 9
210 53 3
165 184 1
171 196 7
3 111 6
186 38 6
209 161 5
20 94 4
189 211 8
127 183 7
56 228 1
155 111 3
151 160 10
21 134 7
52 148 9
186 50 4
52 68 10
65 52 10
200 143 2
221 161 6
109 141 9
114 219 10
61 195 10
14 233 8
150 23 1
74 209 2
135 138 5
119 58 6
223 155 3
63 43 4
168 187 6
217 182 6
42 70 2
64 114 3
219 26 5
18 87 10
233 46 7
65 16 5
198 35 1
110 47 10
25 71 3
2 86 3
188 114 8
184 56 7
139 95 10
55 81 5
97 220 8
29 209 1
86 94 7
218 147 5
45 183 3
99 113 10
67 76 7
172 24 8
103 189 5
74 145 5
41 2 6
107 61 10
38 52 4
77 101 7
71 2 10
94 154 2
122 171 9
95 86 4
212 208 6
27 104 2
157 114 6
26 197 2
114 68 3
78 66 1
54 80 7
167 161 10
154 172 9
116 158 5
199 11 3
156 65 4
30 13 5
101 154 1
194 187 6
36 122 1
230 30 3
211 226 10
215 26 10
144 94 4
71 134 4
192 205 9
6 22 7
169 209 3
135 184 1
71 178 4
230 95 5
212 150 4
201 221 9
111 214 1
65 210 4
189 216 4
85 64 10
214 66 3
101 223 4
181 202 4
47 98 6
128 25 6
228 208 1
184 68 6
181 26 8
227 18 7
234 170 8
184 54 7
210 172 10
83 108 9
212 31 5
170 52 6
6 211 1
191 44 2
8 151 4
87 63 1
19 31 2
131 232 3
53 25 4
159 156 3
115 216 8
124 223 1
177 30 4
191 33 4
91 220 5
230 88 4
115 3 6
221 14 2
171 149 4
58 5 5
52 67 3
142 214 6
173 133 1
203 90 8
110 133 1
211 181 6
72 68 8
12 165 1
203 145 10
35 90 8
26 7 3
47 119 2
115 82 5
101 202 9
124 160 4
124 136 1
234 5 4
165 82 6
112 100 3
107 232 2
122 195 3
160 121 10
2 29 8
83 217 8
39 38 9
145 137 7
109 213 3
199 215 4
58 176 7
127 197 6
131 65 5
217 3 10
129 126 6
174 52 2
50 4 7
1 91 5
80 212 5
150 106 2
147 73 2
10 122 7
111 115 5
7 45 2
49 23 6
189 90 1
111 73 8
209 208 4
64 16 9
11 35 1
42 194 8
215 146 3
38 182 10
235 224 8
7 181 4
63 59 9
113 112 3
25 94 1
111 40 8
167 227 3
151 14 8
192 86 6
26 79 3
156 21 4
48 90 4
97 41 9
18 143 4
77 205 1
134 119 10
57 163 10
8 29 9
175 74 6
211 150 9
132 111 8
196 59 4
217 14 7
189 97 6
207 79 10
217 114 9
148 24 7
151 126 10
50 117 8
204 7 8
68 229 10
203 102 3
88 200 9
60 150 8
224 171 5
101 83 7
137 7 5
17 131 4
177 196 6
102 35 1
109 110 2
47 105 5
58 94 5
128 34 9
174 44 4
67 185 2
145 93 1
116 27 7
42 122 8
180 163 9
132 223 7
145 203 3
52 42 7
30 188 7
22 150 1
193 87 2
90 137 4
119 124 2
45 128 3
81 76 6
55 143 6
186 54 10
54 143 3
162 217 4
9 48 9
122 130 2
32 78 6
21 152 4
64 49 2
218 224 5
235 86 10
109 23 7
128 138 6
52 9 8
153 185 6
33 167 10
68 1 3
37 18 8
11 235 4
57 150 2
69 230 1
4 139 1
214 152 10
127 20 1
3 186 1
224 159 8
215 101 9
114 21 9
86 145 4
23 189 8
68 120 6
52 10 1
184 53 10
96 105 7
232 134 6
231 102 6
75 26 9
42 232 1
183 220 8
158 139 7
48 102 4
182 210 9
177 18 5
140 122 4
223 102 5
138 62 2
226 158 9
77 221 3
104 113 8
99 178 6
177 100 6
148 230 1
178 52 6
207 74 8
211 191 8
2 126 8
39 95 3
91 26 4
139 125 9
227 35 4
211 76 4
82 231 4
195 97 7
32 137 5
13 173 3
178 172 3
200 150 5
147 216 8
3 169 7
219 48 2
128 60 5
101 43 8
63 139 4
34 170 4
141 228 6
95 21 9
163 115 1
70 117 5
9 69 4
88 192 3
45 193 5
71 74 6
51 208 8
137 157 1
109 118 5
123 148 3
234 74 10
16 57 5
220 78 3
201 59 8
148 66 8
182 31 10
109 223 7
217 219 1
96 36 3
174 106 3
77 80 3
92 23 5
93 74 10
200 92 10
217 60 7
168 119 6
35 212 6
170 203 8
5 81 3
67 234 5
185 197 1
230 130 2
75 7 6
25 30 1
173 50 3
166 59 2
31 95 1
105 200 7
17 130 5
183 110 10
162 98 3
91 59 7
102 132 7
81 28 9
220 68 3
58 173 5
107 39 1
173 193 2
226 181 2
116 170 1
82 157 5
168 180 2
94 135 1
92 98 6
74 59 4
156 40 3
52 86 9
33 116 8
207 113 2
174 80 1
165 131 3
205 194 8
138 128 1
169 85 3
197 59 8
164 38 4
12 178 5
198 102 5
105 56 9
128 177 6
37 73 6
109 150 8
202 185 8
140 235 6
124 63 5
35 45 1
148 142 7
121 34 7
187 51 8
114 174 9
87 117 2
162 107 8
103 217 3
124 93 10
6 14 2
29 84 7
218 156 8
235 31 5
52 235 2
228 189 6
114 49 5
85 161 9
218 108 2
90 26 1
108 33 1
179 157 1
231 118 4
101 180 8
151 71 7
173 63 8
100 143 7
119 171 2
121 195 6
132 10 9
80 166 3
21 100 7
141 136 9
221 65 1
90 59 6
113 25 8
203 151 9
156 169 10
34 109 2
83 200 7
228 132 5
14 99 8
43 171 10
38 156 5
10 46 3
119 157 1
228 117 10
16 152 4
11 123 9
45 155 6
203 68 10
200 12 3
15 46 9
10 123 4
20 61 7
131 203 4
139 16 10
97 191 6
202 115 2
135 75 4
25 91 2
40 171 10
170 48 5
27 161 7
191 117 10
96 101 7
121 115 7
184 150 1
21 135 8
43 74 5
103 78 5
164 114 10
121 145 4
235 50 3
68 109 1
222 38 5
200 148 9
208 193 10
21 202 5
16 204 1
16 72 4
149 20 10
196 193 2
172 16 1
201 200 7
200 4 8
4 136 6
117 86 7
41 74 5
56 86 6
113 97 6
130 53 3
183 90 4
218 34 10
221 55 3
27 126 2
150 54 2
50 231 1
103 32 7
83 188 8
37 74 10
155 5 8
138 66 3
52 16 6
126 122 9
171 70 5
71 152 5
27 82 3
344 2000 50 398289665
1 45 8
175 344 4
45 248 9
248 308 7
308 169 4
169 335 10
335 44 7
44 107 1
107 118 2
118 294 2
294 59 4
59 296 3
296 298 1
298 206 1
206 36 2
36 188 8
188 278 7
278 97 9
97 84 4
84 13 6
13 292 9
292 285 2
285 271 3
271 227 8
227 228 2
228 49 2
49 123 5
123 337 1
337 7 5
7 23 1
23 340 3
340 338 5
338 318 3
318 312 3
312 173 4
173 193 8
193 26 7
26 260 9
260 9 3
9 55 6
55 117 9
117 209 6
209 300 7
300 143 6
143 140 5
140 171 5
171 56 4
56 174 4
174 112 8
112 332 10
332 222 10
222 331 10
331 236 9
236 176 6
176 323 4
323 35 2
35 186 1
186 282 6
282 41 1
41 237 2
237 90 3
90 305 9
305 320 5
320 66 9
66 114 6
114 185 9
185 309 8
309 322 10
322 127 5
127 212 10
212 224 8
224 291 10
291 304 2
304 302 2
302 37 6
37 196 5
196 139 2
139 165 3
165 67 4
67 283 5
283 316 3
316 158 1
158 102 3
102 130 8
130 327 9
327 326 3
326 166 5
166 75 4
75 53 8
53 249 9
249 47 7
47 91 3
91 17 10
17 33 5
33 46 5
46 141 8
141 155 1
155 20 6
20 60 7
60 208 8
208 211 10
211 83 6
83 126 5
126 307 8
307 88 4
88 16 2
16 144 1
144 199 8
199 69 1
69 177 1
177 43 5
43 31 2
31 78 7
78 71 10
71 240 6
240 213 1
213 164 4
164 219 9
219 115 3
115 2 5
2 254 2
254 325 3
325 148 10
148 39 4
39 261 8
261 314 3
314 160 10
160 241 5
241 255 2
255 262 2
262 330 1
330 24 1
24 54 6
54 290 3
290 19 5
19 154 8
154 125 1
125 313 8
313 251 3
251 87 7
87 274 1
274 252 3
252 194 4
194 231 3
231 284 4
284 201 7
201 182 1
182 119 5
119 232 5
232 146 10
146 190 5
190 334 6
334 168 10
168 135 8
135 34 4
34 207 4
207 74 3
74 32 6
32 242 10
242 243 2
243 281 7
281 29 10
29 218 10
218 50 7
50 343 9
343 178 6
178 270 3
270 76 10
76 310 8
310 253 5
253 136 6
136 175 6
19 7 1
220 304 6
222 326 5
156 231 9
168 63 4
214 113 1
100 239 5
180 263 5
289 89 5
176 50 5
262 126 3
57 252 1
113 181 1
265 78 5
28 120 1
307 314 1
138 319 1
151 162 2
8 299 5
78 59 1
288 329 6
30 263 2
218 305 5
62 210 8
198 188 5
341 111 10
306 57 3
119 291 9
71 188 10
249 43 10
143 47 4
16 274 7
292 283 5
107 304 8
138 105 7
99 157 5
81 227 4
270 75 4
146 168 6
312 216 1
113 162 10
8 78 4
109 263 4
86 66 8
28 84 1
328 129 9
319 164 6
5 296 9
141 149 1
283 289 6
145 107 5
276 65 6
117 151 3
15 134 1
283 153 3
44 204 2
276 162 2
24 162 4
31 262 1
98 209 2
143 323 1
102 196 5
162 302 2
98 316 3
180 283 2
82 248 5
47 53 1
154 229 4
153 199 8
86 40 7
54 215 9
18 333 2
323 309 6
102 313 2
259 124 2
41 284 9
59 328 4
26 42 9
226 183 10
45 95 5
280 277 8
202 298 7
328 243 9
95 75 10
224 56 9
96 186 2
16 118 2
299 103 8
11 177 5
116 281 3
305 153 8
27 198 1
201 7 3
309 212 5
228 172 4
36 177 10
238 46 3
269 263 1
252 211 1
223 282 9
121 259 9
136 34 5
125 213 3
16 75 6
129 191 10
212 240 9
173 246 4
327 325 4
292 55 7
294 173 4
309 135 4
32 179 5
86 293 3
222 314 6
283 245 1
95 224 5
258 207 3
26 319 10
311 117 8
32 286 2
20 7 5
47 324 5
282 120 2
257 212 10
136 183 9
244 27 1
248 162 7
226 309 8
67 231 10
281 70 10
286 69 4
253 324 1
41 71 4
236 195 6
69 273 3
105 54 7
77 275 1
69 39 9
61 62 6
31 275 5
124 1 6
209 180 9
24 96 4
84 279 9
63 48 8
279 313 10
295 218 6
174 259 9
100 305 5
316 339 9
87 84 9
212 109 7
73 137 9
302 21 3
12 30 6
217 114 7
279 194 7
319 302 5
148 32 1
175 145 4
279 217 4
191 75 6
162 323 3
162 189 1
75 326 2
180 156 9
338 73 7
233 129 9
60 153 2
187 306 8
97 293 6
116 180 10
77 249 5
301 183 4
229 15 6
193 13 8
151 185 3
237 278 1
111 202 3
26 106 4
232 331 8
123 100 6
33 82 8
301 311 10
281 23 6
316 168 2
86 152 3
13 196 1
274 133 4
334 49 4
87 336 3
20 311 4
172 107 10
72 17 1
213 53 8
63 51 9
322 281 6
335 223 1
25 187 8
336 333 9
15 103 1
9 302 2
138 104 2
139 142 8
301 309 3
140 120 3
336 124 4
11 36 4
162 205 9
324 121 2
22 127 7
200 140 9
302 38 3
96 86 3
9 34 6
271 234 3
28 276 6
299 18 3
328 61 9
269 197 7
63 97 2
31 21 7
140 288 7
190 28 9
232 154 4
320 175 1
61 252 10
130 195 10
226 106 2
336 49 2
169 11 2
319 171 6
55 79 5
303 93 2
327 274 5
224 210 10
35 170 10
34 71 8
238 295 6
279 19 1
272 314 3
307 218 3
122 317 3
302 165 4
248 101 10
273 39 4
193 235 3
74 286 3
185 265 6
44 41 10
141 71 3
230 196 3
152 331 7
165 104 4
221 139 10
214 63 1
34 335 5
118 87 8
99 77 9
344 94 7
65 78 6
81 93 1
248 23 6
158 229 6
194 205 3
232 118 10
193 72 9
198 205 2
83 91 9
202 277 5
152 183 7
332 27 6
120 184 8
14 203 9
112 187 9
76 1 4
286 128 8
325 138 5
214 207 5
302 170 2
2 179 1
212 333 1
181 231 6
113 315 9
39 266 6
287 328 3
242 309 8
125 58 10
324 28 10
90 62 2
96 113 5
284 4 10
146 150 8
182 181 9
132 125 4
304 259 10
171 81 5
47 24 7
190 212 8
331 54 5
128 206 2
189 169 2
290 265 6
248 250 6
252 228 4
79 179 2
196 57 8
60 273 9
184 149 1
253 73 3
112 219 7
284 105 4
170 153 5
50 89 9
304 199 1
208 122 2
185 20 1
228 174 10
181 84 3
6 294 8
158 62 7
101 300 10
133 112 4
46 55 9
106 59 9
74 313 9
269 34 10
134 127 3
240 77 8
227 107 10
296 129 1
332 264 8
153 114 10
154 45 2
331 256 10
9 89 10
141 261 6
308 208 7
112 154 3
130 120 1
74 198 3
283 126 5
174 268 5
154 128 1
222 97 5
149 47 5
282 331 2
166 267 9
144 337 2
168 248 9
281 66 9
102 57 2
251 194 8
319 267 3
59 135 1
310 10 2
292 209 6
93 204 2
14 73 9
18 67 2
288 312 4
184 46 5
127 31 6
101 208 9
342 214 3
80 203 4
233 15 3
138 54 8
242 227 8
119 57 6
233 111 10
89 334 3
317 33 9
123 244 4
84 52 8
165 151 3
286 260 1
229 255 1
7 257 9
39 9 10
285 15 7
59 206 8
213 124 7
298 138 9
323 225 8
222 235 10
12 115 2
163 210 8
96 102 5
290 154 5
37 292 9
308 244 8
5 281 10
126 217 5
294 262 8
160 323 10
217 79 5
181 151 2
104 42 7
196 168 8
93 233 10
169 225 8
103 85 7
211 243 3
85 270 5
207 321 10
269 209 6
153 112 6
123 168 6
248 24 6
157 143 6
202 107 3
49 191 9
22 220 4
122 82 10
340 309 9
116 329 1
306 277 3
289 227 1
181 226 1
256 186 3
36 155 7
273 163 3
232 229 7
154 226 10
278 321 3
302 59 5
166 273 3
24 289 2
184 160 4
96 160 2
238 186 1
146 131 6
68 297 9
248 116 8
144 121 7
2 19 9
299 65 8
155 333 7
44 125 9
13 271 10
272 165 2
189 248 5
57 94 1
137 65 2
126 100 9
308 172 7
281 61 6
217 129 3
146 181 4
319 54 10
33 335 7
28 108 1
305 10 5
73 156 1
319 4 6
306 34 7
194 273 7
273 109 1
69 36 5
128 182 1
73 240 4
257 325 5
262 71 9
341 51 7
289 57 6
153 61 9
94 310 8
141 181 3
212 159 6
67 339 6
77 250 7
171 29 8
246 79 8
259 78 6
177 171 1
244 220 1
4 235 5
20 32 8
169 166 1
121 105 2
47 35 6
292 11 1
182 274 2
29 222 9
107 318 9
274 223 8
274 182 2
258 338 1
303 74 2
134 192 9
271 32 9
127 323 7
309 209 10
127 157 7
82 129 3
191 174 4
319 339 6
173 11 7
307 78 1
239 240 6
138 123 3
10 238 4
110 27 7
170 235 5
265 74 2
132 87 8
311 226 3
138 144 1
299 246 4
177 57 3
130 240 5
223 221 6
242 265 8
125 78 2
312 238 10
198 13 4
292 258 3
220 244 5
115 76 1
37 282 6
73 92 10
171 344 5
25 182 7
61 41 1
228 336 7
6 281 6
141 283 10
131 277 5
74 124 6
5 30 5
303 313 3
302 147 1
117 336 8
45 278 5
270 329 6
178 212 5
74 171 5
61 93 7
250 205 9
265 175 1
38 229 9
151 78 10
178 114 9
316 188 6
280 328 8
147 63 6
78 287 10
105 256 3
318 221 7
76 65 4
119 229 2
49 109 7
59 287 6
90 12 10
84 273 8
218 294 10
185 196 2
246 188 8
170 317 7
262 207 2
134 82 7
46 208 6
40 234 8
303 143 2
51 220 9
242 84 1
166 162 2
337 317 7
262 140 5
127 319 10
276 5 5
311 171 8
3 318 8
54 123 1
182 269 10
215 284 2
322 275 8
285 202 8
58 46 3
308 151 1
192 179 7
88 162 10
87 17 4
340 148 7
37 191 9
63 13 3
125 60 8
298 15 6
208 257 1
341 23 10
159 323 1
81 199 4
142 249 5
171 261 3
90 316 3
177 165 9
209 17 2
317 117 8
285 76 8
214 240 7
171 255 6
210 60 2
157 166 2
147 316 6
247 47 9
207 335 1
285 6 4
186 247 3
78 113 7
73 173 1
45 115 8
35 164 3
98 214 6
175 185 9
208 260 6
20 148 7
48 190 7
116 171 8
83 85 8
107 255 5
332 282 5
209 207 8
80 285 3
15 246 8
18 139 7
331 343 3
85 219 8
208 131 5
82 33 3
31 42 2
12 59 3
298 317 9
309 57 7
215 53 8
120 131 3
55 124 4
42 6 9
94 219 3
310 243 6
311 266 6
309 113 10
236 53 8
186 257 8
169 308 2
143 235 8
28 170 1
204 120 1
153 163 4
186 33 5
149 292 1
258 230 10
152 338 6
69 205 1
49 247 9
62 165 10
308 122 2
341 306 7
29 277 6
121 111 6
281 63 9
261 70 4
99 230 3
299 307 9
151 214 1
142 29 4
236 147 8
133 6 5
5 331 3
69 302 1
260 237 3
151 191 10
122 328 8
198 59 3
173 44 8
134 274 10
185 24 5
248 232 3
237 108 6
236 278 7
319 15 9
27 320 9
334 324 10
270 80 6
131 259 4
26 273 3
3 161 10
69 269 6
128 287 4
55 31 6
113 295 10
314 252 8
236 61 7
62 22 4
293 147 8
5 240 3
277 3 6
228 286 5
211 112 1
148 75 10
122 260 6
232 147 4
270 32 6
229 314 5
119 168 4
324 61 4
134 266 6
171 50 3
106 194 3
310 257 5
111 16 1
141 277 5
194 337 4
101 296 2
99 142 10
277 320 8
237 38 3
2 253 10
244 29 5
139 83 6
128 132 10
335 152 4
217 239 1
297 214 5
55 328 1
205 122 10
72 259 1
123 281 7
317 311 1
20 40 10
84 87 9
161 231 8
93 167 6
196 223 3
263 267 3
72 317 7
76 85 6
198 277 8
40 41 9
264 47 9
268 112 6
168 109 10
97 316 4
159 206 6
173 273 8
94 308 1
139 34 9
17 85 2
45 96 9
218 60 1
158 319 10
193 115 3
322 301 5
283 55 1
31 136 6
125 286 1
246 233 4
150 178 9
336 87 2
96 308 1
263 270 8
103 15 6
327 214 8
224 43 10
338 294 1
11 101 8
105 33 2
221 184 7
98 290 7
134 202 1
18 48 9
245 37 1
141 165 1
193 108 2
308 264 8
138 26 3
238 139 2
173 313 9
57 20 8
164 48 10
308 173 6
175 256 7
226 307 5
83 138 4
289 213 7
13 44 6
27 14 4
125 123 2
99 162 1
237 206 7
174 307 8
26 28 7
344 328 4
260 1 6
253 341 4
209 72 5
104 226 2
167 342 4
335 45 10
255 144 6
110 342 3
59 17 3
342 223 9
336 127 8
335 158 3
14 34 8
81 39 6
110 304 3
30 340 2
101 149 5
207 82 6
26 55 5
143 293 5
42 29 4
74 207 1
91 180 3
88 14 9
62 40 7
296 60 10
186 212 3
199 191 2
2 143 6
198 136 6
275 259 4
209 253 7
16 256 1
63 147 9
205 60 2
125 102 6
136 321 2
135 239 9
177 307 7
261 49 4
95 13 6
45 56 1
208 141 5
252 319 6
135 93 9
282 339 8
81 145 2
337 283 2
132 277 3
299 97 3
112 305 5
11 307 9
201 6 5
257 317 8
17 170 5
12 288 7
153 98 6
73 178 8
123 268 1
287 11 4
206 73 6
296 69 3
32 277 5
275 175 6
132 288 8
276 128 5
61 237 5
25 188 7
229 301 7
297 342 4
124 60 5
110 1 5
92 96 10
210 51 9
205 276 8
265 114 1
135 199 8
54 190 1
255 10 9
275 39 5
233 142 4
243 313 4
204 169 2
321 80 9
268 113 1
3 150 5
205 335 8
187 325 9
137 149 5
35 217 3
215 294 8
29 43 6
1 95 1
15 7 5
64 54 2
259 240 4
305 217 5
61 256 2
216 171 10
291 180 9
95 254 7
311 81 3
244 210 2
136 218 8
163 250 9
70 294 6
286 86 2
39 219 2
2 89 9
209 192 9
311 1 5
98 91 2
130 131 9
156 167 8
148 279 10
5 98 2
308 149 10
10 68 5
295 285 5
232 249 5
141 271 5
245 192 10
237 236 6
297 2 1
312 10 10
32 147 5
299 332 7
252 172 9
277 238 1
103 3 3
283 222 9
14 196 2
148 166 10
136 261 4
191 109 7
139 46 5
204 138 5
122 85 9
2 316 10
32 299 7
174 276 2
33 23 4
321 104 5
285 46 4
129 69 10
78 123 3
192 146 5
325 198 1
101 91 10
168 105 8
221 299 4
108 196 6
93 175 2
319 240 1
194 220 5
254 21 3
5 251 6
121 305 2
237 249 7
314 330 1
99 312 3
187 316 1
68 234 7
310 256 8
84 37 4
4 150 9
226 257 7
116 28 7
54 140 3
9 90 3
158 134 9
247 285 5
50 171 4
62 169 8
27 255 10
21 192 5
248 168 6
58 271 4
23 19 2
207 217 9
301 216 2
109 255 5
230 94 3
96 290 2
105 112 2
92 208 7
186 194 8
218 166 8
235 141 5
95 152 2
48 86 3
282 98 8
339 335 5
307 263 3
241 75 5
263 341 9
40 202 6
339 61 3
308 305 9
70 3 6
216 319 8
59 305 8
330 38 5
90 197 6
233 152 10
218 202 9
159 18 1
70 121 2
250 94 4
29 330 6
97 21 9
285 188 7
290 125 6
118 275 1
278 150 4
282 324 6
101 64 4
70 107 4
337 149 9
175 10 2
205 296 8
301 276 1
107 21 8
150 200 10
171 267 3
304 130 9
174 22 6
263 39 5
315 342 4
165 21 2
141 312 1
341 338 1
173 43 7
107 42 2
174 333 2
227 161 9
70 318 5
320 110 6
293 200 3
329 116 5
329 343 8
191 165 9
130 87 5
53 26 3
71 178 7
169 302 3
57 269 9
51 79 9
221 104 3
264 114 2
308 41 5
240 155 10
113 71 9
191 119 10
311 11 5
33 337 1
325 221 6
4 48 10
114 50 9
182 333 3
204 265 9
209 107 9
238 264 9
169 172 4
152 149 2
88 114 10
301 64 3
308 4 3
30 319 10
332 170 7
9 226 5
102 109 8
173 20 1
252 85 7
17 342 3
30 229 5
42 136 1
240 170 7
123 73 10
130 160 7
241 147 4
196 119 6
150 303 1
174 337 4
5 335 5
241 196 8
2 236 3
186 73 9
100 176 6
37 327 3
298 136 5
51 134 1
120 325 6
174 244 9
12 170 3
74 186 1
162 8 9
182 332 1
119 261 9
113 222 5
246 167 2
248 60 7
166 246 7
64 164 7
246 121 6
292 106 5
287 42 5
154 139 3
87 128 7
236 31 5
294 94 1
202 342 9
81 42 10
151 76 1
227 213 5
264 152 3
59 315 1
125 271 4
155 295 7
321 53 1
89 93 7
325 55 7
295 72 7
126 35 8
75 97 8
324 90 7
125 262 4
120 250 2
2 329 5
270 86 10
25 205 5
218 324 5
132 259 3
104 9 3
173 14 9
213 89 9
188 213 10
230 105 10
19 84 5
21 29 8
195 151 4
15 19 6
226 315 6
250 218 6
268 40 10
154 327 3
88 87 1
170 329 3
326 290 6
281 229 6
322 129 8
2 23 8
194 333 8
232 74 1
116 150 7
9 144 9
198 71 3
244 32 3
338 125 7
107 319 4
135 121 10
241 276 8
211 308 10
88 8 9
81 43 4
322 8 9
216 232 4
168 53 7
255 293 8
251 184 5
32 220 3
134 97 5
166 342 8
92 137 1
314 327 7
159 315 10
116 204 10
224 212 9
47 98 7
295 246 1
232 20 5
295 181 5
186 243 9
317 216 8
209 328 1
137 103 4
219 260 9
342 41 2
106 76 9
317 18 3
85 202 6
271 212 5
318 203 10
232 293 6
174 190 5
14 315 9
13 326 2
126 304 3
110 267 9
136 283 1
35 339 2
244 82 7
115 143 8
108 41 10
4 306 4
293 278 8
66 143 7
336 332 1
65 68 6
305 19 4
22 192 5
262 141 2
12 247 8
39 91 1
227 31 6
37 77 3
90 117 7
294 82 3
272 140 9
96 297 8
242 273 3
188 45 3
101 34 1
303 284 5
226 57 9
6 102 7
135 92 10
169 114 5
159 47 2
312 320 3
325 336 2
113 242 10
119 207 3
210 90 1
6 330 6
112 269 1
124 5 2
206 296 9
160 233 10
221 64 2
316 296 10
285 295 2
252 180 6
192 201 9
27 188 5
289 149 10
177 302 2
335 177 4
316 210 5
86 83 8
238 118 6
244 233 6
1 146 4
28 32 7
313 207 7
250 286 6
308 323 7
85 291 3
312 266 4
97 327 10
204 148 9
165 116 10
296 144 2
269 112 3
67 95 9
111 28 4
87 141 1
280 313 9
177 16 9
102 120 1
328 289 8
203 323 10
271 104 2
117 161 5
68 307 1
157 19 2
231 241 2
153 82 2
250 293 9
210 168 8
133 70 9
163 158 9
324 150 6
340 124 5
98 257 2
281 259 2
245 182 6
100 227 4
196 221 2
88 313 4
156 343 9
60 233 9
73 291 7
2 296 3
192 285 2
146 282 8
236 171 9
272 52 9
306 288 8
52 168 9
133 334 5
172 144 1
143 218 10
342 84 9
99 122 9
187 121 4
195 27 6
158 115 3
46 272 2
65 140 3
161 118 9
14 10 5
141 120 1
85 143 9
145 99 2
67 93 2
240 250 5
313 183 9
152 250 4
113 297 10
273 127 7
150 15 2
341 249 2
33 117 8
65 91 4
317 158 3
305 1 6
69 131 8
67 91 2
245 106 1
203 343 4
302 167 9
277 207 5
320 268 9
162 324 3
167 291 9
188 289 3
307 89 9
192 242 8
338 123 7
258 327 5
259 235 7
344 7 7
116 203 4
63 196 8
68 98 1
93 209 6
87 168 1
195 219 6
175 32 3
254 168 9
289 243 2
54 269 5
188 139 2
158 173 9
225 305 5
74 21 4
225 53 8
154 240 2
171 117 2
92 59 3
130 265 7
343 253 1
146 285 3
190 215 9
104 207 1
15 206 7
300 128 5
107 267 6
40 221 6
231 285 6
29 195 4
128 96 3
331 68 6
288 321 8
119 42 2
191 249 9
179 257 7
198 296 4
122 68 3
150 341 2
316 256 3
142 80 1
316 178 10
286 90 4
138 297 9
148 182 10
134 119 4
13 76 5
309 211 2
249 288 7
192 126 9
248 126 10
183 57 2
143 152 7
189 58 5
268 47 10
148 176 8
133 182 8
45 144 8
344 130 2
315 55 10
106 235 8
167 144 5
106 57 9
87 230 7
16 104 3
214 32 6
84 22 3
120 87 3
156 311 5
323 327 6
277 185 1
179 110 10
176 183 6
337 227 3
262 310 4
43 114 10
135 259 7
17 168 9
114 172 2
282 90 7
23 103 2
80 62 5
266 91 4
66 213 4
141 303 8
330 197 4
91 20 5
149 318 10
27 219 4
102 126 9
176 31 3
200 168 8
7 162 6
228 257 2
342 118 4
20 179 2
59 290 10
54 139 1
220 180 5
31 147 5
154 85 7
327 312 8
198 6 1
278 264 9
44 98 5
152 72 1
131 320 8
274 295 3
113 323 8
132 245 4
316 299 1
162 130 2
246 128 1
36 195 6
154 212 9
201 115 5
78 217 4
301 265 3
306 341 8
243 70 7
188 36 5
166 341 3
72 67 4
41 311 5
261 208 10
203 106 2
250 3 4
200 325 1
300 150 2
189 113 2
205 120 7
331 118 8
200 307 9
170 112 3
242 99 3
80 13 2
62 321 2
276 38 10
224 278 1
314 20 3
96 246 8
245 261 2
262 83 9
178 8 3
104 151 6
115 227 2
131 141 5
109 22 2
64 136 2
107 51 9
18 245 9
78 240 9
328 194 10
60 332 10
181 14 7
163 281 6
342 50 9
213 207 8
248 119 7
40 305 7
263 195 3
174 236 5
130 140 3
41 14 8
93 104 2
234 102 8
259 271 8
315 40 6
191 138 6
255 188 8
121 332 8
174 103 9
327 303 3
170 214 6
167 314 7
295 57 8
268 48 6
125 35 8
6 288 4
219 43 1
37 230 1
164 267 2
108 219 10
114 216 7
53 281 2
231 110 6
285 326 1
57 222 9
254 94 8
61 160 9
197 202 7
73 64 6
219 124 4
239 77 5
75 76 5
159 211 2
295 81 7
210 179 4
124 25 7
47 32 2
264 202 10
227 25 7
142 136 6
256 166 10
292 168 8
103 234 9
113 93 3
98 170 5
341 298 4
258 53 4
93 343 6
41 161 2
48 94 7
343 106 7
13 16 2
22 290 5
153 83 10
164 178 2
293 89 4
81 171 8
164 306 7
284 121 3
305 78 7
220 168 10
21 251 4
196 290 3
225 246 1
35 245 7
100 144 3
326 60 1
25 270 2
151 143 7
292 312 7
240 95 6
299 178 7
80 17 3
273 2 9
11 189 10
249 80 10
273 124 2
31 341 8
99 217 1
172 228 1
50 206 3
98 168 8
196 275 3
314 92 4
267 79 5
112 90 7
61 22 3
185 235 3
40 9 10
79 338 9
330 234 7
248 164 8
112 99 5
127 283 7
25 219 4
3 231 8
105 318 1
288 192 2
266 305 7
163 238 6
123 66 1
178 252 7
100 213 4
291 97 6
258 33 6
31 11 5
91 129 6
72 343 7
338 78 7
65 160 10
303 151 10
166 52 1
218 237 1
40 271 8
133 318 4
103 119 6
63 264 7
321 21 10
315 238 5
48 236 2
331 122 2
43 134 1
193 225 5
143 38 3
293 128 6
13 172 1
3 158 7
103 182 2
284 139 7
36 69 3
158 145 1
81 126 4
259 210 3
297 54 10
133 108 1
54 280 10
286 142 9
238 68 1
335 195 10
274 71 8
55 195 9
332 270 7
266 264 8
199 271 8
247 53 9
72 5 5
47 105 4
100 34 2
93 26 8
174 159 8
161 137 10
96 55 8
70 28 6
116 48 5
44 262 2
234 19 1
7 138 8
237 145 5
106 340 10
251 329 10
97 124 5
128 192 10
242 107 9
175 302 10
208 56 1
307 86 8
341 324 1
123 267 1
289 98 1
123 4 3
148 58 4
311 220 1
59 197 4
63 46 8
340 250 10
94 233 7
160 109 8
25 276 6
133 123 10
265 286 6
39 249 10
317 237 1
132 88 1
134 162 10
56 12 4
249 225 10
50 19 8
115 306 6
186 207 4
176 256 9
217 145 2
309 226 3
209 270 8
117 286 2
97 12 8
180 120 9
187 342 2
16 283 2
237 126 8
3 39 1
136 273 8
310 283 1
94 42 3
42 303 1
10 300 4
297 222 10
123 200 4
8 290 1
242 59 3
21 92 10
266 37 2
127 206 4
116 39 2
218 78 10
56 162 2
268 152 3
222 176 8
238 335 3
313 226 6
189 7 8
82 127 7
240 298 7
186 221 2
136 223 2
69 112 4
70 270 9
291 25 5
301 156 2
284 118 10
174 225 3
79 62 8
30 99 2
221 257 10
158 26 7
65 69 1
213 185 5
317 91 8
239 300 1
71 26 10
170 226 4
222 138 1
13 32 8
174 167 5
144 126 9
288 82 4
41 159 3
146 137 6
44 168 8
26 204 4
316 342 4
149 127 3
304 282 6
234 210 7
46 40 4
111 36 5
214 301 9
299 231 9
227 134 8
73 344 8
297 23 4
12 58 5
163 3 1
202 197 7
246 106 7
92 15 7
98 181 10
169 146 5
321 43 9
136 165 3
48 284 6
172 252 10
131 339 3
110 209 9
7 254 6
19 338 1
294 4 2
318 27 3
111 244 7
32 221 1
146 136 9
182 56 8
41 315 4
142 265 10
300 132 1
219 208 3
176 268 2
333 244 6
206 140 9
329 29 2
79 228 6
84 288 8
63 318 2
132 33 8
186 201 5
25 314 7
53 91 2
167 109 8
249 137 1
229 106 5
261 56 6
160 314 3
228 69 2
178 122 9
58 131 1
8 206 8
292 236 8
244 227 4
141 81 5
193 201 6
341 167 2
144 112 4
101 125 2
79 3 8
297 221 8
37 308 10
69 44 5
281 222 4
68 274 9
5 216 7
18 317 3
244 142 2
84 328 9
288 181 2
273 299 6
109 324 7
86 275 1
78 264 6
227 160 6
167 225 5
299 285 7
182 2000 50 13581541
1 133 8
7 182 7
133 163 5
163 30 5
30 122 3
122 92 6
92 127 1
127 162 7
162 8 7
8 143 1
143 44 10
44 16 5
16 6 4
6 62 10
62 40 4
40 172 4
172 157 1
157 136 6
136 14 9
14 66 6
66 11 4
11 65 6
65 144 6
144 94 8
94 21 1
21 150 8
150 76 9
76 98 4
98 174 6
174 35 9
35 10 8
10 179 7
179 12 10
12 89 5
89 38 3
38 39 5
39 149 4
149 146 4
146 9 3
9 180 10
180 128 8
128 57 5
57 15 7
15 24 7
24 29 6
29 147 7
147 167 5
167 86 7
86 50 3
50 176 1
176 58 6
58 112 10
112 26 1
26 168 5
168 90 1
90 178 6
178 165 4
165 152 2
152 82 8
82 145 4
145 169 9
169 170 2
170 121 2
121 72 1
72 161 10
161 67 3
67 181 9
181 171 7
171 105 2
105 129 9
129 51 10
51 113 2
113 107 5
107 164 7
164 156 7
156 141 8
141 77 3
77 3 6
3 54 1
54 20 2
20 104 3
104 17 9
17 125 1
125 148 6
148 158 9
158 110 3
110 151 4
151 25 5
25 134 6
134 43 9
43 7 7
21 10 4
150 161 7
54 30 8
79 6 8
111 73 3
58 84 3
100 171 5
18 92 5
168 41 7
8 75 7
134 126 2
38 21 5
126 147 8
86 114 1
109 28 4
16 89 3
79 28 9
149 59 4
145 118 6
98 151 9
46 99 8
15 34 10
122 118 8
168 24 6
176 66 7
66 73 8
87 44 4
120 115 7
165 166 8
106 147 6
118 18 10
28 125 9
96 103 3
54 69 5
90 114 2
42 4 10
87 85 6
8 22 8
172 10 2
133 113 8
75 44 5
108 43 8
73 160 4
172 43 3
96 70 8
59 83 3
98 45 10
116 11 3
152 163 5
132 58 4
12 141 7
170 60 1
177 140 5
93 47 10
60 136 10
48 16 7
116 32 3
156 32 8
150 77 10
126 105 4
69 124 3
22 96 2
134 71 7
81 126 2
26 181 8
47 104 5
9 172 4
54 95 7
30 150 8
33 60 10
77 142 9
49 114 2
102 20 3
153 6 1
166 96 7
16 63 3
51 15 7
152 99 4
134 163 2
126 163 5
89 108 7
161 111 9
146 24 5
23 18 4
9 40 3
68 74 4
180 30 8
57 28 2
94 70 8
169 161 7
26 5 6
40 116 4
52 109 7
16 170 5
70 67 4
43 152 8
67 163 5
116 130 1
98 175 10
122 123 10
91 10 1
150 125 6
60 141 7
174 90 8
76 135 4
29 134 6
57 132 6
51 8 8
117 20 6
108 80 8
72 149 2
117 31 1
47 49 8
20 133 6
11 55 7
106 11 6
45 91 7
74 97 8
65 169 8
131 109 3
38 37 8
142 92 2
137 140 7
80 6 1
4 139 7
164 45 8
26 116 5
135 173 6
65 174 1
97 103 9
115 1 7
76 30 10
120 40 4
130 52 5
75 37 5
3 41 6
66 134 9
166 59 2
123 145 3
181 40 7
65 32 10
80 26 1
107 81 7
124 15 2
159 157 6
19 165 8
110 165 3
134 84 2
127 136 1
164 123 6
22 46 2
131 178 8
39 75 6
134 151 5
124 99 2
73 47 2
89 59 10
19 149 2
56 51 3
158 8 10
97 69 6
25 139 6
44 47 1
155 143 5
166 124 1
148 114 2
143 36 8
142 135 9
134 8 6
172 57 9
140 168 8
85 135 8
154 67 8
107 104 2
99 155 5
6 119 10
155 36 7
38 114 10
65 96 8
79 73 9
167 13 2
18 141 10
62 76 2
51 2 10
32 172 5
69 130 9
178 102 4
41 175 9
21 167 7
177 68 1
59 153 2
8 74 4
11 163 6
142 57 5
55 178 9
20 21 1
132 51 6
47 28 7
167 173 1
173 90 8
3 76 7
89 129 5
92 10 9
20 162 8
21 151 4
104 9 9
71 154 2
98 29 10
87 79 2
28 69 3
144 77 3
167 129 7
178 15 2
162 166 6
119 49 2
121 160 8
49 13 2
158 136 7
178 23 7
168 84 3
181 116 1
55 1 8
43 84 10
143 9 7
139 126 8
44 17 7
122 87 8
174 166 5
142 155 7
57 75 10
178 140 2
158 124 3
151 90 8
13 29 8
163 26 3
152 16 10
11 180 3
39 72 8
63 123 5
145 107 1
1 56 8
5 53 1
133 105 1
79 72 3
104 85 7
125 54 4
41 68 10
71 147 5
48 30 6
23 180 9
116 105 10
31 150 9
94 166 4
55 154 9
136 54 2
113 78 5
46 108 4
107 36 5
12 84 7
41 89 6
25 18 5
158 161 4
33 123 6
78 67 2
64 49 8
80 117 9
154 135 5
51 9 3
161 126 6
37 175 8
178 180 10
32 14 1
33 35 2
46 10 9
84 41 4
131 40 10
148 154 9
180 39 4
117 4 4
179 93 4
82 89 5
49 50 5
74 141 6
86 112 10
107 134 6
88 16 3
140 150 8
13 73 5
77 141 8
92 52 9
162 25 8
177 180 4
55 19 7
43 76 2
157 89 9
53 155 3
131 157 1
41 5 5
147 151 5
139 171 9
54 163 4
143 134 4
140 32 9
14 32 9
179 108 2
181 17 9
146 157 5
167 6 8
7 44 5
87 6 1
96 83 2
129 119 8
99 77 7
111 54 8
158 33 10
153 123 10
142 88 7
177 66 4
162 128 6
1 175 9
140 174 10
16 161 10
37 134 10
72 92 7
121 130 3
168 131 4
65 59 9
119 57 3
98 67 6
96 102 9
84 74 2
76 102 1
61 5 4
73 38 1
109 55 5
152 103 8
85 41 3
79 76 1
77 144 4
44 161 2
7 10 1
17 138 9
137 22 2
41 113 2
22 43 4
49 86 6
98 171 9
139 68 8
159 40 10
81 95 4
82 97 8
120 81 7
20 51 10
112 111 2
109 149 3
52 139 9
44 159 2
1 11 7
31 103 9
179 180 5
172 58 7
119 182 1
47 170 2
89 107 8
101 60 7
10 133 6
65 48 3
121 107 6
164 113 3
44 139 1
86 167 4
114 107 9
51 175 4
125 3 3
75 9 2
80 101 8
107 137 10
128 171 4
126 62 9
103 147 3
59 140 9
12 76 6
97 45 4
59 9 7
175 19 1
165 132 3
59 122 3
92 123 6
181 35 5
11 15 6
171 18 6
28 135 3
106 70 3
155 99 6
46 53 7
62 180 9
83 93 9
41 109 2
9 78 9
86 159 2
174 34 4
148 117 4
115 28 1
34 97 6
22 171 10
174 56 7
129 102 1
24 174 2
69 151 5
12 37 5
73 7 10
44 178 5
35 40 10
54 12 1
119 28 3
51 172 1
146 39 8
132 95 1
10 52 7
15 115 7
134 97 9
124 8 6
40 152 1
79 134 2
17 179 10
111 14 7
163 120 3
150 90 10
72 32 7
93 106 1
84 131 5
143 32 4
82 65 1
111 5 9
68 8 6
89 8 2
102 148 4
112 82 4
87 2 6
79 112 7
22 88 3
163 79 5
151 40 4
172 39 3
19 8 4
96 148 3
161 104 8
10 62 2
96 8 3
30 50 8
115 129 8
11 146 8
20 23 8
173 99 8
181 112 3
120 167 6
85 10 8
31 151 3
135 55 1
93 182 3
151 115 7
85 144 3
142 54 3
120 85 7
10 164 1
181 36 8
11 110 1
121 59 6
119 125 10
68 14 6
81 147 1
60 158 3
38 128 5
19 71 3
152 180 7
158 69 1
1 146 2
116 33 8
129 9 9
171 141 2
24 59 2
39 130 10
32 23 9
84 166 10
173 97 8
104 108 9
45 131 6
61 78 5
76 12 2
60 76 9
118 144 4
140 148 8
108 51 3
24 105 3
21 97 2
79 67 5
81 21 7
131 106 3
147 61 10
102 29 5
12 54 4
159 145 10
81 94 7
135 98 4
30 77 7
134 83 10
128 174 8
30 179 8
101 44 4
126 54 5
167 83 2
80 48 9
111 62 4
169 97 6
93 28 8
121 3 7
180 116 6
37 25 7
7 181 10
100 53 2
65 17 7
176 177 9
100 7 3
50 82 6
151 161 2
77 57 4
109 56 4
84 101 5
42 48 8
128 33 3
13 160 1
73 67 7
174 141 8
176 63 10
21 91 4
164 17 7
14 46 1
123 148 3
178 10 4
111 106 7
154 129 6
159 41 8
19 97 5
24 106 3
108 40 5
46 3 7
126 108 10
143 168 4
31 126 1
105 16 2
32 121 2
99 118 3
132 67 5
9 25 3
70 96 6
77 82 7
94 143 3
62 177 2
60 8 3
66 163 1
162 9 10
42 158 7
77 85 2
72 156 5
165 38 10
162 64 10
7 36 6
10 48 5
1 122 1
55 43 3
11 6 3
155 4 5
9 58 5
85 28 8
91 166 3
58 13 5
27 48 1
109 138 5
69 60 6
117 87 8
107 18 1
110 180 6
88 59 3
133 151 6
104 49 10
13 49 6
100 147 6
136 179 4
52 161 5
100 167 8
47 162 5
173 84 9
9 161 7
27 64 1
3 57 10
49 111 5
112 32 5
77 2 9
25 181 10
30 144 2
23 127 3
140 39 8
159 1 5
177 52 2
157 166 1
125 33 10
157 173 7
137 165 8
166 55 1
12 110 8
29 167 5
67 132 6
15 27 4
43 166 8
89 31 6
141 73 1
61 169 8
132 141 8
51 140 4
111 84 9
142 4 8
159 142 3
175 50 10
163 91 8
151 113 7
144 128 5
43 63 9
101 57 3
16 98 3
163 161 7
163 146 6
133 21 1
144 102 7
57 164 1
99 73 4
118 123 8
152 29 3
42 72 4
70 132 7
54 99 6
134 73 4
11 63 6
102 133 9
173 22 6
181 156 1
126 146 8
3 44 4
88 67 6
48 146 1
111 109 9
141 35 9
171 30 9
104 155 6
164 23 10
31 99 9
118 115 2
130 120 8
28 24 4
149 144 8
160 164 10
90 74 3
167 108 3
179 159 3
5 115 1
76 84 6
63 153 4
88 150 5
23 133 8
129 79 9
104 172 9
70 143 5
2 102 3
128 150 10
89 174 7
72 103 7
169 112 3
53 99 9
104 128 9
120 140 5
9 164 10
75 58 8
136 79 10
169 73 7
86 124 10
82 56 2
48 182 1
35 168 6
177 103 2
95 116 6
15 178 3
76 38 3
55 54 8
7 1 3
27 56 2
72 180 2
109 146 9
97 65 3
148 116 9
55 14 7
72 37 4
157 112 1
114 150 1
90 145 10
98 76 5
144 177 1
107 61 5
45 171 1
41 6 5
101 172 1
149 106 8
155 142 5
65 122 5
173 138 6
176 44 8
155 84 8
31 107 9
96 33 6
30 124 4
2 26 6
40 125 1
51 168 8
81 132 9
98 27 9
89 154 2
176 91 1
110 182 5
121 74 10
84 51 6
60 123 5
178 109 3
27 118 1
163 179 1
9 24 4
94 80 6
164 146 9
38 95 2
3 125 4
178 133 2
93 163 4
68 29 5
99 31 6
143 11 5
145 136 9
9 32 7
26 155 4
25 182 6
137 45 2
124 165 8
179 112 6
181 132 3
18 140 1
41 54 8
145 126 7
126 45 9
156 161 6
112 87 2
62 148 1
24 152 7
149 1 1
21 63 10
111 120 7
9 5 4
160 132 1
80 162 9
77 154 1
23 41 10
170 127 3
159 111 6
176 67 8
27 39 3
98 157 1
74 132 8
41 69 9
24 16 3
169 29 1
51 56 10
3 100 7
85 73 8
97 135 4
122 53 7
93 97 5
119 126 9
155 2 5
44 99 5
136 16 5
28 96 2
27 140 8
82 109 5
93 143 10
66 77 10
174 142 6
167 17 7
53 158 7
108 144 8
71 17 2
42 147 8
156 119 1
101 90 1
105 99 2
37 103 8
13 78 6
52 152 9
60 57 8
31 170 1
155 67 5
2 90 1
127 114 8
134 3 4
134 98 9
63 125 2
131 69 5
151 172 6
44 142 9
85 181 7
166 133 6
110 35 4
107 46 8
78 94 10
86 34 2
154 42 7
106 56 7
27 145 10
147 144 3
173 139 3
59 17 4
134 70 9
124 120 5
127 93 10
96 182 1
8 53 6
176 158 10
101 131 5
53 64 6
41 56 1
177 181 1
90 98 9
142 176 7
62 73 6
55 88 10
127 121 4
181 71 6
158 168 6
119 65 1
10 3 9
3 119 7
35 171 4
90 73 4
83 76 7
103 19 7
75 134 6
162 115 10
32 84 5
65 131 4
40 144 3
143 60 6
173 68 10
116 159 10
147 65 1
145 34 8
4 152 1
20 73 3
105 175 9
157 37 3
109 162 7
5 10 7
44 64 1
91 133 9
11 57 6
150 104 9
169 64 1
125 61 1
89 103 9
8 44 10
63 99 3
21 24 10
139 85 1
87 60 9
140 79 1
146 151 5
140 91 7
177 31 2
47 18 2
46 23 10
108 83 6
139 26 10
102 60 7
86 22 9
56 86 2
39 160 5
125 108 9
32 25 4
138 56 1
59 124 7
169 17 10
179 137 8
111 90 4
115 15 4
150 71 5
63 12 7
72 165 7
29 97 4
80 47 7
54 100 3
16 146 9
141 101 4
83 84 2
160 145 1
102 172 10
130 137 5
96 19 7
113 39 3
105 147 6
82 91 2
65 72 4
23 64 9
59 82 10
43 125 7
114 110 9
30 85 5
23 162 7
153 177 4
52 3 6
17 62 6
39 158 2
163 157 3
17 152 4
74 4 4
34 71 1
131 93 6
151 137 10
155 165 4
92 91 2
135 127 9
172 64 6
6 3 5
77 162 5
18 33 10
86 47 10
117 69 8
35 17 1
50 139 7
155 160 2
26 160 8
64 57 7
71 23 10
107 15 6
116 99 3
71 164 6
15 9 8
143 107 3
167 4 5
20 135 9
143 160 8
164 6 4
56 35 4
105 7 1
89 155 5
175 41 6
150 35 2
70 35 10
51 69 3
169 100 1
10 84 2
28 129 10
100 75 10
156 150 7
145 121 1
129 96 8
36 88 3
144 60 10
88 19 5
130 114 2
164 157 10
48 20 3
33 82 9
103 39 2
105 114 6
119 18 9
168 58 1
46 31 8
47 80 1
20 109 9
131 35 3
159 6 3
76 108 1
140 153 5
63 21 10
102 44 8
99 89 8
27 178 5
12 8 6
161 139 10
133 155 5
38 88 7
115 62 10
30 119 2
122 111 3
26 170 10
180 107 10
35 147 5
180 40 8
149 100 10
134 63 6
119 48 2
7 54 2
78 168 5
59 3 5
65 16 7
109 37 1
38 76 7
96 110 9
28 171 6
80 127 5
97 39 9
121 158 2
80 115 7
45 123 9
180 10 7
97 1 7
58 41 7
79 87 7
155 37 7
153 182 10
17 53 4
150 65 6
47 48 2
2 70 3
35 127 5
92 81 3
25 158 1
98 143 10
54 23 9
20 19 4
170 155 1
3 8 6
155 5 9
53 111 5
142 112 5
168 122 7
158 129 5
61 112 10
11 139 8
145 115 3
165 175 5
151 9 4
75 67 8
169 144 6
109 66 5
100 172 10
27 54 10
142 63 9
178 137 5
122 67 3
73 102 1
97 172 1
7 171 2
64 92 4
14 92 1
113 65 8
67 167 9
131 55 8
85 161 4
139 160 1
41 18 6
174 40 6
162 144 5
104 40 3
100 157 8
147 95 10
139 61 4
12 57 4
96 86 2
68 143 7
23 171 2
61 118 4
41 75 7
146 86 7
8 153 4
22 54 8
181 4 4
156 154 10
37 39 4
2 51 1
36 171 9
31 66 4
44 73 6
72 26 6
62 181 6
107 8 5
123 152 1
78 71 3
171 31 8
121 68 8
62 134 7
33 151 4
145 125 7
56 74 1
63 145 1
54 130 8
97 3 1
132 46 7
122 59 4
159 120 9
118 27 8
23 56 6
79 162 8
42 92 5
33 41 6
119 108 5
137 121 7
55 181 4
8 43 2
91 35 5
147 42 3
88 47 7
73 25 8
157 104 1
174 7 1
118 164 2
56 179 4
173 89 4
55 91 9
76 2 5
59 149 2
49 66 2
1 55 2
57 19 10
85 63 1
113 89 7
88 37 8
109 102 5
105 98 3
111 107 3
171 19 3
75 149 6
2 73 9
177 12 2
159 89 4
112 28 8
158 81 7
131 140 5
46 155 2
61 46 8
140 142 10
36 102 7
11 37 6
27 44 4
104 36 5
168 123 1
144 88 6
161 5 4
48 97 8
144 39 6
83 178 8
87 63 7
153 89 5
54 155 2
36 177 2
87 97 1
32 154 4
133 34 6
89 173 6
101 18 1
171 147 5
172 105 8
1 24 9
170 57 3
152 102 4
150 117 1
169 136 2
125 156 6
98 110 10
11 102 5
86 24 5
128 106 7
9 75 3
12 21 10
24 163 1
106 180 4
26 132 7
6 12 8
164 169 8
73 163 8
108 171 5
42 50 4
131 21 2
116 180 1
84 87 4
96 3 2
136 44 2
15 84 8
103 32 10
31 113 7
161 133 1
62 138 7
140 86 1
44 172 4
19 181 2
130 182 2
98 85 8
6 39 1
11 48 6
31 129 6
19 162 3
87 70 10
28 154 3
129 75 1
153 83 7
159 101 4
109 104 10
4 92 9
78 76 4
116 45 1
73 175 2
167 77 6
129 64 9
30 103 4
62 163 4
131 9 9
162 109 5
63 86 3
142 58 1
161 138 9
19 120 6
10 137 7
145 42 2
54 122 1
56 163 4
82 36 1
55 85 5
47 160 4
67 146 8
116 71 4
27 142 6
168 159 5
42 144 8
48 140 1
132 163 7
66 62 10
71 125 5
159 106 3
171 71 8
92 70 7
3 21 2
18 91 6
36 136 7
122 160 1
3 143 6
74 88 4
174 163 4
117 143 5
26 1 8
4 175 4
54 3 9
72 167 9
167 74 9
59 58 9
79 49 9
67 83 5
95 158 7
89 160 4
57 44 10
134 125 7
22 166 9
47 174 7
86 69 5
48 152 5
170 8 8
156 4 2
109 100 9
3 182 2
89 101 9
105 158 2
141 55 3
106 47 5
127 38 7
132 155 8
21 178 2
136 8 3
14 156 9
125 39 4
15 163 1
19 158 8
102 91 4
90 48 4
64 171 6
14 144 1
176 163 3
116 83 1
145 21 2
32 77 7
75 85 3
110 79 4
88 5 2
172 59 6
123 180 8
10 182 6
162 171 9
79 178 3
100 124 8
112 152 4
77 146 4
107 124 2
46 75 5
76 159 4
74 57 9
77 60 5
50 151 5
164 82 9
64 25 1
111 60 9
15 158 8
125 14 9
35 8 1
97 149 2
48 168 7
103 47 3
88 178 6
127 115 10
117 19 9
28 26 10
130 109 10
149 13 2
167 179 3
175 98 6
157 159 8
24 74 2
134 155 7
67 149 1
94 41 7
39 159 3
71 178 6
118 63 2
159 64 7
53 46 10
4 2 5
38 145 10
119 179 2
74 8 7
104 148 10
142 150 3
126 59 3
20 37 6
180 157 4
143 22 4
110 91 2
135 51 2
130 153 7
114 3 3
156 97 6
30 138 6
173 46 3
123 29 1
172 145 8
164 61 10
69 139 6
22 102 1
121 49 1
178 124 2
51 13 7
152 33 3
56 126 8
66 144 10
36 100 3
56 148 7
95 76 4
87 177 4
138 159 7
92 50 6
70 138 8
163 102 10
123 126 7
141 13 1
130 144 1
62 85 4
156 138 1
37 98 3
82 93 5
129 7 3
12 51 1
160 19 8
144 81 4
15 177 10
178 37 6
153 9 4
175 142 8
97 170 3
161 141 10
173 12 6
21 29 6
100 123 7
108 84 8
76 73 8
149 61 4
71 180 7
82 94 5
35 31 6
16 162 8
144 30 6
156 71 9
103 126 9
90 23 9
152 86 1
134 93 2
141 110 7
178 168 8
141 167 3
79 99 3
82 37 7
104 2 3
160 67 5
128 120 7
16 61 9
99 156 8
32 31 2
86 37 6
3 116 1
176 173 5
36 17 7
98 152 6
173 65 4
132 70 8
167 140 6
80 7 5
163 165 7
53 67 10
43 107 4
2 52 10
78 176 9
46 102 5
107 6 2
113 168 10
180 18 6
152 123 3
48 67 8
170 47 9
45 52 6
153 82 3
61 28 3
13 79 8
163 53 10
130 8 4
144 138 3
3 174 3
174 12 10
115 54 10
94 96 4
164 43 3
121 37 7
91 106 5
113 102 10
153 51 8
28 58 2
69 87 5
169 38 4
43 30 1
116 88 3
148 21 9
172 144 1
37 173 7
168 11 4
142 10 6
80 168 4
167 32 10
27 29 1
45 121 5
178 105 3
57 68 5
92 90 5
55 18 6
26 127 5
166 45 7
107 73 7
72 128 9
63 136 10
11 121 4
24 4 2
84 158 3
91 168 10
52 107 3
140 138 5
25 96 4
107 138 2
144 32 8
116 76 3
76 8 8
81 87 4
82 64 4
157 176 3
120 3 9
12 26 1
67 79 8
14 13 6
74 18 7
168 48 9
4 126 4
172 180 7
46 50 4
107 76 7
47 83 8
79 109 3
33 148 9
143 132 6
96 23 7
108 138 3
91 5 9
114 95 8
138 51 7
179 115 7
154 164 10
79 102 10
91 182 10
35 14 8
165 65 2
105 143 5
85 149 9
142 37 5
94 52 2
40 97 10
78 134 5
88 50 9
164 2 3
73 99 10
150 180 7
85 177 10
98 14 8
47 20 2
78 162 6
110 107 6
151 99 2
3 90 4
99 37 1
127 143 9
141 70 7
105 39 10
135 131 4
141 76 9
21 135 3
31 88 10
139 99 3
128 30 7
73 48 1
154 91 9
31 2 8
143 21 1
50 42 10
93 38 5
130 90 2
121 92 10
4 179 9
57 80 9
8 40 7
53 96 3
92 136 1
168 174 3
119 93 8
175 34 5
128 41 3
21 15 10
9 145 7
149 97 8
176 179 7
21 127 5
61 93 8
159 152 6
175 63 9
102 177 8
48 69 7
2 108 6
157 113 3
70 108 2
174 134 7
134 127 6
48 103 5
1 48 3
112 39 3
7 56 2
16 18 8
1 128 7
119 87 2
114 81 2
37 1 2
68 84 4
158 147 1
100 89 4
124 2 9
27 83 9
9 86 4
102 25 7
148 153 8
54 13 3
146 30 1
176 125 10
145 20 7
24 33 1
109 157 7
46 52 5
35 170 9
153 140 3
20 62 10
97 154 7
159 180 10
94 72 1
93 109 8
154 176 5
142 180 7
139 170 2
131 76 9
119 167 9
84 33 3
142 39 4
59 123 10
69 26 10
24 68 2
22 117 6
152 58 3
46 67 1
160 169 8
93 80 2
174 16 6
176 1 1
146 99 4
62 2 10
42 137 2
90 171 6
105 45 4
120 105 2
114 34 1
41 83 8
111 177 5
118 137 2
8 14 8
93 3 2
68 34 10
17 136 10
84 7 9
107 51 1
107 67 10
42 76 5
19 63 6
34 106 1
126 110 9
139 77 9
21 47 2
16 54 5
71 173 5
134 178 8
15 131 10
123 49 6
24 158 7
143 139 4
74 127 8
2 12 7
85 59 8
66 88 6
49 97 6
26 11 3
126 98 3
47 154 9
77 21 4
68 102 5
85 143 5
138 57 2
179 101 5
132 169 5
165 9 8
19 119 7
80 125 5
116 123 10
174 38 7
176 157 10
119 142 7
158 178 4
172 141 1
180 36 8
166 64 8
161 105 9
83 131 1
140 87 10
64 100 6
174 45 8
69 88 7
123 7 2
177 5 2
123 140 2
110 141 9
68 115 7
114 135 5
94 45 1
43 90 1
76 97 8
106 43 10
182 3 3
167 26 8
51 131 9
168 138 9
29 60 6
101 58 3
167 35 8
107 182 6
102 40 5
163 55 7
28 90 1
95 26 6
101 5 2
9 43 10
60 100 2
72 141 4
164 166 5
143 87 1
143 165 7
148 152 4
150 164 1
146 165 3
92 4 6
98 62 5
113 79 6
120 135 10
149 137 7
91 131 6
175 3 4
48 180 5
72 43 6
29 19 6
118 166 8
95 172 6
153 92 2
61 6 3
37 163 2
169 78 4
72 41 9
139 18 3
61 53 3
102 142 3
9 135 1
18 143 10
120 70 7
94 169 8
179 167 5
42 129 5
16 68 2
42 8 10
84 132 9
129 20 3
42 12 5
160 38 2
103 57 6
40 168 10
86 160 2
44 38 1
111 1 3
102 90 7
102 139 6
172 93 1
176 102 3
136 36 4
29 123 2
74 5 9
21 106 6
7 169 2
139 50 7
29 119 9
42 88 4
173 144 3
10 8 7
19 163 5
24 70 10
134 122 2
114 65 1
101 14 2
126 179 5
59 87 9
18 106 7
112 161 3
88 147 6
177 153 9
145 116 6
74 76 7
73 83 2
33 115 4
75 182 5
9 3 1
33 126 10
65 70 6
54 84 5
27 43 3
164 91 9
55 162 3
117 62 3
87 127 4
151 16 5
133 84 10
91 180 7
38 78 10
18 88 10
32 55 8
101 19 5
8 120 7
172 102 3
13 37 1
141 75 8
106 125 9
139 60 4
66 20 10
164 130 4
59 177 6
15 64 6
104 24 4
165 182 10
145 102 10
9 132 10
25 19 4
90 106 3
168 28 1
160 47 8
172 140 2
120 106 6
140 51 5
121 164 6
128 114 5
138 179 6
7 91 5
19 41 9
74 16 10
15 45 9
16 123 5
27 10 3
112 147 10
84 164 4
18 1 6
31 92 1
163 135 9
112 145 3
93 42 2
76 160 10
177 74 1
30 57 4
115 55 4
145 124 3
32 48 8
158 24 7
115 4 8
145 76 4
53 78 9
47 33 10
93 9 4
142 73 7
47 99 4
12 82 5
138 9 8
169 58 9
162 21 6
32 108 1
115 155 5
153 96 4
159 21 9
109 19 4
97 109 5
133 51 7
53 44 8
34 169 2
149 41 8
172 51 4
115 163 5
71 2 2
178 32 6
164 110 3
135 47 2
150 68 7
59 178 7
22 162 2
120 149 4
83 100 2
180 126 7
107 149 5
46 161 4
15 142 2
104 144 10
34 158 9
25 122 8
141 89 9
31 82 3
65 156 6
71 161 3
67 125 2
36 143 9
116 65 1
132 61 9
12 19 9
8 125 7
165 171 7
60 133 2
21 133 4
169 172 8
154 4 1
171 139 3
12 116 1
30 3 1
83 1 5
27 47 2
9 165 1
13 135 2
142 128 9
42 134 10
178 3 8
101 2 8
29 58 10
98 50 9
135 108 3
