20 1000
0 c
0 m
0 i
0 p
0 s
0 o
0 a
0 t
0 x
0 l
0 k
0 e
0 b
0 q
0 u
0 h
0 y
0 n
0 j
0 d
0 1
1 1
1 1
0 1
0 1
1 1
0 1
0 1
1 1
0 1
0 1
0 1
1 1
0 1
0 1
1 1
0 1
1 1
0 1
0 1
1 1
1 1
1 1
0 1
1 1
0 1
0 1
0 1
0 1
0 1
1 1
0 1
1 1
0 1
0 1
1 1
1 1
0 1
1 1
0 1
1 1
1 1
1 1
0 1
1 1
1 1
1 1
0 1
1 1
1 1
0 1
1 1
1 1
0 1
1 1
0 1
1 1
0 1
0 1
0 1
0 1
0 1
0 1
0 1
1 1
0 1
0 1
0 1
0 1
0 1
0 1
1 1
1 1
0 1
1 1
1 1
1 1
0 1
0 1
1 1
0 1
0 1
1 1
0 1
1 1
1 1
0 1
1 1
1 1
1 1
1 1
0 1
1 1
1 1
1 1
1 1
0 1
1 1
1 1
0 1
1 1
0 1
0 1
1 1
1 1
1 1
1 1
1 1
0 1
0 1
0 1
1 1
0 1
0 1
0 1
0 1
0 1
1 1
0 1
0 1
1 1
1 1
0 1
0 1
0 1
0 1
0 1
0 1
1 1
1 1
1 1
1 1
0 1
0 1
1 1
0 1
1 1
0 1
1 1
0 1
1 1
0 1
0 1
0 1
1 1
1 1
1 1
1 1
0 1
0 1
0 1
0 1
0 1
0 1
1 1
0 1
1 1
1 1
0 1
1 1
0 1
1 1
1 1
1 1
0 1
1 1
0 1
0 1
1 1
0 1
1 1
0 1
0 1
0 1
1 1
1 1
1 1
1 1
0 1
1 1
1 1
1 1
0 1
1 1
1 1
1 1
0 1
0 1
1 1
1 1
1 1
1 1
1 1
1 1
0 1
1 1
1 1
0 1
1 1
0 1
0 1
1 1
1 1
0 1
1 1
0 1
1 1
1 1
0 1
0 1
0 1
1 1
1 1
0 1
1 1
1 1
0 1
1 1
1 1
0 1
1 1
0 1
1 1
1 1
0 1
1 1
0 1
1 1
1 1
0 1
1 1
1 1
1 1
1 1
0 1
0 1
1 1
1 1
1 1
0 1
1 1
1 1
0 1
1 1
1 1
1 1
1 1
1 1
0 1
1 1
0 1
1 1
1 1
1 1
0 1
0 1
1 1
1 1
1 1
0 1
0 1
0 1
1 1
0 1
1 1
1 1
1 1
0 1
0 1
0 1
0 1
1 1
1 1
1 1
1 1
0 1
0 1
1 1
1 1
0 1
0 1
0 1
0 1
0 1
1 1
1 1
0 1
0 1
1 1
0 1
1 1
1 1
0 1
1 1
0 1
1 1
0 1
1 1
1 1
0 1
0 1
0 1
1 1
1 1
0 1
0 1
1 1
1 1
1 1
1 1
0 1
1 1
1 1
1 1
1 1
0 1
1 1
1 1
1 1
0 1
0 1
0 1
0 1
0 1
0 1
1 1
1 1
0 1
1 1
0 1
1 1
1 1
1 1
1 1
0 1
0 1
0 1
0 1
0 1
1 1
1 1
0 1
0 1
1 1
0 1
0 1
1 1
0 1
1 1
0 1
1 1
1 1
1 1
0 1
1 1
0 1
1 1
0 1
1 1
1 1
0 1
0 1
0 1
1 1
1 1
1 1
0 1
1 1
1 1
1 1
1 1
0 1
0 1
0 1
0 1
0 1
1 1
0 1
0 1
1 1
1 1
1 1
1 1
0 1
1 1
1 1
1 1
1 1
1 1
0 1
0 1
0 1
0 1
1 1
1 1
1 1
1 1
0 1
0 1
1 1
1 1
0 1
0 1
1 1
1 1
0 1
0 1
1 1
1 1
1 1
1 1
0 1
0 1
1 1
1 1
0 1
0 1
0 1
1 1
1 1
1 1
0 1
1 1
1 1
0 1
0 1
0 1
0 1
0 1
1 1
0 1
0 1
1 1
0 1
1 1
1 1
0 1
0 1
1 1
1 1
0 1
1 1
0 1
0 1
1 1
0 1
0 1
0 1
0 1
0 1
0 1
0 1
0 1
0 1
1 1
0 1
1 1
1 1
1 1
0 1
1 1
1 1
1 1
1 1
0 1
1 1
1 1
0 1
0 1
1 1
1 1
1 1
0 1
1 1
1 1
1 1
1 1
1 1
1 1
1 1
1 1
1 1
1 1
1 1
1 1
0 1
1 1
1 1
1 1
0 1
0 1
0 1
0 1
0 1
1 1
0 1
1 1
1 1
1 1
0 1
1 1
0 1
0 1
1 1
1 1
1 1
1 1
0 1
0 1
0 1
0 1
0 1
0 1
0 1
0 1
0 1
0 1
1 1
1 1
0 1
1 1
1 1
0 1
1 1
1 1
0 1
1 1
0 1
1 1
0 1
1 1
0 1
1 1
1 1
0 1
1 1
1 1
0 1
0 1
1 1
0 1
0 1
0 1
0 1
0 1
0 1
0 1
0 1
0 1
0 1
1 1
1 1
0 1
0 1
1 1
1 1
0 1
0 1
1 1
1 1
0 1
0 1
0 1
0 1
0 1
0 1
0 1
0 1
1 1
0 1
0 1
0 1
0 1
0 1
0 1
0 1
1 1
1 1
0 1
0 1
1 1
0 1
0 1
1 1
1 1
0 1
0 1
0 1
0 1
1 1
0 1
1 1
1 1
1 1
1 1
0 1
0 1
1 1
1 1
1 1
0 1
1 1
0 1
1 1
0 1
0 1
0 1
0 1
1 1
0 1
0 1
1 1
0 1
1 1
0 1
0 1
0 1
1 1
0 1
0 1
0 1
1 1
1 1
1 1
0 1
0 1
0 1
1 1
1 1
0 1
1 1
0 1
0 1
0 1
0 1
0 1
1 1
1 1
1 1
1 1
1 1
0 1
0 1
1 1
0 1
1 1
0 1
1 1
0 1
0 1
1 1
1 1
1 1
1 1
1 1
1 1
0 1
0 1
0 1
1 1
1 1
0 1
1 1
0 1
1 1
1 1
0 1
1 1
1 1
0 1
0 1
1 1
1 1
0 1
1 1
1 1
1 1
0 1
0 1
1 1
1 1
0 1
1 1
0 1
0 1
0 1
1 1
1 1
1 1
0 1
1 1
0 1
0 1
0 1
0 1
0 1
1 1
1 1
0 1
1 1
1 1
1 1
1 1
1 1
0 1
0 1
0 1
0 1
1 1
0 1
0 1
1 1
1 1
1 1
1 1
0 1
1 1
1 1
0 1
0 1
0 1
1 1
1 1
1 1
0 1
0 1
1 1
1 1
1 1
1 1
0 1
1 1
1 1
0 1
1 1
0 1
1 1
1 1
0 1
1 1
0 1
1 1
0 1
1 1
0 1
1 1
1 1
1 1
0 1
0 1
1 1
1 1
0 1
0 1
0 1
0 1
1 1
0 1
0 1
0 1
0 1
1 1
1 1
0 1
1 1
1 1
0 1
0 1
1 1
0 1
1 1
0 1
0 1
0 1
1 1
1 1
1 1
1 1
1 1
0 1
0 1
0 1
0 1
0 1
1 1
1 1
1 1
0 1
1 1
1 1
1 1
1 1
0 1
0 1
1 1
0 1
1 1
1 1
1 1
1 1
0 1
1 1
0 1
1 1
0 1
0 1
1 1
1 1
1 1
0 1
0 1
1 1
1 1
1 1
0 1
0 1
0 1
0 1
1 1
1 1
1 1
0 1
0 1
0 1
1 1
0 1
1 1
1 1
1 1
0 1
0 1
1 1
1 1
0 1
1 1
1 1
0 1
0 1
0 1
0 1
0 1
0 1
1 1
0 1
0 1
1 1
0 1
1 1
0 1
1 1
1 1
0 1
0 1
0 1
1 1
1 1
0 1
1 1
1 1
0 1
1 1
1 1
0 1
1 1
0 1
0 1
0 1
0 1
1 1
1 1
0 1
0 1
0 1
1 1
1 1
0 1
0 1
0 1
0 1
1 1
0 1
1 1
1 1
0 1
1 1
0 1
1 1
1 1
1 1
0 1
0 1
0 1
0 1
0 1
1 1
0 1
0 1
1 1
1 1
1 1
1 1
0 1
0 1
0 1
1 1
1 1
1 1
1 1
0 1
1 1
0 1
1 1
0 1
1 1
0 1
0 1
0 1
0 1
1 1
1 1
1 1
0 1
1 1
1 1
0 1
1 1
1 1
1 1
0 1
1 1
1 1
1 1
1 1
1 1
0 1
0 1
0 1
0 1
0 1
1 1
1 1
1 1
1 1
1 1
0 1
0 1
0 1
0 1
1 1
0 1
1 1
1 1
1 1
1 1
0 1
0 1
1 1
0 1
1 1
1 1
0 1
0 1
1 1
1 1
0 1
0 1
0 1
1 1
0 1
0 1
1 1
1 1
0 1
1 1
0 1
0 1
1 1
1 1
0 1
0 1
0 1
1 1
0 1
0 1
0 1
1 1
0 1
0 1
0 1
0 1
1 1
0 1
1 1
0 1
0 1
0 1
1 1
1 1
0 1
0 1
