50
46
42 102
21 82
29 81
24 112
44 16
15 169
2 92
16 12
38 51
11 196
46 75
10 129
17 173
8 6
36 49
28 68
7 107
22 89
9 33
23 139
12 39
48 94
14 113
1 133
39 129
18 150
37 62
26 183
32 153
25 62
33 37
45 109
49 37
4 170
5 26
43 148
31 176
50 132
13 173
20 0
3 22
47 22
19 11
35 102
34 50
27 55
99
6 45
5 44
35 49
11 45
40 49
28 24
31 50
23 42
44 39
21 40
15 28
33 8
4 11
6 2
12 26
30 48
39 33
9 16
10 31
4 42
36 20
26 33
46 32
20 9
36 17
32 35
32 38
9 15
27 48
32 30
2 41
33 16
12 3
48 43
50 36
16 41
33 30
39 44
34 3
34 12
9 46
3 24
48 29
23 17
30 6
20 50
39 1
14 16
48 47
21 50
10 39
1 30
24 9
37 9
7 16
2 31
34 38
50 9
24 29
3 4
8 13
43 37
2 18
36 5
24 36
16 10
30 3
46 48
23 36
44 27
43 34
25 3
8 21
24 37
22 25
18 45
36 25
14 19
1 26
41 32
3 9
26 16
50 47
34 33
9 33
11 27
9 22
4 43
23 29
9 6
5 3
50 15
27 49
44 14
42 2
50 35
24 30
38 8
18 35
