3000
3000
989 19557
1174 15665
936 5596
1399 32
2735 5949
643 8258
2141 3381
929 3540
2373 3269
2617 8182
2997 7539
1295 10914
1705 12640
1665 4508
1155 7739
2796 9962
1457 6516
549 11846
2527 9651
124 19826
2687 9674
1685 3916
2014 10536
1370 2754
65 6000
2035 12455
407 6153
2456 8903
1401 16599
1760 5143
2775 7306
2355 14160
1189 14773
1533 9310
630 4322
2315 8052
1632 12324
1851 19747
2737 9644
1351 6986
2231 4417
1843 12303
2398 8810
2744 975
1773 13453
543 12659
66 11230
1794 4452
1184 5520
1815 1952
750 11055
54 14573
1706 4145
53 9902
742 9994
1970 1300
2105 17087
1137 10326
593 9758
1303 6660
1807 14444
2718 6296
499 6910
1193 13646
2139 10861
1435 1077
1398 16899
1742 10974
1603 2859
2941 17077
1168 19593
1551 2846
2724 1133
1299 12464
1613 6780
1203 951
1259 6413
933 7163
884 6442
1108 2373
419 2553
2629 13471
271 17883
1471 7195
144 19188
1066 9335
1120 17325
851 7007
2023 16471
1103 723
2823 13329
1111 10507
569 14571
90 6617
520 4395
1233 5742
964 3216
1959 2335
2114 11510
1927 10057
2130 15545
2883 8883
774 106
1371 4896
1838 2257
2699 14364
1068 213
1781 10728
1561 18696
573 6784
2877 667
1422 10784
825 18291
2976 5275
2451 4767
177 10672
2090 12872
2169 3322
515 9705
1882 10471
811 4994
2263 11884
1854 5832
2700 17303
799 319
1215 3173
984 11082
1590 13077
1365 13026
1385 7900
1700 9510
329 6330
335 4690
185 3405
2630 8371
1876 4324
649 296
2791 3047
1310 11657
2846 5893
934 5576
319 9780
2176 2581
2564 6242
1204 5635
196 12215
2093 3756
2344 10912
2401 1236
393 11469
1774 8690
1480 5015
1431 14060
1630 10278
2783 11971
125 1266
1158 17231
686 3369
666 7660
1109 11216
272 13109
506 9997
1315 3087
2242 804
172 8170
165 3585
2450 9283
1713 2998
492 10061
381 18645
1890 2052
232 11014
2069 3571
1286 1835
2017 5328
1865 10319
1967 16472
2697 14188
928 3885
347 18913
435 266
120 12079
1712 6858
2391 4115
899 11690
2309 13054
595 7221
1520 2332
2340 2912
2286 6955
304 9218
1101 8202
782 13546
58 10913
1679 2403
1514 2607
832 4127
1918 6237
24 18116
1278 7753
1104 6866
1250 2921
2330 12699
1228 1979
29 839
1132 16108
2465 9536
2443 113
1504 6697
2560 19191
242 9370
2657 13242
449 1429
3000 14506
1721 905
535 7961
1991 17755
1555 8694
75 6829
2374 4287
2221 12578
1236 6961
1736 17002
1587 19468
1022 12070
131 13585
2388 13096
1411 5083
2799 9037
2547 6099
1021 11844
193 3699
21 16025
1247 7820
1323 11865
2 1925
1827 5811
1150 16390
1580 17020
2841 9812
504 2678
1221 2557
2912 19826
122 7734
2540 5235
2380 3459
380 12149
1552 12056
1249 12654
1044 9597
807 11284
2336 10199
2447 4544
2773 12848
2904 9019
431 10086
1969 17385
2790 3606
1727 16584
2272 11520
710 4479
1355 11518
2036 8783
2556 2836
143 7664
1169 11925
1432 1802
2205 4443
262 19739
2548 8554
2150 11257
1903 18861
292 11101
1791 5780
167 6139
2382 8582
2073 7228
481 19079
1048 8825
1291 4199
315 2088
478 16345
224 12438
1607 18343
2051 5942
1546 19396
1145 9145
1519 13954
1574 5822
2707 7141
2316 9740
945 9720
2406 8862
1690 10078
1804 19198
379 14700
2511 16501
326 8885
999 18913
1292 12582
2762 12168
418 2643
712 14285
937 15569
2885 9217
18 17317
199 8539
61 3113
497 3870
1448 4043
1553 3198
251 16599
1782 4307
2784 4319
2929 16267
60 5690
2378 6909
35 1853
2285 9440
978 16525
2804 2171
2184 6161
1301 2228
2588 3966
1062 3419
1857 3982
1845 7809
2367 2085
1083 2890
983 8494
1663 11577
1500 19804
2667 2540
369 3802
475 234
2551 5223
1870 6006
1517 17736
551 9173
2582 17312
1144 2857
1119 19580
403 2133
2874 14740
2867 3681
1149 11231
135 15443
1717 10221
522 7352
1586 19474
1449 4155
105 3642
2334 950
2384 6406
173 11153
183 2833
1354 2158
1503 11833
2541 600
1034 10806
2780 9982
428 16566
1961 9867
1856 8901
1403 11318
2377 4710
2411 6564
1983 7069
467 12610
2781 4468
1958 4153
2448 1638
2424 16397
2047 11237
1944 2984
2481 3294
2786 1729
1563 12158
2590 5801
202 9725
254 527
2198 11275
2569 6315
314 2482
1404 9165
2927 751
2923 4543
2190 3817
1599 12327
2794 15047
136 16361
161 3248
33 11733
2341 14421
1934 12913
1465 8844
819 11290
2467 2187
2703 3181
941 8434
1051 11324
521 906
1741 3729
2187 984
222 17312
805 15645
1338 12267
970 9914
2112 17491
2183 10814
2063 11182
1359 4224
2449 7125
915 19339
2271 19709
356 10457
1097 3795
1931 17976
2438 18545
2983 53
1095 626
236 9259
1306 4632
194 5140
338 5157
1069 3320
382 10025
1484 4179
1186 6205
2989 2232
2749 8494
2171 7926
2219 13790
650 3258
2016 3370
1164 5109
451 16410
405 6857
175 9819
658 7032
342 6205
2501 14072
1654 9706
2795 7262
2954 1631
1557 16016
677 10803
1666 7006
787 12293
337 1431
956 15810
1567 15888
1363 8820
2142 4865
1244 4675
1719 8784
2273 11949
424 12085
2670 9046
83 12115
1382 11978
1240 9482
487 5855
432 156
215 10596
2326 8140
718 11301
2646 9609
1566 16680
896 6517
1636 6644
600 11956
152 8887
2148 2669
479 8028
1252 10660
862 9585
1989 3152
2420 9268
2088 1973
489 8486
2683 2960
327 2099
1442 19261
2072 13933
2121 8687
1948 13833
1318 7112
2943 2474
2643 3470
365 7624
808 12400
1739 9413
27 5690
1693 8326
1307 2386
792 2072
938 8291
1850 6910
132 10499
1208 4785
2403 11263
2626 11200
2011 7254
218 5391
471 6966
453 9696
2371 11747
1951 15121
2779 9144
2220 8775
1841 7252
2690 6905
2119 10006
1554 5725
456 15038
920 11068
1598 18412
2459 7962
1889 7401
2191 4288
34 17375
772 12619
64 15543
2206 11666
926 2048
557 19797
607 191
2277 16488
2509 8674
2215 4314
990 10424
364 3702
4 10556
192 9448
2307 9706
2293 9162
2492 3239
2843 12041
92 8971
2788 5388
2177 11390
1547 11387
894 7472
1681 12524
176 2457
1263 9503
877 3286
2545 10065
2521 2980
169 4252
107 8238
2743 10256
1475 14357
2565 16648
2402 227
82 17764
2834 11005
2708 8796
1196 10833
1138 6262
2512 17285
2280 2858
949 370
2740 8186
590 5384
1368 18321
2038 6100
1633 3409
2984 15066
1172 13863
935 4605
1304 4593
1402 3889
91 8602
1738 14485
664 11066
2632 8264
2158 10878
1033 37
149 9171
1694 8892
2701 6623
2959 6828
67 11274
2802 8642
633 11393
32 4728
554 6343
2322 16629
1884 7408
2284 5491
2260 18144
2068 5932
2067 17088
2174 4991
458 10780
1027 5547
1508 10976
2076 4111
1112 12563
610 3262
714 1307
1461 1718
2500 9977
662 8567
119 10822
1858 6359
2642 1490
2007 3767
952 5386
797 11054
698 8047
903 12559
644 2906
591 9829
1200 602
397 17166
1451 9117
425 2491
1597 2796
78 8998
1239 3506
2758 5202
296 14212
1952 5776
313 9344
248 11066
2235 10541
1937 1001
822 14257
2041 7982
2022 11526
1975 11415
2261 1564
2199 1300
688 17878
1425 4110
1578 19258
19 3304
2820 13556
768 2993
1388 11238
2713 7515
2118 1775
1232 5164
2256 16400
159 13471
859 10483
2827 777
2705 1041
1793 9276
439 5217
779 7785
1472 6100
2194 1863
2432 3798
1379 1115
764 12765
907 15541
1055 10740
748 7974
1699 6175
879 9155
2122 880
2027 15396
2587 8629
1879 8179
1662 10826
1601 9879
2154 15583
2771 6746
2899 10564
1963 8961
1260 14866
2077 11509
416 4899
2618 33
1925 5031
2776 5033
2045 4663
1759 1983
1575 15010
2726 294
2554 7769
555 13892
2057 9775
763 10778
281 6535
2204 4119
1524 9408
1026 7738
1167 15206
2712 8757
229 10800
939 2903
2078 3089
1909 11403
228 11338
1499 6510
374 10485
2765 6525
223 12251
2390 18442
2619 3036
26 9309
1579 4492
204 4654
1716 3010
665 3858
2113 9308
2531 1048
2201 10955
2818 10450
2621 4680
1330 7804
1864 240
1014 7962
2392 11823
2314 8958
2126 12037
1929 8903
994 3783
2770 3166
2897 5589
1656 742
6 14046
558 10806
2891 7523
2233 91
133 14647
729 11825
2163 5393
847 9207
123 2037
2419 4504
833 1498
2354 18423
1393 7703
2711 5772
258 3803
2319 19385
2861 13077
2185 5666
2530 2474
758 12237
2117 2243
2246 4619
542 522
631 7124
1756 4537
2594 16884
2477 14275
2852 16248
2809 17158
2352 6614
2939 6912
1019 5483
1294 411
1863 8494
2845 7819
2529 12220
2338 7915
2071 13674
1381 7826
2515 6722
116 11948
452 3504
2025 6626
2135 10186
2847 4242
531 14643
1560 3867
1407 921
2407 18302
1936 493
2452 3292
572 19336
1987 1973
1159 6348
1733 5050
2102 4237
975 7875
2133 18310
778 5638
2393 1519
2495 12375
308 11082
322 7215
1339 11663
269 3611
1711 19611
924 4861
2910 7276
2202 15214
1926 11144
2225 8444
1400 1783
2369 10097
2782 17918
502 354
417 994
2028 5592
640 17299
547 7142
1777 7165
988 2797
2433 12190
291 10317
923 11171
2945 5240
2342 15338
2898 11373
776 16981
2978 5517
2106 762
1649 10991
1751 915
2195 4668
1100 2567
411 10134
2054 9916
861 7083
1454 14851
2678 17654
512 17043
1497 3969
597 7116
2752 6220
1523 8218
2571 18122
1515 11036
160 44
916 3493
259 9858
2350 3843
328 7966
1345 4286
663 5500
1867 7471
2967 15554
2671 5886
1803 16884
1831 6565
2913 11671
2434 17157
241 5522
486 1313
841 6615
1986 9001
711 10687
587 14811
209 3742
2654 17958
2365 5511
638 13688
1816 15151
2425 15174
2608 13777
871 16069
726 8374
1606 6829
1532 2980
473 12768
1569 9377
340 13307
986 19229
1470 11632
282 16536
2684 14120
730 10858
1916 6160
2955 8643
708 10242
2801 15282
345 6786
2931 1253
2992 4793
477 17354
460 5862
2706 14871
2370 14921
2906 4153
2930 9896
2715 4868
2710 1138
837 9414
2081 9412
1485 8956
1556 11635
1734 15291
1968 8355
219 6862
1266 3961
1065 4552
632 9405
1683 10846
538 11944
2439 8774
2664 258
2166 8694
921 6716
178 534
1697 19458
1828 2364
1617 3529
2628 8432
117 14314
2536 1643
2785 10416
84 14718
488 629
1593 2807
526 5383
1329 8960
422 10289
206 3639
1089 4999
1506 6593
104 19388
2974 7004
963 4376
2008 4349
2296 1280
45 8264
302 5327
1067 9552
2287 14299
1792 10553
2127 2137
384 6883
1674 4637
1087 459
1114 1894
164 10764
1860 3780
1862 9215
619 10574
2979 11941
1405 5883
317 1996
953 869
2698 770
788 4449
918 8645
1013 10614
2653 9257
2960 14530
1507 3200
1787 18047
1476 9076
2641 93
2292 12456
2615 13855
2269 4246
2655 11099
87 1002
1327 2040
357 8786
273 1115
1866 7814
1185 16228
1195 15398
612 2472
1840 12747
882 16007
1977 8929
1418 8353
2813 2013
1559 9390
1767 3697
685 10814
3 3221
2161 10495
2665 11720
1217 2154
2362 3077
1888 11272
1612 2743
1178 11339
378 10234
1489 7575
2589 16620
1421 394
2644 4442
716 2712
1486 1150
2692 3809
1657 1846
1280 69
445 10805
1887 8053
1456 7578
580 3237
2533 7228
845 4306
279 18247
678 7142
437 1585
976 16367
606 7113
541 9338
2304 1911
1600 998
1107 5171
1763 19688
578 19911
2544 1212
691 15492
1084 17499
713 17456
1261 11580
2919 14659
1518 2571
613 3282
2768 899
1542 4483
1661 993
1419 1403
1042 8433
2290 2480
153 5661
2083 3330
2129 13346
213 4087
1805 2568
1190 10055
757 6650
430 8199
2956 4141
2965 3138
646 12565
447 4580
528 7000
2421 10964
1397 3102
1010 9537
857 13899
2182 256
961 7685
2645 12923
2911 3266
1060 4312
2915 6843
464 6691
370 13133
1207 1622
93 3315
303 19400
162 5072
1314 14662
2503 11474
2833 6232
1201 4487
2876 14457
2475 58
2301 11631
912 6988
1234 4997
2648 10188
11 18953
2537 6640
2855 10075
2727 10040
57 8779
442 12665
2005 14940
1492 9954
1813 5947
2075 4434
957 411
676 1467
2839 11132
414 902
145 13426
2631 588
2819 17805
166 12080
490 10846
608 12564
874 18775
2097 12455
429 3062
1320 14221
1664 19779
1820 7848
1387 8774
2835 7389
1127 1465
1389 6119
1063 5982
751 10829
1035 3791
142 14620
9 16850
2510 12657
2890 145
674 16915
1638 2123
276 18207
892 7771
917 604
2672 2270
1902 1415
2308 6115
1538 6511
2679 11581
540 15051
2368 19813
2806 3429
914 5661
1122 15269
2409 2057
484 2075
25 8611
1642 17791
388 10005
1086 5774
866 5371
1892 14759
2328 2026
1779 6266
230 5223
869 19989
1423 11915
2896 10608
910 2178
1848 9268
1146 9585
2568 9827
932 3364
10 8767
2805 8584
1271 15369
517 8745
2807 7636
336 4209
1622 11098
2046 5274
1855 12881
2550 535
2614 8706
2680 1784
1374 11718
2116 2701
180 3695
226 4271
2136 2188
390 13494
2908 6392
2844 13539
1846 18181
2857 12432
962 7194
1608 6463
2474 488
443 9165
1322 6290
1984 5864
839 1082
1420 13265
360 9160
950 10527
1732 1739
2395 3819
2971 4533
2888 10365
2663 12233
1376 3103
1433 19977
863 9074
514 15805
1312 4645
2094 2531
2789 11173
1747 7127
1135 13163
2662 3204
43 5920
2508 17812
2543 1241
1972 3017
1349 9740
1213 3917
1565 7000
1570 19481
1429 13352
2695 19774
361 1335
2499 8100
611 237
355 3366
1529 18898
2539 15261
1997 4959
684 11077
2595 4919
738 14589
2953 954
1283 2840
1765 257
62 2745
2361 17346
1758 9122
1256 4892
719 2580
2879 13672
1615 5700
589 599
532 3253
783 8782
2387 10424
42 9345
1007 3793
1577 8442
795 540
737 8973
1416 10898
942 8221
1745 2026
362 11444
1585 1956
1267 15362
793 3727
2507 1857
240 10157
1417 6026
2431 5388
2864 3945
409 8239
344 8437
89 8314
2938 6228
2463 4853
1023 3470
426 16457
2311 1219
1990 13847
1148 10107
427 2638
702 7736
2253 8037
2987 1908
670 7100
482 2116
704 18506
1545 9417
1668 4236
1025 11578
717 246
1667 11785
1974 12181
305 5506
216 18293
605 15083
2092 6183
652 9503
1675 3810
438 3856
1321 10664
826 8163
2255 9473
902 10698
299 5805
2010 14289
2496 9802
2858 9039
594 10108
2270 5709
642 18948
2058 12782
995 18119
736 14214
2048 18387
656 11162
1676 4049
289 9120
2172 8782
821 180
577 1492
79 4104
2414 8532
353 13420
2921 5671
1446 7718
1899 16017
2480 12467
537 8746
944 11727
1505 2919
2502 12404
2445 6919
981 13779
1770 8042
700 8519
745 17988
680 19106
284 11076
256 5892
2065 1347
280 16934
2838 11117
2696 10089
470 9188
2763 13001
1075 1606
1702 6024
5 2480
567 8496
2033 8159
2932 5010
146 450
2486 14031
2968 8380
2734 12980
463 9911
2553 5653
2528 18656
2062 7216
2842 2186
818 7028
457 11240
1731 9820
2278 15613
1246 10074
1043 9598
2458 3892
1343 19931
1540 4443
2800 8868
2276 2145
2151 10543
2586 2629
2282 8398
2189 2960
2360 10182
1644 15715
701 9132
2747 16416
1495 9786
2613 3183
2250 17954
2479 1071
415 10874
1192 6124
2778 12052
28 8853
2383 6029
659 5093
1287 12093
343 19336
2312 9389
1998 17564
599 17885
1604 3075
2455 11095
2229 8863
455 11315
2542 4523
785 15778
46 3219
2469 6379
1900 15258
648 6776
2397 15552
2926 7541
609 1062
1056 3039
743 2891
791 3000
1128 1251
1336 8178
2223 1925
800 12235
681 6975
1978 19198
2623 15614
2416 7303
571 12014
352 1275
261 1447
1037 12763
846 3345
88 3440
2107 16349
48 6366
2972 3303
1218 17062
2444 15606
1528 9491
1749 12458
401 16292
992 18757
2167 15528
2922 8369
349 11134
2159 963
1090 5728
1342 9407
996 2326
157 175
1165 620
1771 16298
274 4192
974 13189
265 6566
2462 19714
207 9524
1211 2743
844 6031
2924 9222
752 14704
383 363
1750 6920
2605 6218
2803 321
536 12494
1171 7721
689 16974
2764 14256
1660 1504
1913 2281
1677 8268
1923 10753
1460 10738
524 6130
794 12354
777 8511
1550 1558
1798 15992
1490 19857
1548 1593
2576 9705
838 19176
789 8554
318 1366
1526 2331
1701 7
2002 18519
722 2452
1004 2576
466 4334
1357 6182
1920 9171
376 6865
2294 8986
2892 6105
1414 16550
2865 351
864 9097
809 8062
2561 5267
1589 840
1544 14813
2526 3743
1799 12819
2903 12128
2034 1695
880 10262
622 5771
762 3384
1210 5674
2524 5512
2098 8053
1077 15658
617 4295
1177 4979
2577 15167
1806 9268
2787 12973
2426 11685
1521 18772
330 6428
12 18818
1483 980
1898 11294
2558 4246
2247 4395
2004 634
2532 15704
404 16422
113 10359
2298 6620
100 8600
2396 4146
1502 2513
1790 1142
755 17809
263 8233
2694 16849
2660 4775
1458 11152
2761 5407
1592 3750
508 3173
2901 7347
1279 2555
436 8176
1814 14150
2821 19617
2513 8558
1895 8366
156 4556
870 5277
2144 1593
1960 9944
1102 19211
2345 18328
1269 18591
1367 3886
1202 7247
2442 850
1459 12270
1230 14392
2050 216
134 314
1783 15417
2031 437
2466 4861
1928 17552
1091 13609
2230 4403
2756 6384
1626 11312
509 18436
552 6804
1300 10200
359 2385
1134 6924
2517 3878
2099 5732
2013 8949
2729 12580
2525 13519
732 9190
2325 19176
2086 8373
1477 4919
2372 3577
2854 4493
1631 3070
955 295
1933 6779
2457 2960
2210 15849
1833 8489
1445 9821
2723 18973
946 7366
2940 14551
1821 7443
786 5572
1510 3164
2070 6167
901 13080
581 17123
1512 9841
1501 6162
1121 12378
709 8668
1453 10650
239 9112
1372 12406
2731 10256
1406 1835
1704 6894
137 10776
2738 19858
2991 3047
2173 8688
94 15027
1536 9721
553 19567
1971 19446
1302 15708
2572 821
2300 18820
37 16421
2302 11463
2376 852
2317 11226
246 19497
1153 9635
1285 18257
1558 19426
77 2419
1450 524
250 3672
350 18026
1410 9009
2349 17042
461 17516
2742 458
1809 3209
1116 8917
368 4294
2413 1234
2482 12731
190 18307
2736 2075
1982 10439
771 10468
1384 4179
2289 3811
2001 5220
829 1954
584 15595
2607 11676
260 9812
2579 257
465 10184
8 4239
895 6935
2131 7951
585 12573
1513 5854
2732 17495
50 7207
645 12414
2975 11996
1427 9179
828 4956
1050 9070
2677 1709
654 5281
2616 5383
1157 947
1988 16309
1245 6377
2415 10619
2241 13180
2291 6495
1290 10475
17 9952
2095 11416
412 21
2981 5774
2907 8597
1901 8413
2356 12522
756 8391
2947 16504
1011 9133
63 691
301 3155
1703 5065
320 7655
582 12091
533 5292
761 5215
2089 143
1187 11523
2040 6483
694 4105
1880 10041
744 9045
1842 11933
2321 9535
1628 8619
2604 18624
1796 10128
20 7572
2869 10868
1024 5931
2894 4413
906 6617
247 10067
534 5913
2111 10680
1394 16767
891 13890
1531 542
813 3755
1147 4360
1768 5012
1222 12868
1333 3360
1335 4221
1123 16239
2032 11423
1994 12711
692 3750
2830 11975
2310 2159
725 12577
2274 15272
1181 9699
36 18740
2797 5231
1836 16786
2873 7163
245 5035
872 16141
1639 10163
1039 14815
1392 547
1469 8550
741 12195
110 510
1686 512
2109 3919
1231 7259
59 3254
221 754
2018 19802
560 10289
2733 1504
2925 8961
1408 10443
2101 1237
1999 2862
2624 6828
2741 4442
1229 2811
310 9422
2552 10576
513 7686
1834 13021
883 4718
550 8860
2850 3583
2914 9156
2863 1657
969 7622
2335 12792
881 13483
1319 5126
759 13520
1582 15764
2814 1809
2134 4285
2832 9290
23 9747
2064 7976
2728 11667
2620 3795
616 11517
2849 2605
268 5977
2043 503
817 6415
1839 13814
2597 4123
960 1472
815 9719
389 9068
1496 12123
2351 11417
339 5392
893 18639
103 7762
171 5092
2610 16668
568 8971
400 2566
1170 15837
561 7213
2236 3927
2015 6960
1826 13424
501 6632
1040 17149
1391 2426
81 5657
2647 2382
802 17666
494 10290
2305 17866
191 2805
816 9126
2251 4767
639 4693
2385 1032
973 3304
1788 8775
441 4493
1852 2394
2281 11109
1447 3791
1755 7452
951 3157
1238 4845
1935 3261
1251 15418
740 9248
421 18340
56 6254
1915 15053
1334 3997
2488 3362
70 10255
1316 14625
804 14121
2461 8461
351 2378
208 9803
2766 2157
1591 9245
596 4329
2622 6962
2059 11554
669 12262
2440 384
2937 2311
2222 5968
324 8335
1415 3328
1264 9762
1209 141
2950 1186
2029 9990
890 10309
1737 12679
2493 3512
675 15374
1762 5947
2825 7107
1940 5839
655 6180
1152 1194
566 1270
450 182
1877 11425
668 2939
2412 1805
1708 8528
1071 1235
2487 5062
2259 18311
943 4170
754 11313
1224 7234
385 9764
377 1353
1183 19379
155 16761
1776 16295
2583 5761
991 13331
601 1942
2192 18894
1904 13895
728 3316
1096 6001
2570 3938
391 17265
71 6240
1861 8519
1789 10832
2538 11360
307 8186
1541 1663
1509 3712
2669 9001
1610 5349
1270 4369
1775 7332
2751 8974
909 2904
1255 825
1438 10035
2659 7357
830 8335
30 1954
2498 12250
211 7374
1383 17818
2437 12301
1740 7788
2745 4411
2767 9864
1595 5727
1038 5929
803 5639
1047 12946
2675 10480
293 3312
1844 4531
1996 6052
2473 19181
1568 4560
1629 12699
198 9291
2934 8996
76 547
834 10287
1624 13947
1784 9731
1036 2273
2808 19157
647 9460
1640 15570
735 2533
546 2155
1493 10653
1358 4139
671 15816
653 19204
1786 3573
731 14698
150 7256
1643 3755
2275 373
1725 8300
2333 2374
2364 10363
930 7270
627 1406
188 16501
827 4550
2264 6066
2862 8277
1637 3216
2476 13663
564 9301
1837 5274
234 6619
1305 15785
575 4560
1766 2427
2702 5515
1479 7438
392 8075
2217 142
2162 922
2769 4583
1085 11063
170 2076
51 7837
197 18231
2239 6532
333 9700
734 13466
2871 6374
2900 7081
2346 968
1655 399
2887 8490
2717 14021
298 378
812 12275
285 13023
363 777
699 11514
1881 17623
604 4634
1658 9603
733 6589
1671 102
947 9981
1297 6314
875 1388
2651 11738
483 1472
2196 6404
1669 2258
2494 15886
1012 9551
476 9727
387 10170
2635 2824
2866 4028
1609 2965
1332 17971
238 9418
1373 6583
2470 2393
2649 12852
1911 4798
2600 16670
1620 264
1723 18175
2716 16769
1441 11528
151 19273
346 355
96 6490
855 166
1652 10912
1853 9498
2918 10390
2792 394
2995 14132
1160 19594
824 10490
1627 5981
1235 3047
1115 3901
2193 2813
106 8933
139 9205
1198 10598
2673 12734
2875 18495
2428 9386
1337 1278
2366 666
1924 4955
2625 10013
1326 11804
682 9766
99 18649
252 7827
603 718
2484 3172
2180 17180
294 8302
1752 4715
1331 2147
1064 15591
1549 1071
505 4931
1769 5177
1188 14446
2258 978
1869 4951
115 3507
1950 13880
128 14692
2522 12035
1241 4392
13 13398
2026 6199
1780 10523
2958 1983
898 13508
2634 12690
2165 1200
2693 12905
2422 3131
491 479
1985 10303
1650 6143
1197 10813
2882 6879
796 872
1151 1629
843 6762
2399 102
1672 14505
2160 1170
210 3414
147 15312
1199 13418
2905 2295
621 982
1129 2187
1002 1207
1386 16345
2000 853
1818 9440
2534 10590
1081 6606
1772 1584
1885 11160
1003 12509
1094 554
1939 1421
2853 7026
1395 10694
2164 9053
2518 10077
519 6937
287 6987
186 10698
562 578
1293 7144
2546 7368
367 11075
1797 17185
1130 3699
2056 436
746 16875
641 9905
2573 5435
300 6495
849 8246
1214 5079
1802 3002
253 10833
1511 2771
574 16901
1131 10675
127 3678
1258 10487
1443 19858
527 4779
2353 2469
1954 14669
1754 18507
205 8409
1682 9136
1377 4979
1015 1919
1028 6076
2980 2818
2504 17187
2878 12420
908 10080
1444 6746
1726 8617
1938 11211
1206 1015
14 6533
1276 18899
715 4399
2810 1844
1670 16351
148 3843
1478 6723
1883 7645
518 2302
2936 3098
1125 10544
1912 9410
1571 3903
637 17468
1248 1496
1356 12419
1205 1753
1635 1089
1761 11411
1812 8046
1093 14266
865 102
1932 7398
39 5753
2811 10783
2186 4336
931 8372
2935 7583
2575 1143
1227 7703
576 10210
1118 3678
529 14583
2039 2102
2061 708
1375 7503
2902 10459
1396 12913
2909 4137
687 10268
723 2275
2822 11086
2774 5010
1825 17486
2709 16784
878 9535
1728 6979
545 8630
925 1430
831 18284
927 9088
651 7510
1981 2664
1317 14110
673 802
982 5279
2418 2737
2948 7757
940 3871
913 11669
1242 2584
2603 3096
1494 1268
1910 1656
2138 9782
2386 17936
311 696
334 17033
109 1486
510 16892
316 11608
1995 16545
2681 2423
1764 14928
2430 16010
1237 11375
2973 2308
2523 12344
2720 12144
1008 300
2593 12583
1849 12740
1824 195
2147 1341
2175 11440
1139 13452
614 869
1525 2925
1691 10280
1466 14383
511 12626
2970 9927
2228 13881
1874 7427
2324 17148
97 10189
1378 2335
1618 11079
672 12446
1724 16749
354 3814
472 6385
765 6180
1350 8925
1182 8018
2306 1143
1346 16584
806 6738
2506 7694
2103 6246
1847 7080
2168 2276
980 14634
2265 9682
850 10018
2115 18437
1801 705
507 4593
548 7593
1621 6402
1482 2299
1325 12113
2636 16050
1921 6620
214 10550
1905 945
2084 13642
2132 3445
2123 8213
297 18992
544 6701
2299 9135
530 5089
2379 6434
2652 19828
1878 10810
2227 10271
1955 7925
2332 10516
108 16812
2020 14238
462 14874
1018 2091
495 13995
2640 16294
2580 10491
1054 7130
2066 14868
1822 9238
2283 2097
233 10442
858 2990
68 17970
1143 18178
1436 19177
2252 6051
244 599
2019 4538
1052 1457
1092 18367
2313 9186
2320 10291
690 10895
2200 4002
1922 2458
1743 405
2598 9321
634 3931
1729 4205
98 11510
1830 6636
887 2587
373 1493
1527 11509
1687 8608
2759 14745
835 1940
2772 9133
1659 7616
1191 18212
592 11703
620 18723
1353 5854
237 5546
395 12948
1965 11326
2232 4216
1074 14180
366 2053
598 18857
2021 12110
889 18959
2497 603
130 7124
1347 13458
657 5701
2798 1542
2049 3469
2348 3719
635 6603
1616 16997
2754 1722
331 3189
2024 9935
358 9555
454 8742
2339 8277
2860 710
2688 9507
523 9116
2108 13347
979 2105
1919 5448
2584 2796
38 3929
1698 2875
2964 4537
559 3723
1468 15779
2052 11904
1 180
1811 14533
1133 2089
264 17405
727 6076
1029 6291
696 333
801 12226
2226 5613
1072 12438
2859 17304
7 2382
126 15050
2592 8280
1163 5199
212 12058
22 8172
2244 13009
588 9168
2666 302
2082 12407
2611 5572
2750 4533
1535 11249
954 7685
278 2633
1225 6854
1277 13116
168 2764
1253 8415
1070 3024
1714 6095
2257 1883
1073 11247
2566 987
2606 3988
516 7816
1680 1945
958 11698
905 7741
2519 3436
2472 8763
1564 13254
1017 540
1956 99
2279 11840
860 3673
1262 8950
2268 808
911 11023
2963 17022
2208 10270
1941 12446
2060 3552
1907 9445
565 16680
74 5605
1730 5012
2125 7551
888 6716
2578 9570
1275 10564
2856 6759
2030 9939
1930 3475
402 13665
1695 11468
231 535
493 5557
283 12465
2722 2952
625 4346
2596 1292
1914 1738
2087 3299
1962 10390
852 91
1440 10683
1053 10274
47 3951
721 4825
399 16837
971 11226
853 1007
2262 8765
2468 464
1893 70
1634 15642
2464 1032
1289 2974
1897 12471
1099 140
626 6303
2602 3124
1005 7169
2682 6604
1298 18677
2074 13327
2389 18873
2394 4651
2837 9240
2460 3946
2110 166
2400 1584
2581 9587
2949 13602
2249 13364
615 7486
1288 1853
1573 8131
2417 4371
1463 11314
2689 941
2730 9026
1452 2861
372 10024
1868 12619
968 8804
2848 6187
760 1091
332 15765
1455 15323
667 2261
1537 9099
2079 6342
375 4647
1284 11455
2881 19085
2755 1958
2009 340
2969 3818
1832 2558
2404 3343
1273 2622
1647 4591
2951 16582
2436 13439
1296 7160
2872 14856
1908 6663
1946 1316
2627 15279
2490 15992
73 3607
408 6502
1835 11740
972 6144
2137 5573
1562 6478
1795 17643
1823 13691
2725 285
770 969
1896 17670
885 12277
1602 3079
1746 10603
2238 3836
2520 5559
1328 8991
69 11665
1696 5306
2946 11890
2836 11944
1748 10781
2331 13659
2157 9707
235 2253
2996 8679
2329 1006
1311 16686
563 12190
2895 11804
2719 1404
629 10694
775 8193
1808 8400
1581 8772
2961 6267
2408 1625
2143 10173
1156 9621
2661 7411
1348 16294
2288 7052
423 3974
2044 2406
1216 12128
739 12346
217 4447
1891 11521
459 11663
2181 396
2505 8011
2152 18274
2609 4459
1945 10475
2893 8802
114 17393
1360 13453
2427 1492
897 780
2211 397
693 8198
1223 9998
1080 18033
1437 7029
2146 12718
1973 756
1498 5968
2746 7811
225 8565
2248 17882
1308 1531
1692 12528
2815 7640
2405 405
2658 7124
2003 7162
1428 3868
987 7049
1992 14038
1684 10607
2266 10776
371 8569
706 10396
2055 15822
2042 8130
1583 9367
1194 18380
2574 12571
1439 3844
623 4141
2303 16977
2760 12313
154 4017
2212 10750
2485 2256
904 12097
1979 8228
720 2204
394 2726
1282 12408
49 6099
1173 16
288 2270
1487 4485
1110 10559
2812 19741
1412 19311
2557 6648
1352 11721
444 5190
181 8565
2870 1416
2514 12203
1426 16671
1614 3287
2920 11348
1619 10589
1380 6154
705 10513
966 3066
780 9303
1281 1559
1161 9180
187 11836
203 10431
2100 11240
2562 5894
1265 2729
1413 3800
249 11388
102 604
396 15371
2214 15890
2826 2270
2880 699
1625 12463
2674 9204
2149 3650
2343 10832
1753 13585
1340 10323
747 2478
420 5345
1709 7084
1430 19864
2990 10105
469 15192
112 11744
2410 8844
309 8198
1082 5012
1543 12193
2563 13930
1894 14715
111 1371
2567 8434
2337 7548
525 19660
602 351
1720 5163
1154 9181
15 10958
2686 12248
16 10513
2928 12429
2656 2875
410 11378
2359 6739
2441 7957
312 13082
1872 9988
2757 8461
873 2393
636 14184
138 12741
2347 8020
724 5271
1045 18056
2155 1114
1220 576
900 12321
1623 16406
1491 10355
1106 15407
1572 8091
2037 5100
2295 9241
749 7111
179 2477
697 14733
1000 9587
1179 10938
2188 3209
1917 4969
1313 19373
2357 2964
101 8495
922 18822
1873 6683
1341 372
1594 7267
2140 3237
1098 13789
1105 3854
781 10114
628 15626
2721 2957
570 829
1942 7888
2483 5306
2006 36
468 3292
1175 6074
993 11001
1006 5031
1646 16028
398 9808
158 11888
2454 8995
1409 11080
118 1973
2999 5347
2638 9030
1243 19839
2633 10976
1061 5065
182 18976
1689 4115
1648 5301
306 923
2824 2086
1993 5032
2650 9233
2591 7419
2639 8869
2179 14959
1596 9235
814 13352
72 11882
227 9634
2601 13772
243 699
790 763
446 1408
52 17210
1117 869
886 8234
1800 6048
2612 5173
2237 4462
1964 15162
1707 6676
1136 11158
1673 1749
413 3386
40 674
539 3987
1943 11543
277 16559
275 1074
798 9111
2739 9340
290 7832
267 13603
2962 16001
2777 2590
1810 8708
2128 10546
1254 12416
2585 7045
2209 18587
1735 14236
1126 19029
257 11737
1366 12345
2178 10303
583 7963
2886 11687
2318 5700
2966 7515
1605 1672
1886 12229
434 12811
2985 6793
767 8786
2491 6162
1046 2046
2429 16598
2884 11766
836 12443
2637 7772
2977 6366
2668 16748
1268 4631
140 549
2516 10135
1219 19943
201 13250
820 16522
2124 5816
184 2234
1424 6116
2489 6729
679 1091
86 18013
703 6932
1142 15744
773 11133
255 5798
868 6783
2933 1999
661 2245
1710 3638
2096 7201
579 9216
2012 1293
1467 3825
1088 2102
1079 5614
448 8718
2944 2438
1871 8298
1688 553
998 4595
2085 1569
341 9589
2714 2880
1078 18886
1309 11268
2243 5860
1059 11268
1226 11841
503 11444
2446 1741
1947 2908
129 8752
325 10937
2381 1007
1906 2520
2234 12634
2942 1938
1584 11813
1362 11577
295 18258
1324 7255
121 8104
1522 6214
2840 12464
1030 5891
959 16799
810 3646
1534 4309
1369 105
2691 320
1651 4051
1141 8312
1001 4771
440 12280
2091 16040
948 2173
2704 2451
55 166
1875 6077
1953 8090
80 10512
2218 2433
823 2677
1058 16681
2327 6908
624 10451
2145 8999
1031 2646
220 13050
406 10402
2916 8846
769 18882
1481 3822
1032 4109
967 8060
1057 8469
1539 19853
2982 2525
1272 7128
695 15020
1778 2764
1140 3300
2917 861
480 4634
965 14191
784 19024
2676 15700
1678 15931
163 4300
2267 2414
2358 6568
195 6317
2831 2388
1212 5136
485 32
848 11662
270 5366
2323 6046
500 10562
1645 11047
2207 14863
1588 5746
1757 13651
2994 17400
1859 2069
707 505
1819 17289
2829 15843
2053 2417
683 16113
2599 9304
1344 9513
1611 18740
2988 5412
1966 2665
840 4303
2817 5149
1473 8055
44 10936
2153 18759
200 6320
498 1467
2828 4833
1722 13108
2957 350
266 14270
496 12578
1049 4537
2156 2793
95 1493
876 10128
2748 4786
2213 11752
286 11074
1390 11136
1274 8715
2851 564
1462 3251
997 10058
2363 11849
348 5277
323 9809
854 1377
1124 8534
2889 7999
856 10146
2197 15163
41 9905
1530 9634
2240 16419
2453 17538
1817 15328
1829 17574
1576 9888
1166 1076
1488 10558
1364 10580
1474 19152
321 12908
141 17079
977 9157
1516 5565
1949 4589
1257 14823
1785 7930
2471 9287
2793 3046
2435 17316
1653 16286
2224 9544
1162 8615
1041 5515
2080 6073
2555 4755
2993 2213
85 1160
2203 8371
189 12993
2559 80
2423 10588
2245 5731
586 9871
2998 10003
2216 9355
1957 16243
1020 12320
1009 3874
1715 5934
1361 18726
766 7944
1980 10200
1744 14753
433 1041
1718 1565
618 6057
2816 788
2375 1605
1016 11013
842 16068
1641 8883
2535 18104
2297 10910
985 17523
2986 494
660 18874
1434 4038
867 4241
2685 6644
1076 19069
1113 7876
2868 4097
2549 5393
2104 1785
556 9475
1464 3306
1176 5441
2254 11402
2120 15557
919 11067
1180 19816
753 848
2952 2201
474 12225
386 2152
2753 1497
2170 348
1976 16430
174 18765
31 7145
2478 16170
5000
2704 1707
1113 1642
1759 150
1581 2448
1284 484
2316 2168
1048 259
726 1457
368 2308
2581 1135
2378 265
2383 106
1539 1232
2311 2600
1088 815
981 1081
2163 696
2519 2034
697 1047
32 2132
2338 1642
2209 1349
1257 2360
597 472
269 2325
529 801
1502 1973
2835 99
964 2694
1650 2597
2324 1652
2662 1082
2484 399
2274 2456
1186 695
1263 76
1295 819
1235 483
1714 1318
1402 2100
2635 731
739 1381
1076 1059
1591 411
591 2837
1085 286
1300 2197
2666 2235
361 1615
631 404
2304 1045
1611 1606
2131 976
2170 1969
1107 956
326 821
2217 1607
2166 2675
1124 1716
1876 1402
1765 50
475 1059
2031 898
1144 1438
1996 2705
1240 750
2251 458
2651 1883
326 2401
1719 2423
11 1043
2560 1484
1665 1057
455 1699
1486 2471
153 2263
102 680
2833 1988
2119 2308
2096 2722
2091 749
748 1887
1813 2702
1271 1363
1095 1565
2977 1445
1356 1218
2376 2231
201 2440
184 1685
194 565
2502 788
1418 2165
1641 2433
1050 1387
2531 879
2318 2386
2891 2421
197 2184
1207 1407
1392 804
2505 2315
1420 762
2055 2575
1251 909
88 2850
1095 2109
2011 2832
2337 433
2770 130
201 1270
303 373
1855 48
1174 1873
2426 1488
2436 2901
1207 1176
22 2298
908 1363
1724 1093
205 1872
1599 552
1390 1088
1617 619
914 1205
2788 1103
532 1966
815 2196
381 2656
1956 2516
413 536
2781 1871
2197 1526
1176 1872
572 884
2824 495
1032 2296
78 1441
2471 2429
263 669
1711 2921
1192 520
1891 122
2008 172
1543 2154
1829 1068
190 1189
1610 2867
2825 1961
2079 1966
51 294
2801 255
595 637
44 843
242 1933
1206 2102
790 884
405 2070
477 331
372 1261
494 277
546 699
1141 1722
2604 2811
2525 375
2468 1188
411 2736
2953 980
1800 2376
2481 768
567 808
2316 2407
720 1582
2548 1351
380 1520
2474 183
1890 2786
1018 1328
1537 277
1985 222
1463 1456
1310 435
2994 2226
119 2109
2053 1785
2302 2743
2893 133
940 1598
2036 2833
1131 2949
2038 1331
1194 1331
2122 1929
2621 786
2004 406
292 1452
544 2613
965 1977
1801 726
1684 2148
2731 159
1042 207
253 2701
1267 828
2780 707
900 2662
2244 737
421 2623
1552 2049
1660 123
2516 2070
2834 148
712 1814
490 1376
1488 530
1343 1200
2714 51
2237 1354
1871 2871
35 313
1726 1068
1455 2740
2214 2660
1890 580
810 674
830 2906
1474 2100
541 328
1343 1050
1636 1334
759 2414
336 969
1618 2036
815 519
2251 2716
1059 1870
1155 2501
1162 2645
443 892
2881 2555
1265 1429
2291 1847
94 2506
1348 1607
2085 570
547 1309
205 1723
1215 2223
2794 1483
401 94
321 1411
1163 377
1315 685
2015 2059
2389 168
2219 2266
2021 426
2131 1874
1711 1933
2504 2897
321 1413
1832 1204
1843 1977
1613 1330
1100 1015
2010 847
129 77
1252 1548
2726 1790
2933 1109
1554 2793
39 1963
2918 800
2367 1435
2319 1903
2800 1246
172 2876
1258 1139
1969 2871
937 2490
1126 1281
2659 298
2538 2938
309 462
644 1469
2301 2907
2099 551
1021 2029
1300 480
2406 354
956 2648
2108 2231
30 2046
521 1449
1071 973
372 2967
1969 721
219 2183
605 1393
2558 30
292 1476
1894 2244
1768 328
1694 2143
1014 1881
657 511
855 1968
1612 562
2487 268
1013 152
2685 1261
1485 1394
461 1798
794 1686
2434 1482
607 2462
1168 2515
184 2898
2960 2655
825 123
1109 1748
2383 2394
2064 2374
1737 2248
1407 2910
1287 1015
2771 2348
2316 1465
401 2465
1880 672
2785 2886
1305 2333
734 2386
1340 92
1429 1002
798 1848
673 1545
80 2547
518 250
58 2433
389 1131
2358 2486
2640 2493
1521 2245
2863 1465
438 291
1769 1693
580 1819
2958 839
688 1034
1509 946
238 726
2762 295
1404 1659
43 389
2623 1790
1002 2116
2635 2998
2957 2126
2533 2095
421 1103
2587 2840
1620 2167
1670 2392
314 957
2486 1845
193 1238
1383 2605
2168 1510
1708 168
1277 1223
1561 2125
1855 2536
453 1429
506 1551
1095 973
2084 2634
2607 1600
688 138
361 892
1241 1074
1918 931
2361 503
2252 1093
2954 264
2735 2196
517 823
1847 1544
2985 2624
2612 108
2727 249
727 209
1436 1643
11 2297
2214 1689
2980 1991
2450 1014
2631 1077
941 2540
2170 166
1385 1882
2461 77
2411 2670
1929 2749
1243 1099
1072 1115
2340 572
2566 889
2724 738
470 1413
254 1466
1936 657
1854 931
2897 1819
2284 1790
2243 2864
2998 487
2719 901
1727 419
640 1046
676 10
2722 1211
1792 1511
755 1775
1238 1246
1280 2338
2519 2061
179 1762
637 2230
452 2446
96 1332
1654 1827
2062 916
1108 898
1352 63
1819 2570
67 125
2377 602
1044 771
2750 1154
2232 1591
1506 2682
843 2708
1975 706
487 1578
1729 852
2431 887
435 295
2588 2108
1852 1590
296 305
1618 521
1241 2771
549 2481
1016 2623
2319 1681
2235 1687
1067 2804
1640 2276
1364 258
1059 2428
1783 2759
1234 2351
1323 573
319 1717
2871 2872
2685 2722
270 1466
1686 1764
911 1257
2676 1284
775 2078
1743 2931
2115 744
983 2280
2464 2248
2747 495
670 261
2801 1491
1205 563
38 1423
2246 1160
232 2762
13 2271
1466 481
1062 785
2648 2610
742 2664
1988 822
962 757
528 405
1942 877
445 1281
2071 2976
547 2020
2209 235
2194 235
753 2318
1305 584
938 935
1845 554
1066 2136
2908 96
154 2823
1705 1574
81 1781
587 2982
539 1410
1554 2546
361 663
1778 2217
1544 1155
1043 1881
1862 426
1391 2916
1906 986
2054 1870
1612 832
1783 1414
1261 75
368 427
1176 2039
1055 1209
776 1942
2210 2611
1612 369
1380 1843
729 493
1041 1880
207 2244
1564 200
2863 856
1134 1878
2619 1608
2258 2341
2318 700
719 1950
805 1131
950 462
718 2400
2284 1748
288 1056
1898 761
2596 479
915 9
2579 2284
1782 513
2296 1738
2557 2514
1167 2952
901 829
2197 2651
703 663
762 1178
1406 2526
2277 1314
2618 92
2086 1667
2924 1244
218 1947
131 2835
2 1738
1126 2810
469 2726
1299 273
496 1496
2168 469
1779 638
1768 413
2766 1746
2448 289
139 2043
858 2732
1094 1826
2009 2204
1818 1560
2119 2719
1893 1550
796 2449
1263 2213
1376 1907
311 2624
866 1030
255 2510
2865 536
2697 84
684 814
2538 546
2085 547
326 1141
2523 1728
92 814
1584 2509
2595 808
1808 430
1565 191
2235 425
475 400
2693 2151
666 411
684 1394
2132 2424
609 1574
785 849
2651 2978
2264 2436
1416 1009
353 37
2966 76
2149 1121
137 2466
2808 1485
829 1627
549 408
1159 345
2058 2390
1415 672
2574 2983
2609 2448
2737 2807
108 417
1011 2983
2833 182
1152 1157
2672 84
521 1775
1040 301
1038 749
150 568
715 144
2969 2836
1793 1485
219 1245
2919 2887
1114 653
2561 1644
583 1351
1671 270
1502 2024
1425 2166
616 1991
841 2044
1966 1694
777 473
1854 1633
2928 552
2643 2183
1775 642
1760 2847
1064 18
517 885
1969 880
101 756
973 1002
735 414
2348 2192
2748 970
2701 1878
640 2974
929 1511
1173 2157
993 2096
2820 1890
1522 1636
2205 1398
1760 1702
2490 2175
985 2635
494 633
1340 329
2499 177
178 123
1685 1760
315 983
1753 2412
2404 1017
1003 269
2952 385
2030 2103
28 2538
1692 1683
2759 717
1360 2499
1178 1398
1330 1006
2125 2388
1884 2544
1714 1983
2083 1118
1669 2741
1040 1385
1660 510
1279 425
2236 2545
1151 2603
2900 22
859 1206
2438 2053
2345 170
2427 2719
377 2690
2374 228
2328 84
2836 628
334 63
835 1754
2124 2980
1768 806
2674 32
1205 1618
184 49
2755 895
851 1726
1868 1456
1011 980
157 2447
1675 1990
1297 1183
624 1845
1201 2515
2797 401
115 2069
1286 1622
2041 1089
596 59
1684 2394
1249 2039
1824 2493
548 2332
1585 2045
1511 1824
2638 567
767 2002
1030 1735
1220 2210
1776 1626
874 2196
1743 1254
854 2679
2870 2142
189 2497
2656 1347
2586 1045
1811 984
2566 599
2982 228
421 2471
2384 2125
166 613
171 1347
1915 740
1842 1850
1931 537
2342 1485
1580 2622
2959 1279
868 1826
33 931
1554 948
1805 2672
1489 896
450 1861
365 1401
1523 1539
2656 199
946 2930
95 2866
2989 604
2537 304
769 762
800 2868
2556 2715
483 1624
1656 1284
866 2036
2900 1157
940 79
541 1712
2158 428
1421 1519
221 465
1810 150
566 965
2587 2439
2067 1400
2271 1229
969 1704
222 963
2456 1649
291 2525
2355 1236
1507 639
2280 1563
1199 69
201 315
832 379
117 299
1612 2350
1953 2284
1851 1970
1099 2218
2792 2478
432 59
2060 1365
108 1757
173 1758
970 1348
1111 1150
2069 788
2369 1132
479 1692
980 1261
1335 1220
1663 1322
1536 1944
1238 1647
247 1478
1204 621
2653 804
487 1866
1335 293
155 231
2554 1350
1210 1322
139 451
1850 2621
1398 1368
935 2911
604 1165
667 1074
2179 2777
1587 2981
1793 2850
2540 1682
1680 1148
1230 2010
233 2625
1791 1480
298 2623
2147 2083
2825 1504
2675 400
950 2254
851 136
1156 933
24 2134
2401 1950
2978 2387
1823 1105
2295 2901
2681 10
2793 638
633 2912
2864 953
1977 426
2810 2498
2433 2226
2034 2086
2017 207
119 1112
959 45
599 638
539 1808
340 2043
393 1497
2357 1271
479 2648
1528 724
640 2570
2247 314
1792 1189
864 693
1001 2618
49 741
1061 2722
1748 1079
1717 1813
1111 778
2353 870
2608 2028
1065 1539
847 694
1252 1491
1564 1773
2094 1041
578 1443
2759 2448
820 2862
610 471
2768 1414
2435 2400
1753 341
2637 1572
2281 1890
1187 993
1334 2182
2133 2070
2508 2059
1990 149
2340 1194
1803 1554
1892 204
318 452
2966 1331
1772 370
933 834
611 2552
230 338
665 1914
2220 62
1737 2976
2310 249
2863 2882
2548 471
646 2102
1840 2154
79 2832
1610 2142
1725 553
2903 2958
2039 2155
450 1944
949 827
1587 1806
2479 224
1736 831
1355 1260
2945 2270
2557 865
2336 713
1219 1701
2361 2724
737 921
158 1247
1123 1742
774 734
162 689
919 1671
2857 2353
2777 849
496 910
1797 1179
2744 1924
2654 883
1952 625
2935 1088
831 1011
1277 42
2563 2589
1351 32
1009 1956
571 1714
934 861
2098 625
934 1057
2527 1867
2172 403
68 1076
2193 1457
2166 2329
1359 1562
2569 1278
1256 2432
975 2539
1379 397
2933 2154
2304 2234
2527 2788
1347 2814
213 2629
1134 1348
413 1629
1394 2624
140 936
182 1987
287 2912
2988 1101
1927 250
855 1539
1916 1551
442 2929
2345 1787
205 2793
1488 2675
1897 1021
1111 2258
455 1737
324 1733
1323 2589
2533 1625
239 2049
371 769
2853 457
2088 420
108 2316
2878 173
280 1560
418 21
339 720
545 1695
584 905
873 1234
2626 145
2387 2613
88 496
1464 989
1779 52
1546 1402
939 2336
596 2115
1383 2388
1180 2175
1924 923
216 695
1681 1280
167 1768
1912 2451
1738 796
2654 2899
1346 763
1623 2412
772 94
340 2347
786 613
502 1463
1387 2417
168 2019
1455 1852
1376 905
1963 2560
2094 377
300 1110
2584 202
106 2864
205 968
2722 49
2760 1583
297 683
2344 159
2613 1800
230 1896
2094 1853
766 880
1110 1333
1138 2187
44 1122
2259 2322
1503 2305
2809 2655
377 574
61 2960
1114 165
2909 122
271 1252
1800 2351
1555 733
1851 643
44 936
2907 1052
1169 1344
1451 240
539 1100
1280 2532
2881 1233
2835 1098
2272 2278
591 1658
1898 2873
2676 2324
623 1440
836 2196
1522 1707
1828 1040
1726 856
2669 1718
2128 982
2827 1025
454 1894
613 1134
2544 678
1342 2146
1046 1545
1819 1718
2531 2300
407 350
1672 177
468 1374
2668 1153
362 1910
1555 2790
1716 1007
2100 1871
1209 2062
2727 120
1297 1593
1990 2953
514 2136
1812 1621
353 1206
2244 870
948 543
2971 70
1063 1436
456 569
1389 2869
2411 2362
138 2455
508 772
1351 2358
989 1378
262 84
2187 2736
2574 1427
376 2275
457 591
1581 2374
420 576
1463 1407
1878 111
2967 282
581 1790
1798 1645
838 933
2016 2507
435 1946
1265 2948
2322 1888
1717 4
2179 940
780 1651
2978 220
2167 438
2142 2144
2788 1229
1753 766
2752 2452
2650 105
2685 2693
2607 1793
2673 1965
1686 1185
41 1862
2646 2925
942 1870
489 314
1920 2950
1885 2611
1400 2517
940 2200
514 2790
1416 178
2211 1607
1971 733
1735 2011
126 1957
766 1171
64 2388
2735 2064
1522 1058
1766 2741
1704 2518
2155 1514
2034 1156
763 131
1372 1720
138 1259
715 994
2056 339
1497 1387
2004 2088
2427 286
1663 1676
729 2426
2923 1483
1821 255
707 1624
2456 239
2540 1673
1633 424
509 1169
2271 2703
851 324
1618 2271
1544 72
2612 1034
245 91
126 1055
45 2935
2880 2196
108 1029
2073 430
2759 1897
2416 1263
1526 2202
1010 1623
1976 581
437 1942
2469 1586
2908 2472
1706 1063
1436 2435
1905 2171
494 2405
1135 1166
687 850
2026 2295
2924 1596
1762 463
2690 555
254 1860
2612 2832
2043 920
2638 716
577 627
1330 2470
1423 2398
2897 605
824 2930
1157 1891
2237 2488
588 1099
2501 1090
1607 2948
1866 1593
1188 2181
2566 2857
2240 844
2134 338
449 866
846 2249
2908 9
1349 1302
1354 585
2539 415
1625 2703
2896 549
1456 1143
126 2436
10 548
1 2393
23 2461
462 1616
583 2018
1754 2284
1880 2487
1948 2698
322 1240
222 760
441 1975
48 1657
995 1209
38 1900
1971 207
116 2807
2373 1636
2942 1566
1578 2434
868 1241
678 2427
2182 2804
209 700
2948 1440
139 2492
1322 1658
1756 2862
1978 1906
251 2650
1602 855
2244 1307
1383 1426
519 1093
1474 112
207 5
1178 1356
1456 1246
10 2316
1685 649
2605 1154
2513 428
703 1414
1172 2358
1182 2857
2264 138
1601 1861
2197 2714
2535 1660
2697 2439
2460 167
2764 1030
2407 2497
1196 2828
1679 530
596 2501
2839 1735
714 2425
1271 1578
1529 601
142 654
956 264
2061 2199
2948 261
2341 167
1972 2601
2308 163
2074 2924
1804 2184
761 1932
1100 1760
1661 1449
2267 761
1903 730
1474 3000
402 1748
569 425
437 957
2853 1443
354 732
2265 746
1829 1147
1738 2900
233 1359
239 1385
1976 2424
1569 2916
874 2940
2200 1791
824 2232
1534 1662
1641 1522
1568 1747
1404 2553
2161 306
2775 1774
1161 949
2807 2823
2783 1243
2841 2032
586 1284
1177 1109
2159 208
497 751
1110 2369
109 995
2525 2310
828 361
1705 1642
673 2026
178 1332
1074 219
351 1776
865 474
18 1886
1698 2431
573 281
2124 437
949 2747
1227 2609
629 951
1277 186
1294 1591
516 2265
2942 2655
411 1531
943 362
1853 1764
850 1675
546 1127
1795 1126
875 1531
2927 225
1928 2728
2171 1637
1032 1803
2086 1977
2433 2150
2234 1449
529 723
703 2706
1444 2858
1041 834
446 2289
1067 2078
2051 2444
1851 92
2181 1637
2000 2714
2359 709
761 422
1384 1412
272 1103
1033 2406
1584 1964
1890 1551
2802 2004
1410 1672
1598 1557
1694 1001
2104 2097
2628 1497
2393 1742
2392 1005
608 1725
2463 1285
1272 2638
1722 237
2372 201
1725 2579
592 2976
2665 516
1289 1899
2374 1580
2056 404
2637 1133
2227 365
717 1231
709 1870
1324 986
1960 2291
2017 2464
799 493
1760 174
728 1592
437 700
1586 2229
1652 2483
836 497
216 294
399 78
123 1405
2164 2656
342 302
936 634
2993 1652
2495 1354
1309 1197
751 1187
2408 2070
1919 2042
753 210
2207 2763
2084 2035
2577 2116
1472 472
1689 2114
1199 1095
2802 2731
1878 1165
449 492
2918 636
2045 2308
1818 308
1543 592
1619 1334
910 1072
1912 1188
1870 218
537 549
1578 2526
261 2104
768 882
1651 742
1957 335
1358 1525
472 2267
2893 58
371 2528
1842 2031
1207 2876
1544 397
1135 1883
435 2891
840 835
1483 424
2063 942
1593 1126
2787 885
301 1904
141 1658
631 2421
774 311
2908 2829
2696 2373
1099 2467
2551 1808
1609 2948
649 1889
34 1911
1619 1148
433 1853
1950 2796
594 1883
1979 387
406 934
1027 1574
2966 1302
2898 1879
692 654
2636 117
2358 2434
928 2450
2204 1234
2508 1956
1005 2319
1097 1830
2404 516
2089 1503
745 2591
351 1788
2493 1671
2214 705
2454 1023
4 1293
2780 1492
2503 15
579 548
1769 2236
762 1224
1624 2931
2531 2524
1634 2850
1381 1884
255 161
1414 873
1223 319
1596 2748
766 125
838 617
2492 704
2142 2792
1538 539
2770 2673
282 2964
2379 446
910 2877
614 341
2972 2774
1314 221
2921 1849
1320 225
227 2279
2481 820
371 1353
2445 2684
379 1328
1480 2097
1676 609
2594 2776
1756 2964
2959 683
902 540
1444 1763
1097 1772
2963 513
2182 863
1537 2857
540 561
2118 2336
718 2892
1260 2071
920 2518
307 1904
2478 2129
1837 697
1022 2162
2606 1279
1366 647
2030 421
1841 2307
2522 2069
1134 1179
1791 2542
881 1894
281 231
2583 696
2851 195
452 152
2799 1805
2271 1683
1633 989
224 1856
1463 68
2928 2374
1500 1820
810 1978
2453 2460
497 990
1627 539
819 2374
1179 2
2276 164
2906 183
2157 479
1172 343
239 1839
2471 2540
51 2405
875 2135
1979 1881
638 1640
694 451
2957 740
224 1238
1781 1438
1928 857
2827 2865
199 448
1768 2500
2230 2347
378 2623
1262 2846
495 181
2501 233
2459 1131
1768 1776
275 1432
2956 2221
1970 1829
658 548
269 239
867 2872
1675 1131
1983 1844
2831 785
1404 669
336 2540
685 1470
200 849
2121 1899
28 726
2006 2347
2436 1693
1141 1848
700 1296
2071 992
2298 2887
1833 1473
441 1064
1420 1168
1677 2623
1265 1187
1007 1711
475 1392
2204 1423
532 1493
2673 2848
2333 634
2961 22
2336 1028
1555 109
1200 1627
1125 662
1340 318
2582 490
999 1453
2707 1166
2172 2479
784 2079
1832 509
937 1424
1368 238
1985 1218
2085 2893
2578 2196
2941 521
1446 1651
1404 1955
199 1555
211 1429
290 790
599 873
441 509
29 1255
864 1309
117 2931
792 476
2876 1422
2291 276
1223 1292
1367 1862
900 151
559 403
2275 1698
2781 2127
1046 360
1261 2535
2333 125
54 1388
589 2989
1114 393
2849 988
209 2914
2545 1398
120 1325
1706 2520
1064 1077
1702 1110
508 1100
566 790
2258 417
1293 29
1926 387
2471 353
308 717
2378 2055
1205 1578
2012 1990
2515 1178
1477 420
1040 1854
350 2175
220 1072
2682 654
2486 967
1956 2385
133 570
641 1958
2454 2498
680 2918
2313 1741
2703 1127
1544 2600
1983 2395
1160 2117
2786 1737
2355 2678
1740 1611
2044 2952
417 871
348 555
53 1314
2565 137
2162 730
518 2813
1621 858
2606 655
2481 1708
972 1525
369 1178
942 2755
1664 269
2104 2870
2547 90
328 1461
865 1986
224 2137
162 1392
531 2079
2166 1529
524 2300
1815 1967
771 2056
1410 670
905 1134
1634 531
2318 451
614 2233
2065 2293
1443 2630
2520 2518
229 981
2744 2313
1746 653
1895 460
815 2603
1384 182
247 2715
584 1419
729 181
1191 1774
10 558
2560 46
1148 907
1748 2532
261 2461
419 148
2018 1978
277 2402
1197 344
1641 55
44 800
2980 2244
1365 2792
100 2854
223 545
1949 1811
2818 1346
596 715
2394 2941
1170 2267
1456 2729
411 1854
1594 1927
927 1053
835 2161
105 2513
102 568
2694 1221
1239 1869
1336 649
291 1362
1268 869
1145 201
937 1043
2489 1581
851 1665
20 97
1534 941
2323 2614
1534 1633
2213 2480
2510 121
2548 2187
1416 1946
1639 66
589 734
573 1064
509 2597
1936 411
752 1790
648 1373
2510 2382
1034 1141
2181 1424
2656 1885
2441 2071
1738 197
1201 2808
1254 2465
1000 1738
1028 1182
1344 2674
2021 2219
1998 2435
2598 174
2562 355
631 2228
1677 172
41 188
2632 1192
2582 2190
1730 1550
1515 888
106 1445
868 1650
806 1710
799 2539
676 2680
436 1155
2567 310
235 443
2469 243
1742 121
1078 1504
1513 1248
2519 309
639 1344
983 47
2647 1578
2041 2241
1351 214
468 1230
2735 2368
1240 1901
2393 1105
2786 2478
1343 2850
1001 669
1134 1630
1410 1877
618 2544
1057 1710
2211 2691
2521 2025
1558 2041
2710 1347
510 2070
1049 689
1852 1885
1115 1828
1012 1363
725 1917
115 243
1272 722
966 394
409 113
1685 2284
1887 1740
2688 1943
632 509
2672 2734
400 788
1161 1656
420 1272
2326 2523
734 2659
2726 290
1426 1160
2438 455
2744 2129
1479 421
2546 2988
2969 2589
2001 2382
1776 2179
1644 1779
1342 1562
1521 1764
1665 1246
886 2418
2726 624
113 2162
278 847
1199 1234
2360 2532
307 27
1688 1551
1495 2607
2655 1865
975 2029
26 241
1316 1138
2079 2179
2135 2346
997 1710
2023 1592
619 589
692 2354
2492 1360
324 489
2858 668
1127 1191
1457 2920
2966 1794
1389 2897
273 1712
231 105
1217 915
323 2923
1355 2783
373 2754
1142 49
198 2426
959 51
2433 2687
2587 2229
835 109
1332 2574
2658 1800
1408 700
445 1989
15 1640
29 1345
1115 1229
211 2112
2484 194
1858 2680
1829 534
2117 2664
825 2548
12 819
507 1087
1659 1481
2868 1464
2012 527
1469 733
559 2126
600 2124
1838 2834
1282 689
38 1980
2876 340
291 1626
98 119
1194 1277
2555 2246
2221 43
1875 1951
2323 1695
1029 2628
782 502
1605 1559
2161 42
389 2421
2690 2044
2726 1462
564 1046
1073 1925
592 1791
1006 827
1405 1458
1534 184
525 17
916 1732
2050 2038
1537 2171
2241 1259
1704 632
309 2619
790 1891
2320 1048
958 1205
174 1973
1669 755
458 743
1345 2010
2956 848
1727 2579
1539 2228
894 1367
224 88
926 1372
1043 1631
1925 2432
1059 1255
1635 2069
616 1212
1460 1366
2482 1411
1910 585
1431 1346
1875 1277
449 70
2993 286
2351 1460
2809 2583
2622 100
621 1152
86 2283
165 928
2321 264
2803 900
2474 1809
982 1416
2267 2223
1396 2733
1066 1832
628 28
180 427
843 1570
665 2633
2628 61
2019 1010
1165 1838
346 2013
824 2647
1009 245
2368 2199
2567 1408
245 1620
462 1257
1617 768
1224 2265
2603 1151
2603 209
2604 2567
1962 731
2361 113
583 1042
2456 399
1109 2151
270 2911
659 173
1216 423
1950 871
241 729
469 2505
875 593
1619 1309
1073 2324
1640 919
2493 1588
1265 1338
2446 2002
642 2796
276 2443
441 2391
1375 1757
1037 2010
2356 971
919 1968
161 1288
2615 479
1668 1521
1202 156
2510 2254
834 1973
2846 2818
447 102
596 248
757 2624
1762 753
254 1263
1514 19
2769 1235
1220 116
1082 2530
2238 1096
1621 2139
306 2503
2541 1134
1890 667
2962 2075
2583 616
619 272
1026 1468
343 2862
1170 2985
1466 2358
1800 1857
2246 936
2520 2
1896 2221
673 1514
669 2662
1221 1436
1213 2171
229 1315
1727 1073
2047 1215
741 1158
2690 1998
584 758
876 1437
2847 1636
1081 1846
2717 257
391 1484
2057 2768
2632 2621
2873 1134
1735 2320
2641 724
2742 2975
225 1567
1400 1254
1085 209
2507 2197
521 2545
2376 2346
1940 2889
1941 195
892 2254
322 2523
875 1269
556 1594
2505 1932
1519 2562
2490 1383
615 2679
1016 837
2456 2550
468 402
436 2986
1657 2669
517 2827
834 204
1468 2064
2414 967
921 950
2672 2883
2388 561
2764 1577
2596 2210
2806 1806
70 1018
821 1915
384 1023
2481 2847
1102 772
2425 1796
1036 2862
2464 575
485 1404
616 348
2684 2310
1079 2138
2042 1977
82 2339
2647 489
1647 1247
2068 73
2287 2745
1936 536
2564 1954
2473 1988
1183 1268
21 1611
2542 1754
322 1959
1460 870
2923 18
2345 1858
164 1019
747 940
1704 2263
1613 1028
2768 2716
1759 1023
55 2289
702 2729
1412 1626
2453 2183
1448 411
1092 2627
273 2731
1137 451
606 2131
420 235
907 2190
1280 314
2151 499
382 835
1372 841
1507 1126
2967 196
1886 2782
593 2397
987 315
109 1166
2915 915
2907 509
1767 692
52 1344
1642 526
2695 2483
1591 847
2491 1646
2948 2886
814 2603
733 1412
2086 270
2492 1784
654 1342
1391 658
987 1027
1426 2170
2527 2808
2631 178
1470 1298
2355 1817
2384 2913
1059 138
118 488
1078 1300
1999 2176
2029 691
645 1706
1136 1007
2972 2988
1275 2187
2883 714
1282 2008
639 2233
168 707
1420 2969
2750 1565
2637 2289
1985 1770
1006 216
2621 1261
335 297
985 753
532 101
515 554
427 888
1870 1557
718 2661
1985 646
1553 1883
2050 1297
1814 508
2027 2291
1783 675
1067 1241
556 430
2200 1249
966 1957
2587 1304
219 162
1405 2363
1635 1617
873 1410
529 866
1817 2666
1783 108
1342 1875
451 2244
466 2345
958 1926
232 2798
216 139
1519 648
308 1869
211 1798
65 2767
820 969
947 312
2139 2065
1015 2809
2906 182
1575 1820
2803 1656
253 1376
2660 1913
2034 1923
2033 1905
89 1223
594 1370
1976 608
999 2141
2783 2436
2394 1972
1989 2828
2988 594
919 1075
618 1672
1217 1188
2353 1234
490 2745
2744 2545
2083 1033
2485 938
2401 1505
1218 927
1091 471
1185 2452
1206 1635
2534 340
351 582
1364 749
408 2655
2939 2218
2199 2636
1377 256
2555 1830
2630 2091
1449 185
532 1793
2726 2146
494 1199
2045 2009
2000 67
1819 393
1960 2570
1594 1014
444 266
2003 1950
1860 1963
743 2379
1649 2746
728 1824
1847 2766
979 1562
1761 481
2607 362
1198 103
2301 1770
2161 688
2937 1060
2318 1051
563 330
1576 2000
2222 2882
2347 426
1644 480
873 487
1929 81
2258 2141
2596 1721
2322 1791
1515 1192
1646 121
175 2793
1423 904
40 2275
90 1414
2218 2571
119 2484
1640 2553
1473 1272
2527 682
1741 522
2495 2686
2302 386
1373 827
344 2924
1492 2066
1220 2222
102 1120
684 2065
926 2976
2216 382
2367 2374
279 2723
2274 383
1858 974
2628 1560
1205 1042
1934 524
471 1320
1802 1818
117 2439
2122 422
794 2286
258 1647
609 2066
257 1289
1270 1188
1364 2268
1754 748
1133 844
2205 308
434 2234
2489 1262
2488 2907
557 2223
2465 1904
1583 2000
1532 1302
2670 2059
1748 2790
982 979
2779 2711
29 1159
2025 1299
2662 1160
231 312
1956 377
2433 1112
1937 2575
2636 211
1087 1168
1644 2667
1271 2217
2162 2576
425 2467
2835 1109
707 1285
2780 35
1541 2112
1092 1732
476 1735
2667 1155
821 541
1202 978
781 2780
1475 2644
862 715
779 1748
1061 799
1764 950
138 1534
1248 1685
576 2336
1394 116
589 1350
1471 976
788 2424
1078 645
2481 1649
316 905
2837 2550
2643 1014
2883 1215
1236 1164
1257 637
2634 958
2859 2005
873 1276
964 123
2231 1945
1695 2043
2994 1726
2774 51
1186 1350
2352 1645
744 1339
1576 1732
2559 2961
955 813
849 2218
2211 1489
2613 2506
1370 1183
2296 91
1136 1583
282 580
1113 540
2187 1821
1265 2849
1718 975
2354 424
148 1786
2055 2815
1716 2958
2089 2141
1073 1357
2930 2059
621 2025
496 629
493 1323
2477 1523
1316 1908
1140 2523
1508 1623
2214 922
2018 2750
1678 1443
2122 124
2450 2159
2388 75
2260 2390
2597 783
1311 924
352 2851
261 2927
1902 2146
2720 624
876 1417
2736 160
341 2171
2157 1317
671 2044
950 414
954 2523
2593 1067
1694 1449
483 240
268 143
1066 2531
352 1848
1657 2684
1125 882
1492 1509
1354 2427
669 1178
1228 1721
2286 2187
108 2754
832 2608
554 1525
2363 948
1530 817
2743 932
1326 2069
1331 1274
1172 480
2252 1765
1226 1370
1232 675
687 1554
2906 2794
179 1977
609 860
1537 678
2957 2785
836 964
66 2153
2105 2745
528 2194
2780 1105
1289 646
1445 1347
1277 2361
2891 1897
2339 26
1585 2318
2689 16
2361 1627
2557 71
1015 146
461 2730
2335 2583
2124 2371
2170 1635
1062 2545
2724 547
1550 2858
1113 809
1237 2385
42 1433
2494 1105
1843 1535
224 643
1103 2807
1148 2428
2373 852
2215 2019
2052 2110
2778 1001
1557 2486
304 1530
1489 1371
2072 1451
2131 2594
2140 541
1758 1697
1265 1633
562 621
2224 1963
963 1869
516 948
2219 1326
2829 1483
146 1488
692 316
2107 361
720 2716
2560 1073
1936 1380
1064 2798
1962 2556
2048 1857
2876 2433
1392 56
905 2289
1127 1613
918 287
1010 1927
413 2747
2473 343
346 1996
274 694
2740 1928
123 1525
2806 539
2490 45
2183 414
1079 1529
2134 506
292 1920
1218 493
11 1823
1498 1276
513 1847
2584 2922
2818 1282
1643 1592
525 2212
1069 1782
289 1120
1770 160
64 328
2018 1660
1483 545
1969 1491
1230 1126
85 2934
2654 2964
1215 1852
1504 2110
2926 2449
1123 897
1304 65
2401 2011
147 2685
562 1928
1499 188
754 2005
1188 326
52 1953
1427 1437
2327 2952
928 1765
1328 2250
455 1894
2839 2340
1759 256
30 2693
1169 550
1224 2019
2149 765
679 2542
1250 903
1073 430
150 3
2507 249
1677 2032
1638 208
1444 2162
929 810
2184 923
1455 761
2674 2526
2107 1156
1502 56
2161 460
1221 1711
767 2931
1240 1528
2308 161
2861 2772
2031 1681
239 1371
371 1836
529 1556
2354 2293
2491 1562
2295 1125
1232 1003
849 223
2615 1230
157 2462
313 235
418 2581
2194 1160
827 2984
2252 2736
1433 1410
2288 190
1511 1078
351 1171
1122 2489
2352 2148
2384 2088
2498 456
1680 350
476 2665
699 449
1042 1072
2617 1662
2803 1302
79 2817
986 560
2983 578
818 1866
1049 1309
813 488
1449 2944
2326 1353
57 1834
37 1141
720 602
2172 288
1355 909
1832 1215
811 325
2034 2635
2287 950
1534 1396
2883 546
2475 183
1361 2432
2788 2779
1480 2417
1631 2560
1194 2683
620 873
482 2097
2376 740
1469 2467
2307 1680
840 1937
46 174
2219 1198
2265 2187
261 355
1260 333
1064 2489
1420 571
2285 115
2297 258
1451 20
2054 1725
2941 869
648 1997
1002 2809
2594 1274
2009 1780
2816 2880
1955 2745
1355 1133
171 2027
2293 1146
2852 1815
1589 1953
1635 1696
1781 342
101 291
114 1024
1001 2164
1436 746
2385 1688
559 2829
549 653
2976 1121
1424 607
716 228
1599 1572
1046 1097
1968 2114
143 1964
223 799
123 2117
1191 2081
313 2427
2959 2448
2771 12
2666 225
336 1434
2084 268
1742 368
26 864
227 2717
689 1909
878 1064
497 1386
2738 1509
2139 280
2483 1526
1545 503
2435 2542
1110 1168
1575 1762
902 1370
1262 2201
2470 1857
2218 2038
311 1964
274 411
1815 2477
1038 1567
2769 1535
1925 675
1934 907
1140 154
2068 803
1232 1072
606 1915
350 1837
2764 1373
2944 2265
956 1796
859 1650
1537 1187
1511 2067
979 1094
823 2536
1959 1225
2065 2647
2857 200
2496 1761
1743 1295
1424 2674
63 1571
25 1484
1164 384
2960 2323
2485 1981
2242 2437
343 1109
259 1312
2644 631
951 304
1788 488
2254 97
2779 1663
301 746
1794 2354
1538 331
794 695
1344 1128
1863 853
1924 1790
162 2220
599 2198
1145 2210
1182 2720
2435 2104
1262 81
1518 724
2324 1720
1804 712
1964 614
830 2491
1303 284
1503 295
707 1529
164 1291
1886 875
1553 2305
2210 678
1136 1730
1840 2427
1671 513
1182 483
1727 2862
2842 2237
196 1980
2476 580
2466 2516
1415 796
588 1595
329 2390
2147 1578
2164 346
2389 2245
2547 2796
1123 1046
2368 1059
1600 2842
2253 2302
1303 196
2346 391
1148 849
1951 2732
94 1836
2378 1388
2147 2803
851 2824
2740 194
2814 2922
1555 2262
361 2041
923 132
1567 2565
630 2219
1676 433
676 2856
2178 1487
1779 2616
2619 2800
2722 1691
128 2371
1203 39
2497 1814
1416 683
1398 2651
405 493
1598 2149
1430 1494
1045 387
2866 60
2467 948
1592 1568
2115 780
2137 330
2834 2150
2903 1921
105 2082
2404 711
1611 985
2422 2653
2211 607
218 363
2552 1423
2550 2
378 989
107 1462
298 792
1107 1126
2205 2855
2199 2949
66 1094
1196 1662
1788 2881
167 1604
2425 1136
1855 1080
1284 2347
2434 438
2104 576
1570 1130
110 91
2545 199
2193 1621
1051 2152
464 1552
1404 955
139 281
2010 954
2858 2151
1531 1788
2523 2708
818 1772
1154 1994
2654 1808
789 2031
1251 181
1057 2508
2069 1568
2527 2658
1106 872
947 502
2816 506
1535 2071
2296 2365
1963 1533
1697 1712
2072 12
1263 369
2557 1153
1477 704
1729 2549
1968 754
2002 472
2262 2778
334 2072
192 1109
143 1825
2732 2444
2548 2927
550 1296
559 690
863 881
2433 1073
918 343
2804 1995
359 1877
930 1297
2873 1587
1770 1080
637 1251
2996 670
611 2982
813 2667
839 896
132 1490
2348 49
1533 2847
2855 173
2014 2483
1824 767
873 1942
220 1993
2522 2852
1663 711
385 916
1328 165
2481 1669
677 1981
218 497
2521 134
2821 2503
43 921
2047 715
2193 2758
879 2545
1332 7
2010 2674
1677 467
751 2198
2881 294
1607 587
1241 374
1647 1924
13 1193
2593 278
1322 1646
40 655
2066 881
2995 2799
2323 1179
1443 2668
1338 337
200 664
2737 2931
1449 190
1079 2032
467 1726
1135 184
2005 1164
20 466
441 2456
2251 440
1100 2273
625 2191
2778 859
623 2267
2244 203
1819 787
1699 2176
1105 1161
106 2629
657 2989
1735 988
1003 882
2114 1061
2713 88
2465 1807
1243 1900
131 1326
1009 413
531 2678
396 1768
936 1607
1758 1295
2195 2961
180 1221
792 650
2256 2061
2145 2286
1228 1203
1727 158
2884 107
2642 364
859 1698
1683 422
1049 546
2360 1601
1411 1177
296 279
987 1323
184 2564
754 855
237 2102
899 2744
1938 1091
2122 101
876 2640
101 1939
1684 1415
2658 2418
1125 1576
121 1813
2640 1691
1059 134
2452 1956
1115 1705
1361 1552
83 1255
751 168
2619 1830
1858 132
230 2511
553 2634
1013 65
807 2807
2592 860
1713 2980
1681 1344
2482 1573
2196 335
2420 2086
1597 1872
2927 1750
1352 829
535 1977
2990 248
152 161
1487 2281
1797 373
1347 2099
2195 876
2541 2808
2591 163
1730 1330
967 1126
1838 1852
799 2220
1361 552
2818 2542
1904 738
140 2297
1670 1452
2270 185
221 2011
1538 1728
1839 418
2535 1752
1082 2262
2719 2365
812 2563
215 1023
2698 1509
2614 86
2487 840
2474 1799
2012 284
2240 1535
2627 803
1930 5
1760 1981
1822 2284
1074 535
2252 816
2718 367
2248 1162
549 1899
545 423
1183 2578
705 2054
296 1666
1071 1417
1410 1524
2625 2739
2603 2190
2589 444
2825 2223
586 1193
2875 560
2042 247
113 321
1611 1608
1575 794
2551 1815
326 2547
2032 2129
419 1253
1288 854
228 731
2208 1902
2192 1635
2207 351
2831 682
1350 2550
2218 903
801 243
396 470
2200 562
2369 2536
2023 175
2158 2120
211 2730
337 1730
774 1051
1290 855
1021 1584
1226 924
2944 2597
1354 1052
521 859
2784 802
929 2028
2318 2140
2919 2126
188 13
794 734
567 2218
442 2679
2769 1751
681 747
1114 1834
1216 2824
383 2512
767 2311
899 1478
93 2497
2868 403
2097 2083
631 877
400 1972
2134 177
1896 285
441 1439
812 904
2051 1341
2897 163
2846 586
1528 999
1657 2150
2078 1412
433 785
480 1248
2310 2841
2179 912
2480 1672
554 718
2089 2812
2401 2875
1061 1369
2226 1046
527 2588
582 2622
2629 1177
2119 2197
2584 424
1547 2845
2317 315
1915 2535
2495 156
2317 2810
168 964
1951 1849
1709 71
349 1577
1866 806
548 849
1622 2948
96 1626
3000 1190
195 1073
2474 2749
351 2042
2605 2326
286 1959
2886 1452
1392 1330
463 947
2509 2032
497 936
747 2486
1528 1768
1154 464
1303 2174
2070 2775
654 1889
157 2763
1257 1141
866 530
51 288
297 1224
1955 2896
2251 2583
1294 1260
1804 800
2501 1920
108 723
2112 949
1611 2684
2850 1384
1873 1159
287 1522
453 508
1332 1216
2739 2022
2798 2427
2075 745
2254 1562
1784 2634
51 2223
2230 2868
1313 440
984 1200
2377 1263
1841 244
2088 764
1841 1887
1684 2017
722 2188
2252 1654
124 1093
455 110
2101 1506
1416 513
1309 411
753 1140
2066 1050
838 1974
1359 1316
1243 2373
1114 1217
1920 1864
1350 1865
627 2054
886 90
271 199
139 272
1021 1993
2672 204
1848 718
2187 25
877 1531
1479 1874
290 1836
2488 2031
94 1623
823 618
1258 2766
1207 2253
2063 993
2287 679
800 1731
1641 2879
2728 2643
1042 2175
1503 2207
514 2684
601 1364
454 2973
432 169
597 27
707 2804
1248 2336
2631 2453
2030 2235
2093 1410
2390 1290
2716 1426
758 793
1201 78
747 858
2179 613
2354 2317
724 1823
399 1619
333 1717
948 1077
1553 462
2485 667
1806 2205
2865 1785
2287 97
1011 1668
2749 1829
585 2614
990 1065
981 638
1919 2632
2043 2180
1046 1309
2306 259
843 1519
1238 912
801 2052
2821 1314
1167 2133
2801 2138
1604 62
317 1429
1938 1546
1724 2503
346 1052
54 2307
2376 1793
884 1480
2224 1436
286 982
425 1521
2203 1354
2778 14
593 853
2106 951
1894 2316
1700 1762
1366 2132
99 786
2509 1876
442 1239
1167 992
752 1990
918 2522
913 1269
2341 2283
2784 194
2547 179
2972 2005
1793 1038
1096 1970
1167 64
928 2867
1564 2441
1361 1822
1781 2940
2384 971
1568 2533
2254 417
1225 329
394 321
1285 2763
703 378
1709 1724
1871 895
2765 258
2152 1798
1454 2221
567 1267
208 2966
1931 2524
2348 392
1435 1878
2929 643
938 1400
2317 2486
409 854
127 2502
46 977
2403 2349
1052 1773
1741 2780
1835 1411
2017 2347
2521 1296
1714 1648
25 2598
1290 1255
1091 969
42 674
1173 2565
1746 2833
632 46
1923 2147
2685 2495
2307 2205
1322 1639
2537 2578
552 617
2393 564
1463 1276
1082 914
476 347
2654 2506
2705 309
2282 1385
101 366
1031 2465
1127 823
2153 1290
2341 1269
2838 397
185 246
1856 2964
951 1057
86 1478
1920 205
1200 753
1355 2138
1994 1217
628 336
2915 945
1949 1629
2430 39
1188 563
2112 2396
509 1233
2683 1892
1306 560
1523 427
296 201
1640 1257
1652 2837
1075 2872
1350 709
1596 1947
1836 1011
555 161
946 241
2701 1466
273 89
1753 1105
2766 2620
1500 1379
2740 2767
2482 95
628 354
30 326
1812 2603
2068 309
1389 91
1485 1512
770 207
1474 2250
942 922
2341 1683
1229 441
380 1928
1694 799
2447 569
1775 1961
2261 735
2530 2421
506 133
479 2383
1195 2584
17 2684
1725 522
1029 1315
2994 1531
1560 760
2117 2881
137 2874
2417 2554
2727 2432
421 1967
1860 1992
43 60
1898 368
2586 381
965 2041
1520 1787
785 952
1043 142
2677 2870
626 37
1201 2139
999 1813
2004 2862
2872 543
841 552
54 101
370 923
134 2117
1709 1301
1455 1566
1206 1425
1298 947
2326 959
977 495
403 2930
1465 2672
1880 43
1457 2718
230 2092
944 1629
1322 2488
482 2986
377 497
652 899
714 2850
872 1978
1835 1295
1371 2738
1583 1833
1261 2026
2894 230
192 2211
1621 288
469 1397
2911 2932
1883 2655
2236 1703
1577 966
2114 2444
1142 2269
1977 1249
2799 1390
411 2163
2161 704
276 838
2136 674
1926 2954
1679 2607
2528 1058
1977 1138
2840 1503
823 2403
2727 2956
946 874
2740 2707
732 2268
875 329
930 605
191 2453
2517 2101
1205 998
1114 1933
2812 1038
1846 987
2482 2601
733 20
1968 835
789 2530
249 609
2471 1566
2111 678
438 272
327 2521
1466 749
1590 109
639 2751
2947 10
2906 787
2950 2866
1500 816
442 1462
2387 380
1944 481
1157 867
36 2853
2230 2922
243 2429
859 2904
1565 555
2111 1902
1720 2987
311 193
1925 1096
498 1782
1975 2734
339 1501
2912 1319
393 2113
1806 905
654 1351
2399 1480
2575 2380
2617 1320
1020 2356
1134 526
1537 1705
853 696
740 601
2339 313
72 1947
2676 226
409 2323
2709 1685
1177 604
2596 2556
130 861
427 2114
596 2103
104 855
2761 1998
584 1594
1688 1822
1726 1522
1183 1488
934 1086
1621 2108
1775 2070
2879 1969
2960 905
2665 1028
210 328
2087 2150
55 675
116 2041
1273 1290
1042 1835
1854 1519
2707 2172
1698 1971
2321 1613
1301 2669
569 1345
1455 2514
2269 1305
2569 2385
521 818
1774 1335
2614 1377
2995 2987
2694 2939
2850 794
1479 1286
2885 125
1780 468
129 1529
1416 537
272 384
1380 2298
1524 2950
754 1296
1753 1903
2915 1198
2578 671
2919 111
503 2170
1395 796
798 53
504 2173
399 1140
289 1445
236 598
388 2299
1528 150
949 94
1255 1059
560 2320
1575 530
982 1415
1070 346
561 24
2916 2176
1787 1404
698 668
1972 192
731 2284
2891 2096
1466 2096
975 2044
828 486
1982 2885
2847 1663
1869 929
2107 473
1361 1973
1392 1886
758 1731
1113 2789
1638 277
1600 1224
556 2448
2993 2414
2977 204
427 625
567 555
2172 2210
2381 1384
2428 340
2146 2314
1966 238
2429 1401
1154 1733
2076 2257
2518 1930
1755 1789
2711 287
1584 221
1842 1984
909 810
2423 232
1909 561
1409 1505
323 2791
2287 2112
279 2772
615 2696
2834 1787
1819 2310
2668 1961
636 45
684 732
167 339
1200 2894
2013 747
317 746
919 1949
1097 1894
1930 2387
1183 97
943 685
740 311
2062 1247
2192 938
620 257
2110 2916
2746 2183
1167 531
1801 843
2739 796
1018 56
2338 1099
1307 1024
1883 793
2671 1704
1611 2551
772 1049
656 1810
2859 1963
1086 223
1876 1894
26 1065
2209 2993
221 1025
371 1478
587 2590
450 2397
540 981
2905 2385
1603 1674
416 904
1757 2424
383 574
2972 2021
1335 1676
141 2266
2675 1293
2999 761
2927 1954
1134 1687
800 2374
2782 653
676 1252
299 298
1267 1944
2480 59
422 731
2743 1549
1311 2147
289 641
2201 1586
950 1714
962 2206
127 228
1118 609
2857 1173
1469 642
1717 2232
2912 4
2191 207
2032 1829
91 2409
2096 297
423 477
2252 336
2557 238
874 1493
2607 2775
143 2601
2464 2633
1005 1408
920 1466
1156 2842
672 2216
1383 1100
1063 2663
608 1616
1132 63
1319 546
2693 321
1831 1925
1080 19
1921 262
2408 2379
556 430
2883 2480
1197 1022
1281 39
1100 1214
2743 669
392 2590
1732 1872
2028 1097
2187 1995
585 1023
1115 449
1366 1914
588 1369
150 1587
459 1243
2233 325
2375 1987
2309 2562
941 1155
2934 2518
449 758
2555 1585
750 2298
2019 512
2656 1357
1400 566
2056 1020
2340 1287
2623 2312
681 1997
1294 649
2597 903
1054 471
501 2438
1100 871
1985 2194
663 1595
33 2797
941 2734
2238 2854
362 174
116 2384
619 451
2694 1940
2082 510
715 2157
259 829
1536 1458
1150 2199
2014 2121
462 2963
2045 2130
609 1934
1528 770
2865 692
1035 257
1483 2646
1091 2518
2109 949
766 2521
1285 2270
1995 2257
360 2343
2330 807
785 2769
2398 1451
1002 2534
1530 1198
2631 628
2059 648
2049 475
156 2610
9 844
767 1838
2870 211
587 2590
2136 1302
1809 859
1414 1006
1492 1679
661 2725
2216 2332
129 1944
1321 1950
2193 1480
951 639
294 1180
577 1786
2893 1249
2664 50
446 2724
2885 995
2891 2727
1526 1585
1668 2658
2157 1249
138 2252
2641 2268
1059 2043
2225 459
2879 1696
2078 551
368 158
664 2568
2135 748
308 1457
1420 1537
2781 729
461 2072
1521 661
1948 1932
925 2212
1626 1174
1091 364
1976 772
2210 2939
1160 1588
1391 2256
2543 1786
1715 491
622 1870
541 426
1809 417
1090 1534
344 970
18 2142
1972 948
325 2410
2492 1490
1365 1018
2264 1030
1941 360
2093 645
2618 2994
1827 2695
1722 773
595 782
2051 2159
438 693
1092 1068
690 228
2553 2916
1037 2385
2811 2434
383 2536
735 999
1115 270
1777 2136
1086 995
2032 1838
2731 78
1835 2845
183 2061
2532 991
329 2413
692 2505
2467 63
1671 1238
2871 1412
2002 2859
372 2362
90 2140
1920 2975
2702 133
739 1173
2520 154
1505 1615
2440 355
2632 691
994 18
2242 2488
25 935
2533 98
2996 894
2474 2988
207 2407
883 1654
2325 1639
2344 2879
1933 965
931 2124
442 448
1131 313
1776 1934
1542 527
524 8
1211 247
83 197
2631 294
1462 1035
1813 866
2668 2549
2691 1436
2184 1762
1019 510
2845 162
2736 1895
1775 1286
2098 132
316 1896
1635 1602
2987 1489
2002 649
395 2042
856 2091
2319 2413
2898 2517
2320 2205
2230 981
2188 603
313 421
2510 2003
1272 479
2038 302
2862 2594
1691 768
749 587
2325 357
1352 1839
1808 1744
425 1264
822 1844
167 742
1260 47
1746 128
168 1092
98 2652
1161 2448
2084 507
1527 2262
2150 1240
693 2295
1846 2795
261 108
2502 2521
1170 1254
906 1534
1843 745
101 1365
1511 1891
2144 895
1036 1755
517 1802
1957 440
1300 1484
1619 2232
2428 2409
114 1667
1236 1177
2592 70
2961 2190
1257 204
987 724
263 2362
916 161
2025 1306
912 1703
2945 2722
147 2496
1754 1605
168 2090
2001 2643
1126 2155
835 2829
2888 2630
1896 2100
1444 1830
2470 746
1011 1835
1041 240
2027 1771
1682 1074
194 618
1662 416
372 1845
568 2318
1591 876
1137 2455
1717 94
2735 1405
1585 2385
364 2724
2933 218
1208 2712
1140 1274
1682 596
124 554
1595 1660
1486 1344
731 1629
1008 290
880 2867
2522 1106
1572 1532
105 2635
86 2700
1 619
2660 767
1382 154
264 150
420 1554
1000 404
1165 663
963 512
2635 992
1776 2985
2143 2759
2561 61
1337 846
1393 2034
1465 2674
1857 2536
2694 148
2065 118
245 2461
2589 2788
2788 898
2125 1241
311 1505
986 1295
610 2083
2198 172
1368 203
2412 618
1764 2637
232 1721
2247 2898
1943 186
1809 659
2634 31
483 220
1367 1642
2996 636
1193 2820
2458 281
25 2119
267 1009
708 2478
477 2830
2463 2243
883 130
1801 185
329 1484
400 1835
146 785
735 1364
1023 2070
1942 1105
219 1733
954 1612
541 1447
2367 1546
2582 2337
331 2559
1068 177
2372 2856
662 1147
2589 1618
2632 2935
2749 1185
321 2493
281 1500
1299 372
1283 2087
2219 1103
2938 992
930 1018
228 887
2347 1507
2634 1831
406 1268
1491 1058
2420 1384
163 740
1812 1012
2669 1390
373 232
31 1958
1477 2814
1125 413
874 1762
1216 866
799 2730
985 2597
1777 2137
1265 2382
1563 1382
2098 1431
598 1482
2403 1711
725 2962
3000 281
1160 1018
985 324
1998 339
596 428
2185 2669
2709 2273
1757 1649
2245 2190
2674 1712
416 61
2810 2360
2939 2545
524 2649
1198 2916
2266 1362
2815 1674
2424 1810
1991 1781
1502 379
1985 1386
2272 121
1576 2549
2684 556
2240 2785
2492 2898
288 618
2692 1298
382 1110
1110 1572
1283 409
1068 2508
1809 600
2798 1976
210 1577
1901 1696
1275 2529
2375 1358
1593 166
196 2798
1666 558
1504 2231
1696 103
722 2315
2257 2128
387 812
2939 1775
1732 1023
2142 1541
498 989
809 2328
75 1767
378 544
85 1027
2545 2356
180 741
1380 2061
1869 1655
1000 2626
2914 1787
1326 2510
1045 2800
2220 967
359 2252
2902 192
1395 497
805 2714
2175 1403
903 1102
651 112
2294 2023
1190 241
1701 1366
1405 2289
2337 1205
1020 2419
2509 2151
2354 377
1800 2536
2560 98
338 1233
2411 1555
1989 15
322 2898
1617 1789
370 846
251 831
1120 1483
574 2225
1206 2589
1690 614
2298 2635
1188 1629
2707 326
358 1561
2678 1722
2393 1256
1656 2092
1001 2807
2372 572
1216 2708
2496 261
2901 1580
2763 371
1174 2142
329 2724
283 535
2738 1882
2141 1271
2616 536
1119 260
2024 75
1708 2606
2827 1979
2721 2802
1453 1306
1092 1643
1565 332
510 134
2487 2136
1069 2765
646 2966
2957 2943
2070 169
839 2317
1713 1535
2154 2680
1951 1598
778 2305
2740 1657
646 2777
429 1932
2798 2594
2771 2444
2885 2957
1323 1962
291 2494
149 2530
1094 2414
524 1759
1451 2295
1749 258
311 2933
2243 1058
635 362
330 46
2047 1338
363 2377
1581 1009
1424 1852
2682 346
113 1363
2033 2713
1717 969
89 1587
2069 173
2303 341
829 1585
2751 2730
2492 944
167 2769
2887 1937
972 1694
2129 1057
1386 1088
1189 2221
334 2891
663 2872
646 2719
1584 2546
2947 1704
2640 1490
1886 415
1945 1734
177 2617
490 1536
959 1895
1585 2994
854 118
1797 646
780 2175
1386 623
816 858
2518 1284
1946 1790
1332 2630
2222 2604
1215 1280
917 2317
1441 1862
2141 1969
764 905
1290 930
1953 826
1596 248
2176 909
795 135
1383 2537
952 2501
190 1645
2910 2424
1434 1997
1705 2959
736 2132
510 1672
549 468
2667 1530
1884 1380
2832 1676
2407 2377
950 1790
577 801
1927 278
1740 1316
2575 1982
2998 563
2977 1563
1250 598
2341 274
1652 1200
1472 1246
85 526
2164 1573
848 544
490 2451
947 1303
981 511
586 2600
2529 2597
2832 1951
2828 1756
696 1903
2211 2137
2956 1257
1544 347
2843 124
1771 1024
2984 2116
2815 736
929 2542
1327 1793
229 130
2528 2082
985 842
2952 605
1157 2611
2703 2646
1306 1321
373 1985
1383 439
349 651
2533 1335
2072 975
1607 1959
2117 2028
134 773
799 2149
2260 1029
1975 2937
1063 88
1172 1188
865 871
2433 1542
1589 2192
2454 1466
2484 2784
1793 1650
609 2290
2966 1281
362 1951
2572 2217
2745 1662
2827 2719
2633 2574
2323 875
612 2922
630 1292
2692 412
96 163
2041 2221
2302 1390
27 803
998 1713
465 1932
1973 40
2545 1091
1070 1976
2240 657
2025 2918
1596 2749
2579 1064
160 951
1693 2003
496 857
1087 1829
894 599
1998 476
1204 1417
627 1270
2531 2534
2542 1099
1107 92
2739 1039
1604 461
2404 2844
1517 2411
295 2200
971 1576
2121 1627
2252 1703
571 2692
2652 2847
1012 196
559 1721
1424 2587
2904 1856
2048 2521
1050 2537
1785 1208
1093 1339
1433 2808
1116 1592
2871 1347
2044 1452
1675 1219
2823 1854
1262 736
554 1437
1283 2006
987 2148
142 758
256 1449
563 52
2796 115
2730 2417
2395 1810
2746 2874
1464 2963
1716 401
2652 1492
970 2282
2890 2853
487 1777
1273 1168
1904 2506
1274 1610
380 1713
690 1122
1552 1419
354 1225
2638 1364
1237 1883
1134 1250
2290 2837
1085 2858
35 399
2854 1466
1557 2653
815 1231
1825 2328
1901 584
2554 2586
1514 746
1584 1474
1709 2566
1388 2372
115 1416
2853 1661
2622 1665
2906 165
1011 2510
1169 902
1567 242
280 1845
2892 2114
1122 2766
2993 2272
2084 269
768 1451
1280 1594
1125 2885
1378 2004
851 2468
1905 2969
1856 2757
1512 1844
68 518
1534 753
2814 1458
330 430
2680 971
1115 2050
1060 1587
2240 2186
839 2787
1395 897
2813 2216
691 1904
77 250
1866 2654
1718 2687
1660 106
450 2872
113 1495
458 1946
941 1047
915 1480
1262 307
911 1527
1749 2346
1575 10
1745 520
487 383
1352 2568
570 625
1640 1125
2712 527
21 1126
821 2166
2859 393
292 1754
1623 2745
1947 155
1753 1458
817 2541
1229 1324
2062 1280
1954 2158
2786 426
2201 1366
417 2521
170 510
1572 1334
1157 1953
227 2286
1229 1270
2035 1146
313 1211
370 1338
1213 1910
2443 2526
182 1641
2702 2517
309 2532
46 297
1198 1535
2018 1162
138 264
1196 1842
442 1810
190 2722
2180 2743
1871 835
531 774
1088 2671
842 1864
1147 2824
1161 2456
1974 777
907 82
1228 236
1191 2262
317 1908
2190 1100
1640 1541
445 2793
2614 1328
1643 1683
2608 1515
1684 1938
851 2696
2808 8
1219 1301
1910 2570
2902 1412
45 2111
2291 1628
1148 2601
571 415
1479 2217
2654 365
781 408
2641 1026
2049 2683
519 1795
2302 2078
1189 2487
1478 1125
875 195
220 423
1055 1910
289 108
52 2607
2388 1016
347 2244
2893 144
688 1932
2956 1565
2265 798
333 966
803 2804
495 747
1942 1251
261 184
1257 804
1077 2398
2312 1824
2175 656
2093 1990
2352 1844
1990 713
2592 2129
1582 377
1128 816
2021 998
400 174
2820 348
2264 832
1724 723
533 1016
439 2799
511 2984
1866 3000
745 292
2088 1578
368 2365
2922 2743
935 746
1638 2747
1274 1354
758 809
658 1040
2163 2685
497 470
233 545
1174 638
2188 2372
1979 2076
2451 2191
1005 1647
1709 618
1580 2730
2113 1391
1788 2062
90 1076
2026 2779
2331 1711
2787 2558
1279 2821
2434 1597
1244 116
1800 2161
1201 2394
2753 2211
2349 1678
1772 74
250 1341
323 2500
2843 1007
285 1163
2561 75
1832 1330
1980 88
899 2208
1848 678
2898 1860
1310 2508
2531 954
1565 2955
1761 1868
920 1875
526 485
2009 661
215 1106
934 2009
1531 162
1908 976
796 1423
418 620
1377 1029
2711 1927
1139 1547
1758 1553
1454 104
832 1358
282 2864
1834 2496
787 511
137 1705
2830 157
2060 2715
2366 1730
378 155
909 1580
1971 1051
2110 1086
2403 688
2219 1051
1532 1683
162 2564
2250 1123
1950 191
2005 1851
1043 881
2251 1584
1025 668
2365 1207
133 1260
147 2508
980 2262
745 261
1722 2467
2852 528
627 2476
1816 2467
519 1238
692 219
51 248
1497 2854
53 1042
662 860
848 760
1607 2699
1913 935
2623 1843
1473 1040
1156 2427
2573 747
2218 2001
2898 2029
1179 2767
2821 1821
2261 2828
2458 75
2844 1480
546 1234
74 772
2395 497
1092 2241
523 500
1303 721
2436 424
2931 1091
1527 1062
2286 570
1994 1327
660 280
1404 1802
1454 1351
930 2122
432 1537
2987 2491
1888 2080
1185 2814
435 176
1049 1651
218 2612
2573 30
1342 862
2647 805
839 2987
2457 1393
2147 534
339 156
997 636
1813 2706
2188 2200
2341 1795
1198 224
1091 1055
1029 752
779 179
1488 1509
171 1419
2205 2181
806 1160
2750 1916
1488 2892
2841 1194
1899 2188
1476 2516
1105 326
2585 1711
315 1762
2263 93
2569 2974
2345 1977
43 2364
466 1317
1640 255
649 854
1308 1334
2658 2470
2335 2896
1485 2682
1932 2921
2475 501
160 2116
174 141
1884 1193
32 557
1731 1192
2399 2763
600 743
1431 2690
274 377
1649 1219
497 2256
1827 743
206 1348
1367 328
1182 1172
