4497 880276
77869 80135
53853 67929
21214 72708
57860 75988
32947 64374
55700 86518
50924 77313
83249 86594
7591 45028
16993 28663
4617 98598
98311 99573
40019 55027
51593 69508
6820 24367
52677 96874
197 9295
14650 25916
48028 64096
56781 58348
56656 97754
47903 96407
64519 83011
67751 75781
69945 97099
57155 65144
75629 99656
86940 89581
25329 45856
2892 50172
59952 82924
54060 84565
30318 78317
50748 79865
6643 44799
18363 46619
73791 84120
13073 91117
18314 57120
45647 64351
77819 99630
86233 91512
97455 97733
59987 91775
79063 81510
60550 93022
85771 97677
78563 81604
78678 90864
20133 97091
92571 95778
60585 89527
79998 96505
3074 58035
73699 90756
47505 65491
41085 59332
6779 52910
42963 62914
80772 90940
49938 96776
20839 91843
7853 52032
31074 57626
74983 89418
48359 78451
5570 32334
83582 95809
39964 94645
87236 98990
23739 37674
32100 72701
35799 84862
3795 15511
4054 61166
30231 72206
77581 81988
74776 95071
48399 83451
49138 92118
44512 69180
97960 99817
66443 93919
67341 91544
55183 96682
20117 60814
92149 94109
61852 74031
36727 38068
24296 90622
55272 75347
19056 21960
33740 85342
53886 96834
92827 97204
75792 81822
2747 70503
1414 99790
60960 82514
82264 90883
98589 99277
51279 73804
97452 99986
65001 66005
83885 99365
30985 86741
71057 93760
65483 96971
22988 78717
84574 88917
95864 99290
48608 49132
44760 58170
84123 98071
954 18068
21410 57327
87715 88535
52358 84829
2774 39090
23759 61542
64165 85483
98420 98927
44501 48280
58444 80981
82738 86435
67138 77470
86360 95769
90009 94925
3210 5401
46292 53402
88369 93969
9632 70347
90096 96119
78257 82368
89050 91783
90857 99438
47788 84624
57364 91062
75454 88850
36125 86229
46907 63142
84310 86776
81592 81797
48104 95024
63123 76452
79284 84528
70748 76305
16184 18514
78020 95082
48530 79183
22424 67147
52857 96370
75006 83394
79676 98339
95499 96585
14954 40656
19784 63430
43889 86006
99659 99895
65518 71289
60489 91879
79406 99084
66520 68406
31478 43937
80123 83090
92578 93170
6051 45964
87252 94149
49088 83197
18383 82011
71657 94837
42684 91162
40138 75117
64941 96433
60209 78485
71034 81951
89620 91229
61147 65648
64032 95328
86095 88259
7224 53101
951 13515
82850 85804
36087 62840
73028 94556
17419 20625
30325 89295
71205 80383
28325 76411
48484 88758
13401 22119
38438 50581
55347 75353
99834 99908
37726 43392
19134 91616
96897 98169
79203 98894
17463 97265
67927 96789
36750 84044
45247 52974
96020 97454
68158 94503
464 41256
70404 88658
80226 82913
18109 72451
59096 83472
80451 91936
71765 82113
49222 72424
6792 87783
72922 99734
52982 87190
66391 88271
65499 98030
16159 92825
96606 99202
60409 92257
13089 76668
49230 51906
39119 42202
97678 98197
93724 94331
55053 73775
16699 66699
66501 99184
21743 68718
92743 94746
33709 79492
94719 96179
75124 97795
36460 83862
9597 14912
959 11286
73268 99290
90018 99101
34483 61300
17240 54855
65802 99924
67372 75632
33295 40780
11470 55935
24326 84543
58113 71685
25868 34649
34821 79891
8085 18493
24559 63693
70613 79077
84482 84879
14224 72592
99353 99906
25485 55767
92602 99200
27338 32880
98824 99196
27271 28241
38379 44712
41731 92208
99491 99503
67771 82372
39050 89151
63314 88390
37209 99882
64521 87143
76410 99654
68119 97685
11067 39683
99086 99307
59178 91305
61577 99436
61893 77335
87743 98931
11667 49596
44189 81640
945 52791
73099 84727
61949 95332
99311 99900
31132 41082
26292 65817
87520 90232
77815 97491
90371 91895
26947 37512
71104 93032
97026 99204
19042 86421
58084 80941
24017 46185
16428 44756
78275 89795
56409 99403
82935 84817
10351 67853
20378 36572
12907 26606
71190 89811
80058 91960
3522 65726
26044 78631
60369 68758
24511 38005
64262 98225
54413 67973
82797 97305
10627 37639
3120 53216
37259 41569
73962 88197
19470 60141
36713 66837
29377 38927
77524 98230
35561 63534
1242 63174
18182 47148
24691 28634
91507 92110
96824 97212
38401 91812
62751 85184
29203 40030
69072 80396
36900 54883
84149 85747
79415 91112
82310 86854
50155 50430
26289 96173
325 76223
38893 95071
60699 82479
42482 61832
26488 87666
66274 90694
66304 70385
8746 79867
94441 98269
29744 37747
31222 82488
56549 74500
96390 96985
58549 93435
78991 96268
72028 78517
81782 87458
13615 95423
77464 90942
44278 76334
13920 57185
53431 73394
86576 90060
6528 34617
39021 50583
95098 98233
51355 69418
47891 70122
45969 74898
70621 78733
21624 89345
20908 67648
54287 70405
68390 92393
10090 85124
16327 25245
90990 96224
80210 83385
1564 66257
15303 16691
79098 94775
27529 44228
32528 61270
16899 41453
80596 85040
75787 81378
84376 99313
80943 96651
67047 90933
56247 58429
5345 36570
59637 61813
58212 60573
14177 55606
81056 97961
57944 69541
46682 55024
54715 81223
83648 92445
30077 85639
76048 83570
63265 76849
96149 98996
93803 97505
13996 18046
39925 57119
94823 96359
91843 93581
39186 80953
18616 38762
78895 97538
55407 78273
38022 59816
46576 50532
63449 72773
20769 35820
67471 73216
28962 96752
63468 90984
58902 98681
2008 75045
34742 99092
32526 58929
7517 15780
23640 31414
3856 90159
67559 98856
55034 74004
14197 25868
36757 46533
12625 73275
54551 66570
94218 97103
37569 54638
8449 76002
29675 45521
74916 76235
69928 85594
6029 98182
52110 56129
45007 46062
1532 40639
99527 99960
86083 87175
65813 83321
92046 97490
60417 67354
23733 59285
89604 96747
98523 99609
8844 41530
5842 13720
67190 99911
24793 61200
88888 99877
18765 74261
80827 95708
28091 48608
14384 69949
14407 66328
64021 80968
77825 85782
12342 76875
4455 30203
88085 93702
98256 99345
49271 56674
36698 60006
48822 54391
68651 79796
88369 98875
74429 97837
40742 98860
58041 63950
53712 58485
39304 67154
67260 75023
82155 89414
88845 89785
38102 75252
59749 64067
72208 92993
20714 41344
41429 92439
44643 80431
22124 84198
77140 90774
67285 67688
38159 76948
83715 94191
23576 39432
98205 98322
54790 88398
26349 85160
98522 99976
99328 99721
38955 75145
46919 81071
92703 93712
39349 67553
10113 40511
8679 59368
38050 86171
50424 66676
31052 79766
42577 91040
60365 69757
39709 96389
16739 89533
68858 80046
72243 83396
92350 97211
16094 26335
95596 99920
84916 92240
73509 90078
99554 99937
95060 98057
98996 99207
52338 88500
97943 97950
65643 73830
55629 57457
74486 86581
33477 49305
46246 92802
60953 84072
83487 98166
49532 89706
68306 95313
40900 95818
56523 78518
90356 91373
97767 98689
46078 96924
32698 43813
5343 72611
80911 88073
85455 88752
93309 94605
45074 81149
54161 57221
74457 83347
27838 90354
88523 93807
88622 93270
21376 78263
16747 75442
41468 97264
35613 37685
16668 58514
27457 57664
92584 96166
56490 97990
17966 19332
94220 96910
41809 52997
87222 87283
67730 90693
67742 90876
81227 93422
77949 78704
48842 60203
79834 97367
22595 24893
79154 99785
89113 90080
57189 86860
94507 96581
21214 28007
52523 98092
75871 78870
71210 74865
9828 91846
8672 72299
12058 89975
55228 81200
59008 67538
29739 88178
64989 98181
47343 70912
72179 84395
84176 88900
91957 98228
40861 47840
55007 93954
19966 39444
29797 82814
41997 46906
40201 99950
17432 73959
21735 35052
17217 66610
67117 68102
92492 95029
8593 37570
59351 99415
30306 63163
73957 95057
81133 90832
84465 90190
13278 24016
58543 69349
11250 62914
26979 48553
40640 60520
28594 95962
12445 13426
96255 98780
69740 85036
75834 93129
31319 98302
19915 61236
6729 91796
40085 65268
69942 73920
20825 68448
46379 49879
26549 81135
19854 97015
56322 68257
49849 64871
59069 67356
20869 69116
55503 57422
74544 93242
1395 2623
38136 53496
1608 8432
27018 69032
17801 61811
4376 4531
52569 64249
85166 91256
40215 42658
40649 53797
38120 79650
1569 69943
7341 31915
44825 62875
53622 77528
46033 99503
29093 63870
94268 98581
17621 28217
4824 73765
41870 48462
84849 98788
85957 90098
20341 73246
50198 88506
94019 95069
52100 95602
40901 97264
16447 40887
7301 20373
2349 76577
52288 88461
4968 28528
5343 59759
18803 84007
33052 85759
80884 91698
96115 99946
46469 73975
23800 80563
90370 93485
73884 98922
42261 83643
93319 95255
49909 98578
83549 92599
98491 98622
63738 73655
82911 97789
45955 66872
31297 44155
93279 96673
75202 82523
22960 48150
62172 67604
97382 99011
6935 43036
79487 92020
82380 83139
79605 80649
59577 98751
92206 95296
78236 83958
51575 71490
29905 73112
1070 70016
74455 91788
95718 99996
51527 69593
22694 89580
79135 86371
39543 64941
71538 97432
42 58274
530 36999
58906 89291
50436 53798
95768 96348
78471 81502
75993 84211
82207 95280
23759 76176
45851 55699
64469 79232
99226 99616
98513 99265
86544 97187
23497 29559
63962 82290
83466 86026
72749 73941
44110 97277
79719 92558
9422 31495
35699 95623
40431 82652
35650 85883
10918 16912
89991 90870
87407 97205
50277 85056
47354 95396
4495 5508
68373 96349
30702 66690
89299 97015
95342 99500
87551 97653
19627 77340
71743 77988
30736 34785
98246 99145
51648 81571
87404 97925
11921 77682
24913 58129
19263 37431
9796 54743
96312 96399
63239 83496
21008 36906
71038 92284
97159 97359
28249 48424
98931 99423
46586 61024
39241 67674
10147 61985
88527 93967
37502 78877
14179 49642
51063 73928
75119 77399
4131 50790
89854 96350
89226 91844
28678 86798
98706 99071
26867 40072
22658 84014
91788 94581
87642 98535
11390 74469
74461 95162
77060 89031
38665 75298
96469 97205
89264 92272
81976 97157
58816 73940
7473 62970
86690 95796
3080 62131
94403 97923
97161 97565
54475 57911
9632 80276
92413 94877
65772 95770
77098 93366
11475 58079
64132 94704
51307 61166
59364 92218
62004 95416
23890 44776
98037 99039
78952 83144
9081 75781
30375 65833
68191 94705
76778 78822
59919 77643
83398 86543
18907 24599
61744 67422
85549 92067
12004 95898
52486 59860
70513 85832
42938 94340
10639 69267
75087 84442
76277 76651
63240 69557
73841 75705
4088 53025
65353 66406
75523 83685
31453 87616
14082 72282
89417 91335
28143 58588
36175 41290
84593 91326
21924 51896
51422 76299
8846 76843
62879 68638
87411 92752
92861 93050
28488 92365
35983 97279
47195 93258
8540 54061
3033 29353
17077 21815
3667 78569
30234 86078
81655 86239
54609 73422
75265 96445
4118 47855
55460 83776
99203 99945
26570 57005
35374 95199
14349 53245
416 95654
40529 64605
44171 63032
95820 98708
53203 72857
61343 83216
98850 98897
16384 64909
94235 99582
6685 29929
29371 95219
26548 79287
2189 69605
36863 75504
55227 96636
31799 93873
95113 97875
53613 58869
33763 87818
19994 99180
14558 40082
51102 75583
39209 72045
25888 47360
20097 28695
72724 72861
29738 34694
48459 88162
6249 22870
7935 14016
50786 53945
99166 99853
99628 99820
77520 79742
56956 59857
75693 77475
49475 69315
76365 85126
72524 86844
86810 95960
4326 26160
61424 86734
14635 74400
58083 74555
70818 80993
52006 89629
79807 82206
69019 83695
38171 73548
50840 52431
81272 95334
95559 95634
77323 81336
85486 99825
60300 89055
94874 97661
18917 22801
3643 92623
69964 80704
56168 92672
1489 71802
10912 79216
93945 97448
51985 74212
86778 91117
73256 98013
72484 79492
69275 92771
73972 76912
51312 68600
25078 37988
38900 71606
34657 73413
31702 67209
72069 77641
82862 89303
3813 86781
2528 56678
5791 9630
13976 32077
23931 45934
45936 64168
17263 45206
51065 67322
51212 87984
37915 97390
4065 32066
58430 88390
51942 83812
51957 70021
7300 26862
4200 16546
31940 60316
38380 76134
91640 97806
33966 80644
47012 63167
59249 78540
68985 80025
80726 98359
71908 96517
98784 99821
68547 87001
54440 98577
5301 39614
55470 81281
58597 68858
98784 99340
33242 58635
57117 99229
27262 55131
50220 76403
93143 99418
61000 89186
19752 52773
86406 93063
42327 75058
65715 97811
45517 79605
72241 96207
1126 41898
64061 74832
82089 99038
26027 46185
64006 87537
11004 88342
14320 18761
14236 52469
98894 98990
58278 95559
74633 97435
42692 89493
26656 76608
54048 84712
49228 53403
39036 63664
93361 94673
92603 95112
41973 80422
80380 92502
14317 85919
28239 51170
11540 49423
66449 85109
55190 91172
48011 68304
95552 97148
92678 98687
71318 93445
97124 98992
45133 58693
35189 96753
90342 96488
2806 20437
31663 78008
21027 43826
82203 88291
39010 44944
67457 89921
83113 99455
9508 95971
25632 76986
52981 67188
32964 77295
52299 69627
13894 34161
45642 51702
69143 75824
64121 72117
97331 99429
53810 57790
63798 75753
86251 90084
63795 75642
20843 82187
8389 27115
82921 88093
15987 97410
9862 21991
20849 76857
93242 94942
3841 26205
23915 89460
41948 60222
1787 89301
64225 70750
22895 76150
80540 85949
61320 68278
84171 96995
29634 80911
8136 43880
82786 99352
30838 53072
5651 93733
78262 98646
11834 91618
13964 69396
37229 50315
86982 91702
50852 64418
48072 67708
55971 84337
94747 97351
35038 65680
5437 94767
87684 95367
15273 19672
61342 96757
10878 98468
83150 96221
35524 40713
27279 87583
46900 83173
11778 42706
40336 80802
90461 96266
7956 62629
59370 91038
86554 88440
22620 77697
24212 98144
6931 60212
56275 60390
90020 98735
77780 93960
89992 90571
59412 66699
83284 84930
18655 53310
9921 21589
68312 88227
15042 87872
23762 47076
33728 64692
52216 97153
74528 83761
98882 99196
17682 42966
24376 39430
57842 84988
636 47338
38045 50979
83236 95036
35446 98403
52510 75424
27383 40655
49487 81074
37501 78545
2181 12570
31448 72210
85807 95777
586 39836
66602 95284
65899 80407
41180 86078
79272 85315
74780 97406
27939 88590
85557 93105
17898 98437
91967 94715
18311 27311
85128 97740
90664 95624
52264 65775
77551 88304
20499 51907
79746 92011
75101 85866
40853 73763
65567 71168
91364 95561
65095 76851
36576 80019
55022 60787
21034 87622
82285 84130
61721 65547
72914 91784
11159 42910
79525 91052
12864 43619
53890 81439
46072 58642
26491 67198
3035 45840
91028 94615
87391 92655
73414 90785
51675 60292
74495 75887
22260 73515
47044 56173
87944 91277
67733 81686
15850 96961
1609 84002
6672 51181
55675 99653
11662 90283
39665 46081
74639 97640
62175 86397
39115 40683
19199 51555
20525 32978
2704 20807
69711 81679
81974 86169
85872 93425
91362 96262
55167 93500
6775 74889
95470 97359
69986 77578
36504 96803
77962 96967
89586 92859
99100 99374
8262 30514
41288 90921
90151 97547
39396 65357
9963 53473
78168 91246
87327 92650
79939 86142
70150 70916
96605 97885
15023 25996
11164 17560
87582 92305
50917 67191
73312 88338
80444 88168
97868 98677
37242 73813
48892 63487
45964 56064
62003 71025
80211 99856
22718 68625
58334 95554
11903 51236
18774 55662
54760 72699
89232 92805
54807 72083
94085 99810
69798 96361
72705 83650
82423 89984
38379 58617
94371 97940
40087 78720
69923 79058
34305 88594
72674 78551
79154 92822
5770 58836
88819 97191
12819 77385
79005 82894
24184 24544
54933 63674
85586 92290
84567 91582
16537 42588
31601 51445
51951 86384
32148 54676
87704 89111
29324 68891
86589 91133
23302 70377
11499 22725
3648 84981
63885 96056
2294 58907
97948 99453
96508 97580
5590 91196
87122 96226
12979 52990
50227 65233
90439 98677
29451 47490
27165 34795
11247 60248
93397 99272
22106 65634
20707 80881
13950 38262
47707 83787
29719 78986
23073 79035
39783 54776
53033 99352
3041 3397
97602 99924
47065 79897
23591 89329
85504 89918
49578 72497
88242 99514
48703 71912
61341 85822
81462 84271
89282 92558
15911 76572
69771 70802
64467 68013
82139 83517
80842 80981
13987 86106
94869 95168
45506 53962
29143 31354
33910 52176
1897 22000
29698 82009
53406 84010
78069 83136
10082 50343
48476 92100
99148 99931
45737 92888
48422 66851
66230 89380
42149 94022
13690 58964
34616 63358
13442 80038
89992 95570
50190 79759
3566 86823
37993 49038
68652 75361
28212 86148
7172 10428
29780 39325
23169 73177
34488 35163
27811 78328
35243 49849
98695 99542
7886 84250
70562 77911
47593 75807
27699 80717
3182 22491
61729 62940
92055 98880
91676 98783
86749 89072
99197 99559
42086 66062
16493 50917
9768 30515
47918 66330
36283 97761
20916 48928
86418 86887
82508 89086
42234 69190
91341 97199
73714 89044
90038 98351
21704 79322
77002 80150
740 45458
21613 82594
40236 51732
99516 99546
6347 48323
56453 64477
83644 86316
27702 91783
23255 51848
83921 95894
5573 80141
4568 62540
25368 27251
86160 92165
9410 65180
82437 91162
42792 44372
56460 84977
52157 63504
86362 94700
96229 98187
30068 39353
2276 65452
73175 79610
7488 79236
35780 81863
96067 96181
60042 60466
92427 94679
98776 99754
32850 33245
63470 76593
56831 68191
84953 87789
46847 82033
69858 82324
23018 30650
25715 48228
89015 97090
95176 98880
59556 96519
73902 75920
34929 66659
90161 91085
46596 74102
38099 54292
40922 52413
34187 53427
96709 98253
1580 45399
33529 51119
23965 51380
23173 53436
46421 51610
43866 85892
63598 84162
36541 93975
94913 98194
88847 89884
83289 96010
99805 99958
1485 16818
14949 40799
85381 89768
68779 74696
16514 30551
9410 50222
42710 81583
72916 88626
12471 31810
55700 92591
88634 91895
58803 84230
10051 24983
83966 91342
49783 84772
54417 82525
63308 67511
2080 49887
76550 83098
42115 62104
88305 98933
76873 94664
97575 99406
50020 86737
98768 98912
73372 74044
29104 61284
15095 73397
41071 74578
86505 92443
9701 98835
19405 20707
20391 47235
64393 82427
21780 81324
57783 58583
63782 66075
24437 85503
11765 84232
68020 94170
63314 85108
40568 88136
44916 97739
31780 50257
74309 85495
49126 87455
67350 76014
24461 68187
71528 86052
51521 58218
51689 91565
9404 22033
95204 97444
47730 73904
55708 73850
15057 92770
53945 91140
97034 98920
2775 68807
19988 54229
30963 37985
86709 86723
64787 94261
33004 79768
2485 63013
6448 47490
36618 94995
1100 80693
67096 91684
57806 89858
69346 78174
95212 99425
45807 91713
99786 99859
57214 76675
88917 97616
67946 77109
86215 87363
34298 87412
27301 98746
11880 90040
76288 77946
4885 28027
78645 96200
46167 70792
46381 84388
71580 76727
39578 55017
21251 89356
91709 94290
74598 93530
16213 58074
73414 76482
14626 62802
94157 96090
7130 40862
76769 93267
31692 48452
39042 97818
33014 95986
52586 70223
57369 99367
10684 93011
32725 61756
14404 35788
28974 86800
31821 85073
48014 94481
94046 99425
78019 87170
2377 39383
8689 18393
72061 80464
85979 94430
54885 78579
87714 99524
94256 94619
46289 77084
71068 79325
87161 93897
23196 71559
40542 51314
77722 95400
27051 97863
30691 97739
84689 86724
96001 96459
43596 64367
33627 95282
89362 93455
9248 99162
53951 87363
41873 56511
28181 58728
58877 73723
11249 79869
37817 99241
31060 54538
305 96810
50767 87121
40407 52532
42093 81085
24981 31487
46829 68772
97168 98487
51527 67401
507 6953
59899 75859
26199 82916
11881 61833
90550 92021
85320 86166
94374 98443
27251 65945
29293 44297
59627 94898
71475 90885
45970 54567
31456 51744
95911 96418
61663 82744
41895 42367
47963 60286
54828 82827
91966 92176
32166 79788
93360 93897
14358 28055
34854 96487
74600 99386
42040 83322
36815 44716
97390 99048
91102 96046
72817 89389
69131 97372
91079 97934
59471 81604
5394 25115
5338 73373
82732 98810
3405 75329
75757 86308
34303 39636
81162 92842
3259 96815
227 55988
38632 66754
78797 94604
37768 75049
47532 87653
60216 97498
42542 69023
54085 83689
5041 18760
51178 77983
15323 99839
57083 60819
8396 41467
42673 81877
82111 82624
24188 31451
96827 96904
77623 95777
46198 90578
24020 25854
77944 91534
30139 72765
8612 48322
4047 48865
33770 70722
24094 60662
13642 30431
20014 81682
54111 78624
59319 65249
53062 72686
99675 99796
11668 82879
24033 79915
70988 99392
7126 17281
98297 99076
55745 59467
87250 93690
54548 63073
71780 73509
34671 54228
43676 57393
54746 68239
95834 96985
48742 59393
94052 94825
1661 67552
66303 87492
30100 37573
2632 63144
9428 17736
1711 50703
97826 98163
70054 72105
76599 98633
90817 95818
23474 65681
54234 70760
37944 73546
91209 93477
84107 97546
90811 95653
37654 63661
59125 66241
1384 9970
78279 93298
77604 88730
27551 78868
27530 50323
47426 97321
21406 82251
63871 79513
6665 64758
55399 74482
9448 10162
61651 85289
52431 69906
53306 53916
733 55955
9627 9902
3607 30630
90313 91853
78259 91155
86639 99382
79274 99975
32054 92623
42164 93996
49749 63959
57907 83952
30071 60829
48715 72454
34564 61321
11732 93095
2961 94586
85978 90961
43041 50003
20981 80731
25226 99871
30003 89570
26829 42998
30740 54165
79674 87469
94528 98301
53931 59656
16878 37353
50585 66235
50329 59439
35447 69347
85558 92727
66639 69592
38442 66839
88682 89593
49556 78957
18150 45992
746 91148
26083 78586
48526 55391
47389 90553
29381 53776
25385 60567
90676 93410
13932 80769
82998 86849
30703 80997
78920 91852
82495 84732
1156 3533
7899 87800
6940 10969
21157 21187
86910 93894
43002 56080
21077 49699
76109 97067
68115 83351
99666 99729
21174 54224
32994 40611
3304 34211
41822 53591
850 98759
70362 80157
46405 71976
79564 95851
72239 74676
42509 97593
85508 93480
42795 94023
37576 65130
54587 56920
87175 89593
79156 80760
64850 65700
35814 75891
17292 76931
33831 48923
43410 44618
83407 92192
78515 86049
89058 97217
7539 21088
98744 99855
94377 97771
74046 75306
55139 72944
74067 85537
44308 68461
97317 97552
84381 87208
59452 74487
84728 89777
75391 92807
15728 72880
48423 53130
11248 80672
85181 88074
67993 69921
25592 81430
33488 43629
73497 98175
83187 91931
93797 95150
41807 68673
67202 98628
85514 97134
52857 86037
57152 78420
40374 84609
9447 83539
16583 91762
42929 65058
94060 97365
35004 67850
80909 87834
98589 98676
8360 48965
65181 86588
46443 90584
52106 93030
88019 99999
46057 92387
14854 65849
50839 80838
67381 84569
99264 99343
21750 34876
18345 22890
49928 97247
86949 92340
95393 96157
50786 84017
64187 73427
74783 78063
5612 39308
12686 67138
43357 85603
39702 42021
66200 74237
10690 27183
81635 92148
50700 93272
58683 74590
68809 98668
19354 65807
34556 43338
64422 69771
61287 95063
68328 81922
78352 88353
13553 49052
28901 61722
89302 99384
75468 79142
84492 92335
39085 66321
21515 57698
89403 91744
88357 91380
22335 64103
12181 81962
74287 77076
50097 85715
3024 25580
19974 24448
2415 47019
8153 82974
70264 96482
89549 91426
63596 93986
47412 69700
10267 51716
11734 14385
9904 26217
91825 98510
4267 51546
7334 67903
48394 88164
55001 75391
5729 12446
16018 58157
92261 95079
36719 94340
83072 98033
50909 89495
13923 37395
17214 97169
85822 99422
93668 98883
96357 96921
20803 30673
29466 66852
16524 24536
47395 52430
9576 67387
55500 66141
22001 74413
48443 66105
12232 19385
98919 99461
31346 37868
511 50087
40877 74704
65470 96308
88083 94905
84738 88572
22722 32235
65202 78242
24688 51901
58998 73243
5865 62026
76709 86472
54855 87347
84913 86144
41413 44153
66326 70296
17480 88883
16064 21016
86475 87411
14127 56555
95738 96354
73013 87231
58509 77060
97033 99861
84774 90564
66532 94622
20092 78920
43146 59762
27825 64775
24545 92858
21569 38084
92660 94742
66254 74642
99605 99859
61638 86360
35520 77142
50505 62794
43887 94237
22647 30464
95530 96823
53657 92415
19477 22850
79813 99270
40261 75466
53481 76093
50992 66171
87352 96474
27091 59207
97884 98667
75894 91158
87012 97285
14936 65038
2183 75468
28587 65738
93181 99846
12541 92040
70289 98571
55526 84444
82908 85438
32130 39522
57516 68757
7492 46312
51745 95431
47763 70328
97125 97744
21734 99872
98355 98485
97618 98428
97543 98971
58299 88509
54623 58003
17094 51426
39603 68251
12622 72637
11524 25648
86760 90608
90841 92671
67852 93769
57103 62923
12015 41798
57985 62055
44622 84339
43246 45980
18983 79687
70552 79687
22753 46935
71134 97572
41769 69093
78815 85810
69842 94539
49032 59185
88443 94461
52780 66357
4499 24986
23899 86443
81897 98055
1002 96510
85125 98205
49535 86352
66384 98778
89836 98922
78049 87079
66772 75902
98751 99550
46814 79048
55470 80090
62713 73855
47141 57843
3707 16013
57456 95331
29455 50498
8980 46931
91203 93487
96365 97546
27221 34123
46478 49383
41206 48055
11914 83916
7078 29465
95759 96659
77380 81369
42161 55545
45828 62777
69565 88792
73442 81503
9150 92147
66894 79072
9790 47832
23045 94253
74485 82319
31382 74824
28991 77959
56390 71025
95126 98403
3017 50165
56197 61964
35907 83193
97933 98294
51821 57737
45727 93552
14159 60916
76179 90336
56032 96202
64938 80396
63868 90161
59203 94602
38897 41732
85488 97900
1342 46990
14329 41207
72576 82240
28158 79345
38264 95893
70317 98993
73806 91367
88524 91962
62070 66485
94305 98100
60440 93255
2833 55530
30656 33756
90342 97475
40618 96580
66474 83577
33542 37487
3341 40304
38923 86514
45138 57693
48696 76296
73799 91167
5993 95617
47735 88931
98142 98664
25513 45597
97688 99206
9318 32890
22055 53407
2473 36894
37878 39343
51255 69771
54038 59130
22004 74681
9261 19705
10034 56269
93233 97388
65606 79037
13174 83031
81450 89436
20206 61897
13186 73306
56260 81001
14677 70139
50822 88167
34339 77197
29753 89974
40750 85311
39373 53467
13778 87548
87515 91706
57032 78816
39591 69171
88703 93093
58847 97559
33646 34512
72632 96154
82035 90704
73375 73729
13081 50656
91427 95481
41951 44911
3296 93023
29519 85138
97815 98945
83619 95518
40535 46262
49654 69234
90400 96588
74677 87509
67182 71964
86826 88032
23305 70334
53564 57533
61679 90600
74372 84850
1508 34316
23353 48154
94842 99329
10561 19270
45630 89931
92991 94743
50898 61616
44930 93709
6790 74252
30176 57942
88572 97789
34196 77869
73940 75462
47842 71021
44212 55127
60728 86662
19748 77360
54106 67217
23954 69158
59230 78001
23586 69372
33152 54960
76372 89563
77248 81100
26868 96797
99301 99522
85689 96884
85430 94649
59652 90550
57506 60030
25082 78878
29354 46544
15122 23401
98401 98936
96509 98759
24421 61165
29932 46951
79791 96676
45199 55960
46094 80397
2355 31068
38048 96855
92708 94593
54880 83090
88886 99898
35941 84761
52456 98017
58524 71207
36719 61106
41472 49158
84325 98517
66190 87957
17059 91342
29482 71102
89651 90426
15512 48847
37726 82509
10798 29093
52242 80000
46716 54408
42199 49240
89272 92444
84113 94373
79324 87759
20924 63082
55178 68532
81172 92158
85180 99890
98557 98987
17195 74036
46714 86142
58746 60923
55963 98979
92627 95745
89941 95214
4661 63531
50736 63362
94092 98381
76731 96800
45073 93084
58040 92635
53204 61178
88539 95828
683 28021
6628 44580
47809 98198
64732 96991
34345 54872
88955 99964
45763 50494
91722 95621
94392 98969
91118 96953
41521 47185
82122 87303
70065 85940
65369 99842
28028 41071
58148 75130
98583 99998
45294 65062
74355 96267
52712 88669
91256 99601
34139 65076
70134 83178
64428 76804
19435 89782
65456 95241
75025 81136
93660 97153
44552 76650
75312 81721
49948 71846
20713 45267
28599 99107
76729 81714
92674 93563
37391 37448
46719 47395
91602 94865
59976 67925
91539 92655
39562 84262
2666 18228
86337 90517
49197 67405
96898 97015
96381 97615
47940 97065
43540 76850
10621 86956
30035 99616
88215 97041
34327 43724
90277 91302
84838 96477
75850 87186
81823 98822
52812 95731
91512 91764
68196 86445
4614 82346
64066 79927
90319 99758
95065 98072
23202 64501
96523 99493
70614 73537
41348 61806
39272 44601
32211 40473
80466 93834
38839 93957
87048 96956
29632 36256
14144 52718
2910 57691
50313 81268
93093 95309
69368 79792
36082 57315
75616 75646
19537 68694
32027 44501
90223 94643
23087 30353
31936 52166
61123 92831
27756 89531
37645 80110
97613 98930
49731 69891
25000 67167
494 42445
38487 84820
70777 93144
64946 72522
52275 76779
9222 68393
83539 87414
55241 71972
70908 84037
83831 84204
52646 69438
88129 90220
68699 91298
2072 16253
48528 63574
58510 68908
36922 98572
68394 94091
80951 96413
63839 80037
70790 71610
78366 86121
29744 38450
21176 97243
91643 94309
91318 99949
46831 69131
5590 39033
90249 92321
44756 48068
8138 13077
40777 64532
1148 76755
94910 98179
95090 99886
74025 89781
58995 78916
91159 91836
22611 41142
94455 98465
86115 90175
14898 27708
41478 79190
84356 92799
54539 78978
1655 5286
37245 67160
49038 97025
80004 95215
56158 56981
31865 50259
40214 48620
81455 99216
92351 99862
59962 90972
9869 36913
32358 61468
40726 54140
91755 92618
18726 46735
2300 68472
51863 54928
5670 77865
65193 72611
55858 65246
46705 75271
73440 85953
45344 62887
49751 88239
34558 94461
90954 99745
93709 93885
66391 86754
16718 75530
78941 88598
65476 78796
17233 57967
93538 96803
86766 99028
27424 39733
90235 95825
31899 66757
83630 95775
13277 26163
42705 93116
85667 86785
63266 85758
31362 90701
10365 33957
47166 87252
11411 17617
69329 93560
12157 99148
38184 73921
21688 59392
54777 77217
64139 90202
96290 99792
86319 87407
40025 50032
37597 91882
828 78382
28811 63586
91124 98890
35957 93831
52826 93457
64411 73021
23016 51591
36150 51683
79751 87918
92249 94298
9925 76745
46956 63438
7130 31301
94463 96085
92124 97560
67930 70131
87656 97244
7886 45740
41820 88326
28119 54657
69817 71814
37538 94834
54126 89299
29127 93761
12485 77650
38845 45586
60234 66674
15930 81772
21991 87529
28210 28827
18370 75904
67147 85192
84411 90783
50577 92213
84616 85815
6765 61433
84472 92026
41867 91077
69866 94939
81374 94577
94961 98164
67579 80232
94988 97867
69225 81804
28320 70906
93251 98443
82189 96185
63271 96043
62643 63444
76843 77391
98507 99663
98291 99344
52116 63237
98587 99185
45454 46356
10531 17725
54947 96855
6271 12672
84655 96529
41509 71591
24645 72799
73028 84398
83912 88477
96742 98281
64261 92215
40952 60868
20952 47856
44574 92015
98324 99886
31698 94555
81001 82620
62248 99346
47752 53948
82022 92868
93344 97108
14292 70549
16499 32383
27710 51168
34868 54458
68022 91568
69013 87144
15873 43126
67395 77362
39529 88063
86735 88411
54435 93531
45024 55966
24614 62613
18205 60712
92270 97936
75816 89672
9121 34315
67978 89139
90938 97842
16616 44091
93306 98586
89022 98029
80108 92546
32356 96122
89702 95162
83957 93939
12319 38584
26306 66764
62317 75964
67696 91123
61424 83728
65789 73391
29923 57415
59473 89407
54917 69126
57547 99916
44654 71880
43525 77728
8867 92043
75776 88350
81837 91878
59946 77608
59886 78523
68231 77275
6243 12357
92173 92949
22627 81591
72436 98187
79593 91687
19433 50462
94453 98005
11956 26356
93754 95037
21268 26018
66074 97581
47006 69096
45125 87652
22018 72562
69134 93135
55948 56670
28434 30211
46493 92044
56148 98976
83489 97404
46150 66876
50545 52471
24580 58936
32963 74104
20151 62658
84043 88478
18470 80726
55518 64006
49714 92478
4989 32448
28187 69134
54248 67955
57670 83509
84294 99226
53666 56558
95339 99061
74984 95631
72339 76513
11106 33291
18627 39701
24789 95919
1714 3173
90848 97484
96 99098
60774 79522
17718 37023
25912 56579
71813 97484
45186 94396
24238 37175
80502 95245
11880 90622
10800 69451
35065 64062
28873 40094
60790 63283
64405 66974
45275 82323
41571 92912
68577 94354
4162 53805
90142 97998
76308 97293
54178 85120
16139 79914
95739 96035
31730 44199
16264 97509
65780 93013
8815 87313
61889 92294
1944 65258
20514 37202
6783 24071
56425 76858
4044 87946
21071 27607
74627 85624
75944 96416
94063 99275
65009 70763
74635 78737
52973 92151
97175 97396
66476 95832
46999 62342
34730 93804
394 59639
89816 96074
97056 98703
54103 99896
78123 93569
20629 41795
95543 97406
1832 58133
5810 21399
28151 81394
86819 91773
91511 98999
69559 69846
80940 84421
99956 99970
67619 91087
59509 63414
35711 52350
84967 92424
1639 8108
21935 45592
67817 89310
67475 77216
61500 99270
77360 78535
51264 82463
92296 92897
99648 99820
30630 52927
30718 33674
10307 83704
9544 39411
98933 99837
13543 88529
14954 50339
63556 67818
95329 99439
17936 70417
89014 99931
36046 44675
83643 99873
162 44885
46716 53458
67664 79150
70655 92099
94438 98274
88535 92887
54012 77513
64731 84827
72453 75851
54185 75831
92588 92975
89742 92728
3009 42519
34424 72226
41075 96950
68449 99259
69527 97129
97920 98556
30169 45548
15672 93168
21853 45175
20997 34388
34385 60181
21381 88427
14707 81238
11883 67117
56090 81460
97149 99741
81931 83914
55247 61283
38661 87659
10902 77175
5297 93900
15464 62221
62315 77385
5232 67377
300 17723
7219 19557
84128 98096
82367 97040
78166 83688
83284 95733
91659 92372
80159 89197
87797 91838
73721 78719
90446 98983
30249 90976
61352 78511
62672 90706
20776 51048
33178 49574
32829 63204
61049 95606
20773 93722
47987 49011
47659 87331
58850 99207
67498 74392
18704 48488
89391 92324
29448 80191
16196 41451
10583 35898
39763 75109
32161 60039
25932 40706
1346 95702
44155 62456
15595 40799
8573 59545
61946 83035
57165 98780
60486 61047
6985 64129
96746 98176
83779 84543
63825 87243
11250 27685
80498 99921
59314 99634
38786 68683
86374 87932
75535 85796
11808 31658
52080 89477
10532 33747
83307 87298
30096 46520
48941 58201
28488 69596
53676 86967
88951 92495
55441 84098
69627 93206
95408 96247
41060 54653
9814 87765
78792 85728
27168 95530
27560 31753
88412 96405
96864 99868
84795 94762
50435 71378
22925 54567
46061 60780
86467 99993
74401 76872
1566 97432
71773 79536
81737 82271
99256 99939
12006 62296
95391 97985
5914 6756
59549 90955
99729 99793
97178 98836
78618 90558
29910 36339
57099 83289
11952 81508
27871 98013
63334 88496
39848 90616
74046 75660
49521 54324
77953 81159
6240 22732
11090 82420
90953 94788
50499 86996
87774 97561
47629 48884
25944 31565
35801 80182
64538 73737
8040 43217
97635 98333
90605 95629
48187 60899
4171 30722
32089 49236
54866 66361
11048 61047
48357 96446
51614 90500
37924 81610
35614 96455
73110 95771
80809 86646
29481 50319
38660 73342
65117 81094
43868 92642
51351 70620
15136 19725
9063 40986
65646 88846
60691 72149
18565 89828
62076 79537
58605 89770
24364 86971
14127 61642
83167 84220
73233 79373
25350 82186
38284 51831
4963 31367
94426 96935
52928 72829
17606 98592
16585 25993
34993 49874
28758 98984
48217 88290
18349 60784
10439 40404
18238 31565
51070 69089
39292 57024
65103 75988
82964 94984
39370 83335
89456 98851
80742 92364
83558 89388
48080 56353
1944 34409
33700 63522
81970 99855
89725 93758
69485 74937
6036 61015
28913 78689
96445 99017
92140 96037
62254 99806
11481 22588
86312 91443
51368 90140
50180 91098
3970 70446
71713 91653
5413 64721
77207 77251
60989 80301
13060 13847
91639 99583
87471 92107
42735 95861
97865 99595
2715 10114
57381 76904
40895 92897
28386 86874
98804 98820
79822 92706
62846 88368
78746 95168
22688 63961
29553 62605
97578 98120
13871 50454
44632 93423
34815 94059
17426 71701
67705 83647
80833 89145
45361 67454
97752 98643
97120 99367
99174 99377
30460 53210
68136 79231
21076 48826
39232 46452
11948 30792
97501 97960
70154 85190
48087 79386
80422 90559
68354 75143
83078 92763
48554 62899
4248 12691
90474 90817
48176 88461
29325 62319
2528 83111
85586 89513
96802 99136
90692 93070
67005 72442
94514 95024
32470 38859
92195 99364
16958 29091
42964 59647
6321 68988
43552 60476
99103 99374
46503 55479
79021 91908
99809 99831
76583 88358
53514 76912
56442 61515
66889 67161
44859 55422
59168 70845
24991 39464
34323 95439
76027 84477
84483 98814
46199 90148
85927 86626
29795 90174
70186 72260
73448 90392
99135 99993
30896 58047
93708 98333
94340 94917
58697 74593
89694 96798
83110 98444
35984 53986
19748 65820
34525 62709
24472 54453
70135 87744
88233 96917
68974 80145
76597 98939
8876 60157
97991 99178
52786 74683
82033 90269
81403 89528
52779 53910
54260 81584
88149 97783
49677 98761
60705 97742
40602 97769
24704 75873
77576 99605
71715 89494
61249 69994
85411 96249
78054 90240
46170 53762
19740 26843
60052 84704
62936 89656
30283 35301
1006 20826
74022 78286
39198 94777
99447 99668
71779 92552
99050 99585
86025 97309
44873 79895
86370 96748
87765 94696
38446 84801
24999 59551
61663 75098
89220 95676
5287 12807
2125 45674
48943 62899
83053 96157
55444 72959
5444 57940
82540 85629
43471 55562
27074 88397
89955 99646
26872 99509
42651 51218
19698 88885
79242 98979
92297 92412
41329 45545
97340 99259
90387 99913
89330 97550
60467 98868
2640 53295
25110 76613
5405 23208
91107 97519
11047 96217
96090 99323
32788 37060
47419 75319
73004 92403
96766 99991
23394 65196
78612 85826
19190 57553
27001 95806
82338 89687
31418 70102
98046 98601
50159 91308
70522 91260
306 10795
2370 3004
25282 42373
61710 76176
42953 78246
86571 88230
26800 51326
42546 97275
15011 54161
50086 63898
68996 80289
70463 96598
69833 70135
74629 95944
41566 44499
38952 53012
6469 71837
87502 98137
47390 91656
13354 79404
8626 32386
65560 78920
43647 86036
93504 98898
54387 59222
80751 83123
16142 26470
18085 58266
74648 85891
21949 40242
62549 94295
56061 84845
76875 79651
46730 68952
3109 7682
70055 71194
97016 97040
55241 64671
97949 99511
74732 88447
22107 25530
49055 96192
71167 72852
45994 88766
6663 93773
79509 89000
72220 77925
95384 99985
79556 81402
52951 94425
74798 80951
83352 93703
30543 54068
21695 96271
39551 42825
50745 59645
94656 98551
14884 78755
17203 77718
57034 57144
28348 98348
21868 24695
93121 98507
28987 74709
96334 99345
88760 92839
84658 95028
78623 88440
24791 41193
34455 60365
65440 89887
37757 80596
7594 9378
86446 91603
34443 67539
55058 71243
7028 35372
62420 76270
15347 83965
2626 18455
61201 83267
45023 46274
55856 67728
64605 87123
42259 78191
58848 99191
79597 87752
24249 43471
96422 99748
20388 47637
37499 42211
15607 50344
10948 60538
84374 87259
34158 42633
32118 35978
62285 63966
50936 63525
15516 73588
19990 93495
45498 93133
61847 99228
90407 95096
41219 93523
76928 96507
54912 61294
42671 75400
31968 91342
1033 97573
44812 74314
41039 45583
24229 54878
12622 38084
94516 94761
10204 49566
44677 75492
71661 96927
94904 96281
65268 73798
44314 62112
66076 97664
98886 99994
40086 95126
1245 20689
59980 61469
88550 89953
99910 99939
78275 97198
18207 67772
12979 93536
51243 90085
37580 57442
22901 55043
13070 13772
89838 95464
8648 46184
2579 78979
57600 59378
38133 63581
89131 92018
49532 99012
63373 87951
95253 95621
36726 79144
50951 56291
50973 92564
37703 68047
38049 57356
97693 98037
16542 47639
13839 33654
19953 64447
14536 33232
73166 85247
48115 68582
83227 99255
73398 74723
43917 63179
65998 95436
15306 29086
27149 64664
71579 81969
3829 46074
49436 88433
74625 93985
88411 94539
60729 93845
25531 93653
65216 82294
44517 81505
645 78776
71305 80524
89699 91392
17437 25833
18088 43747
74973 89208
71121 92291
86495 87970
57200 61378
44839 71628
27053 74047
52440 80365
25063 80133
92623 97922
63679 75757
95946 99355
18321 30285
36424 58098
96304 98392
24215 99098
51041 64115
28902 74994
76315 79053
80140 96378
5235 47161
98851 99461
34104 71441
90693 95657
48290 65949
52954 76219
75672 98660
65721 93725
97197 98107
30573 61100
70088 85547
18789 88871
77403 90003
15919 52159
48020 82807
59857 81803
95489 98569
15440 18379
44780 62413
86077 88695
48579 66247
98186 99316
37957 62484
4289 56131
20011 67674
85858 89196
94740 96367
43565 49423
17027 83306
44651 91853
32457 43736
73895 85274
44 48624
86934 87812
34101 95240
61533 89907
18169 38866
22527 33842
74391 89694
66396 98860
26078 46503
29571 71334
43179 63701
12456 91605
66741 70501
92257 99341
9314 86416
11185 90648
77242 92093
58974 89601
82144 90488
78267 78991
75839 76586
60255 96633
23687 37608
59705 80485
21733 82056
80849 88627
47209 64685
29120 81921
38191 90715
62996 65172
24434 69798
29085 50139
14461 69259
92819 96627
76338 95826
56069 57282
41987 78234
78384 78715
72470 82532
67928 80141
31956 85647
12597 60063
31428 77232
10941 46350
41288 54965
86343 95506
85444 89918
72114 94805
18442 42217
34556 80188
40389 60145
36151 67296
30036 76967
11074 18630
92350 93982
68232 68754
69018 69273
11534 49289
11896 29238
85295 97277
44946 54569
79635 80942
95081 96249
47404 52276
4323 59165
89692 99054
73715 93160
24052 38188
88037 91069
18362 56425
80397 89295
81711 97969
25949 42934
3550 44788
47846 63830
46143 60941
80465 83768
17983 59594
84561 87319
5784 9582
38506 49395
98085 98774
56152 93257
6493 28916
47432 89598
46125 49496
36075 47362
67805 76751
95158 96377
13551 72884
12814 59294
74977 93304
59451 61648
47373 63818
61020 87892
11603 84767
46185 55887
26151 69503
67202 80862
17100 51420
53666 69904
75100 79991
83851 85857
65652 66654
62778 71844
92576 96169
96227 96859
57799 91390
78245 85485
22853 73424
62803 67787
74438 95927
42112 78306
16978 73857
73221 91209
67094 86969
16895 46251
39600 44136
40769 46631
60697 81804
63464 82561
18218 47999
60640 87831
66560 74482
92658 92932
39686 51609
32052 83834
78968 83712
50647 55099
92820 93327
29433 65946
39063 78128
91315 96828
26717 73983
47886 62488
79060 83675
26159 86456
99845 99966
78418 78960
71270 95597
85205 89939
10496 62757
79739 97077
34332 41193
59359 73150
76399 90676
1357 92084
52127 86096
58164 82183
59878 62515
12999 59159
56765 72124
1920 92731
45325 87920
34831 41328
14504 64217
39037 92795
93292 95917
24867 48509
56055 94006
2278 14542
77759 94413
62583 99648
44034 61039
25552 58502
55852 88040
44286 61573
85421 85831
75237 83548
8184 46781
39103 65482
49017 98047
83703 86446
20353 63430
25839 54326
42601 44492
18881 36677
80294 88246
90373 98743
10051 78543
85932 95009
23997 64070
97462 99676
73358 86714
60857 80061
53143 78440
7105 59253
16988 78009
28677 51049
78782 87992
10868 65311
47630 64382
80456 80688
42667 44549
94002 98568
60866 93785
70766 96057
78391 88132
56256 98318
14635 25908
35814 48710
97539 98757
36025 60055
17837 51304
63425 70629
61972 71249
9788 96038
45808 61831
77341 92751
80128 85512
99929 99951
46044 54114
91886 97409
58784 85580
84401 92078
16006 17073
21601 57955
60792 75245
40318 83305
40580 50541
51861 75645
56491 80332
85563 90899
77425 99871
98879 99570
74734 89651
95510 97157
93074 94551
54765 86965
9005 44723
1520 7402
75587 94209
58058 91640
69470 70053
94286 95124
96951 98227
48726 66024
20226 96882
9665 66336
86252 95602
54179 55112
13141 13639
64329 72763
99558 99986
24404 74458
33462 78075
66503 66547
93801 94819
7219 43845
85004 95080
94665 94765
27268 31057
91520 93656
49585 79618
26823 72617
83739 92669
16518 81544
30947 54461
48509 96301
57160 86143
35746 59741
30949 59327
86579 94849
81156 85696
67687 69323
43559 78155
4075 31964
99647 99681
37028 82078
31925 67659
74974 80949
34030 70270
79706 84165
93253 99306
14888 50988
17324 20894
73691 89449
85459 96232
67210 96747
9244 64942
16036 71402
60763 74434
99253 99486
84528 99413
11617 91068
86680 94429
71997 80595
94322 95034
17495 45060
1857 80877
71379 78423
49929 74362
72866 87115
76407 78505
17700 84200
57760 89489
11877 92949
47687 81318
11787 40368
23927 70552
7389 46554
99723 99755
84462 96811
71126 76834
67612 79048
76585 86340
89956 91227
74891 87195
94133 97655
79684 94934
92653 94902
74316 96157
50351 77903
39037 58813
30421 47923
97516 99537
44337 70325
46683 92796
95136 98468
61726 68752
50632 95305
94014 94373
11924 70417
70858 72888
46195 69294
18924 48554
99696 99740
24252 69640
74305 86282
20578 94469
5214 23144
96454 98085
18794 77537
12756 68645
78916 86552
61125 89790
63642 70760
85060 96505
29058 78223
17103 77719
44904 78491
8091 69670
81289 86481
33642 38715
97477 99645
53303 60363
81363 84990
75149 90578
30805 42967
91083 91716
42362 75224
19718 22648
77686 80987
17749 27483
62463 97412
20022 70276
12463 52389
97328 99420
45115 97258
47675 87563
95943 96042
46718 78298
74564 74849
34715 89474
83717 86702
12904 88753
46804 95100
66047 99802
49623 99765
99211 99768
51631 84698
28279 99873
85375 94261
8150 25723
6054 80879
1244 54985
80274 87429
22143 36172
59782 62442
720 49751
58723 79059
78740 94397
50138 75702
83985 86475
50341 92773
81553 93947
86798 92017
73898 79585
85483 98139
38023 68816
55224 74718
10136 71122
75608 96990
50702 52422
260 78843
27191 51801
30308 78713
26742 84329
14755 14841
56671 77883
27911 36829
4936 57097
12481 83260
74651 80484
66296 73273
62930 81703
88798 96066
74934 88825
63712 80629
27128 74411
76178 78396
23178 32901
24491 91800
3188 64726
15509 89122
32882 59129
93098 97311
19395 79562
63176 95921
14802 23651
56177 76681
58070 72376
98124 99186
39435 65954
32121 84972
79159 83120
95990 97363
26255 38855
76719 82546
24010 34836
18882 60036
7391 21912
10563 51819
26736 76098
21608 73185
58373 87303
17520 32043
52514 72688
99729 99862
55346 68379
27624 29229
81772 84305
64036 86818
27111 85803
99929 99936
921 3310
97536 99879
21152 63516
6440 59017
67611 91642
38237 91388
72442 99348
28258 49461
24840 42544
31901 55739
90379 91506
53454 87062
92396 92709
27934 53034
6594 86823
9971 62387
45127 45273
33164 87240
78100 79293
20850 97732
96311 99147
62211 67862
34830 52963
99049 99170
7590 95470
43177 76114
54991 65422
28730 89194
49780 78750
30878 60708
27590 68130
70502 74012
22538 93645
84745 86804
26288 75802
14219 37199
13472 54749
26275 42044
60079 84225
43976 96663
62094 96536
32185 70809
88637 94635
75537 92602
28938 31232
49763 88280
31427 84272
71771 84941
72248 78257
26681 87685
18218 27356
74613 94157
27596 50032
95183 98797
57688 79927
5933 71645
71849 89650
19174 49084
72915 99215
15157 47759
41484 72837
82913 89895
88373 94863
38856 82999
64688 75406
29316 56675
75641 81930
94385 95697
49213 83003
4391 57344
19149 49503
81193 88255
57657 69842
27285 70111
10962 89737
80471 83610
35757 86813
57414 70226
91618 95142
85114 86988
16804 70133
87640 98591
86314 89048
63453 69806
32773 54493
35128 44131
24902 47707
72742 86652
19436 28520
78164 83371
24691 42721
77917 91846
65650 76649
99804 99824
29240 81218
18757 52483
3110 53988
77267 98188
47260 94435
27917 91630
11037 11596
16854 94199
20970 57629
3577 49652
70218 72840
29737 35041
65445 88253
74120 83451
34690 63229
10963 18910
37053 37935
11061 31733
48627 99131
44013 84632
29413 35494
83672 96134
51299 57135
86354 95690
33433 35626
62274 67318
1732 3080
31641 55838
49733 86042
91988 95675
83647 86066
44662 47540
11127 30940
31635 68902
69109 82156
30333 76262
33780 77900
79459 81528
37159 38937
47576 48576
90697 98650
48131 78767
33972 86081
8127 8727
10754 43183
54134 95665
32371 58489
54566 69891
85646 99542
67356 73059
77671 89801
44124 97902
57283 98270
63567 65548
32911 40174
71931 92314
30117 89227
90156 93406
96350 97926
39182 98868
90186 93613
86433 96077
28822 89007
6084 85493
33812 52821
19825 86474
78913 87056
50803 93305
93776 99791
92972 95717
60238 90015
94538 96822
16326 71036
11631 11875
75023 93009
18272 62259
95314 97884
34905 69702
1546 61413
58764 89239
19198 68329
29841 93144
8440 40977
32833 54729
40502 58650
45131 92299
13827 86936
65088 71120
93617 99681
78985 89924
99019 99042
91311 91923
55376 69519
26623 79406
25747 82705
72480 86510
64480 76092
54411 99424
11729 37345
24559 58384
59048 93549
93734 94632
36641 66630
71245 76935
82930 86773
96787 97453
85491 91536
84430 97915
46753 99849
51628 90898
84736 90555
92430 93859
21160 89573
72420 98524
64018 89993
19760 40439
24549 33421
90420 97629
78323 89132
33747 51115
73893 94220
87704 93035
61451 76675
60216 83682
92893 94128
82832 87139
64133 69881
10047 49587
91914 98310
92635 93955
75860 76041
20888 77626
81207 98005
41584 73944
11340 29516
46028 88105
35063 83670
32748 42497
95403 96105
12234 19681
30350 61310
88760 93006
9882 44900
9978 41138
33321 85082
48865 97143
20871 25527
68379 94922
9407 24981
12760 81195
67098 97872
73096 91599
2908 61334
61109 72430
44310 84848
28265 60107
90203 95676
89097 92565
24503 89960
60070 70297
30412 92998
44950 82074
61857 83215
28423 65657
26394 64283
92198 97273
27677 57718
18906 54954
99430 99739
41241 60605
30017 39457
58514 99596
24247 72166
53688 54920
371 74667
42106 44998
97502 98646
84269 97034
90152 98284
24274 63858
38215 46796
25989 95002
19008 22111
28529 97436
85825 88699
81562 82107
68665 73590
79479 97474
60698 77520
17490 69537
62472 68661
65492 79168
32036 99472
17543 96111
56294 67286
34342 94107
41735 94967
80511 89933
60378 70756
69376 96149
6414 61177
44790 62219
22637 66899
71165 77563
94862 99166
91068 95652
4836 49740
61009 81731
38214 59632
10323 44345
42935 92052
95751 98152
20043 61469
88977 98875
41420 59670
5830 49746
61903 79486
23243 30734
53108 72574
16144 16190
19883 95718
43809 76973
25699 32722
15622 43414
11807 15697
93641 96415
6439 65349
78383 83524
89089 89905
55481 96850
72997 78929
81764 88880
4617 60697
3424 66729
76752 78459
83729 94486
22484 52072
84859 88601
38481 50848
15467 18767
4319 11753
94692 98453
37458 37780
70722 80108
27526 36755
47577 52194
74070 88751
33673 89303
68135 85890
63337 68080
16365 39169
15434 56414
24122 75876
80570 90206
51007 77542
22592 42215
86319 90500
13082 87290
19126 81676
37552 99994
19854 34612
72341 87020
82926 86320
36751 64264
96885 98919
27567 29635
49703 96248
24917 52217
98148 99162
91960 97533
61836 68229
31778 52129
85633 97998
44635 64842
2531 3922
57645 98088
31257 92670
94294 97017
94040 99147
48327 53024
36752 97784
54030 61272
60662 81966
75839 98896
43109 82399
51561 54118
2378 63311
11581 83612
58831 89307
72376 82861
90432 97491
84566 90775
72497 72854
94977 98911
19627 62232
89690 99267
39082 56098
55463 56221
63376 93854
8822 41843
60205 86423
22977 28912
75951 83611
78635 80777
40381 48588
17148 82157
2944 21865
32781 60449
10985 11638
4496 7185
76160 80761
75435 93625
81281 92853
70765 83724
1817 38062
63703 77697
2920 97876
52395 53464
62748 80572
99352 99360
58947 95047
32471 61113
88912 99659
12865 52863
80193 95911
236 92885
74725 92744
20553 91572
6745 32625
40111 67616
31689 34772
58148 76050
54438 68330
94008 95752
51038 75573
80125 85421
62317 76277
8120 51735
21704 86971
9809 18445
17239 36127
29573 45701
45786 48749
69123 85944
68381 71970
24834 80285
87700 97059
11889 41943
23468 49565
33095 79204
94604 99694
99852 99990
23597 74972
5234 83307
57768 84684
68984 86654
92038 92724
27592 87787
71743 95952
44434 79190
46223 58274
47397 54943
95545 96690
173 18794
43267 60366
90402 96878
68577 91609
8809 32310
16772 82021
20132 71781
76841 92555
98161 98865
3986 16941
50852 80858
83458 87479
29301 30350
11787 18641
82349 85512
85324 91848
9615 95691
44158 95544
37290 53703
56807 57089
64769 99107
99403 99847
23842 67087
3426 28258
67276 86903
95064 96324
53854 90313
95357 95917
26163 69409
82930 97262
65538 69883
91807 94290
88431 94109
74071 85103
63534 91553
48439 82111
53845 67692
15186 23710
41563 46271
33281 46317
78037 86827
71978 72236
72604 97939
14502 89409
64470 89069
5169 83514
90946 97198
18246 38584
19300 74711
24493 64454
20554 65439
74925 82140
56795 90364
28499 29075
50146 82713
35754 38277
86434 96495
11985 80998
15900 19061
49494 93651
46500 63507
34967 99625
64667 95361
8525 33963
13813 62200
30070 49410
13934 60352
14942 91530
10746 79143
93155 93220
43017 91905
79020 92811
58836 95590
61590 84350
33766 42363
75212 92437
96843 97553
95424 98973
11930 65007
65529 89828
7195 52562
84111 87914
43957 56198
81482 86770
66486 73570
6404 72609
31534 93715
27896 55868
75270 77693
87851 92459
12471 43983
20968 22192
47889 59125
32110 77439
34241 95408
78103 84046
79721 87600
17119 80660
50292 86400
17448 29738
17110 80519
1399 7911
52322 63582
21601 45863
6257 71285
38326 92071
48973 89654
96757 98871
18707 60934
49877 59854
36088 98387
66924 96794
56824 98829
46058 99862
12425 49065
74730 97331
66617 93856
11762 91736
45903 92016
23350 23361
18449 29410
21338 32968
35830 42672
94013 97344
23971 89628
87465 96961
38272 90042
91668 96158
5315 39303
60216 84770
60045 60115
39346 51131
77765 93453
7514 70083
77421 89347
47851 98512
29834 85675
88097 89937
70245 95266
69547 74289
25792 96886
74729 96054
47896 68734
12651 63895
44731 82238
60377 93695
38194 93711
48154 67302
61323 82090
82566 83889
96188 97309
94009 99339
21253 49167
36950 92740
57694 70433
94083 97266
54121 60170
79843 92962
45638 62515
25676 63142
30993 53215
58670 76227
32352 50189
83277 96375
39679 57661
19712 27691
79403 88787
21657 38055
3866 71063
4417 68657
68271 81788
2316 31009
57527 74566
58099 68828
5361 45105
63843 92587
62955 65712
95056 98135
76875 93538
70923 74512
57076 82117
26538 84437
14181 69971
93208 97536
83359 93990
41662 44425
34297 90753
90897 96692
92710 94472
66278 71688
83773 99976
93272 99550
8192 41372
74137 82061
11973 51862
73852 90114
68317 77230
79939 86253
68858 94555
96706 96993
16070 86593
20096 60632
87043 92143
77334 87609
71455 73572
99562 99677
96071 96954
88283 91054
876 63535
10123 71293
3251 11557
82081 91068
35131 99618
51207 55746
24174 43929
64320 98439
20203 53629
77547 97108
65228 96025
83454 99519
1682 47330
60340 98988
81765 88334
28405 67580
11653 53810
2453 23914
68956 88555
43077 55213
36243 42042
69675 96453
44681 87154
99003 99078
57746 67531
89227 97741
75086 90619
41572 70383
59911 99985
62333 64699
76229 92665
27806 99928
84642 86473
79665 94252
86530 88828
58611 98094
67799 68887
43922 53702
17020 58444
6722 81611
57730 65921
99160 99286
12516 18936
45357 81649
79530 91048
80756 83192
59793 70618
95122 99757
7468 98732
73531 81145
63047 94861
59279 93947
72081 78791
93118 98504
63885 95520
99199 99467
21285 79751
75109 84852
49329 79383
36972 49228
85094 91170
64823 66801
60225 78907
57770 77375
17107 95704
71447 78164
39221 98896
87883 94135
35339 38521
47452 92514
35317 64013
40822 50831
8047 54465
35424 91960
86118 93439
40294 89970
62062 62439
97009 97612
64732 65129
61404 72300
38830 70941
24210 60240
35516 77519
23731 74757
275 65214
62179 85702
98497 98900
63491 88326
41267 63281
21803 76269
98132 99527
81264 95301
36450 62932
95369 98991
47903 55027
33403 36609
7992 19849
19917 73937
56945 93528
67577 85526
71389 79894
39383 40586
31010 95716
7802 91895
21352 88706
21663 59733
54737 63841
3546 7416
3325 25447
12129 12664
11968 12845
81851 90683
65212 66106
52502 55693
46470 47464
25854 45085
79457 96216
7111 48137
35332 67881
47370 82049
58634 76337
42566 50740
34122 80622
29780 98150
22243 26951
94660 98059
58639 95366
24719 50352
44003 53952
90820 97244
61261 91172
29582 47256
20337 38044
35532 45443
79565 84039
28861 55187
30900 38717
35517 73298
32660 39612
15165 75939
43560 53204
12505 85935
66560 88063
38104 87366
25684 45976
87836 95097
55825 72354
91864 93177
78770 97612
56412 74841
93621 93866
71796 95361
49323 90766
84333 85953
21977 51976
86635 99945
59173 65604
80839 89887
74061 74843
86212 99608
25717 70207
734 52912
54244 87435
46570 66912
25496 36700
47112 53841
42476 43428
87034 97611
58188 71083
20989 35992
8935 23333
3990 74951
34136 56664
30024 97672
9950 80957
36504 92170
82452 92307
88508 89009
88566 95093
7034 33357
98820 99766
92417 94090
73132 99598
33906 36702
37981 45165
49155 75482
27235 72723
65774 96219
10154 76578
16094 64774
4943 88436
96870 98043
89943 95812
41900 81772
54139 92967
36834 71247
17020 46781
81076 83888
446 26599
20421 94571
75186 90246
85004 91962
48057 86192
30031 80206
77255 92737
22949 43897
10487 56092
14654 72703
92080 98447
