7751 182613
1707 5475
41570 82782
56554 91855
61277 98746
24526 60456
58796 74489
50234 93306
93124 95051
44516 84827
47019 62483
22584 79182
55249 78843
35624 78177
58247 85183
63915 71575
45012 76933
89654 93935
80825 87657
24552 56235
78059 80907
95624 96210
70068 91889
60281 72772
49201 51692
93517 93740
72344 92383
16741 57961
82518 85466
26966 69252
83254 97817
41827 88261
16619 48296
49482 58542
99987 99997
1634 83815
41097 58420
71684 78990
67112 67531
86234 96319
84504 88646
86797 90338
71136 93788
21531 21639
93369 96807
12096 25185
76 75192
82214 97268
73837 83739
62639 95615
40442 50294
8396 88418
4498 12764
68879 98980
38648 78017
77696 94502
40782 51194
9364 98774
64878 96864
22194 52073
81386 96705
59942 62580
34756 62854
65273 97967
28132 60272
51839 62293
75475 77807
42598 54444
68908 69458
92128 95891
75865 90154
10420 42838
81446 98888
64370 86187
56353 94698
19526 41028
33048 72623
51243 60289
44409 74515
98223 99981
25377 46925
5467 23072
61874 84557
67046 94572
70839 83083
36705 69865
31331 78637
50773 92405
53920 93523
44899 46195
51151 88052
86583 97660
83264 91845
54625 68269
89615 91226
61841 75749
39473 60305
48118 72596
12401 80988
63283 79801
28491 79231
31707 34418
55083 82229
3695 84694
61390 92759
74094 99549
12332 53427
78427 94676
37818 86486
83403 94961
71399 74299
9386 38307
60023 98175
28587 61583
83736 97403
97078 97196
14958 64916
30562 74856
21857 47416
49884 58229
24699 83964
77218 97686
19260 56250
43963 45373
34234 83324
74701 90155
77299 93271
13658 54710
2773 18316
48960 94348
38299 48512
2921 19752
33977 75453
10324 13058
92237 92597
46662 85205
32912 87844
30505 43973
64153 81075
89717 93109
41650 54658
41186 90134
29442 99281
98453 98727
95331 95396
71434 83340
22102 76746
23187 32607
99107 99636
5755 44205
33380 42347
36622 87489
99932 99955
15096 84678
61921 82676
4712 62923
37874 58848
90064 93546
9898 22559
6483 35884
76374 90266
37981 96578
30837 62837
8135 64058
99307 99829
75794 89566
61530 85775
29176 89096
45668 97958
3624 6952
10142 53456
27094 31281
61950 87575
63744 93664
53747 74240
31435 46660
92166 92403
18727 62511
16955 38736
36212 68981
498 82980
46051 63980
29807 57168
45933 65783
52762 59145
12575 76547
60701 78725
15053 29328
70712 92902
17244 63925
80534 85741
8538 17052
32132 85334
86525 93020
42201 87573
92318 97900
68212 77716
76331 83090
88472 91349
1956 28230
38789 61899
16859 67899
10153 13814
74544 80770
69295 74036
2013 57797
56519 81395
81947 91425
39655 77373
8510 89729
64395 97109
90129 90133
73381 76402
69522 71449
77622 78370
21171 88975
25788 70807
21511 48490
11688 26613
78591 89225
12374 90707
50787 89985
19040 32440
44040 66237
44890 52393
48817 83816
87471 88023
43784 54899
82120 90116
25207 96289
94614 98146
98460 98611
47385 71170
81631 98540
77415 96213
73921 92055
66843 84252
27298 92265
69923 93734
53888 71399
24130 37108
70856 74784
72432 74413
59068 91646
49975 50311
27572 56793
74581 86311
63813 92601
72868 75154
12166 77129
60298 70656
52423 74488
15058 52136
53074 91742
71315 99122
20238 65646
25503 36590
10752 14526
32327 42815
15065 64133
16839 92203
48863 54748
18945 84266
40243 86332
70882 75296
40060 56171
173 36305
79669 92398
61451 98591
48478 63395
18338 99794
22123 48925
90198 96829
20102 38123
47794 74895
69210 72850
33379 58353
95266 99384
51848 71607
45841 87198
26203 53331
77047 93415
49644 71572
97614 97773
46317 61920
65132 78664
37161 48952
81645 97759
89781 96967
47015 73575
45257 96250
91102 95209
78080 86094
68075 81982
4245 44747
32477 93572
55414 86270
2641 82157
51308 79801
77705 86847
61320 91049
76703 78940
95602 97675
25700 42806
16453 86285
10840 54696
69670 73812
31930 60235
91001 95935
55257 88702
18164 90734
85111 88068
44282 87353
13888 64902
47657 64866
13719 85396
75465 92384
94137 94284
89883 91904
86152 97159
66424 76296
14614 58149
91237 92135
30989 50353
83325 85738
59502 90186
94220 99309
55985 87463
46629 72041
27808 35687
37745 69223
26724 69543
86569 89385
96761 98767
78059 83731
56113 64885
19428 67827
80854 93950
87780 89309
96976 98790
62736 66831
96690 98215
79195 79282
57411 86854
31281 33020
23561 58675
17534 44583
68774 80226
19385 64546
87702 91116
68320 91760
75953 82107
17289 87571
45911 53002
54182 77165
20286 48690
94246 96146
65370 79364
70318 78197
54409 79891
90760 94263
30463 77688
16832 24541
24682 61511
48253 93611
25805 61665
60333 96904
29181 72081
37423 93609
92310 95088
76529 98795
35602 57873
61159 88605
80250 86053
96888 99757
10920 71129
53372 77018
72350 76256
77601 81157
44054 44915
11791 93957
86116 99319
83244 87687
56389 97327
55316 68152
74376 88728
64290 72254
12069 40084
92823 97371
36178 52052
27186 40717
46128 93960
53829 64818
95672 97553
82456 94293
31404 54731
75100 75809
40547 85606
89493 99645
30310 87455
523 67938
92306 97775
66399 70589
33539 47568
61839 62926
1892 71803
67361 78715
66598 76615
71457 94679
21671 85747
52022 70851
25193 51368
75172 93203
84632 93549
35804 87730
89541 99121
81809 83906
79413 82904
92739 96931
5453 98931
64519 88513
54316 93628
33178 69663
61769 90335
36956 58281
54419 82754
51348 81544
60983 80626
15864 29486
27008 93269
20319 20894
41074 52921
76332 96616
85550 93894
24009 52287
71604 86245
96268 97448
90582 96115
13041 44734
69700 84036
36632 86688
10586 57950
45239 72534
68177 88713
24272 90965
78672 92141
68598 88748
18765 71828
35760 47407
57919 92959
31410 91251
14138 52423
57794 96955
67124 74939
26132 33712
94650 98858
18565 76939
59010 84173
72960 84047
48073 49600
98872 99448
58641 78547
47391 68787
17484 31019
8143 25170
69824 96354
82989 88961
24299 26515
32993 64683
79729 86257
18871 32626
72105 99362
22859 74826
24940 42413
22576 92981
96919 99132
96355 96580
52034 60132
2531 23115
70660 86396
70787 82610
18220 84133
20012 90448
55937 84412
43125 87329
80787 83973
71470 88311
67978 99632
96428 97897
60335 79458
53104 67245
75030 81431
83136 93538
23444 39744
51098 64531
3273 97148
41342 78566
47138 88047
34914 96594
15819 55262
71753 81631
29502 44509
36981 67166
26135 43607
19090 71969
59877 66035
12045 68600
20421 91482
10777 74236
77954 78384
16388 26978
88747 93606
12631 35709
23787 79187
8702 12833
61764 97083
45013 81021
64768 79048
18830 21436
29593 84946
46954 62015
59554 91552
53413 68068
29682 78422
39575 96405
41373 46354
11621 98897
44507 49949
61034 85316
12009 51828
53028 58575
28920 37950
46536 84253
26633 43156
34541 35744
13539 18375
83772 85938
71581 74426
92808 96125
462 23768
91016 95741
83426 93735
20647 33190
60338 73739
79229 88156
31872 54259
91719 96733
76927 92098
94617 99292
45922 83526
76035 82969
76263 97103
18109 19317
63788 87239
55263 55766
21270 94846
82550 96263
52367 68670
53100 96377
3337 58004
59375 99025
3414 60001
90342 99214
23317 51806
98236 99040
15744 74464
15179 57722
9003 41886
5721 29909
77551 83183
57410 82894
22130 55403
61721 63929
81832 84190
5604 98659
10150 53977
18736 64816
23991 51271
313 22027
59624 90628
96047 98713
2838 94371
18355 96890
33068 60998
76769 84577
30713 38558
33748 99501
41005 68042
41893 86013
87288 87673
10618 74578
19560 66322
75113 87187
26670 75628
749 3715
83941 90757
37009 46657
79356 81657
39741 62919
55100 76382
22383 64801
17089 90091
65327 78740
88298 99906
41584 98662
91315 91983
82871 87429
33074 52126
68429 86832
43443 80572
87279 98247
19691 60059
41036 73663
38464 52119
73668 96469
98053 99248
59139 72272
59003 75027
76837 90242
83463 84573
73794 74140
47964 71418
32562 54935
46709 83327
4933 17858
20407 70009
10364 57693
40776 75392
75637 81682
25525 84081
58634 72664
47823 50698
65696 82405
55992 92832
28783 56775
19384 76400
46423 54519
29060 81947
33429 93247
86138 90227
50157 57349
62270 95501
44246 63654
11188 55852
59318 67927
36357 80685
65765 93209
32319 84232
47933 98315
55337 75159
15545 75598
48170 87135
37580 73285
2939 97398
99417 99790
81810 86506
2301 37311
81326 99730
36301 85323
84427 98135
42199 59772
92042 93020
97319 99067
64984 80385
38639 53461
87226 93223
86312 95474
58511 97896
56172 71189
31998 73741
11539 97625
97579 98375
21683 61962
15304 17861
70916 85569
1235 29352
38017 42072
92219 97524
45294 91186
35511 65972
79222 88656
26320 45747
77342 85798
8660 30142
6105 61208
81583 81998
66559 68198
73740 90554
76667 87103
31326 90376
64217 74879
36084 63039
43497 53047
65599 97411
30098 35801
60834 72627
49369 92832
72925 91064
51299 85932
35793 45457
89404 98912
50018 91388
51550 91950
35598 62469
17259 82440
95013 99885
96880 99841
4901 50870
68819 97800
46733 58617
98148 98434
12289 54587
67408 79811
22165 63088
78155 89634
15438 61573
44399 67421
9832 56171
15226 76323
33627 40687
21113 67646
51012 73678
34485 35495
64835 74713
73208 96242
38718 73221
23110 99988
49864 92251
65147 80805
55968 80963
73229 80222
48552 65192
42778 70157
40768 65813
44273 91583
53352 56920
39119 82686
75520 88054
74296 85841
54649 78155
28994 37171
34998 97277
14630 70909
51792 70879
42890 46023
70540 79737
89486 89663
41134 77294
88738 97199
66255 83780
87444 91730
1538 70787
89100 90680
71529 83653
79702 98210
72384 98666
27329 63114
19802 35084
51951 59093
87585 94087
83412 95910
37936 49846
42666 53648
17282 41520
75965 89406
83307 90770
20799 88262
20007 59155
45648 92628
30610 50364
87017 92941
28979 57987
62801 91328
61361 96294
19036 28632
78735 98631
86186 91921
89289 93986
7249 61262
69385 72769
67424 87212
45235 86164
61970 72830
65577 91612
44801 62259
24521 54601
43919 55327
99925 99975
98130 99540
25287 68310
92341 96830
5514 22550
63056 81403
61281 95644
44984 93924
69472 95035
74944 97884
44344 72557
99447 99456
36436 62200
84229 88119
19603 52904
66739 97824
78775 80272
37755 75757
60702 71688
33946 91985
98760 98928
70728 88812
59845 96340
54154 84426
64634 99760
61721 74589
50573 71137
99741 99853
77382 77485
63483 97758
45912 73671
27146 92751
94874 96266
73186 90689
90456 94635
92109 97092
14244 59675
99110 99142
37309 80496
10180 63085
29281 78784
87245 91904
883 90430
12743 39290
56143 95037
16310 97983
16140 51942
25510 41352
44578 71983
52907 76461
40351 64422
15489 90698
96145 97722
87728 98200
86773 97746
19364 63224
80605 90058
9525 38929
21743 26032
94111 95483
77574 92452
78495 92918
24970 25255
2549 94689
87884 97716
96115 98027
39405 48537
70976 86261
4859 43820
6065 16498
15732 94061
91345 98125
22549 37206
91753 91834
73276 78258
75589 78601
59421 81212
75145 88712
81533 92857
34676 41061
42182 47655
7719 67241
29886 72380
90753 98069
53461 64687
56658 80058
74840 79033
20075 70023
49265 86421
85460 92865
56982 86667
65898 72051
47016 97311
97571 99065
41332 87091
65575 80150
92914 99477
76431 88041
5761 74787
20689 39975
1710 34699
68339 93934
50166 86528
20176 91003
82418 87000
54359 91959
90908 91364
47328 49773
79734 82056
50638 69787
4994 7965
64044 84620
55460 91272
59318 86889
56559 57963
35503 58958
53790 74362
45301 59271
29026 52592
75070 85053
57409 84616
86241 96596
59205 67089
1854 59123
7099 94476
15123 47181
81329 94863
52044 70800
96794 97874
48005 84132
53792 57256
38373 44682
57609 88326
60900 61567
19437 39465
39003 68776
25817 47547
47649 66784
28265 32621
97168 99827
55843 70243
39094 63018
49413 95496
7983 55747
3057 61970
4301 29603
13464 66705
96089 99201
64233 81443
36263 40247
95851 97556
63957 78559
58119 59719
36274 62652
96786 97515
19226 24231
35600 91962
12347 13325
33769 94168
76409 96692
97664 97968
97440 98681
41054 55691
67054 79275
48210 66522
52631 97114
19983 88166
31711 70747
18139 34221
10485 51774
95435 97792
88883 92263
43104 73092
47428 75196
45974 82621
28742 33345
27684 46346
78010 94155
26829 57881
53507 74893
24808 83376
20553 80926
6215 55616
92170 95091
10525 88168
59462 68212
21423 52382
82745 96072
58926 96764
68310 92191
1261 16812
23852 64423
22122 58288
45311 87158
10454 77384
22149 27803
79005 79819
27828 32411
19020 92279
15727 58181
40999 72569
23746 70025
90106 94805
66088 83680
28958 76782
60893 66318
45534 91840
96091 99024
88805 96490
27191 69505
12344 68186
47567 54724
80493 84738
44825 68535
39855 60358
15333 92396
98355 99627
62805 91713
40013 88901
75694 86948
7592 99406
27974 72653
39703 51824
17015 41624
55289 87393
26101 38275
80787 90337
77555 91614
3746 72318
19719 30201
35111 65173
12597 51275
33816 52227
84762 95787
366 2272
82017 88632
66996 86832
9622 83679
59836 86509
15688 19902
22929 68935
87750 95914
37065 59585
4124 58395
26851 31851
62453 87800
73652 77383
69312 84719
4079 19868
24343 47016
63594 96519
35391 74041
97501 98924
3559 64762
63491 93069
33748 58617
96006 98242
34875 63376
26600 47344
79564 82533
86377 98209
63693 69499
21441 39424
90387 94240
12372 24952
63891 84721
97440 99149
8994 70406
86311 95405
95539 97873
51336 96473
5935 15564
38614 63558
17943 26521
46742 95133
51948 65136
29129 99710
70831 90114
88724 98702
13826 59664
53778 77027
76344 94106
92942 96951
10118 29839
5805 78129
46141 80928
81047 84499
68765 95220
93970 97013
5403 82163
60603 70528
34646 36610
31902 63653
97304 98980
68496 72699
21002 64788
4525 12298
37623 67065
69159 95081
77877 93245
97437 99085
17176 44407
58753 59254
74660 87039
77117 77617
32581 91650
33323 83618
15764 32647
73707 83947
25993 87766
92769 98650
15173 70706
76722 90870
77761 88952
14414 86709
90327 97938
86444 98569
27662 45788
62794 89944
86772 89733
30132 65958
90261 91791
64537 76434
90620 97624
26388 35135
54341 93161
68957 76482
42940 66980
67260 75759
46042 73702
27528 86720
95404 99730
21649 49397
1874 87760
96889 97598
27482 79901
8218 45328
74246 91322
79220 97838
17668 39042
63126 96789
41580 62082
86062 89476
4288 88545
16130 50935
97051 99120
2861 30242
76685 80119
94434 99210
9717 34121
94716 95967
50469 76527
24162 41488
79201 99555
20458 50230
74277 91418
52337 86628
7475 42238
66571 98892
80746 94763
30373 80865
45197 57282
28500 80114
97991 98166
67043 90703
66052 95200
90285 95076
74625 97052
51559 64535
37202 71344
79671 88422
20786 93273
10551 13998
34886 64508
90713 98257
70432 75720
53954 78641
41475 63087
57017 87995
22769 84343
20836 24795
89461 92033
39838 58270
9913 95892
74815 85735
40658 66428
81154 82950
69061 91367
16686 43216
88388 99826
21811 80501
95730 99140
77892 88060
99882 100000
61216 76691
17719 64886
10944 77901
33417 40618
37174 71595
4066 49550
16782 65537
97411 98946
22230 63677
10084 56594
22710 50201
63359 72728
78815 93457
18623 53327
83896 96250
77756 93994
47456 91575
33670 91762
8063 25261
69090 87710
78412 93541
95330 97918
35996 36682
7596 30023
95086 98694
81854 98023
61196 94037
38964 49644
25137 91721
24099 27482
76231 83971
80066 94848
81242 96796
84685 99367
29066 42716
89062 95480
29054 74692
40658 41601
79245 81879
38293 57991
59065 74084
24379 46794
30101 63274
42349 97159
95825 98010
36723 51359
46898 65106
68932 70200
88454 98016
89155 92414
39335 55835
1079 88853
80932 87160
34098 79224
73186 81293
91477 92851
96982 99032
80881 94179
94965 99494
4536 14312
91424 97046
24210 89410
52824 63655
12348 51160
1601 23282
36346 43693
35569 42596
39353 72987
55645 89646
47742 66984
91267 99560
39033 40849
1837 50934
61214 81644
42518 55822
88615 94993
93055 97591
53179 92437
92048 94843
66284 78653
9314 57475
23227 56914
17264 32862
52360 61314
44678 96390
84268 84682
85833 86625
32200 97206
97075 98412
90777 94211
34157 50322
30110 73898
15623 75914
93943 97493
91783 98252
74422 81867
97596 98054
88415 94115
99712 99927
96410 97126
93021 96248
93243 94503
28698 49087
49083 89010
39327 57979
19967 79726
3761 84982
83537 91860
4601 33971
91062 95957
9443 41669
47901 62966
55453 98281
88781 99666
87435 98261
77271 95513
99960 100000
75015 95456
99198 99756
66752 85479
26765 68363
87759 90151
87179 88492
25252 64476
6359 63780
21105 93365
82920 84973
31882 71192
47682 71474
86683 87048
9703 49696
82180 85875
79557 81212
80902 88025
94741 96319
73520 97238
22355 92182
6465 14158
28770 62683
6796 74363
75775 86761
85676 86803
13544 26966
47521 62889
44605 86487
53968 83356
11936 31611
35676 89209
94691 99499
96013 97986
2012 78605
96289 97962
40074 42652
5646 62952
81388 94870
71663 88089
98382 99835
19780 62025
37760 80788
38801 88453
87384 93423
37802 78803
43745 70805
40103 44788
36081 51560
47606 86514
20885 65318
1045 52666
21100 78407
45453 70473
14566 33515
75636 78906
70567 97999
3788 15144
97661 98331
38176 57163
93970 98124
22319 36318
70706 81386
91145 95395
34573 62767
93161 99978
7818 92934
16857 26698
94607 99155
97319 98177
85002 88110
69992 85853
23704 57773
13070 55290
92799 93448
13069 78513
16086 23450
27983 70262
19056 58632
21050 32380
33446 67624
96032 98826
35294 51552
7919 45757
22431 62456
22785 53894
69022 84218
57103 83978
54582 68818
50419 68910
98336 99339
38979 99498
42527 60261
98237 99112
90289 96919
26448 28244
83002 95380
47508 83075
69779 95337
41220 69205
25599 54112
17115 52133
35881 38037
20438 65836
6908 43081
64847 84910
67567 89395
25574 82586
16364 26169
89598 98709
24294 53183
34948 47115
15329 48433
417 5759
25192 43169
57875 70226
66092 78043
87876 99084
95648 95842
12044 85342
2636 75999
46232 99681
72356 98063
15944 72378
16888 34497
34570 64454
31422 43614
3242 68948
86041 99073
37667 47234
26143 91735
75242 88674
29269 95650
76817 98945
21404 32148
16482 45071
35433 44011
45226 66411
2708 4884
49102 79186
85658 88553
84085 98957
69163 72314
19286 59813
63874 86996
41562 43394
88867 92543
22522 27131
93634 93698
94258 98017
16206 55126
97222 99143
65439 72359
11330 39216
89013 99768
41156 73092
62319 68702
37345 53528
54039 85014
4525 68364
32453 44011
29646 60656
45087 79560
80169 81131
34144 85650
21134 77933
23705 46459
10262 34752
33600 67797
27285 40829
90218 95492
56578 92887
17566 42740
21230 23010
1482 36200
6789 78797
34570 44695
19527 99439
13068 71806
62657 78287
59819 64586
81053 96886
86492 88947
33408 73809
29028 61226
75570 78515
81111 94616
80134 93646
7116 22744
51423 68214
46684 62145
6332 86796
1293 84573
48145 84496
31931 74275
90137 91363
12637 85420
40851 64828
30983 46660
37745 99823
25489 57576
98099 99480
62904 74834
39935 92466
3490 12104
52980 67304
30328 68404
98441 98857
22973 49579
35732 85867
8520 39422
52968 79777
1038 63819
76227 85184
34940 74432
59147 59362
90044 95445
42681 64630
30964 68711
5189 77263
99560 99672
99912 99995
11252 81811
64640 65298
81474 83482
21576 53369
5868 31283
36917 43660
60237 68003
12611 67155
11475 86068
89514 95671
2515 3851
30106 86034
2949 88741
82148 91544
88154 88412
11715 46154
77766 88356
29217 99264
32156 89341
3356 23701
80899 87836
51275 96745
57828 58044
42876 65317
87429 98424
94352 96975
11582 59086
2899 95318
58356 80852
64527 82967
58789 66972
29235 31096
60715 72611
47801 93036
12095 36004
52566 57467
56476 69516
61314 69814
55261 76505
77290 87425
7522 72225
92743 93747
20306 73238
9834 24060
49192 92283
17608 97742
98728 99690
82518 86323
16985 38009
19343 24971
80061 98351
54730 80257
97062 98240
82886 87494
99160 99633
69523 71636
87601 93497
65587 67851
77776 88078
66982 78131
77303 90242
61912 99277
35105 67452
23061 96675
67706 99149
41507 68913
21007 53819
53648 56622
90450 92983
90115 94172
6597 39431
42421 91224
25487 87092
78645 93094
40999 62259
20171 54204
39741 98185
70714 98484
77412 89564
53238 89705
62871 90096
69796 83627
46881 60706
89467 92479
51542 70826
17341 49603
84759 88562
97554 99499
49464 69335
36214 88304
22559 82286
89293 93390
81905 98062
6066 95691
61515 87288
78893 90425
39244 88314
88518 98664
82640 85373
67674 72401
34173 92511
48206 83346
15956 56644
72573 79188
17237 84020
95176 96365
77860 87511
47854 51276
63265 95351
82632 94408
99776 99899
96177 99151
8034 53005
96258 98141
35252 57929
40181 73271
6062 65043
78823 95611
50408 86970
28842 63096
58008 58028
67244 71017
20186 51616
36570 96213
26792 67189
30265 91683
37828 50394
98659 98812
48807 80607
91036 98947
88387 90670
46126 85115
31263 51353
33097 61130
67150 72095
26767 90534
74229 99148
7154 52892
93850 95784
75922 93295
62713 94625
28703 43211
40205 77337
72601 88231
93706 99436
6901 41528
39324 70008
45173 78593
44000 71063
4914 94588
93857 96770
27830 97080
44921 97933
55295 92193
20093 52144
69407 92847
15717 50572
80263 88638
57559 64834
22209 53308
71729 88056
55085 71510
25411 69223
82136 99206
42049 86931
68777 74166
63046 99120
17410 65267
8628 47553
11649 84673
90443 92848
59130 99206
20658 69107
22327 34839
1630 18442
46406 48383
21662 58696
43855 81316
50606 90442
15284 81563
37225 79673
37799 40070
65490 95863
68168 91808
34025 49802
54317 82723
22798 23397
94073 96834
381 59917
15648 65606
25744 48934
57215 97467
67460 69909
85823 96014
69907 90472
42464 75947
30186 38046
66007 68739
3694 31832
13416 84353
79670 87964
41274 58681
35570 42378
20723 67387
29312 99458
53696 79987
8024 67534
3600 31201
92820 97809
17061 67994
73805 91199
57190 74146
64484 65861
19337 36878
13514 26062
41756 63469
25396 88002
44182 91629
42914 85669
33396 65397
65357 78341
23840 85988
12038 56033
67861 79238
69551 76172
70799 93647
76095 85492
11064 91741
78774 92363
48961 61687
37910 87347
71801 72999
68184 77135
8568 19789
87578 94949
55849 62839
88775 97174
92232 99097
84137 95089
45873 96503
85163 92419
54118 70105
1320 8539
45542 76655
44231 87245
21932 88711
39100 46771
95330 95754
48971 80149
3421 14563
35973 74000
32497 87418
29091 78023
90591 99148
47735 80162
77265 84959
55763 86220
40396 91589
63683 76051
54805 94289
41776 65424
11761 44060
41144 82535
72884 91820
58030 94207
54993 65178
35398 92826
13241 95153
1927 63848
79159 88744
16769 95659
59919 73386
18102 50289
5455 29107
41297 80015
40270 91067
6095 73555
13104 56428
6316 35624
55331 81845
58506 79182
51403 88206
49677 76244
3679 69562
52209 63259
67625 97173
17259 92660
2412 82049
33329 82679
52814 53485
99288 99608
85383 95376
41282 49392
74374 84085
26991 56425
98617 99795
50938 74162
54273 86087
28928 83293
66586 99445
97878 99081
53409 72320
94436 96634
10659 35493
29034 72457
81209 83337
27960 81188
2506 59115
13034 29381
64838 96613
92249 95259
69181 90326
23706 24268
4793 60679
77434 84478
76065 94131
18850 74453
70257 84823
30439 38044
59199 75302
21587 85245
78211 81163
87662 97903
28548 54388
98377 98879
83956 99830
29369 32785
62369 73106
97563 99557
36540 61235
90673 99290
37943 71163
18513 31813
50466 93392
45132 89223
48422 99425
15459 92608
32443 73277
44905 77130
49599 65511
11023 46779
51345 79860
30881 57058
40787 51573
72342 91308
98788 99089
28905 82321
29768 50888
14494 46079
80425 94244
57408 66309
30817 53367
94398 98581
1647 74419
52305 64696
47363 53752
77069 87003
64048 79892
4923 19530
93504 94501
21940 99714
65771 99234
3454 61540
25172 43425
97807 98015
48070 81174
98514 99954
26496 39135
84590 99580
93482 93658
33037 36867
73627 78637
1429 12163
18166 21592
33022 87547
32152 96257
12502 16450
63751 87840
98159 98618
50528 60002
35423 93951
86387 94059
98452 98948
14936 65956
17930 47395
67287 98589
8062 62994
39844 98940
66088 90591
61200 61773
39355 82228
30385 48745
2291 50333
62172 71736
51325 67234
30353 59680
78807 97035
77144 84201
99676 99940
77849 82061
60769 92227
13961 96653
72749 78513
75642 76712
69738 82482
90065 92411
936 66882
56575 90877
52648 56310
15712 67812
87226 97467
12137 83219
43391 84406
91784 95963
88270 94083
91092 97340
2738 68588
95381 95627
46584 59597
28104 85979
12689 22315
72406 84497
3342 26803
94150 97242
53109 82785
94705 95241
17981 69777
7025 81275
63784 93750
31889 36486
9610 58148
37961 53993
54246 55258
57192 87519
1056 64323
39207 44016
54761 57110
61133 84497
76083 95120
65917 99824
18010 42589
4012 67742
50208 52777
9440 67541
23486 74810
72065 85650
8928 80826
65218 89888
80795 91484
93077 97789
53441 63805
63124 92264
643 99318
12849 93666
25148 56819
8362 83591
28859 63030
39850 77806
18421 31541
47672 63911
43336 62635
42063 98833
23806 41317
59587 96404
96970 98037
2550 83664
16206 60461
68279 79881
75594 97864
33853 91679
73624 92041
96282 99292
91264 99129
22846 52804
46881 73309
28712 73913
74350 83676
81827 87400
19146 87738
18693 63002
13536 25694
42100 44415
52203 65005
2994 91766
9308 97626
16408 73277
87968 98946
51564 64273
99258 99965
98997 99104
65874 74498
38831 66111
22275 46305
12222 17738
29995 68759
39663 70014
87941 89661
71053 72365
79263 89657
25421 93249
60436 64528
91760 96298
73102 84612
9544 29224
75675 77946
84845 91180
58127 98295
96451 98666
92117 92677
57043 92572
62174 63408
79170 91184
58130 64784
87085 98051
82524 93108
27156 81914
23484 63253
71096 98738
44503 57512
19719 41293
76902 88251
13446 14523
56027 90317
38539 90458
97253 99910
64608 85611
65583 79154
77853 83938
87534 98526
18306 86158
21054 81088
65835 95426
65089 97978
59574 97915
10207 15832
30284 83297
40795 74550
67140 91518
39467 53969
44145 53637
71727 88368
26133 67534
16612 74721
94335 99485
90413 97917
74180 89862
82173 86436
45761 84049
25500 27097
47125 78335
84983 88241
54929 72589
21763 51614
25903 59186
23165 84221
34473 87631
86879 89793
56703 83940
15487 63398
3133 5419
11146 28227
15051 33539
80609 97567
76423 88847
51363 64827
19155 29291
42988 56737
11119 39617
11044 21997
69642 94553
59470 62318
68744 73933
60959 70290
53889 99629
45022 80129
50890 67995
874 86239
93813 95700
69008 70211
67351 70611
30614 94860
24400 48402
20892 38665
43825 83967
71254 77770
28585 44710
86715 92669
41691 51796
4804 67491
65365 88245
80378 92242
77038 80891
35779 35917
31646 49076
78107 85452
48274 57094
53741 98287
3917 39275
24655 99995
37739 83349
84548 98484
76079 91378
39169 68756
43829 64901
85517 90341
28615 85432
93901 97729
92677 97521
60130 69611
41714 44041
20051 91062
15743 95034
34358 86947
51342 84105
64571 94665
59392 92904
77123 97330
82652 83772
51420 97895
44116 82662
64902 90217
55745 56442
30305 48254
76560 86072
11700 62223
6304 61971
95130 96261
64838 98990
97243 97816
65843 95567
44578 45617
59436 83753
46756 98890
16348 53348
48933 69483
80263 80843
28693 49574
59973 80756
66034 82373
67001 74487
43954 54837
20275 54229
42524 66767
41463 58856
43531 86996
64028 79403
93351 98730
50256 57668
92848 93813
45385 52116
52363 66820
68876 74009
79268 94322
24454 34495
15568 88330
69081 89554
87003 89956
49030 66992
44548 94056
43884 80806
26990 64763
32790 43158
24525 26176
36180 50587
45308 51706
76298 91586
23714 39982
91266 98263
99596 99746
37278 97852
64938 95025
42339 77190
84593 91788
31670 95188
58403 97319
9845 79498
56209 88198
1979 53564
63453 77562
91546 98264
31969 82254
69656 83725
41836 57112
41823 67446
31904 74197
64867 84777
14470 54048
67149 97571
57471 73403
29367 88180
37386 76832
67533 99467
24243 86058
18814 63103
4937 36035
7414 55429
91665 95164
17385 36731
71942 72032
37986 87289
20106 76489
92140 99159
8042 76972
51722 95602
28675 92101
68330 94694
40834 66155
22474 38769
68445 77439
51124 56162
44683 82762
22511 88263
6267 18572
30391 54041
74096 98064
19183 45367
40884 41231
3038 80959
66530 88321
79680 80804
64132 93187
69452 74230
97854 99980
53040 88382
14651 15335
12710 37017
54629 87613
33364 65415
83401 87978
47515 92869
27778 94853
85245 93950
59543 78182
52519 60499
34447 48098
52553 91149
81242 96639
55425 88681
21402 30271
18184 69346
55301 56960
41647 83923
9488 55406
66513 91405
36960 81131
70549 97045
19136 62093
14732 22557
74439 83829
12568 58624
96104 96992
85024 93380
27590 69021
38815 44216
56268 57680
39799 67182
52001 57005
51352 62900
35007 43747
50959 85054
24976 29931
22538 89098
78988 97523
1299 10542
5308 72727
60378 88156
98750 99803
7360 36347
33828 58476
65662 70713
3879 71375
68666 71090
68512 88697
27075 67132
10537 89770
51064 95662
65081 86684
81099 98987
96146 96875
30358 50939
41618 56327
16493 46419
70189 99470
21950 92474
93404 97907
26910 71531
77461 87579
23969 33186
35777 51375
80376 89102
31986 90927
1294 77174
36519 60606
7807 19904
16644 35041
30448 62140
23137 66062
96401 99143
67731 73509
12697 68368
52583 80191
3446 4995
20078 90304
66785 68493
49752 51012
51328 95397
15063 51339
89766 91305
14362 86055
80297 91702
1345 28674
28765 33240
91156 98497
77365 78719
33591 78527
36784 61577
29293 45574
25874 94554
22789 85584
6522 10749
47156 98900
2110 15015
25416 29043
72758 77139
45600 74971
18423 94107
89751 96902
42321 99326
7750 66722
44557 86063
86287 93338
29279 70392
28967 60367
92667 93570
18325 51092
39599 60245
33241 90308
95906 99041
63403 96072
40034 95648
7410 10747
59345 89776
49655 50645
29022 61928
86166 90935
66594 73692
65507 70591
80128 93497
54078 66370
3181 76471
65492 78469
7482 19622
43878 97363
39342 52089
39128 52735
23702 53612
11742 88308
25833 61261
51295 78913
44744 64882
64197 70092
4248 78728
64008 70261
69630 90181
14766 56948
85121 90113
95888 97638
70039 97951
24833 59985
75880 86118
85636 94591
60043 82768
65840 75771
73363 91555
26421 39288
56283 56285
57600 87138
85362 92511
58385 79833
71175 93541
31504 53414
17435 63700
37572 43542
24707 25998
11409 51672
25679 68958
16681 66359
10653 45348
45691 47733
10279 32964
27919 47333
81051 98237
52598 84777
84127 98620
89791 94485
12207 12981
5088 79472
73017 74644
24409 45089
19731 91950
76976 88092
64672 78618
5855 8265
76461 95111
52562 96374
23005 56494
86954 91542
73534 90521
37587 96220
82778 92304
4726 42675
69348 84432
75606 82800
448 54690
20576 80113
35647 99027
22681 96281
43650 58895
62956 87256
44482 91049
65827 76179
93867 95585
2230 37884
23878 33950
25734 75366
81055 95862
20032 39461
82294 96059
21953 47889
38723 69189
71010 76579
30941 36542
54368 81932
87134 94959
59190 98808
964 11881
91845 96314
29273 66449
49332 83843
89758 95209
27889 53271
90791 97291
61212 76541
19963 23701
12702 64826
51120 94471
87533 99189
5039 58573
84334 95792
38364 49393
16655 39616
5197 31949
52801 87547
48797 64770
75090 83101
11876 87095
43633 81962
83244 90756
68187 83074
53949 57743
31253 76308
78231 80026
72990 88625
78635 90988
10237 76248
59497 75013
40422 48957
99555 99735
85089 92296
93689 95148
28202 76832
62223 72933
2301 90378
92569 93898
14689 51222
44025 89986
62663 82965
6864 48861
14388 83783
15034 31002
80490 87580
24022 48096
58244 78416
24075 79284
37934 44893
26031 69891
90260 97240
98786 99585
10603 12947
43049 91274
44393 57739
32227 93004
54498 68544
98588 99927
94920 97548
79000 85389
51669 63757
4610 30298
54334 90527
39237 85699
14053 38068
18447 31662
96443 99859
57531 98289
83258 85671
88237 96717
97160 97789
82625 94040
30173 32942
41965 50437
87731 99421
79259 82655
62750 79745
42828 94664
70291 92805
10299 55893
59039 83083
68659 78631
29775 58883
2118 7091
76379 90480
9062 18661
16359 51206
32035 47098
61355 88059
16098 32743
97498 99283
92095 95965
50910 59522
62335 88683
61244 84705
4421 55670
80155 97859
19080 35708
89806 97086
62793 77753
23455 63104
52815 87320
1659 31252
87597 98201
14597 53771
63649 78946
9721 99620
3886 14682
22965 69550
25808 83746
82416 86544
69909 77236
39881 74840
59904 94432
7734 94578
19101 82132
30808 45072
48065 72099
79851 94971
15524 83405
93065 94880
82563 91098
890 84133
78036 78920
49105 74330
34883 92816
3898 27327
20888 98898
65280 80442
53827 87458
19405 45639
24845 58842
16155 19823
12727 32467
88836 94967
28556 31707
89530 99518
31763 94021
12075 29849
83074 94741
70519 88185
10602 34978
6883 25372
46936 95534
53459 69844
37023 46993
23182 88292
45707 58655
25135 92505
20772 98103
53324 53418
12290 53635
82756 89661
17741 75456
63679 83530
43527 58171
47009 76889
32423 93709
58974 69457
30883 70689
75436 97208
125 85498
24062 70946
46506 82371
49857 71081
62519 71844
30103 64350
90990 92507
3030 79805
2456 45935
81618 90836
16187 68631
87813 93206
17338 21828
32673 46284
24305 87508
63382 96129
67436 80496
74264 75187
72109 85967
13014 22536
98658 99246
17411 71324
97521 99700
43357 77844
57748 80423
60962 95042
42482 67168
20544 69737
19495 36483
73562 73712
33949 84889
80088 89362
701 22583
48084 52760
72632 75332
18610 95212
6620 69408
31860 44513
42916 93881
34819 72452
6107 59593
44774 93753
52355 90766
83846 98434
1542 55201
48720 98678
88869 89874
39580 40883
85397 93365
99762 99943
60590 97779
94760 99236
59964 77860
54840 55040
67456 85702
8353 90063
26676 95742
91337 93264
79699 86719
77248 97751
54980 79184
80744 86095
62299 87731
63815 75793
42235 65745
36092 82593
11807 80779
29639 38992
96062 96891
85772 87575
30197 48260
64420 86337
42700 98818
22954 26348
142 42761
92971 96433
41141 90416
50329 56594
51536 87068
75575 79460
91716 96854
81875 84319
80066 83649
7201 50164
1356 71306
41223 42319
32485 45213
32748 46197
61883 64195
49340 52302
9967 69680
89998 92416
97530 98103
58877 89210
23759 39757
31324 39445
76736 86308
97242 97957
59104 98378
21198 75045
6711 99937
61981 96395
61636 78504
1149 79583
80781 92308
34271 35947
33815 62237
25042 49793
84408 85297
66462 68920
73873 98290
79928 89063
90615 90634
89139 98361
7574 15954
91519 97412
60814 83337
75001 86098
92723 94167
3803 46005
85267 99091
401 63993
91693 97153
31623 76215
87665 99587
69981 89690
1559 10233
41821 56657
43013 56212
34402 67380
64927 93691
71280 96427
99870 99959
34500 91301
47432 96003
27034 51879
60372 73259
350 12065
66944 85615
71788 75946
14463 47917
80669 86384
81902 85977
99058 99531
63911 68394
56553 83831
33341 90920
54343 69719
42910 94713
31161 64382
31775 41969
79142 93148
81285 89341
15625 27568
96062 98335
28298 65951
28778 45433
75860 90291
30931 81605
66319 97976
83864 98198
9061 79924
70332 74588
50708 71906
25190 94559
75932 94745
53504 70855
44894 87217
70819 76104
72923 85788
61150 84134
42591 96922
49439 67594
30207 87960
48276 70591
69210 72931
73262 94154
70630 72857
37196 57609
61064 81451
85902 91909
99687 99851
11509 39335
5012 5835
47946 92562
36789 97830
88940 99919
52374 80207
79550 93253
76375 80249
65085 77109
79944 97584
80924 93536
48195 62431
42033 91742
91239 91390
65459 87054
25355 30980
99234 99996
81891 92726
62511 66354
85556 98439
43373 72075
64385 77770
56643 59136
92973 96354
73821 92093
37218 88284
87413 96396
69620 94758
44379 46910
9584 46099
56854 64989
95149 98804
22420 99597
76998 77374
24894 72893
4480 59903
91056 98195
537 97963
25891 91677
61568 91867
94782 98461
78973 96103
90558 95839
67001 81409
13995 72954
16630 92389
45964 82267
35933 78608
26766 26977
64671 95895
33802 69062
77947 88858
33658 36971
14465 81118
81129 93811
36612 91766
15296 32454
13759 56482
84938 92058
79234 81513
30065 72621
61937 67350
16026 84638
16314 96483
70923 81993
51204 85501
37015 40372
30896 53062
50328 88201
72067 91787
65507 83309
60947 81857
91967 99894
58126 95655
56710 67199
63641 81635
85001 96599
49576 64637
97738 98238
77404 92477
25834 32391
50253 97286
48845 91059
39089 39555
77476 92851
33215 52142
3705 38867
66519 83543
84554 87621
64323 66589
86516 87071
55996 83048
85582 86624
61569 64881
86235 99413
33214 57304
80936 85088
462 3793
37570 59129
57788 59240
39219 89021
55939 95265
27403 38706
47406 66776
30501 84998
71313 76870
16062 90276
56214 78003
3610 91079
52202 71841
50785 70065
73887 81666
27277 89348
42759 66610
57099 96981
7917 87047
75603 91828
73111 74607
88273 94314
245 3820
27158 65876
71981 83488
55302 80162
86812 88869
60309 89673
10656 81226
21635 76525
15998 66856
78986 86301
15418 54375
98819 99490
95134 97184
72271 78004
29342 35326
61771 97111
19318 68761
96699 98609
81294 98418
44517 57902
71600 99662
41735 90283
38503 79047
38010 68567
44794 55522
30400 99340
88520 97474
59635 63608
55802 59540
79898 84481
25461 56024
69487 81202
239 52211
47560 53983
73585 76385
63183 76068
78833 99072
57902 80041
84674 91286
53984 54357
79118 80252
41531 88989
55501 64056
94769 98430
24362 76388
24388 49325
48163 99145
62109 79400
44648 95025
62480 73769
86369 96567
76479 92572
83250 84703
40962 69894
78605 82502
28826 56839
67911 90440
83821 97766
9327 44716
58105 64763
86329 96905
87824 93382
16263 51173
47522 79657
16406 97769
122 49962
2024 12363
65320 99894
80373 90969
46977 99420
55544 62380
16086 61916
94585 98798
41045 88699
36000 45045
45735 79435
60785 87928
23473 87706
2570 18902
25039 33304
74853 81260
37246 43248
97538 99253
69953 84521
9567 81744
64462 93759
62241 77930
7473 48344
74208 95433
57388 87499
21315 47280
43785 81118
97723 99894
89819 93510
14275 78664
90157 91348
10990 17350
7811 54423
25698 58377
92074 98320
64848 67975
31057 63306
71555 88226
76106 97811
22584 72164
1776 64409
85018 85998
37859 98985
8909 30302
64284 90800
37798 64963
96454 99108
25731 40412
75865 83255
46071 91067
35056 57363
13791 54116
88646 94894
44412 94379
67297 90763
83465 98705
76021 95274
50897 89534
81550 82527
49861 53669
73946 91657
78595 98423
72942 82521
89603 93689
29945 46783
53711 69277
41371 73889
59393 99656
1105 67171
57641 92762
33397 93688
52524 76582
51945 54545
26883 29176
1763 6004
27163 77884
52772 81616
93213 95628
27626 61364
65040 71406
82092 84822
17361 60312
58478 92216
30481 47712
55677 70832
76856 90414
85465 96907
16165 68089
68237 85135
90612 98875
44345 92727
2678 58347
13771 42028
99119 99266
69172 90275
36227 85904
6624 36514
86981 97096
21780 96135
26773 64879
38809 71347
69510 73159
5246 51655
22779 98165
17685 78740
14642 16320
23428 62496
99267 99320
97503 98253
99282 99673
32739 64992
7177 20586
23850 24652
99675 99745
95153 97784
10284 36943
70592 73383
68125 89601
77191 84121
88839 97539
92305 98199
55322 73408
73663 95117
28415 30579
16423 48549
12464 98645
29401 68111
56856 71505
23456 33829
66044 98784
35648 98470
88762 94606
9680 28839
48666 90313
74066 81854
22165 76062
50407 52505
46103 68417
85677 93867
17394 73306
33936 40355
10767 55924
19659 87346
23335 49700
81791 96412
26312 44395
53296 94708
76625 93306
36678 55853
63513 67520
33319 51023
91257 92529
84776 86668
21419 61577
14256 99574
31643 75305
26447 74305
8171 68266
26009 28758
4576 87331
71145 84266
80507 98765
38815 74760
11312 28515
51262 90705
47725 56763
50935 79554
44033 97223
51509 91391
38911 60443
99648 99846
37774 75441
10800 37533
12697 36157
70933 87772
80174 86859
48396 89409
15228 79626
14103 24613
47290 79201
80952 95444
75241 92129
33099 80591
61347 98161
12167 99403
41249 76610
40605 96364
67436 97037
71000 83646
6987 16220
74455 85785
50748 67006
87661 97269
62193 63744
79491 90008
67386 89612
75913 79138
35 77190
91917 92136
3174 82221
657 53585
396 19876
50270 94518
86398 93968
69163 76218
64869 90144
46948 63309
90392 96762
33789 52939
87053 97677
96290 96365
6917 8734
50623 81906
54988 77673
91549 97648
31440 49129
81180 96703
35262 66833
83592 92552
43016 91239
85180 89903
17738 31117
11156 66081
30723 86299
90941 91380
55726 87382
72948 89885
55247 93468
21401 87473
91782 99668
57680 99091
82310 84214
38185 66153
92079 92614
26241 57955
97070 97866
8739 15483
39319 74602
90643 93508
60998 78178
1662 98927
29938 64158
88943 95994
68142 91125
44285 59216
77707 96658
56602 72029
46561 80849
23837 75364
51499 69633
26203 78421
91959 93290
81863 96287
91039 96852
10854 43564
92015 99749
76494 99239
4183 85691
65591 99321
90751 91409
85727 96329
79877 88489
21533 86232
44891 81823
7505 56143
34326 95107
3059 33547
40800 63141
55901 57966
81910 98647
81184 84456
16331 32528
96399 99596
75862 85981
84661 96393
8 18656
88732 90628
77082 80256
14404 66912
24217 88604
51841 60645
36975 62052
28945 42952
6104 73387
62113 77545
38809 63450
98811 99153
91774 92544
84150 90599
76446 90580
87675 99512
66498 86102
61942 66758
27186 30055
42733 87697
52215 76515
46697 95674
56448 57065
63573 92983
45019 46277
96825 97769
72555 93401
30517 35235
15198 88648
31778 74413
89005 94344
50652 86979
46644 73577
70806 92717
8942 47072
71758 87757
3372 15398
28108 38989
65336 87105
1791 65454
55175 90396
3578 56113
59740 70828
32111 69295
86312 94659
82077 92239
18576 72475
37823 38233
39497 46131
90970 97573
74483 99941
67059 81129
97294 98446
14236 82810
17403 40425
90197 92921
33613 98676
77507 94279
14935 33700
26457 32978
93192 95031
76310 87677
55226 76295
38429 69829
82440 84620
76312 93350
26907 92878
80729 95381
6924 20841
6107 7130
36905 97071
72806 77662
97605 98555
92281 92736
43588 48659
85998 88408
77538 81372
40445 87417
25107 63203
1823 55442
72854 78198
79546 90102
56569 88291
53375 53521
63040 65707
55529 93791
1620 5682
18490 77563
37493 84584
64326 70635
71120 73177
48065 92288
31024 33854
70354 91070
68549 94028
26542 33726
45834 59096
28241 99194
37581 47207
11457 89043
33224 74227
27077 63021
14163 79820
68341 96107
74203 83958
24856 40787
63788 73909
92497 93949
26775 57216
25979 79563
85737 91929
10512 84519
25981 59190
44481 58927
83795 93211
48154 52668
83450 90998
56974 80634
32171 36419
3820 26246
76634 85424
48414 88296
6324 48647
79331 92418
65696 97412
28316 59316
88148 92272
78082 94091
81654 81942
94022 99283
19529 85916
63668 96098
74178 76696
83994 93724
60604 61245
75202 82792
98210 98624
33138 80686
69892 77956
34114 42978
90280 95769
9010 24416
77110 99586
29886 70242
57497 81957
83456 83614
65350 99971
7629 50066
12773 14137
55221 65545
97373 99175
18469 79405
97087 97334
57973 80838
9797 18194
32189 82513
93601 96520
73904 74456
50680 67213
29437 92786
87727 93415
63072 65359
24360 56045
39524 90056
91204 94721
61378 87582
66445 85213
80736 81510
6897 92579
54854 74455
26180 62756
63711 72974
4990 46632
77535 85747
50124 81923
45299 60162
45536 50802
36259 78301
1876 42085
79920 83210
56997 95967
73914 77615
50006 85123
73111 97151
45096 85812
51955 64758
84424 88630
16678 50666
19704 74726
56412 93226
13699 69043
29772 54996
65760 76517
87358 97501
91707 93241
41783 68778
67394 87508
17943 19091
42563 56999
75912 95578
47326 76089
29332 80634
35987 97208
30282 53687
95345 98778
26597 60041
23304 25590
64290 73100
8596 24857
29835 97344
87800 97172
29233 98636
34824 75524
98840 99009
15289 51595
99877 99977
90854 94484
69148 70474
88142 96923
36029 55473
16591 33516
67386 94599
98599 99280
47779 59649
13977 70251
18672 87954
18146 72380
20941 36326
72938 80322
65623 67310
69306 89078
77961 82773
48198 73850
90900 90967
51451 79151
55503 92856
64595 85022
96422 97591
83881 92332
46304 51415
92365 98156
47331 82040
61755 69567
97589 99511
48329 92178
76902 97676
11613 49116
3467 6564
62107 88715
2965 50405
82199 93824
18765 41931
95685 97880
82476 83732
41613 77757
19339 45584
12877 49635
5223 80932
11875 80971
52865 55019
93542 93573
14728 36703
16318 75609
66782 84007
21016 24102
14147 98824
20554 25568
30462 99761
3495 51075
96145 98552
23449 41694
14877 92075
94209 95190
40010 52931
30549 58157
17535 62345
26767 41851
7713 38721
32108 89989
75451 79517
54067 68398
77204 80082
80343 83147
44289 77199
53904 87711
68134 80860
29120 49808
89432 96049
22459 78117
69165 98124
62358 79049
93396 99373
96432 99398
66473 96257
55833 84396
46414 71812
5057 37335
84079 86051
8429 72272
61811 84977
53368 95653
20636 86990
77044 90292
66562 68731
98709 99021
68507 84605
70925 73395
56674 59113
62997 83298
32516 90802
79914 89822
90858 96504
88204 91497
82250 86043
64115 70049
34930 40608
3229 54669
60017 94402
29054 52781
84929 92131
18961 59839
53874 74865
22113 49647
76034 81233
81082 88760
97139 97382
16239 24459
54459 77407
83232 89221
23882 85171
39105 46339
2876 86151
83126 86095
1567 13323
70181 78657
77640 93679
63047 84375
32849 73391
50501 51249
60450 93028
63893 73043
49747 65853
46188 80762
81300 92175
28696 62466
25572 77297
14161 99824
36712 38181
8576 42835
73664 88268
63145 64408
62308 79549
83617 89821
49242 78827
73013 81485
64412 69503
60524 74698
59956 75924
80991 92525
55972 85622
86459 93074
57298 65701
30929 73914
43592 51701
14386 64877
84158 88956
92364 98426
88562 93215
37290 90197
25726 31838
22919 65437
74931 94962
44097 80944
57056 93913
18503 84324
75746 76662
45992 73745
4294 91956
12084 62826
15699 83368
41147 63879
81582 98022
50334 62098
76423 76499
33190 79515
86240 93569
99087 99946
32678 67904
28748 78182
8855 96841
54467 70989
56343 76683
80367 82469
60223 99752
10231 65728
38633 86934
67441 90590
90557 96278
24808 75665
70133 75512
13419 74723
53552 78782
80657 86832
81484 87461
84014 96075
97933 98723
64220 95599
97483 99068
4031 96067
28661 88838
55018 63082
25882 91860
10706 81945
34294 49696
99520 99774
2484 48969
25935 29402
84995 91298
53575 82348
98909 99072
50145 92087
39513 70922
96417 97437
45355 84230
96990 99561
44038 80361
6796 87175
5613 87945
19324 44577
33481 84778
57934 93324
65896 70417
77451 89043
97053 99956
61274 83571
45998 55403
58564 79533
37946 74936
93991 94468
28689 71567
1233 41135
64621 72399
43360 54483
32170 44418
18705 90922
19046 83370
14705 75531
68523 86077
24910 28055
12849 38288
555 90535
64265 86128
98096 99959
92519 99402
92976 94225
68611 68839
87466 89874
64356 84514
24203 72609
71643 79907
5798 64653
81968 94966
7951 92678
93671 95400
2552 69841
73204 99884
65355 89827
9369 16650
15365 19191
31261 35669
66189 75637
31493 85128
82104 90872
90616 95097
24151 66681
47750 59078
42781 77120
97382 97831
70880 86704
84551 96232
64355 91543
70692 82855
1679 18739
18239 92471
30878 80639
77658 99957
95091 97377
17840 27618
89444 90452
53640 84569
20184 24302
62629 69728
63465 68484
73923 98326
83206 96856
75018 80217
89497 95736
50156 71386
80577 83706
20028 29008
10119 97957
95396 97105
98691 99206
37698 81875
71658 83383
82957 96568
80347 99918
55768 77774
3368 76710
21972 58902
64776 78464
47209 81665
89241 90794
40250 69499
7312 67898
28598 72679
64949 97109
65229 87335
73053 81756
71824 97631
45130 61683
17462 59876
92102 96945
10335 14208
97831 99972
21840 99646
47021 62839
85121 90567
37414 47596
32407 89460
52755 90564
7258 48164
80333 91200
91503 95521
98677 99487
55836 65498
80921 84988
65697 97464
81065 81812
87251 88780
71490 87446
55553 56383
18954 77281
58351 78994
39961 47354
40878 78872
87838 94203
16244 46676
96997 98372
88648 92569
65405 95152
4163 86771
85242 86967
12406 90920
70294 86922
10353 88443
15374 25321
37560 57138
8096 42925
2737 29175
33044 96110
19154 51458
85174 89811
99572 99930
37632 94326
59935 81930
2883 65822
65851 70747
71872 74881
94659 99494
53988 74405
16785 83671
14332 54422
24555 43150
86382 98882
99439 99700
14262 91985
40281 64107
81928 88117
11789 17059
99778 99894
37861 46159
35015 86187
472 91791
90164 97953
25268 46091
52479 77303
61742 92349
94065 99652
14127 79000
41751 88903
20971 62011
36173 73157
39034 78178
58082 61155
65705 89075
98206 98533
9588 91132
1647 34242
82284 91220
11116 81168
89237 98040
257 77486
50761 83149
99274 99402
19231 73520
81564 86072
14172 24236
38014 89506
8783 95238
19280 57833
65881 70131
42703 56426
73816 87043
14149 61905
92997 95660
5790 13163
17117 85382
61637 68479
90806 93875
32897 51091
43460 54395
80149 96619
1138 36317
78634 85043
42688 50478
25063 92540
91258 94952
61043 61414
76325 84178
89859 99040
30256 84847
15714 95701
19190 68671
24897 31747
99374 99863
2171 37184
46371 67280
42138 82469
38465 93296
29475 97592
98781 99388
1642 88681
99651 99967
51956 82578
97400 97559
90911 92971
34986 94057
19614 69716
24680 42145
46137 48024
43661 75313
26141 60539
35721 50476
34469 56196
48321 77594
20334 79335
34559 35461
1428 94969
58835 88446
19031 59035
48594 91348
85140 90866
67441 69983
57977 75310
33099 44982
3642 93966
2430 34656
84915 97400
49045 81595
91062 92546
54370 98327
29111 51836
81375 89805
68920 69801
67524 90938
77896 82415
72107 87145
49287 65837
95656 97901
93021 97743
71074 78306
95904 98596
54347 83969
86845 98104
73412 96837
70428 94500
9876 56187
70783 71754
46896 65710
3794 47925
10314 31499
97303 99427
83899 91773
13872 69477
38905 77233
27805 98270
93489 96921
31460 61909
66148 82760
69743 85882
94758 98489
52898 76773
32686 68337
22667 86232
53624 99649
37414 43440
86929 95223
93077 98453
90122 95748
26490 43693
34996 87115
13791 41295
1509 5982
77477 83932
80766 88317
52755 99241
15342 55606
66830 81297
40757 54047
37843 39529
40757 75092
28899 66711
45762 85444
58785 83837
4867 22420
31091 35059
2318 56796
24981 40630
69544 82544
76671 92384
40236 79064
92652 93703
51468 88963
90479 95524
31737 78623
72560 75549
78146 96772
27068 77561
92045 92960
91833 93541
13940 63096
69420 82181
31629 74539
53372 70522
17254 29558
65529 75840
70679 87571
26056 66459
31746 84579
33380 84177
13428 16008
44534 56378
99477 99922
22869 97730
10330 25498
47988 68956
82108 82856
31612 78881
44232 89290
19848 84556
17855 46910
62568 67201
75848 75934
88273 92925
96260 97734
61431 93964
11463 89326
61652 62862
72503 82054
55637 90108
71509 95016
84506 85214
79435 85304
86236 98710
16011 36226
37276 60625
78259 80742
42370 67044
20317 77546
78222 79737
97083 99803
15819 85186
34307 78444
26338 38004
16937 24694
78759 96789
58409 78849
34724 79240
17232 82750
25848 47553
13824 84509
15453 72418
64067 74215
26116 77382
90938 98416
68962 70321
58311 86184
24358 54228
33764 90799
67059 94535
2219 33210
37674 95875
71660 98929
68153 98472
96133 97706
76779 94894
27173 38350
80762 85115
44927 79283
36342 74433
98264 99094
34675 94539
50158 81140
70777 96297
68215 85450
56312 76252
13261 89840
71216 76254
15302 40508
61305 99234
22388 88476
83842 92142
7159 82872
3835 61208
12827 35408
56465 84626
89922 90478
68060 94836
68069 89275
61218 90252
67985 82175
1643 78840
83546 90251
68229 93301
60371 97359
84692 97204
32961 55927
12282 42973
4463 48437
37897 51573
58977 65868
9805 56297
99965 99982
92043 94251
61834 93369
97268 98741
55665 99444
18815 47430
26220 29043
28600 52235
90144 96280
77196 97813
28815 39621
21134 57644
18946 39542
88491 94031
13422 32889
81256 88558
6042 33071
63138 80746
67948 83470
70447 88160
60886 66429
2314 94963
77907 80049
31690 77451
89482 94902
4120 89800
18984 97226
78425 88971
99392 99485
44616 71718
12292 88806
62039 70790
40123 70046
37328 92798
17151 86383
31944 80199
26152 72973
84899 87730
89146 93866
47621 53205
39267 77887
13984 69373
9851 25942
38203 80518
68643 73548
69788 73807
37562 95206
7909 56089
77371 96453
90779 91687
76930 91555
7144 57256
93027 98473
35849 42927
41317 85628
70055 86420
96817 98156
50374 78802
88361 98214
43848 91295
87735 94706
69211 98929
31244 99903
73732 81804
23296 63155
45593 65562
37462 76784
74542 83011
8377 30398
65586 90259
95316 99778
91538 99751
45931 81427
44261 82857
87494 90131
25309 67465
97048 99246
63922 67004
47404 67560
10943 12432
81765 94537
3439 18059
53991 99591
28775 68709
72896 95853
36301 97808
17697 34985
91135 95828
67898 70691
22607 71784
72583 82779
66849 72006
54228 77426
30489 42513
21036 52526
92882 95609
15792 95440
50338 90662
87786 95053
41655 65139
10849 17985
12457 19212
30917 76693
79090 92205
18934 61072
92383 97002
99007 99955
53233 90131
78705 85901
66738 87533
20566 67317
90707 96373
37097 80360
57489 61762
37578 67246
12051 25060
52182 61780
66803 77381
73431 78441
92281 99999
59888 90644
53896 61400
54940 74377
95467 97985
91426 92911
49683 62627
85693 92916
59382 60462
71694 90942
89918 97680
3870 10649
97176 98778
6846 94525
24017 67914
13718 80280
7186 43905
59421 66686
49298 84107
93820 95967
12897 73673
38904 60334
14999 54861
35848 49828
17802 37802
19209 31333
63829 76578
89550 97037
41393 59118
97685 99571
48386 72713
48535 85645
69427 79290
85748 99069
94523 95607
8207 39221
86603 89923
56698 95936
30870 88650
43591 89211
33148 44553
15982 61574
84041 90701
20443 71280
54483 61883
23302 43878
49663 59577
92180 98623
73969 88180
56118 79866
51957 84733
85277 98709
86478 90638
69871 97527
65836 74633
84730 87999
34924 37481
21431 81419
59659 96211
19966 76764
58122 94141
79900 97924
24381 96568
90769 93352
91547 93583
2256 53422
30358 69928
49314 69599
42763 60034
17512 29202
75279 99310
88567 96511
25248 54424
75910 77968
16734 52165
93823 99998
84702 86976
1456 25398
30104 79313
37967 74409
77150 93635
40535 64327
56692 78651
27076 87406
81171 99256
1505 98515
79766 84055
78064 82195
64465 89948
57187 97095
51696 88200
88331 88578
27960 56708
65808 67921
97208 97581
59847 92064
81991 90381
85902 99977
65982 85688
95211 95292
87554 99978
90800 93387
81975 96333
42305 78156
57139 90717
91112 93133
48941 51486
57045 59377
16761 81895
58984 87966
3008 45813
23534 66444
60973 71391
99015 99893
76491 80110
90935 99600
41232 71235
90013 91388
3197 29985
1423 16875
51874 84422
14853 93734
10029 18705
83854 89988
13102 72497
72416 92165
8352 67426
31338 98367
70904 83617
36593 45921
28211 51207
48860 99935
24202 88289
18717 80316
27094 70678
4633 85390
96376 99025
52137 72579
80055 97882
29650 30560
68267 81504
67940 85328
64633 81989
18301 34786
49755 85620
9930 74117
48161 82540
83429 87165
39959 64527
47496 95307
50785 59728
44702 97183
40793 46114
9535 29492
25255 35858
70099 77441
2658 8217
69989 95459
65918 76140
84084 84481
97385 98685
26931 50874
98553 98922
63594 74963
21067 31729
74046 97669
88611 92307
23505 68016
28632 65166
49232 79895
59082 92863
8248 46034
59957 79582
43988 77655
32174 83074
42655 69249
1228 93542
6991 46982
65632 82020
77656 85645
25616 38924
76967 91500
21639 77165
6978 43026
51851 64059
3761 8109
63314 66613
91665 98137
64306 87874
11811 32382
66142 78563
45727 52995
51979 82690
85840 86731
89387 91877
86070 98752
36000 98678
27627 81783
96253 99839
38031 75828
39579 69981
80707 82131
86211 96482
35067 72578
20522 95643
78668 89997
16340 78857
76298 96243
93107 97139
73451 92660
86515 88768
56383 58071
28921 47942
37243 99776
71456 90264
97823 98628
50263 92765
70339 83076
70167 93415
13816 24913
20500 20778
74092 96147
69564 93137
25655 96513
72701 80756
77449 84711
36771 60727
59532 89703
95254 98585
9964 80876
91959 99915
18271 91893
49329 80119
98683 99788
63885 76680
95272 96673
5273 29713
42512 62286
28700 45961
3645 76680
27973 49579
91368 97932
97959 99591
31999 51561
16049 41663
82114 93049
92873 97947
65075 68993
68413 71802
1450 73926
63533 73125
86599 92833
33819 54907
51689 60156
57601 84112
67955 71629
26185 74885
62342 81950
58465 69823
86828 98244
5001 80093
19918 54010
16677 29938
58432 86886
46956 76420
2885 15877
50564 85383
9516 10324
56105 90005
74504 77827
10968 45721
10347 11500
50800 82711
93501 98559
72839 94113
77908 81572
70978 84708
44413 87360
93794 98946
47586 92346
69459 97198
10048 90570
78005 78167
20435 75868
70519 93265
7629 55306
70483 73765
97138 99780
54370 89154
58329 80764
68630 93772
72681 81372
50360 57439
74816 80562
63886 90179
3465 76094
8068 8745
67311 69559
76656 78665
19374 55704
62477 69825
43169 66414
29913 73114
69694 72917
57691 84783
90988 94232
9882 98888
98468 98787
45765 81672
4388 66880
95490 99919
92820 94117
98871 99589
88929 96460
82379 96749
58590 72517
39400 66664
96546 97327
59975 66860
22203 60154
13921 46277
50379 51114
74137 99987
17168 40185
99958 99982
83327 90296
15038 27542
61858 96395
55253 84964
18833 28518
41287 67875
78337 85067
89970 97054
62705 93563
83005 90179
57025 64762
754 33739
49115 86037
82164 96496
16924 25634
4828 14190
12801 33408
70366 99750
98420 98565
33156 70182
26229 84430
27068 29520
42886 89306
52086 73463
57528 93457
33903 34772
5044 24560
50454 85567
64717 78718
28526 73754
93337 97294
96263 99053
47999 59601
10478 64761
80158 80348
31227 71851
54326 74780
96125 97811
75930 89701
89484 99376
28124 60652
94896 96607
35027 54127
46648 49963
33079 90504
59340 86724
9069 28098
44654 60922
54077 83083
83551 85598
55179 55897
2989 27497
34288 95721
55244 85921
42679 78711
82748 83800
66555 99155
46328 88283
11244 59290
35665 55588
10138 37625
18862 86021
13112 23186
56965 86460
19643 87695
93690 94698
93157 98807
34114 59733
13466 39730
66144 90000
66897 67434
28683 59223
10251 89465
13316 26755
40967 64384
72231 94947
71739 81805
78177 96224
30677 59026
92537 94395
99455 99916
25178 35874
79478 86977
60972 66478
34691 74230
48934 78844
51001 60660
61108 71155
70396 82648
27604 80835
55262 88235
45662 62477
81668 83379
280 83741
32484 88884
14495 53089
73173 97932
25728 46280
37013 69042
62148 81092
28979 84449
2887 45962
58898 75566
9207 30594
90003 93860
49502 84085
83043 95134
83316 99451
84803 96392
92772 94693
4796 16548
42405 50990
86577 87121
94947 99786
46107 69470
30948 86898
76958 92968
35126 41629
10449 30905
51667 85343
65903 65929
57516 81369
89506 93415
34319 51945
19188 82868
85388 87782
24617 43308
37391 43691
35970 58045
78376 90677
46267 77688
32125 51127
45360 49801
39181 42529
78629 83939
90671 97926
40564 52153
17177 62812
21041 89223
2451 72326
33624 66799
13871 71619
99951 99984
62853 92651
88780 92241
31099 33178
57199 74704
82302 98694
93996 98124
69399 83061
47932 76491
20554 88160
25939 27372
29120 34675
14744 65975
47125 51203
9241 52907
97753 99232
28888 53605
44599 48302
67617 68644
90748 95760
16855 38400
35547 96161
86580 88547
93439 99766
88375 91693
2994 54648
72887 94430
81779 97751
23888 59985
37031 79263
34447 83540
64979 65020
69983 81807
95578 99817
6329 53788
59665 73495
72145 91584
26882 30453
71279 90766
94113 98339
82634 90262
78082 89086
7557 9493
36439 49290
84312 84581
23916 54913
61195 98149
82393 86268
22622 90638
66168 97369
21981 81204
43549 91462
24485 83249
92251 93530
54466 64148
2090 59297
16758 91359
67077 86014
12278 23133
32445 64388
56627 76821
64936 79020
11249 85078
1713 78060
77621 91701
60026 78074
32958 71036
45186 65593
14464 97854
83240 96871
18688 89276
5719 76565
69748 75592
54905 88118
8942 55514
3057 74347
57854 78277
84812 85263
6417 39491
96322 98152
55967 91899
90178 98502
13176 86190
66334 87546
68732 85677
53831 79385
16959 22259
56248 77827
38732 89153
44793 52652
87246 97365
99662 99695
25312 82333
10985 48541
69036 79477
27034 27847
97879 97906
6735 66324
91705 95695
25878 52770
31438 66944
69154 97126
34347 86579
94508 95312
18999 21314
98824 99943
70555 95031
23739 85634
21677 77204
26958 49036
33276 58636
43584 57413
46145 91944
92324 95594
53759 57778
78899 99765
74306 91023
31243 49059
65655 83303
44713 96660
91591 96243
59775 98944
76403 85471
21914 62481
82205 96869
86162 95515
18798 28021
30507 57261
11134 64050
10194 67457
7934 82050
92600 92771
62566 78976
24900 44363
84496 88942
78506 93466
62079 77956
15541 69742
67914 91154
60528 91615
57446 79508
81205 87733
35514 59482
23899 47093
81571 95633
2912 28250
6608 73405
19993 60913
32381 41529
51717 60099
46176 54955
43713 85169
1540 93599
39855 93689
65391 77586
45597 46513
37317 74597
94568 95525
83531 97500
58959 67086
93146 95655
25933 89298
11044 88367
30596 70283
9553 13989
86078 97704
3618 49385
37888 42808
11068 47767
89433 90778
2658 79255
39203 92587
22433 74819
16873 52073
32060 62963
19081 24028
58655 87067
87560 98459
15684 61262
35182 97364
64485 98905
59916 87696
33414 82515
57275 64700
92347 99800
44424 84604
37483 67853
4276 81744
88598 95096
7769 64613
13616 56210
97011 99275
86455 89054
97112 97864
55589 92955
31812 84493
25885 51725
48976 90830
84664 87614
85429 98492
66897 87980
4224 4451
79290 95815
38828 85652
38919 67104
29189 37586
13901 67427
40611 85555
8938 92651
35959 61365
37300 63968
23837 91528
43368 58136
89652 90973
83809 94023
20599 52604
49284 49784
42617 45592
4158 32430
44584 98021
12272 91884
58623 86663
89850 93410
87262 98686
76943 95957
58380 78400
66734 96123
92996 93461
15405 98767
81664 82936
256 91067
22008 86615
8221 95356
2404 14244
20990 44861
6193 62329
30534 97354
911 9007
49349 89544
47015 72561
87148 92023
69306 77438
97315 97731
74207 88619
44542 84689
9225 38980
67439 71282
41151 61310
96476 99616
25775 90481
78985 87807
57082 89619
22290 45598
30034 74044
89496 91022
76678 97876
62962 73147
59394 94184
94562 97058
84845 88483
55219 92061
75789 89701
17325 36802
43679 82812
21534 59013
79869 82586
11050 55623
20218 44399
33726 63794
67729 88697
86554 98143
17187 39723
69661 78556
66629 69281
80936 86988
29179 53458
64030 77786
38277 81136
74887 78465
11110 79491
92272 98140
31295 78422
51191 95868
80238 98761
41630 48661
3158 23969
59340 94212
4575 99825
40109 53310
143 68893
45754 62075
98477 99493
64507 93912
97703 97911
5454 27988
38223 48443
63375 75579
28946 62149
70928 91137
95278 96496
940 43702
38543 91004
17417 26278
20384 66710
56486 87224
56350 80056
6787 92185
86330 91663
97769 99008
88117 90361
73968 96828
23076 81032
38669 89526
83416 98719
69580 74807
20586 41712
23059 90483
589 51461
76647 76994
68568 99172
36653 41890
31390 80293
97363 98167
76478 91378
3510 81314
61268 76304
44442 86694
24432 65224
11792 54510
27541 81630
81659 84634
15653 98421
92010 97245
49314 79209
24002 83091
13105 97896
94879 96732
77987 89903
51799 91724
9537 49294
70203 93771
183 7733
75314 81917
2342 42282
2410 81151
96887 98945
61174 90435
68078 95354
36507 92723
63640 86181
84430 93428
13703 43356
98289 99676
26582 90683
27624 78829
16128 50869
58609 61418
90045 94458
51652 65768
52105 82935
30933 71477
70737 79412
1075 93951
68447 69206
89174 97110
79515 87810
82167 86036
88042 88253
4265 38205
28344 44524
36366 64947
20194 53085
41293 50327
87948 89285
34710 87283
49349 63411
51624 59705
26396 66418
26398 33305
16258 37725
70286 99309
8227 87403
22783 61093
64513 89073
38396 87372
88400 99872
20628 67330
37777 97516
60792 69782
12840 81118
30091 77282
77660 88552
3993 46042
36309 62460
70245 81500
12142 90132
13422 64398
29463 99334
30345 80616
46895 81090
8863 32009
25404 31489
18443 21828
33893 90767
55031 77918
90087 98705
43965 77500
40659 52393
54076 67518
90420 97866
49167 52206
47066 98167
22689 62694
12029 95099
52947 92750
24495 58559
80489 96128
9779 77906
14727 58753
71323 84411
43214 83781
81183 89634
79847 88000
78533 95364
99948 99951
26680 50115
90032 99411
29794 59868
63726 79177
47263 93319
65384 79666
36389 72199
24196 95264
18538 29643
80435 98655
57319 61496
99030 99704
6116 82808
89146 98976
17437 44983
82091 84800
38144 95949
57714 68205
81365 96563
79118 79680
81096 89836
10174 44371
86175 94181
96367 98212
29393 73433
43939 79713
36284 50491
92026 99996
12 1464
16949 83965
12446 99089
50207 51597
4348 81949
41455 59595
95759 96194
44692 95863
43297 87554
43215 45215
644 50537
36632 68327
20304 72883
2929 99782
23144 72591
96224 99481
85742 97431
13562 25156
83678 88724
20535 58758
84109 86755
33989 87148
22145 64683
92447 94519
29804 52377
84917 91931
73080 76365
86636 98773
17297 53744
50583 66725
13711 51291
56487 98451
85259 89731
59637 86354
39711 77298
58202 84201
87166 95023
87930 93614
39754 52259
76241 97584
16947 17194
39213 42361
39650 90013
6270 23078
69816 70286
56146 94775
4542 57525
26406 49984
13704 90163
37896 88878
11384 79608
69634 76757
79864 88500
13707 69977
6315 53202
96989 98108
55183 96901
44599 84033
3709 50938
24074 34841
75893 97330
77560 79887
70549 96509
98225 99756
50756 89720
59061 59078
77516 79786
1770 38963
14479 58299
82101 86392
16083 68654
43864 76189
46261 84625
5412 97603
45110 85319
45303 75967
62871 94505
33818 85743
13075 79526
31565 92035
73731 87986
31182 45556
43120 68289
61747 77538
5889 17537
60382 73102
3223 61702
33670 62610
78229 99597
44650 79769
81506 98300
90445 90895
75723 95958
27794 37386
41473 68810
22751 35780
15251 76125
48625 65269
53141 55756
36983 76523
76925 83132
16871 17211
79489 86534
66049 94153
32647 68051
85454 87973
74562 93553
74479 97719
78406 81390
80329 82698
65623 89802
88328 91892
65205 66782
3906 50030
26501 44203
70103 75340
3192 22465
98406 99834
73228 93074
46561 67072
28947 56332
23220 98998
71385 93973
24203 44932
21655 34358
62678 87440
74889 88419
34294 57381
61084 67538
72213 80259
93218 95776
28446 99669
87194 98206
26940 37224
89147 97675
10574 81929
44143 58851
54437 76262
67186 93248
48366 84311
20857 66296
8804 53082
19730 68545
23310 44039
52487 83155
53300 84500
31848 48981
57599 77238
74987 97738
66442 90451
16472 42305
25319 28196
95917 99171
4366 5465
15124 46830
90657 99132
82978 84805
47847 68229
22595 76980
86940 93318
32284 80367
66940 89027
42692 50219
21941 73386
14003 78277
5949 32048
23983 57097
55045 67439
36085 71547
82556 93269
9518 37054
35588 73287
90285 98181
19843 63914
56496 82586
18977 43498
45394 77776
73249 99024
33093 56165
64125 85576
43846 71563
11374 84038
35497 80180
21716 48746
38498 96463
19242 76773
8370 66469
17343 44862
16499 28926
57796 64242
14348 96429
60267 98805
84153 86541
73128 92425
30603 92481
98860 99312
74204 80188
53975 64757
32437 90340
75794 79214
20129 36320
73521 83762
55427 93272
20487 93704
44190 83901
35699 50673
14537 19186
70448 75245
647 93063
92061 99024
70008 85547
42629 64300
89200 89986
57612 91566
44902 71372
89723 99128
57225 69507
67157 70719
61716 66100
13775 29055
40151 56274
32774 94072
67212 84647
12636 94316
16734 82794
67607 95678
24338 89191
63348 74639
86478 93477
37202 94397
31942 56670
48086 70950
22805 96619
24577 59406
15192 58779
64909 79414
34517 71597
87634 96406
68627 85779
36262 73318
25166 85546
6926 91661
949 24686
44288 78134
48473 50154
1887 51421
67417 86186
56260 62805
38114 96336
62875 97163
15218 96174
81009 96742
50620 89301
30977 69729
88830 96293
83805 84725
76303 92217
66783 82169
18162 99979
52578 79286
45178 93129
7627 72212
27068 76040
87371 95728
7888 28636
62887 75591
42705 72954
93867 97955
28309 92441
14287 44308
11760 16890
32217 39090
7796 10863
57497 75964
33772 53693
33591 76945
24420 62471
71451 73752
28709 38196
31048 42506
98246 98336
90403 91859
9186 24582
94642 95065
66053 84177
24841 56395
12387 45336
11059 80080
71433 91072
84669 88339
42701 97748
89268 96321
32740 33362
18797 84386
13829 74482
41028 93618
40260 89235
12199 97747
74657 91392
20430 81258
67657 72705
26382 54895
45520 89606
20977 38400
35969 47597
19537 92309
31492 65941
67669 72338
10810 52534
61427 80048
66015 86052
47095 68288
96845 97611
55741 55771
73575 74716
43936 52566
68490 85141
56342 88048
81196 93935
18761 92725
98536 99819
68765 85568
11566 37984
51043 81969
76394 95450
47491 75774
50662 86096
74407 94896
49904 55673
13307 18522
13953 46555
4494 71005
39449 97877
22816 46188
87351 89977
38670 61496
91409 98011
16470 77865
20502 57166
89660 98520
53583 59818
21835 85482
34552 99592
46597 77410
36933 37339
78822 86089
6376 44206
70508 72019
46821 98843
76740 93408
40182 50786
22400 93500
55189 97901
55742 73659
57725 87226
92298 93097
49729 64711
92350 99297
55982 67569
3657 28822
82293 96840
14619 97426
26529 34510
28039 93425
82513 82557
5741 25255
93114 98076
22287 66419
61471 70713
36922 64053
45705 93699
18131 85097
98101 98348
29267 43321
55404 62362
823 77741
83170 87269
31810 70318
84224 96693
34469 72362
59476 80898
298 41049
33045 94302
10637 53732
57367 96248
56011 84792
96803 98980
79395 88218
71542 82220
96105 97582
5239 41702
85388 87730
17135 39503
87055 89316
60971 83683
46698 61143
73315 83810
91668 92748
45669 67819
7576 48819
70516 70749
14741 84149
28593 83966
59066 79077
37702 60676
16135 81734
29248 34187
50211 88564
69612 91279
85206 99912
94146 95155
16884 31092
38331 80952
54276 65601
81676 91404
85518 93094
39239 56898
14928 28455
94428 96877
22807 72945
9222 25267
31486 61036
91723 93487
60167 60533
47467 64190
76889 89893
66163 77591
99534 99710
55782 83304
64740 98300
2389 72397
24823 29123
70248 97334
50424 73437
45161 80223
28727 61955
72307 85404
94156 97494
33058 57125
75343 90345
94136 99634
44305 55058
34876 60212
66902 77322
89675 94258
76228 78218
22659 93476
18442 55292
84848 95786
65626 68993
58613 91521
76145 81588
21152 57412
29732 34355
80657 93676
1495 95745
10849 31789
81905 86526
60056 75613
16436 94670
85704 90906
68998 70214
75827 96742
74246 97906
92452 99187
36458 37012
19288 26477
45851 94558
16931 29925
5398 63873
80164 98884
68881 89431
86725 87586
26081 28864
53983 93110
94746 97672
79757 90603
40761 51309
8377 39117
99633 99709
38928 51120
55374 74816
99865 99989
94517 95193
37646 41934
43556 92754
53113 72897
83373 97330
72399 83818
54776 77528
39084 61726
14144 35804
63069 69190
245 57268
26981 48648
27831 95891
82115 85767
9883 78905
23342 72532
6153 21377
39215 90575
57961 87768
23272 49999
31466 55833
67477 84428
44139 97917
64845 68751
63873 79010
13697 70168
90584 98990
83712 87993
85576 88591
80304 82418
92520 92617
55322 63167
5492 68262
99063 99891
27621 77203
89520 95470
42721 78633
24636 97971
48507 54184
67589 93848
82160 96725
48341 91055
11205 92298
87323 88572
62317 92916
32326 36665
37313 86477
82023 89220
56940 67598
65742 99126
44309 84760
65811 66560
30521 94455
66346 89864
60174 70429
55585 98859
57988 89832
76203 95013
15203 38088
56170 68279
80040 92624
90800 95621
77295 86252
85796 89556
62345 68461
44823 94532
24584 84134
72510 79256
71076 98294
77166 78703
61250 84899
21348 32367
82608 92745
88234 95789
51767 53918
51715 85562
7602 11362
55291 80090
72682 87311
76889 97521
22461 68096
3764 46627
982 43042
58119 96952
64579 84873
98289 99070
22535 75115
20057 26991
71477 79640
61816 92496
50156 96778
32956 60418
62756 71457
91508 99730
57786 67375
47527 62223
79574 81932
6368 14493
92543 93205
36410 73927
66677 72392
1689 48531
67002 75727
60762 97671
52917 75344
69707 94596
9980 24465
4704 97111
61042 65525
80451 86539
72601 98968
17569 73873
70386 85161
55218 71405
99936 99998
43530 69825
35536 39855
63058 85254
85438 89363
6984 20978
7022 37338
16095 97890
19605 66494
27725 91519
50346 73224
14348 51077
41162 42449
43926 50965
54868 92424
92182 98319
59051 90179
84072 91914
68977 86853
83081 89891
9698 40570
88046 99357
75652 80385
63712 84075
24796 36492
2286 47174
79826 84648
29912 51717
41738 52113
33667 98901
56862 65197
93137 97597
36448 45713
8784 42427
30438 82042
90332 92355
45584 49490
11941 83088
93591 98135
74182 86718
11281 73720
27308 53682
88453 95014
11366 89140
97722 97893
73565 89283
67340 71497
52763 64162
49121 62191
55138 56663
792 45973
78541 86081
16026 49041
74892 83241
35608 80036
25056 98895
23693 71526
59911 87570
58881 60941
97472 99908
18179 24347
53556 99790
18796 54139
35930 53065
60050 93383
46531 48228
58138 84430
69828 97079
30139 94353
41522 51538
54874 57102
74778 78646
22122 39624
20090 90589
40720 85806
18990 44492
69743 83115
28273 72374
92282 93237
75926 98439
37630 46018
71222 93637
19210 65463
12484 75746
14501 41421
50315 96345
99163 99483
22004 88915
83445 90857
28946 49754
65118 65545
11244 80513
90435 99490
79281 82756
18797 84633
48287 58739
5277 40162
9223 88022
44904 67179
22347 35739
46686 73557
32133 37230
72451 92358
29509 76413
25772 95968
45826 77318
8215 77433
39436 59455
98158 99083
92267 95014
89196 90875
17286 93493
60639 89412
28763 92789
83559 93064
79858 80995
36393 88749
86926 88428
7038 13314
29888 72273
31840 46963
53069 83183
41096 68588
5663 90706
80587 92377
94731 97035
20935 94727
19935 73697
40692 69181
99817 99980
4814 19543
820 82709
20880 83824
66114 71393
1223 63159
40618 56039
8881 73660
98338 98578
63005 83609
6904 21339
73491 91115
22135 28236
48499 61328
21856 90806
63941 64956
85636 97913
81194 94099
87642 90985
50427 81151
97771 98641
75088 85300
36027 69823
57879 68591
43179 67036
96208 96829
75760 77340
64724 80175
40109 68179
3828 91449
91391 94044
54064 76445
40133 89124
9239 26781
96602 96605
98860 99529
90045 97421
72693 94452
75078 98061
59430 85543
99398 99562
87559 95372
65642 73280
46346 54101
95180 99785
92245 93357
71287 98817
33688 42299
89482 91859
53151 53159
31879 75573
50605 70781
43072 61193
1196 73198
33068 56406
58407 77265
31813 87853
24202 51237
91126 96187
54285 86964
94794 99454
90053 92539
86176 99518
2663 85513
97085 97363
7086 75275
52319 54447
12762 41923
75133 85163
13114 41609
25989 77036
90927 91878
59153 91169
80692 85748
51144 55157
70620 86381
74050 88146
23200 51699
94462 96109
49027 88793
31872 62666
53104 65107
80021 97273
4483 72528
77711 87103
81323 95437
53843 69581
34399 71264
67501 78446
42128 76195
83071 85862
1380 87322
26735 70898
58157 76250
87339 93125
45231 53340
57614 66985
28060 66899
50181 79809
90904 95157
33701 79421
3104 88464
64678 97833
98439 99613
69011 87665
47865 70196
55173 71671
96924 97000
81978 99907
36798 51746
46410 69579
13441 26142
93336 96931
48283 56121
16063 63770
44407 81163
71758 87346
36497 89188
81886 87601
1451 54185
23070 67159
44775 67030
18264 55058
32302 87925
95475 95505
19254 93248
35617 40189
64266 70778
33224 77887
10672 33454
29994 62111
64356 70070
86410 91262
94662 96152
54577 61879
11008 12631
80816 81486
76792 80325
88251 91384
21449 24775
77997 84557
94248 96217
23286 66763
66784 83814
16645 43725
50848 65271
33966 53864
31149 50177
88597 95799
51074 76582
43331 98755
80197 92617
23389 27383
33493 52482
24637 49666
91316 94527
32651 72981
2154 34904
38168 47498
99899 99932
87482 97563
62656 95237
14493 26543
91746 92321
68512 91905
41637 73564
66137 99464
80423 86326
35977 90683
71683 80081
85971 94632
79350 96318
4325 8385
45751 54376
41313 41614
18668 80407
3703 6850
57772 67044
61155 94934
71467 92348
38502 70973
91793 92739
45232 53550
11466 22329
35057 84353
37632 89177
23032 91068
77176 85473
81872 85441
34108 78153
742 3889
5766 14296
48394 77679
84684 85926
23363 30466
50741 74312
43713 55778
4460 67460
57604 91739
51795 62821
92307 95913
93132 99311
41268 98025
46311 80449
36779 96773
72978 94492
34417 62570
43459 45658
53964 60846
9491 40162
72309 74986
66435 88731
1849 26273
28262 62477
72873 86873
54277 97257
77462 86572
92959 93587
82692 94605
8638 12805
40931 83833
18525 30781
93439 99029
27729 57534
5008 85691
73627 96001
7626 9797
88629 89815
30209 43565
25195 27751
26229 91036
71378 99986
78933 98020
47625 52370
29769 84957
50919 79582
71016 91899
73344 89600
92190 93404
53526 77352
38019 53269
34180 92848
81245 90135
42071 70724
55492 91421
76700 87921
39615 83171
48303 78095
47651 48200
36501 83553
57624 91791
97874 98003
17814 19319
73095 91355
56142 87485
98419 99022
55538 59254
71820 74908
1450 6459
16220 69047
97736 99681
48638 72691
18873 42939
50442 99867
10888 40618
55987 73978
40617 50827
27846 48883
3738 22559
12670 93062
41067 55646
67609 79788
65525 67949
24706 53899
75259 86681
43428 90981
31958 96098
3222 60861
12148 66711
24881 96173
34668 36635
61294 68527
27968 83995
93111 98502
11420 18124
32680 65391
80893 95917
87305 90984
95352 95994
41447 87154
35859 40612
46743 65524
72494 83899
57414 61291
55957 64317
97324 98814
8022 65841
64548 82612
80602 86543
39038 54488
68038 77075
24625 76254
316 62000
12994 42433
19400 98992
20621 80321
45929 48751
78331 83918
61733 84287
64418 83378
77574 97044
74589 97409
8739 57592
86198 87269
39605 63783
66455 99957
89333 99928
12558 52320
70928 79459
15160 75951
14395 35993
78122 96180
29787 72216
98082 98371
34786 98072
15368 57220
33621 73746
6031 46723
72557 87792
68793 97626
40589 83609
60081 98550
40363 93560
43133 74219
3198 75289
48888 91489
35399 76004
40202 53494
25825 54136
79601 85633
47553 97899
62379 92422
71772 83440
12341 80538
44654 48047
57013 99804
8377 56444
9135 31864
17679 74538
54738 98490
2583 40995
29634 67327
63076 83863
70008 94806
76959 82077
28129 37612
5205 47233
52767 61088
99156 99840
48936 61625
4737 81111
31185 54321
6462 93625
37649 76174
93800 96525
58993 96635
73123 86894
36408 65066
51829 74374
13087 47017
24150 48589
74496 88955
11018 39388
33064 64766
375 22644
57870 64202
75394 87000
5435 97412
77452 93591
8650 13539
33486 88080
34297 70479
50077 69682
57933 83507
23043 62715
3723 74042
75951 79557
15063 28625
21049 89383
56622 94328
86802 97067
74476 96642
32654 44142
16412 95139
79774 86213
86043 89674
20344 23395
74673 94284
55820 85094
27111 59695
69325 99389
31619 74314
1341 13333
5257 34214
22450 77470
25956 86261
66706 88794
55878 95910
15032 84363
90864 93117
20243 50121
71409 84512
6650 92649
63957 76774
45608 70021
85129 99043
19178 79392
65269 93179
97634 99561
13319 44375
42482 80034
88719 93528
33703 86484
63088 94747
8958 68038
73706 77992
7291 95548
18964 36886
16091 39222
46594 87016
1304 91328
4034 15726
51278 75639
45540 57719
36488 61718
20063 84134
13439 62746
49384 78779
69720 99380
41964 95729
45018 76115
86229 96165
94244 94366
90744 97831
91295 99525
10885 65651
94610 95966
31444 58092
27470 82062
30983 88703
63562 96925
92721 97783
82978 89369
20260 71915
54589 57335
78679 80678
27938 67043
52492 93112
9313 41129
52407 79511
81431 89211
78474 94776
98595 99804
86731 99892
46558 81135
82662 84017
19905 96580
78630 85630
513 90804
69688 91579
17944 93337
73653 88160
15269 62623
53223 93015
17866 39823
40231 46505
32033 38167
66664 73929
2513 33442
63475 68967
52063 81715
22265 38866
24664 79473
1116 94658
41382 97810
96117 96554
90767 95598
13212 47404
6675 99190
63317 89871
58912 80057
99828 99913
21010 93369
84638 94605
75456 79740
49049 64200
49625 53572
31705 70880
84945 96399
61826 65768
3797 64776
1656 2040
60537 92858
11866 78254
58956 61254
96640 98225
10765 92507
13274 49521
89933 91381
49321 92436
67584 99091
37186 76792
76677 83772
30733 52155
52060 75319
91601 91708
36014 67322
41011 85400
93404 97995
34676 37234
97518 98780
24886 28335
20602 56101
78796 88417
68043 81967
14128 84317
10383 56983
4423 36972
50946 69148
76709 86706
89470 95902
17309 27882
5811 6382
61248 73306
46214 78030
6245 33812
94005 97533
67977 74992
31213 60872
14166 19759
63566 75550
66531 97091
77626 92490
38008 64882
80703 96999
28328 65049
1539 87344
59285 86152
55302 65024
37349 80074
31934 99754
34049 78614
3190 63163
16727 24189
7821 41010
47919 78735
44379 94475
19697 40392
79774 90504
27455 75016
53512 75181
74196 81720
7159 39662
27879 86636
74482 89337
89372 92282
40479 85968
64948 87908
57141 70088
69101 93280
18578 86250
78106 91785
64306 64472
56800 77643
37156 71253
15385 78645
48649 78313
29209 81515
41639 85194
36673 80779
29902 89881
92477 97070
37337 55485
39063 51600
71036 82739
31145 64887
77974 80282
74185 90490
27446 38419
90428 99408
85835 87016
57077 72567
25470 65541
2842 3340
7715 14663
10857 66888
95018 96438
74565 87851
88971 90506
3678 15899
16234 98120
27435 91292
91999 94978
22945 29009
4041 88901
8896 38652
28015 83810
29129 47484
88508 99874
73055 84408
99914 99931
94762 99573
95555 97563
78394 84123
3152 10786
3841 59878
20595 86622
71356 92877
26695 28789
28323 97914
59079 73524
8815 48155
41110 51833
65025 92359
60668 91905
84806 93847
34863 56482
22013 71581
15786 72768
47567 74103
92995 98726
5608 90117
73506 76976
91299 94184
55542 76906
24207 95304
9036 89974
22630 84758
91361 97050
97672 99850
89317 92398
3598 13816
91212 99519
70114 94707
19201 51466
53531 80333
32955 94699
71806 80872
81484 93030
52940 89617
13125 74635
44217 86150
93208 93663
42789 51962
12179 20886
28070 33477
8045 9662
92745 93332
44271 96447
6276 55972
76514 81656
3172 13503
82923 87409
49339 76351
10185 89238
21871 22008
38393 82894
22538 44735
37349 85751
65514 93218
86064 88157
7031 30591
53773 55317
28691 60270
71172 88453
44734 57040
67305 70794
69671 89947
83288 90803
83500 85427
42140 73134
29043 87320
24829 30951
66450 83995
78492 81593
25063 61024
84517 98269
6602 76152
9890 17981
21334 62141
42934 51471
55814 60384
68318 77369
10666 79226
38337 82808
25176 63748
37031 72020
84957 93337
35880 72892
9143 25241
91416 98033
44114 49742
30314 95965
28640 52686
12708 35572
95679 97434
4647 93388
87881 99486
58063 96968
55920 77672
32723 41255
81859 86505
33109 88709
65654 78831
45190 95874
50248 52742
91244 97240
71141 83413
72340 92219
36640 77265
23485 54832
11634 32326
30986 65163
19177 74950
12185 97312
13539 67410
9858 88212
25484 92583
27307 69717
54587 87086
70104 75190
68109 98029
19113 33513
45703 84949
8598 28096
16300 82541
83039 98016
19692 20452
64796 75945
35812 67421
61618 76818
17555 66744
527 39907
59415 64333
73855 75576
40043 54607
20817 92142
88839 88860
66638 91583
95468 97090
36876 49951
14188 55082
85401 93329
21856 33721
56341 72442
35030 46340
90852 91181
8168 8312
54903 57436
73430 92341
27402 74263
5822 41486
34502 97355
91446 96570
54075 69683
25771 91502
2913 94485
10583 95901
3049 61095
23580 54097
62872 77993
65447 87760
451 20422
54895 83281
25855 26958
28289 64701
55265 58941
52418 58608
32797 39891
61004 86882
43192 84933
35517 99126
49534 64745
52813 88567
26004 26940
54625 90049
67399 96440
63008 99255
22646 37948
39996 49365
45419 88108
3705 38479
43920 85793
76316 92665
69241 97545
86850 99051
81435 87232
64379 66513
13082 72642
12833 56579
66727 87266
62811 70389
67318 82365
83181 89110
71626 72838
9663 74243
89176 97407
69180 72351
48908 67793
47035 85709
4644 47389
64521 64954
27198 70872
96430 98419
37657 41739
44180 99613
27491 52644
3047 98034
6013 85507
44317 66353
99604 99997
97689 98809
38001 43535
57683 61778
10684 38464
13264 33472
28293 93791
34198 70040
86619 92863
67380 84262
6886 28817
99772 100000
90868 95202
47127 71408
37658 86729
58737 70943
27641 99281
98700 99145
44772 58640
94629 99605
73674 77614
71495 96265
81377 86255
24825 66213
28956 44892
63096 93964
11602 64477
37389 61252
66083 98593
943 48834
97769 99421
59731 93232
11956 32681
40163 85603
49035 72849
34049 95857
87021 88109
77159 89150
31920 66539
45842 64138
28720 32858
86867 89777
93370 93637
29190 30783
21794 65120
81273 83646
90903 98033
21243 50094
10627 49490
9891 36290
57340 73418
76509 93473
46895 66731
15546 42878
96004 99565
37531 73411
12776 51106
56955 95831
29082 33138
33144 90388
38642 62249
89462 92260
47011 54946
13934 88318
62040 76712
81574 93772
75654 93809
40947 72425
50359 66467
59079 69749
67742 74987
92403 97391
21429 96998
1568 10310
6675 21052
45216 77224
74397 88813
79201 83842
63555 69534
28098 45345
77549 81818
32534 92674
92900 97211
87826 88833
69330 89854
984 83383
20128 82197
31558 73131
78805 84880
32929 92197
35426 69855
71285 79358
71001 88359
6787 92617
38722 68742
66032 78228
22760 97914
44296 99466
89389 93503
27904 57692
10715 38020
14360 34582
32820 79713
10166 46879
92465 96769
21061 22315
2091 37572
68004 87196
6619 30284
76039 81397
50493 66437
86210 93109
25063 96283
63911 94278
16130 29587
97992 98624
54432 58239
3168 55607
86699 92980
67070 73300
53924 86551
72762 98065
4616 96812
71556 84137
30146 84224
80991 97808
26066 43187
68334 69904
37607 67937
74262 90044
41754 94559
66232 91789
55368 74785
62549 69412
18783 80492
76189 92021
4896 20284
38000 66436
10999 18709
29124 82359
15380 25015
71072 95553
51646 78938
47550 95816
16006 55349
75499 95927
39260 49962
45179 85687
87144 96180
31175 98222
86952 87096
36651 91325
83737 84576
54503 61798
37664 91039
66166 70925
31007 74412
54410 80568
31329 66762
8386 28874
16506 81901
85474 96742
96020 99745
93086 93761
37969 45089
79097 82219
40340 98389
55536 67952
27769 94659
11399 20609
88296 99527
67528 86120
44510 52462
21537 80719
49163 70496
7752 92325
59060 96700
13827 33911
67552 70174
76730 96538
98671 99588
15792 69389
90456 90663
49818 95659
29511 83862
7268 8532
81724 98925
79476 95911
4923 26315
54448 64464
8775 12446
13621 57502
58991 71897
8798 40264
34193 46233
57308 66457
85633 88928
93714 94925
67535 90923
3725 85013
96695 99493
18459 52327
89049 98698
68775 98903
65393 82485
95567 99355
11784 36303
5985 30251
7960 87280
68780 80450
35894 89275
22757 49309
85644 97375
61924 92941
80605 89946
96554 99824
51913 93678
32870 34947
37535 94052
19585 64673
64794 94262
49135 85930
49217 85445
87070 93589
57879 72105
23707 61511
63622 76541
52702 60904
76286 97169
5059 6841
81828 92039
80330 80637
47501 88811
23812 35142
55614 61772
37415 51989
19422 54968
95977 99607
51661 92048
66659 81806
29898 63701
89315 95459
66888 84194
30314 33192
23902 35858
68081 93506
25260 73356
77321 87418
79442 90958
32650 32980
42225 50712
98203 98302
83159 97322
89960 99280
82971 99174
66990 91248
26250 69406
44212 71292
28974 38382
44503 55013
79358 79502
88180 94540
79499 97191
26540 79545
43009 60366
16958 17204
2870 45959
72209 91346
33177 76922
19155 86439
99072 99901
81549 99658
38139 99594
55957 96386
54045 74638
22883 24867
72566 88485
25063 30699
21941 84639
6552 47523
92391 93911
50388 67268
39054 74680
5788 19033
36738 51752
60248 73750
6818 41959
54761 87627
15243 25661
46820 74680
75119 75178
8770 65799
97789 98794
97316 99456
17207 25723
78565 79265
39960 85019
6073 58915
81460 89140
36470 85186
83976 90024
15266 94350
94085 94176
71584 81650
81314 89369
91013 95904
59071 83052
86351 87605
52286 91500
90226 99864
49455 69801
57774 60614
19476 52710
79518 96444
57768 93306
14785 71433
79577 86896
28008 38381
30388 43372
35339 64603
8735 46501
57373 61704
12027 78100
65547 84372
21120 27886
45774 56371
89609 91579
74252 81988
22692 73243
47578 72504
91425 99057
63430 66449
82102 90882
11133 63555
41851 84984
82132 99529
73990 79103
38665 86287
16713 88032
49744 56421
47369 59014
41088 68878
62757 88876
98082 98851
56352 79673
94600 99020
65647 96025
30250 93551
63096 89019
25532 31420
95112 99654
97246 97832
56150 77339
35085 39831
3946 63598
85569 96561
16543 25708
65730 76592
74506 77693
59599 86471
25770 42669
4862 24815
29642 41992
20433 58944
20627 29747
64153 72980
81582 96258
45147 97634
90988 98574
51196 89648
46220 60242
29075 45682
98524 98816
87466 89136
19988 28926
20474 52257
83593 96165
23406 94173
76064 85200
39402 84901
42844 79010
21527 53979
45288 99275
42278 51160
88519 96879
11680 55596
31915 34825
12889 92679
78967 91160
10052 87785
98437 99074
60002 79038
71699 75427
85447 94572
3564 45757
3671 77797
46268 58596
87150 91919
28503 37293
45937 89093
17690 40847
52093 66101
14641 75890
27356 50720
17269 92615
38032 66720
48666 77333
41028 93496
38479 52955
3431 61815
70800 72140
58162 76591
1962 59717
32829 68765
99594 99921
8934 71763
99188 99194
76406 80267
22105 85378
23284 60224
55561 58243
19122 81084
77047 90810
16816 24777
97590 99967
66372 71747
9823 66498
96926 97923
90397 96803
27660 91526
57969 91097
3609 54221
61672 90471
12668 13397
46143 62918
12886 88838
88122 90975
57521 72602
16491 64745
1640 66067
88512 95233
7672 20039
34900 59432
16797 49535
144 82132
82011 94555
26639 52625
47483 92458
57583 98892
98927 99155
8569 24562
21829 79292
13917 78386
44167 55023
56138 77020
6932 62724
62272 72237
75521 97343
11416 36223
95079 98518
72245 78221
53378 55297
30390 38429
56145 81410
86824 96210
69864 86924
62632 71537
26161 82855
72549 90908
24241 39675
10729 46637
48615 90979
4192 94606
78788 98380
97670 98847
96223 99184
17263 64379
41237 65442
79490 94128
44029 47132
2421 71132
59714 66815
6486 66356
64766 92244
59748 90839
98675 99732
26565 62134
89706 89801
97553 99653
23587 67830
82606 89827
76116 82133
40269 86635
82438 84308
93477 98862
64268 71581
752 93366
47037 53804
49562 88548
53906 78868
1005 95761
48578 77731
33621 62242
19448 45435
15233 64089
41951 92030
24122 28655
17079 62293
31421 73570
25248 94089
82867 92242
15582 72548
72661 90503
6920 13243
55681 74700
43183 83264
8921 70010
69484 99451
64323 65766
86375 88396
70001 77763
1541 40837
63689 94486
51509 72442
3436 6411
88399 95981
59416 74585
29762 37421
76455 93719
7078 12380
43511 95069
97669 99359
51889 60169
94156 96848
38263 99481
79501 83030
17734 99984
95359 99215
28587 55031
369 59710
72162 88555
30067 67906
78493 94273
40190 97647
77628 93339
27886 67806
10127 66171
14073 45289
43914 67748
90875 95978
21837 48056
86931 87274
85977 87305
14679 67276
38996 82356
91390 97692
19409 39706
24228 41635
11955 77207
69351 84711
12664 57695
54712 65146
71214 81706
2550 77598
75410 94140
2144 90108
95102 99012
94221 97076
78223 94897
53898 61770
42450 42754
26213 42689
10186 57971
53059 61677
97995 98376
20875 96902
67194 97803
15637 20763
49588 66580
89990 90883
98016 98703
8033 14426
86619 96130
21930 62835
91551 97964
73963 87134
54006 95414
1108 36046
65683 77306
46496 99528
50487 89418
9877 74055
88362 97269
11742 86135
31539 81100
99765 99949
571 48801
64192 76830
94414 95126
81828 85813
32305 52476
56519 65293
44265 45099
83964 97248
65056 70946
34813 55078
18717 31393
59273 76037
58662 96055
8596 9804
33588 38378
4943 61298
63572 85740
86614 97971
1552 4612
44901 69995
26702 55945
46535 47233
88589 99832
62677 76465
32032 48419
86269 95862
35367 98792
20964 54021
18066 86505
40880 51458
45479 68084
72622 95049
62362 99774
36455 74343
48227 57751
7609 55518
34404 74060
39808 44837
18292 99453
1975 77184
20477 91977
85615 94401
65257 66803
82025 93008
80320 87743
41451 47408
24983 27161
91733 97889
37496 49717
8992 68868
14988 42732
1666 78903
71715 99062
92208 99584
26379 52656
37654 91850
90478 93749
46324 49716
49585 51235
23256 59313
8148 59995
90020 92823
7601 93991
53433 82785
54001 91425
27687 82403
87539 95046
90764 94427
10108 64309
23498 34408
84133 95797
75075 93340
37825 56757
40167 50004
20750 95083
63323 85228
2225 45561
2799 69014
73244 90183
43792 86534
65310 85217
92339 95622
59284 67235
89708 95874
22984 64359
12048 36623
81471 97536
12267 50890
84169 87200
16141 99542
72467 82001
32629 59625
67977 93632
96277 96582
61339 79498
57873 62204
40246 60748
75943 81084
12468 66084
51061 58959
55355 67550
73683 79063
55361 88282
70889 96839
84146 91149
66617 80277
53911 82272
30377 44720
62615 83140
87608 90107
80258 92909
92345 97704
76963 95280
48015 57252
28946 55273
322 79089
37714 55041
52483 62566
91531 94143
83691 96562
92722 99246
9458 13059
69645 92454
76794 84262
91520 92111
69426 75015
21582 67137
44163 57120
6951 45583
19841 33157
45996 95681
26043 92888
33715 54090
20045 41646
48994 69071
84550 88304
89817 91699
23193 80395
17908 75459
46517 93193
25385 85127
41554 84223
50644 78100
17489 57122
64117 98136
4689 52113
32079 38052
26361 30617
88257 91634
44133 87808
35384 80347
90160 94092
27738 36595
56474 88008
33998 94020
25473 80316
62837 77718
84187 98836
18697 53038
37518 46447
98244 99848
58526 60058
35585 41564
94245 97252
96133 96786
21990 93572
8526 64020
45879 47779
88773 91268
87834 93628
85674 86820
70094 95633
21823 27676
69943 73697
20087 52301
40083 78971
26935 92564
924 66632
6041 60747
10536 70535
19333 74231
88162 94045
16776 76859
97288 98123
47350 84484
17962 38717
67321 98816
77531 87126
13173 69565
36052 54569
13338 40382
98944 99665
35109 53802
90092 93522
84411 90365
14006 69303
32472 80253
49782 74825
79894 88181
68127 93609
54865 79118
96839 98928
66607 91038
44342 53447
55774 74801
29380 68803
6867 36952
38591 44026
31123 76899
73721 77886
15684 98854
72895 91834
7239 48005
48132 85059
65668 90063
79911 96988
60126 69511
82168 96538
54966 97336
98885 98993
89450 93019
86674 94926
86950 90866
48896 57378
7296 9504
23559 66329
40712 44689
85205 91634
1272 47436
31246 46092
32607 75950
84051 98800
49577 90775
65766 80573
21932 83066
43531 88197
41999 44036
80606 80927
22163 44128
9969 82835
25959 39166
68846 85045
4654 81124
30248 40672
5182 43190
80700 97970
62163 72731
5596 80030
16912 63430
31523 90295
81245 86817
92280 96264
51537 82230
52633 57737
89804 89989
34838 85354
17569 26448
2204 14724
66534 78463
290 83679
99600 99702
77086 87726
69450 87757
67724 77798
25597 85087
94456 99278
7065 87026
33875 44268
13447 43478
83871 93433
99349 99609
27344 82341
43305 59809
73569 97160
83018 91555
84095 92536
84541 99553
16888 67058
14711 59495
87149 93651
50948 83883
89810 94270
78816 91248
38471 50652
57133 97197
73759 95808
37408 76171
50913 89717
53939 86335
88974 94379
63778 94275
39233 95295
83519 84158
5035 71010
27262 67548
82173 83872
96198 96659
280 84715
83544 84654
44135 80111
62949 86639
16223 51385
64426 97069
96951 98562
76390 94796
36614 46799
64797 78561
77455 95143
75826 91001
43874 96461
16078 47095
95810 97956
72452 93746
11925 66404
93780 97806
77806 88618
86117 87014
14863 49915
99491 99725
72547 72837
56377 98565
66717 85870
44940 99266
49424 71535
92245 92965
91345 95242
52237 59491
54113 82804
10422 89340
90753 94181
19923 83402
61790 87225
46819 54755
48045 58924
26747 38113
37030 77075
3491 85027
39815 98031
26923 98576
6906 36514
64205 90929
35630 37200
90759 98804
23550 73457
43917 52646
85724 93300
48508 99249
48732 91082
52077 70572
32601 75479
88235 92536
89670 93893
34654 56431
38313 58060
73600 77629
21492 80761
58439 75338
89920 90332
78670 93404
97693 98359
54460 90860
93285 98137
57895 95381
46619 64184
74475 88893
19030 56588
67190 84263
69635 87600
17607 87475
20913 80998
22364 65064
68351 89954
56575 70815
56693 71902
28683 64591
46275 85163
59925 84548
40801 72532
45327 87025
35549 38803
46419 96663
5403 71761
29016 47797
5031 63885
32053 61012
7307 91952
98508 99572
69234 81085
32943 88281
56720 84648
11503 79392
52961 83318
95373 99834
42417 93043
39158 93195
48904 88256
66651 78315
33792 65540
56042 86029
83964 97023
36263 37941
75687 87829
99585 99689
69587 88653
58069 74249
60643 82789
66293 76563
49602 84333
48758 81418
77382 98512
84459 96211
61705 88344
98596 99731
83287 90459
35746 81611
45314 46810
81486 93212
43511 89313
90293 94111
28823 78029
56567 96721
50848 78957
84367 95983
3604 66313
24455 43746
32446 64184
51394 62644
56983 79556
11225 83632
91945 97035
95949 98312
14006 54949
77077 98861
12859 84135
23468 83017
61829 93630
72282 85527
39139 81772
13341 29963
58071 91590
43766 92567
17215 34325
238 97510
61540 63753
79168 81376
42025 60002
75958 77889
21100 56927
18719 72705
96430 97688
58879 62310
60891 86857
43539 86121
91554 93370
34256 84223
89517 96821
5415 78698
6711 15984
9 4707
35082 90683
37319 98756
6641 51339
70664 74388
13841 41100
13113 17053
34660 68311
7972 64256
8979 81000
60385 88558
54660 57885
69106 78210
