3742 64306
99272 99835
20320 96411
15616 51552
61765 95944
60101 70657
35501 53603
65663 88322
98751 98981
28135 83986
57982 92829
83386 87121
69592 92642
88883 89998
49715 83386
85986 98432
56391 79240
65676 70170
2454 38160
50166 59516
16606 31978
15609 37506
29212 59779
62899 91068
19059 94939
42965 79325
59686 70357
56279 81930
7278 27536
87574 97211
58402 99553
50112 63046
72502 77697
45896 81630
2210 62042
68455 99594
87718 93123
34667 85444
5978 62433
29155 29176
24741 82811
5636 41875
40427 83687
81490 81906
49654 68187
54185 69501
24858 52500
44753 52413
9178 50507
85536 92967
14245 28512
8739 53780
59939 80950
83828 92010
54365 87353
58136 93518
37382 77302
70668 93939
89912 91843
34048 43363
9534 98955
39605 61302
68241 72807
13709 90952
46271 98241
74321 88636
71618 78745
20639 76286
89755 91139
56133 72920
53008 79381
86024 93167
11955 70561
26234 34427
72515 94122
23440 83475
18672 39038
7541 39924
5141 96965
49214 95372
14108 49068
33208 75099
91750 96266
80431 88619
21395 50937
47286 86793
8092 24034
54836 75710
765 45619
88630 90547
85894 86501
77308 78745
52755 84895
28778 99404
84877 96837
73966 89564
55752 91414
46279 77722
50073 90517
79968 94911
74463 79715
78690 90232
79926 91229
79116 96112
85290 85359
51936 87211
94996 99182
64825 81480
79991 92792
82789 90908
11721 75903
27995 66423
69892 87210
42169 46073
78582 85809
66307 96593
84450 98546
70377 95177
92985 99174
6737 24969
45553 60794
66310 72947
99317 99917
30789 56230
36036 82150
98904 99852
39147 97493
12908 51826
5525 40243
32724 72423
75714 87669
95003 97022
61784 95233
99393 99425
12042 77065
31970 45969
35042 43845
55285 71112
90444 97217
54639 90148
63062 77304
87759 96245
24505 35705
79660 95881
22453 60449
63073 91490
43488 72693
95872 99395
37723 45779
91991 95466
10699 25141
38558 53549
61350 83044
51079 92971
1677 43388
89764 90184
41704 61025
82895 87324
76870 98194
10109 39065
13119 87043
28521 93893
79415 87809
48088 54278
40884 79281
29035 52528
34144 59124
95070 99268
92633 92795
33697 94633
58769 95784
72196 74364
92433 97955
59712 76403
14245 66364
81325 90410
31304 46461
98740 99681
54926 94143
75238 98973
50155 94091
47751 68603
44425 81671
95081 97775
72295 75467
66613 88386
17828 97823
95652 98951
41204 86179
66209 95055
87149 92360
38779 49171
66359 75147
17273 26422
22950 73792
15497 39170
2053 23392
62494 92221
13044 60865
29013 72769
165 79338
3762 84292
4787 19302
74566 92376
94760 95401
69590 70659
23653 79976
41420 94626
88202 94299
83332 96045
64570 79780
18037 44757
8952 21478
54848 92908
74261 97238
23320 99428
5600 23623
11252 33883
42553 47249
29943 63526
52710 92066
8235 77977
89290 92562
56874 82856
2125 57063
97466 97536
73690 74057
49398 87897
71817 91553
66321 90274
10718 63604
40952 76637
92528 96646
78581 85625
26191 65728
44095 81341
12161 62424
20122 39409
88967 89239
18654 21540
63557 75115
29766 49398
67111 91354
42118 96519
60394 75176
35115 55908
60438 95421
44019 94153
65174 67813
68209 93201
78092 98627
44662 54144
17262 74830
60330 86144
53713 95132
99387 99848
6515 32274
52653 64217
18998 51602
26530 52801
54763 61638
25435 84422
8991 60882
42702 51120
40719 83684
17134 20932
54633 60380
96673 97561
9088 97315
4147 85353
29751 98049
80975 98066
94591 96988
92632 93315
25928 27516
72459 86055
86133 88476
6452 92098
59718 91049
39770 89288
85125 89731
41508 85531
59374 60667
74727 97089
83699 89373
87102 96943
27830 95515
33898 39967
97604 98847
6760 55134
88357 95601
75279 94877
59607 65655
56793 59702
21363 23204
47574 96495
49484 68061
9875 29291
39412 96140
98571 98746
88317 96116
96997 97979
77496 78437
83353 95094
52365 76008
32258 41261
58028 77288
28428 41391
6784 80917
45587 58461
22606 99429
38868 53121
7465 99125
30944 67766
610 64152
63233 64458
71165 75361
14233 51980
14754 46859
39271 76895
12886 41216
3458 86661
60351 70270
36006 43808
59544 82237
6088 66090
81114 98451
1524 46624
71234 86153
20487 46047
83452 85409
62600 65569
79186 92651
5823 71386
968 58378
88589 99921
94904 97723
1410 25950
67380 97760
85034 96433
95492 98991
3672 39093
19659 63013
50086 98715
98441 98905
84803 95796
10328 26813
60786 92005
66474 82123
17861 90034
82709 98520
88528 92804
44451 67308
18826 20253
46521 47303
78295 84631
19099 89656
26695 93475
63867 75542
13978 67918
40322 70019
73969 95737
98736 99833
16195 27948
71850 88110
58192 62832
34589 42664
96449 98535
57773 66399
60822 73804
64060 94885
42208 92056
56281 75127
5672 72133
24782 48871
64666 70420
40393 85157
26771 89939
23496 77878
1260 49653
19818 47398
67566 76729
67867 92132
48484 56362
55261 74310
4226 33872
40835 92715
76368 76840
93747 94295
10975 59220
42871 84691
48212 92480
98778 99183
87165 88228
60496 64714
80158 90244
16042 54195
43590 71039
22284 83793
93775 95234
75168 82802
16778 38706
35027 46982
32187 98844
23405 74897
22782 40821
85136 90785
35494 68862
3455 31164
14922 37743
39129 89669
9963 51364
27177 82482
23222 39905
16510 57609
82707 83204
12236 19144
2116 31834
11769 92951
2652 13416
39606 40378
50523 56349
37759 89071
81654 97974
53510 85059
88264 90257
37529 80579
95705 97177
53321 85347
86933 95279
13537 87977
29119 79045
33212 73648
31765 77603
85710 88248
95076 97784
35814 71038
46669 92787
33900 35643
39663 50091
27667 50195
4241 18620
56552 76545
10352 47921
58075 71644
42752 56142
23474 86255
72224 87819
13530 81795
99818 99976
39832 48920
53737 57752
38588 72140
38233 60251
56737 70536
40414 97081
54816 79442
34907 43528
64039 76766
50407 97820
61012 79362
23699 38756
54394 81191
31457 89815
36209 50232
27317 84488
76298 86770
79521 95179
39213 55041
54291 88176
88298 93526
27698 60282
69109 94724
36295 64705
51971 81046
99653 99790
88977 98709
52354 66806
90824 92073
20891 59261
2933 43472
97503 98905
85829 86753
53662 75935
30311 37889
165 92895
50406 97204
8377 35384
91569 95686
79633 83972
81020 85913
59115 83888
32678 40954
17414 84616
97950 98445
70893 78803
16714 78890
35667 89027
27026 61273
8833 59424
73996 76401
45028 90350
84190 84825
59583 86303
59164 78936
41913 92285
11740 77542
76010 79592
90695 97064
71 56384
44348 74923
95484 98239
97868 98722
36068 86465
86280 99551
44332 73679
27883 57046
56098 88697
8489 50682
36897 75756
45644 51326
1711 4739
83461 97563
48747 92227
62842 63576
37781 95308
90072 94098
40996 55370
43187 57973
94413 94877
73350 74690
87521 95280
16439 19276
74006 75263
42167 61070
68895 74545
34511 47163
70505 79913
79320 97820
67938 83338
13770 55269
43947 85336
69757 75914
85752 97262
80920 97570
81330 95008
662 75385
7730 46441
15865 23130
77237 87528
44230 90589
88988 90252
18392 60857
36565 71914
22135 76020
10727 75072
87448 94178
4484 35114
84650 86966
81798 89726
85907 94072
73284 94071
59758 92104
41759 42587
44983 65028
76619 85228
44714 64461
20788 45957
23957 99693
10419 82439
28601 92791
20095 63023
53498 82745
51907 53519
38793 89183
34069 98329
78769 91576
3160 21884
90072 91217
29579 99125
74572 80634
83083 97070
38853 97718
32522 87428
94999 95371
89907 98324
68024 81451
48202 83121
93118 94085
73294 96884
47618 48565
21647 58707
365 8321
15736 52982
70736 94976
18040 32120
89450 92179
77029 91974
85514 95817
75427 95205
57362 59527
89670 99392
53921 95748
93549 97041
76994 94694
98185 99374
18888 84405
7270 42762
86303 93251
72392 75764
56766 60860
52677 89542
56191 82102
17270 75365
6607 52585
70797 93807
91805 99599
18951 74150
45257 65179
28956 72035
19119 85648
69391 91226
20762 72224
29189 92188
78520 84275
49140 96274
86974 98552
12546 52973
28337 51079
61331 75732
41650 74784
62156 97290
41214 89375
3524 62922
38508 59060
72626 91051
1536 11540
6394 15352
90703 96992
78974 90765
54801 88831
39391 39783
15208 23860
45401 69620
54359 86008
70430 80686
2798 6150
75082 86850
54742 66911
81446 95670
82596 84162
36125 82415
2799 47123
51530 95891
5439 27055
18621 50825
91447 98155
56373 87852
79261 94773
7580 76346
58992 68310
27702 32517
15165 78908
94953 95496
72572 84755
30877 88402
81766 93806
68980 69707
29540 86776
52349 91867
96696 99032
87409 90519
84642 93115
54174 93022
51536 66319
51802 76805
78505 95839
63321 87912
6932 33509
22921 83495
48273 64988
51294 77524
37711 95724
20599 95616
50579 82527
45728 64204
98153 99421
66127 72254
62487 82745
37887 62688
53730 98168
48201 97159
17655 93281
27303 81021
57980 92880
28458 81260
86246 99539
45362 97061
3028 29380
71780 96259
91817 94870
54858 92946
69055 98538
57 5115
89879 92244
86269 89971
96554 97063
96067 96093
37044 65792
65658 99702
99215 99683
3655 25566
30550 35521
23579 79844
18921 76783
31153 64089
32796 40233
46530 84633
56904 64647
97771 98103
5701 23124
58765 66899
88784 91730
14189 56842
71716 77860
13083 65188
10070 68619
58088 63044
16905 53338
50605 88396
68120 83559
30518 54043
11230 52687
50096 82738
4631 35678
38799 86768
36113 70045
98195 98998
32321 33057
90822 94569
15601 85814
57995 71183
3157 47243
31683 56858
31185 82012
74503 96853
38474 94153
88216 88266
12219 59898
210 15195
36413 50807
61938 95933
9270 48207
57167 59428
83845 99179
49530 56016
89165 89401
64381 81211
95500 96302
73218 97651
41894 90585
76116 89942
20783 33620
25075 51737
73288 83306
48833 79860
53052 78948
57631 59191
8253 55282
10415 56153
9231 86980
35494 96405
97343 98986
7322 90366
6211 50133
39523 51516
16039 87519
79948 87628
37601 86759
16119 90586
78668 93513
60950 94412
40572 57052
59965 74295
44465 88089
41667 57123
86736 91308
27386 79715
30139 47926
51646 98484
15129 96090
23879 70130
62600 72502
65524 81516
93284 95981
55788 62200
78270 89418
25726 40584
39265 48663
66010 97359
6171 33159
48028 55954
53891 85575
30887 77405
82007 95137
20714 70195
29174 53910
77312 97968
6499 43658
26674 87200
23520 66030
67918 75160
54370 97306
12638 76496
53497 74675
18187 62120
14819 77814
57054 65454
40648 79517
90040 94788
60154 83780
5786 58468
51976 59498
11407 23277
76617 97436
82756 85840
85705 97993
51710 58696
3084 59141
3013 33348
42850 73862
28356 40364
39923 42065
27496 67295
82344 85904
43438 97629
18952 80413
66929 97325
64778 87316
59474 81283
52773 68651
82810 85896
81674 86017
91538 98645
23121 31694
31616 55905
44358 97327
8047 97656
78757 89905
75680 81612
48842 76231
73189 74575
38732 45120
79878 88456
99570 99881
23613 59460
81739 89748
69880 75138
70490 97888
37016 95921
39191 71261
22878 95595
97868 99097
5308 24032
60171 84537
91263 94673
91419 91982
12223 62975
52368 72608
39068 65084
80266 98801
23799 74440
55466 85045
50593 64996
4000 60356
76133 87185
48674 62555
18677 82529
31748 71934
604 53722
38179 95420
64446 98046
33110 43575
75402 82073
33032 39782
36259 57083
37131 40153
96536 99422
11891 13613
49838 90324
71954 95655
88711 98691
55717 57614
71691 98516
28634 48373
38580 90142
25979 42276
19014 98977
97047 97919
66414 80536
87082 88176
76961 89690
80792 82178
9404 16185
17583 24825
30978 36061
81140 90367
63952 84729
72107 78572
63722 68865
13577 39367
65935 76116
59474 73167
37882 68747
87452 88778
37774 43832
69456 92034
87437 91422
91350 98041
56347 85386
28202 63131
48493 59846
42751 70404
73990 78366
92190 93195
74961 80372
83587 99993
26844 74029
46842 95511
39197 45154
341 77972
56696 68755
45399 46892
7345 87858
84970 92371
83073 85664
75836 83570
39456 76724
13258 48501
61119 76738
8989 46614
56112 96728
54270 96448
58381 66643
1347 88486
5770 64748
1158 70992
51898 77551
23276 87701
85330 98211
33660 89331
81386 88292
77 94396
59281 92108
30063 50950
90298 92800
3392 91906
74818 76571
388 44068
38585 83207
63116 78594
43165 98967
93902 99113
34451 53777
21534 94429
67137 98313
522 96680
58373 61363
23096 83287
39300 79740
74833 83680
88720 93673
10499 87670
89918 94040
57866 89112
30165 34619
8831 19471
64478 83124
12067 99277
96564 99649
39650 60470
37044 59242
47022 71734
99291 99932
57710 72610
82860 86548
22875 81850
68325 77532
55649 58894
25170 61123
69305 83607
51758 79844
7568 16536
82180 96553
92226 93338
87699 92000
81695 84919
12030 48924
7384 65440
30183 77794
69222 99953
6229 7552
10531 33577
37303 82654
70659 72624
17057 79931
15870 18504
24451 65026
11158 33165
68945 87793
78419 91543
91096 97604
39876 54232
61050 82861
51751 52213
83149 88389
63055 92708
55977 74342
4971 61202
80817 89037
29020 66714
9192 50720
11616 69043
38699 92836
88353 90137
55866 94415
55303 98902
4714 67106
83744 98752
81372 97761
52277 75771
73332 87883
76208 92776
74882 97629
90538 92235
53499 92386
42740 89609
96030 99504
32311 58697
43611 86930
33093 49498
83189 90461
13148 39392
3776 23024
12200 39638
69643 75284
45742 98297
29132 72117
59236 96300
46187 90838
56505 96114
93522 94191
24101 29406
52546 55499
95978 99345
15446 51835
48852 90373
26725 51127
1241 88425
50120 78719
45816 61736
43301 60994
78646 81753
29376 52443
16666 31264
14949 29674
3209 23314
21121 29280
38059 51714
57893 64860
22966 74286
72149 94074
63320 68916
40560 87829
37650 89868
2231 54099
52131 76294
23460 96805
89688 90979
69045 89266
86063 87186
35494 67279
65155 96720
15567 23555
69513 96433
25153 73900
73127 99707
10711 62235
99319 99541
53157 60114
17282 33866
52739 81882
64259 86919
67991 91140
86326 99750
79924 93981
69736 90849
10344 90216
37075 51641
26081 41181
93430 97558
96916 99575
45281 50461
37283 51725
52159 92040
73584 99847
82399 91534
74987 87553
3750 42159
59392 78480
50814 76798
72935 97068
93020 96500
41669 89685
59066 67540
84367 95816
25248 92645
38055 91807
4685 51198
53317 87489
64442 91941
68528 84478
94169 99442
44712 56209
82462 97582
38793 48155
56535 56673
4527 85782
86430 88371
46739 55285
62934 64606
89908 96512
94607 94923
7632 60554
30686 69229
44335 98981
53970 54083
58097 77833
98863 99901
33749 60113
13643 32671
34129 80169
81142 82236
73640 84838
90798 99013
78518 98296
41877 89736
99793 99819
39683 66692
32776 33918
38876 90878
54395 80577
19021 30252
88098 94655
51250 60720
32246 93835
53782 68229
35201 67042
34132 64143
38717 83037
44292 62322
85249 98922
57716 89199
91653 94048
73700 81781
12112 32930
32736 79687
44319 47675
17512 23294
49021 55469
96015 99990
54617 62980
27221 56562
89386 93924
29009 66516
48104 72076
12799 39247
87036 96809
87752 93881
7155 77141
72850 95975
69750 89859
17188 75184
86037 88308
57318 83664
50243 55099
84233 99331
10682 23922
51953 93081
61331 74463
35726 64546
46921 94989
52751 89989
98353 99802
78828 81980
62259 65100
27406 68222
45082 96461
98251 98409
40509 48317
97015 98601
42671 48759
68385 93480
17613 17861
33218 53795
80922 90472
74666 83963
76387 94025
92079 96967
62720 64200
63690 76655
88193 98027
4392 54595
701 25830
71654 79873
64443 73042
33775 58151
44274 50306
33481 79433
92142 98124
48720 85312
46501 77078
18878 64742
74566 97275
36456 61050
58655 70462
13715 46059
26370 62201
87050 94038
36548 82027
99965 99982
49542 84863
96734 99980
65321 68534
17774 38069
73305 88939
45707 96491
77564 88474
65641 68100
68302 79394
28139 35415
24057 63195
43003 82162
54516 59156
39399 79701
32960 36200
44047 69437
74039 99430
34681 72845
77851 84409
27517 77864
44630 70208
53085 88225
72923 85063
25144 51768
17855 84335
33749 65080
34673 58757
93347 97641
70276 94250
26000 41796
17081 43776
10763 16759
94157 99434
79203 79459
11410 52075
98141 98522
10771 67119
26270 39955
20587 54020
5468 11771
58468 66714
52517 71274
67814 72141
28902 31852
3252 74849
90572 99728
76699 92780
77677 96630
42583 47202
52397 56973
77748 93482
77926 98607
18664 97629
63666 97317
58713 90611
57496 75769
55922 69670
15188 31781
56472 96761
77268 86394
91588 97332
5755 19695
77453 98073
93470 94045
64067 80341
57668 89949
40592 65949
8219 36317
56931 99149
99777 99982
78312 97789
50749 76148
87781 94049
13108 73574
49882 70287
44858 47646
52811 77963
44710 56669
11566 66036
53118 98601
95186 97474
36001 37123
71298 80926
63366 98903
43358 78964
36911 94792
88022 95880
77466 92379
84030 93702
38040 93388
77982 97545
84186 87224
567 39158
1838 44526
5031 68952
97619 99469
79495 95088
83040 93408
95241 99625
40407 98359
59687 79071
9346 43565
56272 59305
78926 83754
72483 76893
15583 43465
11253 29340
66740 78654
95952 98026
44999 85929
95226 98458
36315 85220
13055 74965
92060 93362
95675 98339
94857 96386
10013 99342
68558 79775
76712 90895
23706 79421
78121 92917
40409 89592
45222 93442
33982 85113
48085 71017
60406 91441
39887 87203
68270 71771
31952 65856
80641 96647
59137 76686
84189 89067
99738 99933
42438 73198
55303 55603
77597 82202
1793 16678
52622 90489
51035 61717
41060 46928
633 16353
63442 63566
5520 87922
6956 46635
76545 84833
93766 97346
48176 67771
20362 41157
21637 48976
58421 94915
12804 29076
28850 37471
22632 56194
13351 34363
83932 93017
21642 25065
59420 75830
20525 70895
68161 73527
77718 79240
9670 91189
39605 67476
40305 90234
84162 98730
58630 79560
64327 80983
93711 95053
79537 80514
82235 85537
7108 64444
37704 92078
93809 94674
76016 77779
43580 78477
11451 59246
23737 32685
58724 71635
48471 77798
69941 89358
44476 75753
968 45940
7268 48588
68465 85883
95972 96649
25880 44032
45459 70323
14520 79773
45733 65309
96354 99839
32150 86095
1319 65214
35437 98712
64566 79807
38254 48628
67282 92918
71077 71181
71449 78160
32749 87625
48025 61297
71642 97722
73814 82103
26969 79914
81036 92773
13083 71555
66718 73141
87603 91166
34546 86862
98556 99244
47352 49925
56625 70450
54755 65595
22021 74810
85301 91507
36262 52845
46874 96463
16173 56926
24527 71029
15740 45630
42334 67376
16659 18019
55222 55800
31135 75563
79748 96279
6985 17156
38731 80576
57763 87398
50425 58634
71533 80511
50157 53990
81214 86713
62241 76355
1326 32906
86328 94320
51579 55530
88712 94239
28057 57003
92619 94556
95840 98736
80236 90005
29991 47859
65860 83555
83466 96742
320 68116
60901 88189
26742 55505
74261 95071
49395 51724
34316 81308
58205 90943
9237 51380
52549 57794
90418 91841
18398 76984
92735 98963
92501 94319
81494 88571
17926 29598
90311 94459
6736 40949
83356 87142
31016 85438
70525 78066
90842 98867
97480 98829
35000 90242
67020 76186
72283 77479
55410 89341
53074 99047
14728 81458
77601 84746
32229 44225
44282 45505
99702 99751
41795 91029
95600 99463
62806 64637
71510 94861
70227 88747
43655 55477
24573 56589
4220 30928
33061 98555
42422 58246
13637 99540
61258 68435
96149 96849
6178 58043
36887 95200
67899 71414
46342 72125
39766 48855
65892 67832
81902 92400
65422 66591
91268 93802
41022 74959
32872 74212
18688 55372
21890 67176
98643 98847
6416 68032
77759 97977
10622 46204
17707 62604
75310 76133
73325 75953
40519 71739
65239 74520
2689 88396
78835 86088
68880 93905
20481 31030
59302 87896
9940 75266
19296 56773
71545 75825
62454 68645
42857 56145
16260 79744
66827 70434
18739 82990
51513 51840
3580 81574
85430 89004
84892 94670
7410 58512
8849 49652
2287 33881
25284 42639
71961 94740
57529 57559
45538 71498
97020 99074
16067 46645
1542 41436
54819 89600
51991 73661
18983 93501
85705 98731
81255 85076
81419 86258
48569 92234
78759 86426
78019 90128
79810 92156
67730 98041
3788 6478
95135 97020
18738 55998
80829 89705
33446 85799
973 17476
36531 71854
52943 80769
11957 53053
75995 82051
35997 64773
83963 99707
6030 70129
4697 54865
36246 66785
3527 14153
18015 86418
94515 96551
4282 7067
878 55565
80437 92106
19601 62463
79972 88440
93725 96360
99182 99570
77113 84539
49020 90803
19233 70459
12032 93873
16726 36177
80975 83060
81467 82049
93939 94351
32515 67169
43780 51214
1556 64953
55891 76838
48421 97108
83566 94427
14784 78608
27042 92301
33511 46043
2083 97604
11332 75024
50494 73406
44377 58277
85037 88786
32760 57207
47375 77929
23574 57212
1120 87258
66169 98467
64251 93429
21394 35405
93940 98128
3238 4668
81246 94549
99109 99397
33597 35930
88100 96560
5093 97281
32766 42606
12010 19003
22082 53956
47614 94448
98092 99845
12922 97665
58967 78924
77758 95608
16549 69397
67069 82919
57121 68872
49385 79294
58361 81848
6080 25195
14869 38304
8115 91765
16999 90507
55358 83472
9503 18878
96310 99203
92064 97229
74940 90046
98408 98475
29884 34638
13681 27574
20830 43404
61015 90639
49499 85354
18918 45779
21935 97066
58656 65073
25447 63079
90395 91834
80394 93800
77604 86090
13914 61302
86379 99133
72679 84237
38544 69115
37090 90380
18014 72516
97447 99340
50380 85897
79095 86923
6365 88206
3460 92296
71353 97666
66453 66930
98903 99562
97617 99384
23424 49242
91570 92386
6947 68477
71469 83066
91599 93205
52289 74836
19868 88869
73856 74258
91207 94666
15425 74754
10491 89110
4322 57753
31540 72656
34548 72101
11565 90763
38227 80556
23491 50299
35581 83549
81947 85334
38613 55743
21920 43159
65841 82873
15771 61594
52622 86153
71166 76936
35009 79563
53907 59378
15832 65841
32230 75015
13004 27385
85870 97964
62077 84507
21370 66502
95320 98249
88596 98224
75420 82309
10736 26722
90146 95153
58830 99811
47648 90043
47886 61615
58551 64875
24149 28513
47788 96250
23070 38808
99249 99620
72941 96917
2264 51906
95305 99299
45363 97612
59006 70331
42373 95257
2927 84036
60507 83260
54788 56820
80551 83804
37609 81294
92509 92598
91719 99957
63896 65351
11682 63452
88775 89185
77447 96536
9941 65975
3224 73312
64590 81043
12200 90960
38309 82128
88895 89412
46088 72370
98797 99293
39067 78798
32463 63430
25283 71664
2528 31525
3885 51683
62632 74839
27067 78355
2759 92279
96228 97840
70521 77193
20748 95452
91694 96045
28107 28424
5638 90206
35698 50251
14261 83945
51274 86335
13305 58310
24809 31544
89514 91137
45490 76404
97970 98608
57263 59203
94063 98455
63974 80570
48019 92079
65520 76733
24364 91644
21541 55841
95589 97884
14455 46945
80971 97715
50052 69207
4538 39365
53618 85536
52994 99287
27256 60895
6672 26033
99784 99837
30776 67566
41023 82278
53047 83112
30081 95898
99620 99938
9297 21310
7201 77506
56984 58662
76831 78988
76633 79721
88341 98251
78170 90792
65311 82789
14651 77902
70578 90010
49281 51476
62710 67811
15576 32882
7200 41438
53155 62379
17565 70620
73823 87204
5911 8631
96782 99646
59008 66960
90757 94485
97743 99801
16729 93645
78239 84245
10850 43437
36711 94139
11923 25541
63521 97876
90221 93177
82359 96693
49598 58490
28955 62907
43944 62294
36851 66563
62263 82020
27548 34192
58063 92381
9897 87179
10567 47127
53075 89098
73758 88231
90582 91012
88887 96257
71355 94337
25881 97751
88400 98110
7452 27400
7411 51260
58417 87273
41270 75426
54819 63369
12640 59542
56216 58165
16958 63417
32198 35958
81546 94626
15188 53661
67512 75400
2147 2911
60597 99869
46123 89467
30705 38338
21603 59572
25574 72345
41063 48100
80137 99473
74303 74803
28769 52332
87179 95083
33365 48602
65200 81927
55209 96833
31809 90280
35817 62941
9302 47946
75675 97288
69645 96104
23106 99334
88253 89904
39267 88520
7830 84530
18068 45668
38670 41927
16574 24600
28527 59302
1350 12106
20606 83656
73024 90081
83605 85404
65699 73324
84370 90969
56486 80238
64764 96528
22113 73347
32049 38857
62661 73013
1359 24783
17272 74585
65347 83718
25439 38875
78085 90887
98619 99474
18524 87043
66700 81201
46747 51911
50376 84392
68697 73935
72023 72407
28920 56252
74423 77668
41283 90226
36907 97228
44311 95780
8573 60608
669 68261
22325 83820
1233 17220
49492 82361
34902 51988
80244 86471
24519 66311
51483 55022
72736 85146
20781 90346
14800 99677
85378 99192
17799 99063
58793 95697
64577 98999
79971 81036
44412 50078
81378 82749
34809 70379
85804 94853
37070 54746
79095 86131
61366 66541
55553 98845
56635 79663
66734 83472
13917 31554
62762 82449
98597 99890
57469 60228
48080 83409
57555 84624
775 86768
71321 79132
56691 67773
75976 97205
60907 71111
56783 71444
61057 72925
99199 99649
94180 98477
41673 76006
27241 41859
26258 41150
35486 85341
41317 86678
42955 66305
2788 76070
95126 98809
62140 89207
31043 50883
15845 69180
90172 90732
9417 57795
16698 98647
5212 20716
15599 95714
78394 85785
117 61302
77975 81878
24531 25148
26520 35013
29631 38899
41772 56342
4117 18711
46561 47730
98474 98985
73566 80514
2515 83032
76002 87435
68828 88449
43457 62150
45451 85235
12111 58915
70121 87748
57678 68575
77011 91680
74929 90574
58162 81823
30250 82778
24659 36521
60197 83004
14400 90927
62293 72797
4093 90494
95815 98174
50309 75609
92172 97969
13980 15692
24934 33401
52709 57222
36487 74955
44236 83993
37367 88227
45348 77269
50237 51442
86013 87995
41747 58015
78514 94516
84519 97386
82472 87090
20986 78391
48927 69958
83325 89812
73422 78688
60718 78957
62329 81993
94527 95545
49680 64711
65678 79142
24106 41840
62480 92801
70849 74329
91194 99842
44890 89936
88036 91625
29211 43755
31311 53390
13161 34211
65698 93335
30135 90799
21392 94666
21608 22504
24923 27803
73244 95172
11085 79218
86067 96548
85664 97633
10939 59054
92473 92541
77622 91859
20090 79609
87315 96298
99031 99339
76106 92410
41524 56971
89844 94124
22443 22622
88691 94233
9974 60588
94596 96716
16710 53680
22356 69631
52940 71258
40931 63622
3080 84219
98505 98641
95978 97834
10947 22887
70493 91248
17940 90683
87053 94401
45407 72803
82450 86096
45367 93789
17895 59698
16774 81254
53245 56888
27798 53000
99755 99960
67885 92394
58473 81916
13249 13361
98819 99526
24330 76722
52546 65103
60209 65406
49525 67039
74284 83805
30380 56379
69377 70909
82309 88017
89675 93972
96432 98826
31495 94157
99869 99984
50925 55206
77151 97162
76344 98292
55225 91659
41037 54647
32446 59514
13202 40728
7839 59598
22779 38514
61537 68904
52586 71195
93319 94891
73519 80470
78067 84861
96824 99669
63621 68164
34894 66302
18119 89080
1350 68645
62275 71223
9467 67600
83148 90201
243 69248
99973 99989
30578 42298
61937 65160
98542 99277
80709 84652
92156 93791
92181 95623
94278 96591
3745 94307
35332 82487
61056 86695
5000 56995
46906 86884
25886 88356
54776 62638
64347 96760
7721 93366
3530 88692
47954 85128
34886 43368
48518 82597
80101 99411
23971 97026
79072 95848
10971 86940
60714 88033
14913 72688
49362 66484
29338 68325
6198 19912
98210 98990
16373 34690
82554 82710
25088 51206
49269 98073
91589 98745
21930 64422
9051 20311
23883 63170
66409 77179
64838 78844
82866 91237
99897 99959
28084 68333
45782 81860
6315 61579
90155 94807
65654 79592
24179 47962
28824 64022
73546 92427
3311 67872
40974 90602
16465 96698
78564 99880
98085 99131
73257 74611
51064 84846
1906 15345
84367 92649
19233 63938
65358 69227
63659 85972
9457 25421
88020 89393
22553 26160
24378 51556
61533 90827
62707 64412
66672 92102
53064 65970
99612 99798
11899 73328
14906 56953
37825 63841
78082 83678
39388 66630
38995 61145
62772 83825
46380 80068
12458 34919
50803 92866
2832 26716
12348 50313
7315 59115
37295 39425
43314 85265
49210 83697
99013 99795
21001 45784
54061 85509
24243 87563
37943 93909
78514 96381
1557 22150
80378 91976
73669 97543
43890 81890
17234 42502
50676 99690
45704 62688
55496 64620
25714 62213
34368 41420
61727 79139
97754 99848
16462 30913
27235 36193
12858 66067
63162 97003
35866 88239
82900 92557
24567 51421
60510 95271
52305 72268
55315 94852
18750 60776
63676 76696
88415 98991
72492 86857
80109 95346
12422 44110
24486 86202
36348 46070
13552 66227
66047 78733
99395 99587
61331 78516
13206 81558
37647 58202
85339 93980
19526 82589
71032 88406
65786 67336
79435 83114
39629 70947
965 6337
81266 82014
41268 62827
67591 86403
36650 74107
30552 70255
66058 88345
5131 49833
52325 83307
87095 88101
10652 49252
51735 82508
57597 81646
28559 64206
20912 44777
23093 64544
53015 59093
93211 94595
70015 97817
10163 85064
58776 93558
1683 83588
62480 73375
12840 34983
66363 83475
70086 73452
82175 88266
67132 72812
7595 92738
23506 96405
6942 78851
5293 39257
47511 57010
34322 68094
16082 94372
15768 25994
29513 95053
63923 97009
7406 96430
48786 60016
26466 87262
21563 57157
24466 76486
35417 59977
23642 32296
90061 98364
24488 40472
13439 48127
76281 87778
62153 62255
60117 88885
32546 98914
19313 89436
40558 54003
37054 51882
34502 89742
47547 99633
56722 82333
92059 99670
55723 62159
75735 88532
21145 21766
46614 51330
13749 88343
65347 86363
69903 93098
98254 98868
47791 59704
62416 78799
10242 54528
53879 54073
83304 87347
33247 78272
11056 17218
12156 80356
58202 65167
7129 16717
17813 68735
81059 91078
78961 79602
9925 85320
30831 91618
74874 79662
54962 74149
19326 99750
36742 82757
39930 97080
27538 36394
79187 95174
88703 94401
84495 92324
26214 62271
95801 96578
79893 88150
47456 97294
94108 95565
34471 44899
3761 87192
21904 38023
84453 98918
56998 71846
27342 41170
62833 96817
85204 99868
46584 71171
54867 74833
56972 82638
28071 79475
5922 14672
55401 82032
90712 95443
53448 75584
43271 90589
7855 33522
63691 82976
44381 97459
63072 93548
34428 65575
15426 93155
20633 49067
83023 91581
69508 83540
73568 96558
89994 95134
85381 89638
41010 57670
86298 97336
97058 98627
43210 69751
87284 95977
59530 68261
43404 85478
97965 98081
80651 86841
31246 69811
24795 29544
79447 96425
11186 72939
2256 42503
33318 99564
38388 75125
53852 63642
96226 99851
52965 57981
10086 72976
21251 34667
22163 58294
37646 68380
14018 53783
4013 49134
4766 34574
48163 59010
81911 86727
14648 76282
47017 49934
29997 98649
31483 54351
23471 47423
61022 70514
81789 95362
74739 94192
42052 88247
89565 91788
28197 43939
81166 99623
51506 57864
33525 38318
76063 90632
43432 50485
57650 92031
73974 95255
87751 93212
90441 92328
65336 71331
34892 68769
13369 22981
49031 75997
79309 80654
26292 64602
88983 95432
34022 73417
5247 45303
49291 87182
56402 67100
77292 77923
58017 83168
3353 93408
19233 93331
7210 88237
24077 34371
30449 95375
24023 80480
34647 38946
80592 91083
45615 84375
47100 97578
19333 64768
81105 92758
20644 76956
84763 94695
9464 41348
99661 99678
39501 59557
66348 82486
23298 85709
49962 65801
236 42392
55140 77649
52120 57174
56327 56934
55655 92019
23661 47582
17139 76502
37711 96876
14401 68865
45723 51312
66366 89222
66804 98990
92207 94820
26373 95165
10301 51983
35791 95439
6497 29704
92264 94664
53690 68024
58737 75103
73049 77172
12924 28923
15191 33190
79725 84275
31502 63924
74055 77269
8512 94396
79156 80402
24815 82671
27088 75794
2463 67556
77216 81616
23506 82921
89088 99931
34461 64622
91282 97363
62385 85957
10201 48049
51352 57390
65545 76204
93661 95141
30130 84937
18846 20476
498 30558
68887 92744
88531 96775
63981 70279
94261 95286
59169 84216
41706 81595
28212 70820
21743 49156
91290 94005
73067 81240
97052 98406
89577 95266
89096 96874
19591 52596
91160 99115
61863 80248
91494 92747
53592 88165
72484 89523
22195 47585
48983 93947
47461 58417
51477 59502
25673 75888
41458 73086
9635 97540
57454 84760
50771 96795
68931 97435
35760 78173
79689 83347
6424 93754
86824 87312
51749 70978
1497 13077
27883 63123
11031 97805
36238 45771
39979 61251
96954 98654
2876 69736
81397 92346
8006 43399
17398 59780
37810 79526
50243 63788
3242 95789
86551 90423
57541 68907
41386 61923
38967 72301
58234 99940
2066 50294
89540 93243
8479 61240
75114 98601
34818 73730
9449 42544
85395 85547
35362 44562
21431 87560
64721 80165
27611 45046
58476 61610
69794 89336
42568 91554
63690 99813
43458 61633
50190 97465
5497 40434
52823 57411
86952 96778
6020 64075
88011 94578
5390 11648
86126 88445
5498 67556
77071 97632
99545 99652
49777 61350
33083 73740
57608 95714
2597 59715
75642 97847
44034 84410
14763 90549
84495 97005
29309 69732
87183 90328
18854 92933
43120 49288
19029 67717
60803 99080
33746 94202
76374 99168
81267 97739
45782 75424
93038 93196
83402 89983
26720 83013
85653 92657
23012 39656
32486 93290
23373 92077
13029 55506
26154 65967
37385 59140
10312 65396
89388 96085
8725 59285
40392 76625
83678 85394
58943 85134
41487 86656
70061 96364
9619 28702
72157 92451
67722 73987
57445 63001
53963 72108
76939 96731
19767 73727
13919 45828
5531 61102
34756 81086
9752 18759
50156 95203
52553 80402
15180 99301
86023 93496
55724 79396
47351 87474
95751 97817
63807 99602
78680 94123
97491 99642
4578 72704
87360 97287
57623 98612
23574 62331
64675 92563
3483 82107
17674 40403
21199 48879
52767 84221
13535 17292
12346 16580
3188 58939
79805 84828
52040 78597
52590 56691
95731 97191
40386 50339
28497 70679
5912 47004
27756 79011
24785 80279
55667 67494
60986 91728
11718 89836
6027 93428
86351 94235
45962 46301
96933 98892
6780 12427
71137 75774
96686 96763
61986 91410
7171 65538
93128 96624
77196 80355
1994 37567
75752 94941
44034 53284
75462 84851
84229 85350
3392 43838
62338 71326
45517 59079
89982 95055
6660 18952
14742 39128
1298 13467
36923 68088
54263 71044
11935 72393
95548 98465
83804 97479
85563 91744
74032 99672
20385 99068
31406 34489
20843 55307
81952 93488
4193 23222
96062 99176
39966 86892
6590 86478
9266 91230
25806 30364
21289 40868
3506 38476
95484 98689
32413 95709
9446 62233
85969 97781
64953 81581
17945 29253
38250 93507
28391 93291
76676 76863
36627 76957
14680 30433
96862 97846
42450 84616
85897 96491
67710 72853
6759 50490
32944 70146
2021 5377
72591 78416
28049 55463
44723 54311
7529 31701
56322 66452
14617 51980
92749 93116
99764 99823
13915 80307
74836 80558
19162 20455
97149 99460
95744 96160
60734 81114
36149 67710
13325 50588
83039 84145
4294 87558
87614 97155
41721 71126
29442 35502
15260 79063
88523 91123
39990 69691
98941 99994
5867 41985
91790 95319
16218 22568
18809 22319
23905 81806
58353 75289
8702 19797
64049 96258
93239 95869
97459 98000
92057 95885
655 3460
27579 70685
74010 75940
59119 61711
78898 96289
75958 93657
5368 80444
27118 43533
14337 58931
47213 90505
89470 96158
59644 69256
89613 94911
40394 42607
58166 72909
3825 80955
72629 77272
94332 99252
14217 28097
43574 57031
41894 53567
58875 90836
34419 48122
63109 87307
57569 93526
7598 43191
61915 77823
38448 62950
51751 87040
85009 92691
5219 84841
7230 24118
14951 95861
83326 92218
33083 78383
22790 97489
45100 67213
94454 95978
65073 97553
85601 97020
46524 58508
29460 92455
2249 26182
47766 75232
57412 93281
9035 51122
18546 51186
28610 91504
45124 69175
10578 13348
6643 29148
41599 99551
84668 88755
21560 52852
452 53059
92865 95113
339 73638
88068 93355
14956 71546
78850 96309
61022 87680
68938 88098
45129 77394
4103 19339
10512 26839
19167 89893
75961 92070
43336 92520
6637 28075
59178 66231
56946 91030
75931 90097
34905 57262
9453 40191
65421 99657
88223 91481
99487 99940
96340 97097
22132 57805
27003 89229
12572 46910
42994 46992
39627 64938
8889 10361
56600 80130
91885 95021
84378 91453
77911 95588
24303 80112
37282 95601
25202 63910
26730 26949
17997 36419
26210 45077
33202 49415
29980 41619
88854 95137
4454 70242
21099 44127
8655 66398
57376 78392
31508 97831
3497 9129
61527 79788
57840 61582
47807 65717
77398 77484
88705 96427
54222 86888
84643 96475
31195 52300
36447 67387
17032 40528
14636 32108
10046 46728
42001 46698
6696 53623
42941 97051
28331 68299
34832 53641
26297 92955
26089 89525
14151 74120
70956 91502
16299 72313
44507 70693
64748 76051
13032 79971
4733 40015
85681 89235
14975 69462
7535 82061
48932 60466
73934 79403
81765 92556
50611 52821
88711 99599
2509 50032
80574 93279
90120 92170
84834 91936
62894 93173
73427 94265
83000 89636
60427 88974
80408 94198
5131 8849
85570 89892
91702 97264
74227 84070
40323 93968
73822 75312
6151 79382
80899 83600
17843 85099
42203 43678
10459 45760
741 13008
65645 67260
4163 97253
47522 98493
25107 55576
45828 98312
68941 90572
1210 14632
86220 88099
83771 97432
49085 90721
69913 90272
2522 81976
94119 99221
37677 44590
36773 45466
6515 42505
37828 78345
2699 70786
8292 16843
86109 93860
41827 50514
81049 89203
83791 93511
96611 99764
72839 90534
69692 79381
39289 76049
23027 56852
72126 95882
69082 71211
50901 56859
15100 78530
69065 69342
82321 91335
10093 43691
99345 99871
94385 96675
18629 95060
4617 19153
35545 46131
63640 69252
39487 60218
85785 94082
68601 86292
50887 51811
48642 68251
30589 51927
23686 46365
52452 65674
48501 66446
19057 39337
24630 76972
71650 76423
70688 76964
66402 88190
19279 43062
10703 49151
98879 99084
28417 85728
54075 72840
89316 90206
17482 80992
7348 26325
96739 99728
54200 89107
5664 74484
23701 24457
67947 95445
59913 80155
7907 90753
1185 36989
59483 69399
80626 95792
69854 88050
52430 62661
70204 71539
11531 94212
57246 87560
84466 96155
39535 85902
75491 88552
47947 86023
76995 97371
3818 41005
8792 79130
93527 99902
24096 82838
88170 94680
82010 88345
52753 84169
46960 93559
68355 71150
86791 89761
13035 15148
69263 73341
96015 99325
50510 54935
67663 84287
14908 55750
37859 66588
27020 74655
50297 64892
85001 94626
49402 55896
4591 90104
87053 87880
31069 59995
50920 59291
61137 72536
13475 41088
1714 54874
59756 96588
89178 94933
53571 97000
39345 44550
40429 96556
65748 85150
25523 40147
4572 28576
92791 97009
34510 92793
59414 65947
53334 72422
54302 85707
8388 81348
29214 55746
36569 59181
39293 73740
46220 95823
97003 99627
72870 79124
36406 99715
40334 56153
5896 53232
89502 89836
18683 85212
85076 95319
63531 85499
25701 59089
90208 91765
43288 60755
93960 96981
5427 13057
1898 5107
60305 88017
42720 61568
21243 34555
94491 98451
91966 92055
42812 75755
88782 92432
37497 61689
24418 72691
30967 42882
94995 97980
96042 96561
51694 68210
69325 79920
26512 98449
25754 75892
6506 91902
83601 86045
55126 63445
84421 90045
59673 89657
47104 79473
87868 93675
74837 75919
18609 69354
82215 87157
19721 54051
87201 92823
56323 96276
97533 97839
10361 77368
33751 69604
16759 50376
18725 95474
23846 44860
25506 89075
96904 97847
60438 96726
24219 77434
87653 93301
35572 95461
59379 66922
72998 79414
47168 90507
57996 77064
72609 93151
70528 75374
81145 88909
29072 61468
98771 99471
73616 83231
14730 22384
83598 90565
86775 92087
63743 98779
20869 55866
78715 93435
55437 91698
12282 22018
62256 89487
49579 85777
67583 79093
67268 98319
67383 80030
84631 95163
32020 59255
8934 47366
75178 79002
71262 90535
46560 94519
21843 83944
61193 83174
79046 85230
72726 90918
18884 83051
62147 89202
80258 88147
40872 98419
51857 59779
77970 78985
88141 93240
96040 98063
93678 99079
93283 99646
36347 83101
4261 70548
60005 67159
37615 54174
41843 67401
48051 75144
24401 74497
70547 78435
54345 60192
35063 99432
58327 61493
70937 89047
1809 22739
64562 90083
5010 61221
52228 53829
15498 47486
11463 21329
10177 30567
21015 49953
80340 91060
22871 94449
59505 71357
1645 29247
80732 98086
43491 97683
13351 58026
15909 45225
63662 94130
90038 96085
59905 74869
41998 71268
73717 76558
72060 75261
50227 62623
39328 64222
55670 91944
61752 66952
27876 41708
31282 67850
41331 92746
84608 98358
77139 98618
66651 73546
25096 94650
17755 44930
31607 91443
51609 90295
63655 99931
6964 97117
91633 99401
54495 58031
45770 91205
99647 99705
2983 21296
66014 88616
91827 92304
45253 91165
42279 61830
13178 29904
50423 55558
70527 79586
33876 44406
62059 89045
52858 95398
32261 85060
1260 10644
2117 59370
54192 67878
73126 77468
10986 66062
55673 56153
94927 96527
42812 62894
93055 97562
15899 49179
93709 93919
97840 99278
44014 72542
60540 79816
50854 67577
33424 95825
35113 96113
54481 94021
52367 99815
86060 87280
80183 90171
69631 75616
8741 59483
17872 52627
12820 33640
51988 79798
37189 84001
1776 57868
68839 95758
18233 92370
63987 66706
53694 75581
23622 53291
86596 90364
93425 96779
79192 96227
35222 76249
69300 74318
33197 48815
57107 93611
65999 81398
78314 80467
32002 94580
47933 84307
51986 90048
95700 96136
85492 94337
99383 99657
26599 68865
96195 97204
1497 8634
13708 62544
56352 90132
80981 81941
7711 60289
52902 57995
280 23347
34551 49752
6973 79918
2478 20866
47305 99919
56821 69698
23941 77449
13023 94327
81891 85931
25424 54255
82654 92102
69222 70686
20218 70142
67908 98403
74436 83590
38239 39672
80637 81450
32160 95023
28859 54721
55447 89297
16084 93477
51707 79811
62726 98089
65177 76157
38005 79634
95766 97292
21496 81577
74194 82104
27793 81331
4369 11035
3370 27870
35263 58319
7814 95226
99947 99950
80998 98726
26664 84243
22725 78605
51198 67045
53042 96105
4330 74063
76810 87218
61263 86701
99065 99221
23884 57437
5181 64014
70033 97241
94764 97868
25919 99590
88356 92825
69232 74385
81997 90240
58919 60097
39520 99155
46802 73844
36635 76897
63898 66030
75070 92437
3390 20151
57082 70940
91154 96613
35711 41875
88031 95893
79258 90913
76798 81097
28091 91171
44798 92793
56557 69256
7517 10945
25805 49723
8232 45689
98083 99758
84844 99763
5258 6761
28089 66805
9164 27162
99627 99693
17045 98226
10159 23781
4985 50739
55840 92047
45576 90562
46455 69935
53159 55138
36112 81836
86921 99280
69202 93395
17574 52085
25737 96493
55259 60103
6096 61270
92728 93514
58460 60111
71853 86114
681 71502
65938 86278
81188 81789
94982 98628
43407 64735
2670 77152
80647 97557
71383 72120
35503 69401
13133 97946
94575 99516
30390 68406
99101 99224
41350 65423
93443 95888
32518 74299
10747 48220
70456 78432
89513 93610
4919 29519
10860 35058
91398 95031
39757 41836
97285 97613
2970 66555
43026 96497
1715 82638
35285 70558
95952 96944
91651 92300
42007 60516
9049 57483
73168 78670
71951 86958
92108 92552
92755 93315
14497 16605
89680 91125
84739 94046
84208 87247
31034 38254
89605 96540
8783 61420
87095 92853
56005 95576
88278 91652
9933 25975
65438 80632
97528 99912
10795 81283
30623 36268
76144 85209
22381 35297
56166 95255
21517 23507
32890 64683
13069 38029
12902 75910
87413 95026
88152 93342
97080 97950
34214 75074
70000 70251
62894 67385
99336 99680
41286 99606
67845 69470
56537 84276
37103 67737
22853 50205
67150 87870
74981 96187
64784 78232
97697 99252
18961 95553
35396 45394
23988 25710
45334 90444
20396 78252
53757 77243
72105 93363
23874 67519
6208 74736
58302 63475
3898 88549
36954 80377
72580 93223
34631 62494
51988 78880
85718 95201
56661 82910
56817 68710
31149 83481
93012 98886
18344 92665
98475 98619
45400 85675
76423 97419
61959 89928
23678 79362
8919 61972
13119 57476
98887 99341
57897 84360
34970 91609
87293 96223
6138 30094
95813 98051
6217 56120
63952 95422
98216 98940
67790 71734
74517 97993
56199 66323
17037 55217
91270 94540
54185 59534
67107 68684
39621 58911
61054 99774
91340 94913
11026 35477
31754 34248
74297 98724
76652 88809
46069 49899
18877 25630
24497 58725
18984 27264
98032 98391
4848 18467
36855 75794
67350 81800
65376 80025
37146 89470
10074 89661
41345 98676
58862 94120
95963 96763
74540 89240
48672 82560
74177 87237
34867 79628
22062 76354
18693 65013
83431 92844
84138 94640
14803 76394
35486 63162
53996 70915
5927 41896
3899 48398
7436 74961
93939 98024
34027 95073
58183 88654
82502 99541
36124 39770
46084 68148
27634 75831
43648 53512
78901 97622
35004 98026
77196 78175
75809 83951
60837 65645
37972 80178
64065 90111
22038 41163
5393 72291
76088 95691
971 80701
38364 80278
65758 75909
39628 99031
31589 32234
46306 60859
37688 89899
23646 38347
65629 82698
63475 74398
54411 80727
91447 98915
55583 74570
36946 50807
82942 89569
11206 44302
36042 41141
23243 67249
35208 54123
98207 99906
97403 98456
67738 77481
94386 97882
32014 98203
40170 72257
17547 63371
14186 19198
34899 69747
81666 85470
80011 80355
42267 50704
78501 86384
9014 17278
57486 88645
11349 76675
54133 73513
58009 58917
85402 87016
8525 45211
19783 68218
8769 50188
67040 88398
66797 85484
75233 91533
50218 69601
9423 21661
87250 95961
90997 98357
78518 93323
72521 86837
49420 80086
5709 82928
48999 84369
1328 89306
98091 99489
88297 99321
72274 85030
4208 57862
13683 79853
11940 45322
5324 49212
65728 87875
53342 81566
9248 13880
32460 57788
22463 57696
29409 74259
55055 58022
27448 74497
50583 95281
66156 68073
26141 53809
61624 92309
52673 83850
50547 82272
26450 44768
73603 92755
74559 99916
90353 97032
20517 40848
3739 23736
86753 96263
68633 70098
5850 75863
63869 81049
25989 78284
86011 96108
83517 88895
15690 95003
35727 80518
22369 68741
2858 24496
91535 96029
61461 84156
94675 97813
15388 85282
65049 66423
56830 64260
23971 25607
34741 83868
50447 94799
5409 87855
31296 84547
42019 90672
42502 79710
7709 13916
14871 74035
21280 37380
66144 74203
40626 80109
48668 60797
39859 93979
11797 93887
90124 98616
7560 14897
49746 82692
97813 99240
20236 51810
94718 94943
84065 93604
26602 79976
51755 56435
71364 72160
93672 93847
37075 88078
78539 91215
62686 69546
76548 99332
14853 31641
43101 66781
11230 38422
89876 97911
61719 75082
92143 95101
45129 96149
32490 91172
43972 52171
33542 76911
89159 89292
1147 40505
36530 61421
91906 94235
95253 97166
87204 92544
93103 93348
94936 98059
25088 56217
26983 67332
55890 95986
76463 87611
50375 71974
33162 48230
65610 87615
70868 70873
33309 63283
66124 80635
66102 97592
23487 64558
51263 98054
10780 37556
82274 86499
54696 61754
3744 70975
87593 89927
5518 79017
79840 84081
7970 49569
80512 95964
85536 89666
91765 98895
17436 38346
51195 82382
13939 89463
22917 49234
83072 84250
18683 41954
27258 74320
33202 73824
1831 78685
66634 83460
72064 99902
46470 90523
79015 80751
10011 98929
11715 20477
16785 63299
86413 88844
39113 52939
38309 73796
51962 79487
79637 96580
30754 33100
94152 97544
82100 96562
75324 87204
87557 92139
69349 79363
50749 60583
51779 63983
34367 77345
86692 99592
84687 97786
69414 97762
10115 78494
10648 46096
22306 72986
47783 80489
4348 70884
52757 66942
34774 47954
64771 94223
81133 82009
