2459 146597
50879 58296
86303 90200
8158 16336
50258 88452
14385 55482
33914 60611
96670 98269
32519 99632
73252 74832
96068 99794
40870 65899
68795 81636
26380 54581
36774 57730
24134 77277
55443 78784
8070 91038
2111 87433
82981 84845
4896 5805
48219 62256
37462 79430
50490 93864
62759 68194
54334 58623
11120 44006
9342 54980
69581 99957
91548 97881
21540 54979
33 20064
33234 84751
94290 96204
31992 47447
70093 92615
43908 57606
51122 81867
17851 84942
29531 64675
61901 86917
46019 50806
81056 85032
48494 61587
893 55308
74939 80737
28506 29004
28145 81724
66886 73663
668 1626
66040 82592
67770 90513
32794 88693
44170 93504
437 10193
3276 87107
34996 55128
50919 83619
75994 79307
13931 66459
27049 68179
65372 72859
83493 85592
87480 95940
60595 66772
48758 94125
83970 95772
89592 89814
88681 98213
25596 47863
88575 93194
93145 93453
59430 76055
21965 80019
13518 27741
24853 96618
94597 98885
10927 60281
92310 95903
92284 93394
15564 71962
7092 32056
85809 99108
95789 98113
57198 67994
78263 79735
11099 59015
97187 98124
9689 38111
19606 46764
97685 98355
50433 71149
7152 95756
94690 98113
31604 61834
13606 70410
92048 95292
65198 69304
79183 99226
18277 19953
32808 55833
37807 89976
85609 86318
70464 72559
60878 68099
55368 65787
37479 40204
90571 95621
79900 87189
99308 99849
20642 56383
38185 54509
90738 92386
31466 72802
90295 99667
54615 68006
97226 98377
46366 85460
83863 94513
16527 50499
91231 99587
73889 75277
36370 98411
91965 97990
33838 60948
4755 98325
73859 95560
66940 79518
66265 67295
70417 98391
76550 97739
39639 80052
71300 95702
15399 73088
85894 99568
18372 60590
27242 46986
23273 84517
31902 46124
80171 90624
3274 7745
46906 85245
46594 87343
78564 92209
55502 72646
45643 83654
27115 54535
82144 85924
43267 51142
53191 96894
99465 99790
29627 94249
39921 49342
74536 75704
9684 32875
59359 91868
74362 94799
2983 24022
87589 98126
43479 71917
53547 69620
27239 33117
76347 80050
74289 79395
15082 97321
85537 88697
22664 88103
64060 91528
84269 94580
10471 77053
1605 12206
23335 64954
31351 47990
41503 64421
35965 82329
61208 74241
20511 41282
66098 84617
27771 79638
84924 92330
68284 95262
48161 67920
89472 93754
69435 79486
48684 58770
59564 82731
39520 47613
89373 97792
66897 77756
36294 91321
89641 93939
83538 98074
80720 92642
86880 94783
46813 63140
88357 91539
58003 86161
56300 62193
40311 79077
71739 93949
56628 62467
61984 84874
88483 97153
58182 60257
92654 99539
94487 98915
86011 88273
82400 93072
5913 95388
73253 97069
25448 98965
29840 68229
69023 87007
35675 85464
91681 97671
34364 50388
25962 42737
36372 41429
54161 75091
74163 83861
89342 98772
63041 68503
89083 90673
55400 90735
7904 19538
76524 95193
38934 89535
59084 87988
86997 94041
96613 99671
50037 82937
78403 98668
44712 89603
68821 95752
24738 59471
87440 93181
52572 81221
7062 86691
66419 95525
58098 98377
65992 92146
18297 34843
30376 86103
92874 92950
11204 35908
37904 53894
13514 98769
56199 66969
99700 99959
33710 61398
19033 64888
4194 41876
33115 34220
88190 89213
61419 98702
76514 84272
42695 70990
5892 19184
53500 87262
4456 57240
40828 57519
86463 91596
81001 83395
12696 54013
86534 96516
5712 16710
48624 71719
65940 95775
77439 85563
68487 78299
36119 89226
9719 92783
91894 93864
53707 68173
33947 43954
43711 52598
77818 97706
63487 92184
67451 79491
54853 91578
24463 97921
31317 41538
36523 78296
80780 95796
39325 54645
11016 14156
72717 87336
98339 99729
13069 66701
82868 88612
9911 47216
32760 83774
98371 98796
36742 51548
43891 87792
58916 80343
48802 95951
38398 53729
95740 95910
90081 90379
14514 28151
59284 62656
46515 69429
84762 95024
55056 96289
90302 99225
31274 46172
99280 99979
90950 93383
98399 99769
94936 96428
34707 84925
35443 57733
52795 91067
8607 83435
52397 86605
48084 84946
73810 78760
19780 62273
22892 66085
88720 89309
17391 56199
46179 71005
19779 29568
65806 85982
43689 86767
48152 68778
63530 92216
18002 27327
63469 79201
42427 44747
74427 74871
48145 73188
75137 91971
74660 91638
11173 47002
74126 77169
66665 96658
60081 87908
28293 94726
82096 98217
8780 36880
4728 82989
75060 90438
78057 93311
9697 39162
30653 50073
84575 97944
26419 88413
79458 87146
25739 82519
78231 79237
78314 97881
18457 26684
96702 98014
79298 83979
18888 37696
67117 74715
27860 65137
5526 81628
48077 86961
78211 90267
28387 69400
50544 95678
14075 22928
94209 99685
67957 76912
26671 52975
33254 70623
10298 72294
26158 80929
90548 92157
58729 80178
39430 98924
45690 80198
83049 90316
4428 73458
82317 93036
58759 71577
6858 11894
58641 78029
71285 83258
66540 76890
93362 95505
53113 75734
83736 97724
40101 80715
73249 86843
48663 81004
73973 75341
35115 53860
77096 96770
37187 82412
61057 82396
47327 69432
26723 35420
72945 75477
47203 91015
8244 45083
44422 64669
56037 61564
44626 50563
43117 48326
49004 50840
63618 88388
21508 51197
51716 81739
31625 51174
11967 71521
4181 31074
73599 83330
79435 94702
46003 60990
72301 93090
72565 90839
276 78435
83903 87125
76193 95346
64256 92300
84808 86224
19232 55463
82 26331
54335 62674
72968 88692
86448 95127
39738 89849
67660 82664
59719 63270
77673 88823
54234 61355
79074 79842
67543 91045
91656 96107
95730 98104
78715 83114
70142 91408
66996 81271
96421 98111
93982 95901
45736 92027
78554 92206
62605 94557
17626 57889
92656 99204
94523 99332
16903 48937
40878 57481
71113 98074
46971 53778
87645 91782
94929 95926
16890 37575
97834 99752
16240 44236
45532 69539
51808 56740
46281 95399
52000 82377
75905 79231
86333 95219
38782 81129
96127 99091
2738 13564
20010 85966
19325 77132
10706 90853
62559 63182
13464 76238
35007 72558
4838 38108
70153 79428
15308 94043
70095 70415
74606 83273
64742 92149
88821 91169
45909 78670
99362 99510
36439 53261
92521 93869
50933 97472
42906 96801
1726 99055
24940 90748
94384 94597
80865 97653
68883 88303
85334 95816
23659 47518
51912 75654
95043 95149
37282 89407
51853 82346
70043 81231
44687 92349
11070 48456
6924 22864
55850 62574
35267 40072
12711 62425
78254 90996
49739 56507
7413 24502
98392 99738
29504 31028
35109 77794
19762 19781
30816 42129
63703 93653
57805 98241
52580 80570
53856 92162
10495 57133
7854 18629
28891 70445
56367 75921
58291 88970
12851 30309
36018 72323
77285 94017
78302 83879
94482 95062
55398 89759
9607 95116
67594 74621
61164 61286
25358 95253
49302 52665
46906 98307
71627 97462
30162 32242
77100 97152
180 4274
55987 97284
37875 84737
35680 60836
45783 75833
53781 55371
75863 89620
36470 45663
68359 73663
73592 79412
73759 81926
68451 74232
4949 50045
38459 47369
96205 96978
64864 92131
79548 95121
28619 98302
64805 97265
91004 92825
31730 50429
88153 93159
70538 94721
24262 60607
5012 75727
63679 66609
69010 82286
40763 61808
90300 98330
67339 79772
14869 37132
5126 88906
38578 83744
37910 55206
31636 91993
49803 57861
96637 98093
47661 57844
95167 95798
31214 89818
65833 77265
74713 94218
70195 81690
49624 98243
39275 40429
78166 92138
22831 63115
40973 55838
87935 92377
60703 95939
71967 73389
69153 80655
12391 97124
48242 92112
64881 68445
20979 25738
58716 99432
55013 56076
96422 97326
748 65121
23748 56901
27176 47708
34743 49842
5968 53640
78704 95458
79245 99293
68103 82139
84735 96722
23907 95565
38651 52139
48308 90004
31370 77633
33396 89212
95075 98462
27619 65216
19189 82175
265 84230
32801 85806
8146 38280
46360 63214
40023 70333
47323 99592
43987 46271
71546 77287
26190 41887
47660 89293
95386 98195
78726 92566
46869 69830
25248 25630
78969 99943
68996 84013
70302 97642
88721 90841
31314 42179
61601 90888
24363 76865
35534 38960
87540 98276
35670 75740
68877 79085
21268 56462
1152 19735
86478 95001
12125 62362
99762 99803
40775 42047
41806 98360
18796 51511
72367 84984
83472 96650
23503 70928
44185 47594
42074 51656
7326 75911
91081 94231
94075 99954
24384 69693
91412 95256
64017 73818
63676 88157
407 12644
88992 96209
32417 50410
32219 96836
34916 82336
71587 76804
28824 64682
48194 74375
59865 63784
68914 77914
10639 24326
54598 83537
55878 95401
23411 68259
8396 73386
74378 96970
65177 68235
49832 60631
25601 35877
48232 54740
30274 78927
8344 64435
10610 11230
92591 95366
96007 98096
27001 68099
83082 87684
91356 96003
35137 99314
95947 99170
3991 61964
51539 59696
83219 86457
81449 83436
15699 42152
97475 98802
57796 97637
86219 91008
9893 40540
92029 98717
35940 50994
83519 99210
4608 59004
46830 58915
87249 87429
86838 88943
13888 82723
44921 68868
57199 70647
86698 90387
60084 60572
68000 98593
62712 71370
83544 99194
43057 78325
77423 92788
28709 94519
76124 87701
63211 77110
51418 52957
42857 86939
21841 74788
85377 86244
81368 90512
20110 24859
49417 61632
75503 83502
55858 91790
36143 64716
40987 52183
43658 47146
15854 61884
41059 63944
41977 98773
71014 92317
9007 42177
22665 40935
53264 75948
41694 54643
97946 98488
48692 62210
76628 82656
64637 65898
58476 59956
18061 22797
48447 99903
18749 22299
13239 54571
94582 94852
42750 47904
85064 96507
5248 92467
34384 65993
48960 97426
76802 96700
54668 80964
35138 95047
42721 76237
82040 97478
27543 79960
32800 87220
94796 97006
70093 88931
88709 98257
62826 90331
94496 95714
49391 65174
70842 95088
32762 43980
69255 77314
24780 32862
76825 89402
26670 75782
44487 69052
62307 77667
60411 82413
67609 94260
45624 92353
72253 73948
5618 82731
56929 66714
61704 84443
73171 77942
6523 91866
57926 68819
3763 68002
22342 67876
17233 31165
3369 95635
11621 38844
24980 76822
5380 33383
10373 78209
76026 86382
1595 72688
90837 97583
20204 90645
51115 84623
80192 91166
43623 71086
78113 86198
58252 67051
15466 72628
74860 84705
50066 71519
21285 95808
85993 98165
84444 92276
65246 71517
94726 95544
58988 70152
2403 22566
58839 95589
58542 93851
79293 99503
22201 51320
3436 80099
84363 85519
73934 77201
59229 80854
4012 61261
18311 87393
26481 49683
62122 65503
91617 94084
5301 79229
96963 98310
52913 95092
64891 82249
65361 87311
97520 99173
16820 46766
15901 44850
49125 70578
21326 97045
63398 66739
28197 54815
17202 55715
52000 74330
28399 78681
6082 34479
94748 97319
54381 70786
85468 96525
77320 90387
98655 99363
11167 21394
61458 92739
58533 64630
27489 41475
83630 91099
26530 96789
54490 97980
52973 86533
4843 96167
18562 24692
40473 98423
79561 98469
6882 61381
47137 92896
51405 64847
11205 45413
62173 96849
38479 48277
72817 90268
95554 98791
88238 93227
89258 98755
92602 94697
64749 72937
17727 90643
88356 97241
63375 98262
29561 58261
48650 67085
3117 34851
16086 87680
30213 53907
43001 67093
16742 27922
40434 58605
76366 83756
59560 80197
4273 78996
11892 64485
6003 44287
79917 97411
22516 28322
66316 85014
54404 86274
62125 99041
4235 91502
4988 33769
4432 92945
5978 36611
71390 98836
74891 92244
47681 83233
55948 89754
72880 94446
58509 93127
59586 90368
5348 53780
32839 74726
41363 44751
96177 98724
77002 87385
78533 83448
48273 80735
86822 96926
6508 39987
67731 78430
54857 96338
98934 99740
49806 91124
38690 88353
31847 71694
14997 25434
79903 98439
78691 81429
62502 80388
17483 45535
3010 26214
40747 42034
92011 94669
57292 63984
15058 79451
10028 63182
66190 96426
64390 69316
6788 29205
3098 63657
2107 97646
15079 64944
95519 97513
68981 76429
5676 17695
39022 71658
18262 69406
34836 65342
39151 96826
57515 72014
42710 47836
88128 95181
43711 73363
2189 49334
99074 99723
92793 94208
47739 86914
18515 98754
80528 80968
19645 25903
42063 85242
14575 81643
67540 93871
57563 89645
62435 75950
31094 84326
17050 25546
79473 99604
20167 70368
45711 89631
26694 43742
2072 8127
71702 73344
21915 27004
56866 79033
12737 12764
37372 70125
53639 84786
68418 72083
77717 95101
14884 61614
47289 57015
50044 54504
25490 63830
11649 74224
92779 97851
51951 53703
56103 60705
6960 98782
86046 90870
17640 33591
48633 70904
91491 99572
53508 83776
88865 94821
47056 71119
93414 97027
7584 85777
69849 79694
14181 67740
35718 88870
80959 96280
8702 66964
33854 61797
14816 34059
95025 97681
59160 95302
88169 97468
49927 73296
38878 47782
20662 38019
76708 91806
28851 51176
61802 90996
33128 74336
91995 98948
37570 83221
37008 43452
40263 65873
99275 99603
32532 76009
22750 23262
45707 47310
56246 58694
88204 92539
77222 82687
89071 90116
1062 23097
95519 98233
99333 99440
41792 62029
21164 81549
55533 98002
292 36799
59913 99266
55333 73165
69372 88408
58665 94701
49899 73658
44665 93554
16755 88198
38504 57320
40697 64955
99156 99932
95722 97785
88444 91295
64137 87789
39595 85432
14835 98463
96008 98477
62343 65077
46775 87211
81332 84973
55717 95476
79608 81539
40354 86259
13534 73304
64048 72695
21229 80715
50071 91364
4548 30511
1682 90441
46957 62764
66196 91502
41798 77125
57384 91070
63716 85438
69134 71837
19081 68525
40427 56482
39365 69279
83335 93821
90798 98149
29882 41914
64567 69164
56869 90980
53860 85555
2592 68390
6054 97923
57819 79048
4431 17135
63601 84142
79003 83227
77220 94906
73383 91507
20275 93817
64312 80317
73419 80779
61051 68104
27199 99939
22356 98185
91692 96630
11956 17727
83410 94841
99650 99781
50182 74469
44236 71797
66945 93119
30433 79038
6239 15147
99086 99840
83895 89459
21730 43577
75078 97158
94584 96814
61835 83001
26558 30270
13170 60028
71986 75393
37384 91949
84120 92754
48828 76602
32157 88427
75074 75426
60465 62277
32205 34500
6678 92466
74062 92804
62654 94035
23441 26901
73187 80500
90114 90455
47141 73754
94278 96271
81448 83305
64875 76328
15892 79880
39534 73564
84159 97611
61730 77322
45881 91994
31806 41542
47642 95414
86759 87101
21044 54868
96795 98985
35890 78806
24964 78861
8177 81204
70113 87911
57502 94505
87214 93917
43168 57884
89639 90271
50330 99432
16314 37593
24730 44123
2910 12934
2346 5232
76573 78488
17533 37437
51391 63757
53326 53413
74136 89172
3503 40110
50830 87965
60622 67464
74278 82823
26567 78728
92380 99613
89755 97342
89608 92908
17228 75068
6499 83178
35721 56618
96765 99534
93490 97666
11483 58421
84449 91237
72913 86943
55027 87065
7059 40152
15323 23300
86409 87778
96729 99776
48018 49308
65060 83303
27449 50482
66671 93315
94118 94216
78107 85335
78290 90013
39225 48761
84971 92180
3019 83099
67591 80821
88073 97335
12287 61177
96416 97033
63422 83781
26221 78534
7538 72028
46153 95280
32604 68920
50117 52420
32376 75286
51730 52653
78512 87323
32115 66235
70926 71274
92064 99114
39319 97132
59661 59787
99614 99800
690 50652
14714 77743
49284 96077
78437 90136
19859 34078
33388 67283
61852 83439
75638 95536
20128 64906
51097 54787
85275 92234
86463 90472
68086 81947
13503 17015
85976 86324
71031 74698
69497 80853
62547 81504
17598 52754
12584 56715
30547 61502
47349 87850
76373 92189
20447 51150
3943 38639
72849 80135
94193 97193
54192 77330
13412 44499
33913 76936
25316 95478
81054 93242
51464 66252
92950 99275
31582 92012
9010 91472
31691 50260
67663 92559
6906 32522
43664 56119
30170 93196
85223 96034
78299 98952
85567 86430
64453 99290
73999 75177
43704 44104
47197 83121
45392 96061
83671 94481
96329 97897
30908 93801
14385 72870
69460 74450
58514 83224
88598 92653
95439 96907
70621 75027
66856 82823
27768 43894
67452 73229
1185 69514
18475 81978
44156 49558
21109 99181
68412 72819
95708 98715
74766 94686
68871 89120
25987 37199
95609 98499
3059 62368
79679 99304
90985 95820
17165 81465
90276 92870
17709 51952
63200 93898
57620 79965
45983 47435
49953 55467
37589 98357
98404 98655
92265 95964
50830 75149
19467 30212
20347 21028
37604 92935
20095 45139
61178 75448
23281 93530
68365 99484
68350 89898
91617 98880
76757 99807
96498 99072
51131 80608
43302 84264
49351 59916
62591 94473
75712 98396
88692 89399
68445 88038
85208 92564
48480 56964
90337 98626
91295 93511
42786 57215
48041 93883
51717 86658
97904 99149
22765 66194
97997 98464
20954 84646
87206 98457
341 19902
17698 41575
71885 94146
79269 84650
85151 94347
74499 96279
67183 76610
34507 60627
9600 29169
25353 62199
31739 52439
38374 84243
78031 84962
29526 37752
38119 98987
92800 93964
8056 75275
23779 66082
54682 78227
50290 55343
46942 77143
46276 77272
58805 92033
98944 99683
16719 79655
4840 12141
13506 79997
58465 97818
46750 56297
5852 19381
18430 54531
23890 84695
62330 76057
27213 93730
24522 82339
5077 57374
43133 81032
29807 57348
92623 96524
9600 89295
44589 97491
88276 95448
76412 88745
84455 90882
49093 92723
58624 90459
48373 89314
63917 98465
28443 55037
73402 85777
92580 97070
73807 83420
4884 71631
70348 83213
97637 99557
62164 87079
758 38983
47266 80502
46827 48476
65361 89535
92230 99300
32112 76256
60540 88008
83042 83481
3059 10047
98216 99292
1556 74778
46494 92558
24827 38726
41638 98777
34669 36725
53070 97492
73854 74721
60240 77805
42943 44904
31247 79648
79105 90269
17748 88550
37530 37715
99022 99983
75501 84451
98678 99386
84099 95000
92705 93361
61145 98494
12928 51764
17693 45318
48768 54852
20980 82042
92530 93473
72712 87237
40522 42458
15366 28910
21347 40843
59393 63485
43732 83457
40745 72645
31319 77232
16800 44195
38136 87138
14017 34939
87159 98464
32338 95204
93868 95808
91861 92375
95686 99542
22913 64513
83284 98399
53684 56347
59934 77114
33722 64035
34410 92960
18561 79402
99477 99502
5703 86612
19573 75532
45233 67491
92058 92832
66703 68444
77944 99160
86248 96744
94050 99901
66531 96049
66441 96958
61572 77699
85849 94825
66099 79009
66298 91474
96421 97252
73575 92629
36597 94884
4221 50944
23398 79950
64212 99491
64436 74666
7611 84337
99840 99996
53357 71296
19209 84039
90010 91527
90450 92215
20748 67781
1384 75806
42202 55978
30377 79049
62589 71907
21111 80760
27092 38038
56541 80554
88695 91141
82481 87504
17415 31612
90499 96619
98016 98242
78049 86674
53295 98849
94895 96676
93963 95590
61839 86946
610 51233
32201 90411
23992 61374
11292 77955
82531 96390
27325 59841
71564 74208
60720 60813
65492 71192
28908 47501
61925 86895
71201 85960
36480 39863
97335 98711
92577 96127
13215 63561
37488 74876
17479 46414
12576 46982
25835 91317
56861 75753
29451 63597
44117 77656
91211 95534
45445 60570
48545 62466
46882 64547
62192 81317
64838 77634
54906 95529
5241 91348
88795 90113
94190 96886
66552 80900
26100 27370
36458 42247
47805 98214
21666 36110
48499 74953
17771 24062
69809 80045
80620 83356
80905 98365
49228 64832
752 94596
29022 60799
38409 70036
76878 86681
65158 92694
26557 38086
62393 70816
76922 79966
19488 93568
74337 85931
57447 73931
88837 98654
51912 59469
99447 99905
5931 35166
63925 81153
47842 62897
18111 38752
19965 75406
52561 96595
58291 61665
88925 96001
68151 72799
22151 97424
53922 60712
26170 59506
84290 93042
31665 66452
21983 50467
64148 71388
7938 55252
38151 83777
54316 84090
42253 56087
33605 81952
64036 99746
18803 72255
37416 99569
23941 59023
94703 99878
46450 58077
82279 85511
61874 81841
94549 96754
91493 98472
12573 23624
63183 85030
4963 51833
99130 99697
33786 42421
52526 94079
479 46894
11152 28616
73483 95586
15678 22044
61782 70724
64487 91981
44450 95009
87714 94065
27397 89206
95779 97546
51186 72913
16369 30685
2831 60007
87982 90363
82676 82995
80861 99252
40669 45235
40754 65484
5796 99400
55172 81346
99203 99619
42461 75813
37517 53800
4289 76620
68057 74564
39476 64866
9616 54050
38464 83836
50025 72821
84971 91650
61118 83887
32831 33246
40962 95203
55601 97189
28351 82811
87451 98017
75442 78037
75238 99743
54194 94586
60822 75975
37223 57173
33517 64659
67320 97791
81729 90749
87675 87839
25763 85600
91939 97391
39542 77827
43668 66876
34528 85277
47677 84431
47503 73656
67778 93346
69703 96820
15246 93371
99002 99212
65138 86305
53413 72283
27887 34303
52855 77539
36637 70170
68305 83695
68957 72108
77385 95660
67080 91011
3441 31156
47983 66492
85331 86786
38317 44392
17229 79455
18065 40117
41412 55850
1696 84659
56327 58570
33058 51075
14206 88448
83621 95364
34270 72473
10556 65113
45057 88887
3107 47677
63801 64041
81257 85080
60619 86644
78422 98289
28348 61565
79868 94762
50330 81236
43432 53715
26391 45548
75883 86416
60090 99319
4926 13813
5360 53729
92825 95288
52015 70005
86542 98227
65095 66250
48900 78941
88537 99559
43375 75949
77705 94035
94393 97172
52788 61062
18987 68106
60590 88196
22504 68073
60651 68013
93358 94858
32925 46167
74809 85941
17215 52042
42921 66730
86520 93875
45245 97957
75685 92896
32128 57683
66681 96501
21169 34401
44399 50070
48507 55861
23230 46083
61548 78900
28280 98471
61989 96411
33669 43573
61304 85676
42785 43050
94028 96639
76871 78319
90089 95239
36350 37969
31665 36999
32624 45834
42382 51902
48953 89797
81155 87620
48848 62908
19757 65240
50527 72792
26780 72210
2395 72685
16533 41087
76790 93639
69748 96474
8971 9539
76160 79746
726 9897
31831 34004
87507 93333
64397 80534
24270 30405
71435 75516
25690 29254
5366 54951
21430 32854
93668 96447
26081 85343
29698 49966
58378 98756
39176 88000
71447 77195
15475 92530
94900 99343
32397 58591
62273 97266
56061 94904
92598 99975
61128 67800
93077 97100
3254 38556
40172 48235
7743 66823
17419 98863
61591 90075
60619 92844
61147 94927
48109 61089
47839 91382
86834 98518
1697 63083
75687 84979
40770 54599
2467 89257
91242 93592
62513 74169
26014 76147
66186 87393
73280 93953
72469 88109
45807 51048
76404 80476
637 87385
66874 70604
79420 89830
36172 50514
64274 80740
42406 55496
19579 25287
44607 90327
17373 54466
57646 88507
65716 92246
48944 88535
55953 64865
63669 87525
71666 83371
92842 96751
2621 95534
35123 82594
46876 84406
19483 25366
25234 97286
54296 72178
98186 99441
22952 37610
13721 34291
98738 99337
86303 91386
95810 97688
45119 87870
45114 90637
1132 19566
45529 92095
14872 35731
21759 55208
70837 74647
37000 99974
29360 29491
98450 99437
44720 66399
55280 71645
36999 99119
15015 78855
60260 75360
48809 75328
28375 88947
55961 95472
42196 97397
68074 83217
49778 82590
45095 48079
97458 98716
27864 52930
10697 47894
31631 76872
96943 99228
79792 90177
27490 89225
4810 40859
69589 90375
48067 99333
17302 19109
44614 88851
21243 44781
5233 21607
79516 90464
16983 80440
20288 81033
72068 88860
10396 84270
43219 47148
41480 77421
15450 50656
59338 96836
68134 86391
12344 15078
90610 96261
81592 85671
4194 20232
47351 76616
30768 34183
56230 84248
48705 53860
44812 61190
94346 96500
52724 77502
76572 86237
31003 42526
23333 50834
32399 76861
31409 60465
26228 79157
53150 88640
74009 78429
46665 49518
64945 83386
45447 90297
7315 45329
88405 99177
6660 65411
21724 43662
97844 99700
6171 54288
8532 87552
99067 99250
90192 99746
98278 98609
55563 67748
60635 73294
44589 89023
59049 64889
4545 79702
22725 80802
81886 96734
74782 80569
76134 88892
8700 71288
99955 99983
67622 85364
42096 68612
38912 83131
72604 78132
68312 93340
1939 66031
23406 73251
14703 58252
29104 33037
19280 48664
90772 91228
26903 64646
76846 96534
4400 52065
39390 41716
30268 83124
21719 61677
74630 84630
85107 91580
27296 42499
1743 52620
7680 95847
67435 90365
30931 71363
53496 55995
98783 99856
48558 84297
38 50780
57775 91355
8739 34415
91869 97599
78837 95871
92841 94034
71765 90956
56482 73187
27024 90938
24746 56521
61897 97569
67613 76700
48712 48969
810 44190
73181 89089
56091 76327
52439 98295
40448 51399
51669 61877
95920 97999
31287 80200
76832 97801
21447 57318
36804 41079
68376 85694
12407 90685
31091 76129
48485 73835
74249 84040
84376 90100
88614 96498
23872 41443
31677 42798
72849 88921
31913 95427
74573 96902
18893 89895
48345 63733
57567 69728
2737 53032
48395 87729
57874 70148
41399 55621
2879 59954
99980 99998
3735 39436
22237 66662
44820 81042
92382 93989
76522 78593
19076 79140
891 52027
22522 79982
85170 89023
63855 65614
73210 91664
94237 95018
49857 74827
76732 99706
78832 93346
58041 76172
48435 62547
93867 95453
96758 99056
52954 99853
84534 98359
3917 87637
48886 49403
82714 96477
98611 99541
5228 32658
74206 86618
47476 59992
27073 58290
42113 78063
4129 60645
74607 82557
23915 61995
47478 65808
83631 88380
88266 95936
49295 77948
28997 98991
74596 91415
84798 99437
22480 64079
47008 75902
44489 85524
10314 49365
39619 83121
5506 31010
11789 74578
37115 83038
2760 85505
72085 90376
4590 11144
67628 70077
45395 53033
62293 81537
51028 60840
39654 74650
23495 87125
63986 68548
51298 60875
1617 23514
57917 74184
33549 68064
64379 85997
47309 60315
14703 79267
84349 96090
45509 50218
68105 86642
18591 63637
99811 99835
70447 93117
14989 95975
51255 89501
50359 73890
92669 97820
91224 94366
20660 69892
40267 80986
97410 99516
58264 66515
27536 54978
64499 68890
23520 56287
65464 68429
33985 53732
26031 26916
21151 85694
3375 53788
14448 43087
36725 83502
88995 92200
78972 98012
7066 90891
82376 84633
24579 27002
56433 92248
61842 80727
45297 54345
50441 89912
77439 79019
75458 80665
10552 60169
54678 80624
51607 60070
11228 39261
60283 82343
16443 75428
72825 98668
75995 98227
12669 64775
77960 97330
78704 92106
79858 82839
84104 99114
33421 35793
46056 49243
19079 50355
370 4852
5113 78711
14948 78416
78445 89605
67966 82274
72634 91862
84072 95663
68332 88325
51261 92934
778 91167
8268 34078
17005 37796
74767 78162
49086 80410
12298 57361
88904 93426
562 8572
4546 30592
16223 54136
66039 93191
22633 46329
8342 89980
38870 83069
69089 84354
19834 35842
82188 82466
28116 41515
21222 56715
27938 51718
68155 74837
39876 80129
15647 75580
77225 93170
25349 27085
30702 96044
66652 83332
67127 74271
62350 92328
35697 55047
47629 70514
56445 92185
3521 60556
4816 86572
98115 98852
15602 40267
70228 76720
29385 37788
76796 83734
16308 99872
44295 67330
55753 69013
44129 74639
44974 97051
78520 87837
33880 80355
17268 84419
36137 88138
65564 93818
84451 97337
86390 94826
39745 48032
17424 86496
11764 75558
994 89829
69018 99284
72779 89601
20799 66587
55200 67777
23282 27091
73990 85076
72159 89467
13061 80719
22444 91331
46420 70568
8900 29166
29458 63163
69086 90041
99903 99975
53330 66629
90534 93895
88680 94267
70925 72867
10945 82990
52246 64719
5215 89540
38176 96696
45510 49016
2538 55901
91599 92952
44819 72709
81938 97369
97079 98440
58399 92070
18526 53499
95053 98329
99766 99796
98771 99536
63893 86556
52890 94544
52231 92399
86108 99479
78444 98185
1629 48617
88773 97600
61095 87329
18727 18822
26815 82298
51954 77815
80490 82337
7789 92235
89551 96956
45229 70215
25547 89084
77032 88142
5401 36469
27676 49182
13691 88326
31622 51321
68781 95625
5128 93700
32139 67762
35218 99186
3948 21901
15027 54989
89262 94353
55834 72428
17189 69223
76282 88495
62301 80190
91024 91376
73032 96695
78318 81482
35213 53610
69673 95451
89132 98618
36187 77826
14839 36049
88126 96272
94601 95521
44413 97288
94673 98663
72268 98339
19694 70354
28280 49734
31621 93174
74042 82612
39183 57642
8792 34697
9916 13869
74123 88779
69164 81889
40448 41961
34577 63417
12629 18684
64510 74846
72661 82011
99448 99651
98524 99731
41123 87855
10873 62799
48208 70842
65017 71642
19775 52478
52400 61901
1261 76611
57732 88725
26854 97290
75173 84736
71143 84462
70291 77286
72905 87622
98727 99998
64503 70679
58793 73061
36627 50369
25225 51503
90211 93573
15102 69545
41925 98987
10736 11012
78851 97697
28514 97262
79414 79584
93973 96725
76596 93374
61818 93833
48356 74486
29270 54932
5843 51792
25598 68866
70889 73183
2068 6270
48387 51154
82049 83492
19375 90012
58956 97320
69837 71538
48005 48912
98524 99202
99930 99933
27273 54594
81225 95311
21031 50758
39090 43849
4364 5138
62283 62336
45879 46282
85585 88270
25221 78009
52965 64013
15148 77342
67611 86105
2313 17450
38512 83959
77632 85001
82416 92828
12812 86080
58380 89738
90776 92377
68705 78904
98371 98686
64521 88758
19117 24554
69188 99293
19883 21791
5515 42960
46024 97025
75530 91066
96307 98955
65249 68635
42034 85163
77942 86796
33437 81061
46547 83469
99476 99847
43777 43889
63429 84622
96061 96707
79108 84718
60449 82864
90594 96854
26972 69438
52998 69094
58290 96093
80616 93292
79009 96001
83454 89186
15185 77318
5943 85211
12389 23397
36976 82894
81332 92371
34286 92880
24530 32983
73611 89120
20540 22976
98120 99971
40152 88501
80431 93044
26164 79223
28372 51358
18183 46717
6850 94010
18421 69804
39205 82988
49038 54182
12079 25461
59557 69875
46488 96394
28805 74286
39394 77181
95260 98980
90787 98166
85374 93474
79334 79518
30344 99466
54476 59978
98438 99056
94549 99320
27847 41198
25658 73125
65854 85096
63405 85481
22538 69090
30361 65502
62078 77902
51373 95106
62725 68665
70333 86719
43263 49799
56841 58876
36619 50037
60772 96775
33523 58602
12909 75911
33092 76609
45816 49936
26649 47156
71601 99291
60965 95102
82172 93627
92330 93568
59053 66803
89035 99612
41918 63319
84782 85318
29570 40914
21024 85663
52148 54502
32395 61889
97476 99230
90907 94041
9021 18728
46495 74285
9695 65077
84175 90751
31811 51331
13761 69455
31663 62019
36786 85706
14335 83588
41071 62502
79282 97711
95831 97832
16505 88822
23760 33016
62442 80730
81478 89331
60864 60916
17507 77432
30574 31182
76431 95036
69202 92783
69702 83990
20805 65570
88913 98498
56929 76769
78626 98850
72771 80483
21769 89656
91561 99938
38088 90554
74812 93352
30706 41968
3892 31701
10995 73166
12697 21218
16545 32131
76385 94354
96543 97961
36192 88223
1383 73185
68904 91594
21257 79750
82970 90879
20572 43888
72433 92851
24432 57439
61855 97753
14519 98625
59002 73831
98096 99939
56 32918
24586 55045
18215 64618
66958 98229
65162 68973
7616 98858
69597 90659
99045 99997
87167 87296
13830 63117
29077 75485
52118 67184
32972 50372
74120 85988
98347 99176
88036 89084
91050 95247
55417 74469
52665 54696
70030 98333
73697 97111
43772 73690
71795 77661
14121 37071
40132 47574
13678 83653
98290 99522
52643 86283
46644 75019
83843 87236
81885 86452
47407 58231
20485 40790
589 82189
13519 59231
73617 98004
13017 96539
93727 94796
37478 79299
91940 93397
15205 15431
35310 82392
