5000 5000
2420 4658
3014 750
1721 61
3469 163
2310 4527
4489 3343
1530 303
2359 883
3696 2308
263 333
686 186
3036 2149
1026 2312
4897 2843
2018 1646
3633 2561
799 1890
500 4517
2975 1237
2717 2626
1931 3676
1515 4923
666 890
2139 4849
3198 3338
529 1003
4510 3471
4389 3208
3833 4251
1370 2204
726 1995
465 3777
2725 2491
3633 4165
4437 1562
1826 2894
257 4551
4027 1048
3257 1111
2722 3103
2643 3302
3901 4683
2683 3179
4128 2445
2688 4880
853 2009
1603 3792
5000 3735
998 3652
4789 3677
4079 1073
575 3197
1561 3679
4895 2138
343 3315
4981 421
4755 4982
1619 3382
3951 4404
174 2348
506 1019
4864 715
2569 1223
1030 3829
3974 4718
2354 1443
3790 1306
2603 1180
2734 2579
3166 1529
1298 4220
3949 3286
4479 936
2216 993
4065 2424
1564 3637
1269 205
2149 2608
3276 439
3681 1731
2301 1436
348 3270
1435 4647
521 4803
1800 1555
822 3006
2427 4606
1765 3966
345 2368
197 833
2999 2500
1596 1628
2461 81
2338 773
4893 2906
1998 3321
326 3930
1260 480
4584 1908
3235 582
4499 465
1676 4351
3242 1479
3069 1285
384 943
2777 4594
1886 3486
2702 2769
2806 1730
3650 195
2689 4588
4226 1502
4588 3569
4752 1634
98 907
3534 4932
1043 3336
2460 1481
634 447
186 197
3722 2578
595 4740
3261 3466
2730 4330
4686 552
4236 3479
4041 3600
1228 1963
4141 3216
4279 1478
4563 13
1462 1962
151 467
107 1668
3974 2894
3859 2029
4422 2976
301 1395
294 2989
4189 3192
4954 3405
3092 1079
165 3076
3403 4396
289 3554
682 1785
1171 2419
4656 210
1083 4147
1410 1849
2668 1646
4495 2116
4186 4150
4947 1755
4156 9
4420 1600
4601 728
2824 219
1371 1234
236 4636
4497 3278
4454 1312
4250 859
1232 4335
2090 3623
4848 1189
3448 1573
2195 4479
258 1015
2448 4953
785 2963
1830 1554
390 400
3985 3622
4667 772
640 498
2236 3673
1099 520
1974 1010
3367 3144
2580 3607
3530 2782
1665 4148
39 3631
3409 2337
981 2959
2462 1536
3469 10
627 4426
1472 4120
130 1114
2991 2982
130 1540
2961 890
3751 2107
658 3362
1247 263
2110 3713
4550 4733
2781 1998
3091 624
463 3803
4824 4770
1406 1309
1122 793
2985 4145
1758 446
3864 3754
3218 490
4035 3512
604 819
3462 1536
678 2118
504 764
3501 3972
826 1675
1926 4297
3563 310
4820 615
540 2764
3794 3544
2017 2043
1276 2540
3573 1642
1058 3037
310 917
3572 4779
4673 97
465 3238
655 4334
3089 2637
2158 235
1997 4882
3861 4469
1397 3049
3992 1282
865 2060
4826 3124
3283 1584
4453 3008
2981 2431
4173 3554
3055 3088
4663 2487
3562 62
2267 4031
2480 4843
4030 11
4674 1602
4121 1922
2203 4857
242 4889
4433 4617
3617 2300
4089 1335
4053 4645
1631 2339
592 283
1716 263
137 456
3689 2429
2163 623
2023 1844
1540 4759
1796 3840
4029 1228
2630 1771
288 3873
4707 988
4440 2695
3875 2603
442 2644
4911 148
2868 94
906 2170
472 2265
1857 4685
4772 1553
3995 3570
3736 588
3220 2178
3147 4714
2451 1969
4457 2089
2071 2123
1354 3573
4365 1211
3572 3381
4379 4930
43 4448
1764 2972
1548 2691
3154 4969
906 4528
536 2056
4095 2618
2848 2535
341 2805
3804 1191
4633 1372
3418 2763
4305 4531
984 4485
2234 4966
603 4807
4392 1637
2370 2645
3599 2422
578 1155
2978 925
929 2662
4209 2484
2666 4445
1540 2444
1631 1121
4609 2194
457 1958
3161 3164
4897 3503
1508 168
138 3371
4217 3605
3316 2267
4312 3008
3169 2991
3072 3953
257 3134
661 4992
3004 1954
412 4854
4341 4979
4219 4094
3979 1028
3378 2603
278 4324
550 1076
1414 3978
4521 3512
4709 1212
4782 3703
2475 4574
3897 3669
2044 3569
3187 210
1577 1152
3123 610
4062 4396
2265 2423
2587 933
4272 2677
2314 3535
2525 4410
1729 280
66 4706
865 1393
1446 2092
3398 2079
2154 3074
4261 4323
3749 1699
3531 1767
3537 2403
344 2086
715 3805
3291 2889
1 4233
1939 79
713 1812
1244 3881
329 4036
625 3112
921 2786
2568 3644
688 3400
640 3772
2030 2014
4827 2126
470 4170
3665 4448
1056 3524
4317 3137
351 3220
4318 2240
2778 2619
603 2382
935 2179
2868 641
1252 1209
1922 1559
2631 4433
2508 3845
2311 38
906 3213
839 3778
4839 3087
1605 2128
3010 3063
536 1875
3032 3724
2068 2418
890 4304
1571 4
4817 1570
4071 1606
4336 816
3065 2365
3705 3138
4885 1230
1566 3596
553 2382
3118 1471
1629 4638
4646 3018
1286 179
2725 2614
3860 1854
483 3244
1698 1441
2910 3243
699 671
2075 848
3129 3959
24 800
3819 3549
2311 1056
2501 3408
705 4802
1072 3917
2967 3296
923 4758
2173 2074
2935 726
4409 3608
3272 2551
975 3242
4566 2685
2641 2798
623 874
120 633
3350 2504
458 676
4858 15
1773 2505
4927 4493
142 3967
3714 2177
4421 1726
4024 2993
4526 4382
25 4377
1274 3659
1414 2173
1487 2847
781 1093
1719 41
2049 3095
1608 1477
3644 1851
3005 2979
1948 3925
1992 453
3862 4155
2323 4850
644 3917
3823 1071
2286 397
1120 4143
42 2381
3756 3503
3485 1793
4065 735
29 220
2762 2379
725 4910
2955 3415
4810 4750
1314 463
3374 843
837 1362
1296 1199
1014 2762
2812 4855
1782 1001
1773 2361
2854 3831
3383 4711
1750 3950
1457 679
1036 4063
2217 2416
291 3833
1534 4678
2792 3535
2034 4277
4329 3913
3852 3304
4751 4726
3834 996
4756 4080
4945 2760
2753 3081
363 4542
3380 4237
4751 3748
1438 1002
2739 3691
1610 3894
586 4179
1840 2775
4794 4690
3105 2774
1359 751
737 1586
2239 636
4309 4356
1406 276
531 2228
65 2596
3289 3221
2064 1437
439 1278
2978 3973
257 429
4474 3203
804 2619
2251 3281
589 1184
792 2724
4345 4632
2368 1521
3646 978
2566 2513
4785 3436
3437 2262
1381 2682
3316 3837
1989 4936
668 3183
776 1115
1108 3044
3008 4631
752 4216
4867 3903
3168 1766
1223 2658
612 441
4080 631
2105 2686
3132 1067
573 637
1197 4021
3954 1879
3871 4246
4371 1280
2899 1906
4284 4698
2090 1523
3885 4523
4450 4264
2796 2576
4702 1092
4261 2232
2394 855
3312 1265
3682 791
4573 3998
1322 3627
4813 3546
1061 3511
724 2271
2680 2607
4054 3730
158 1384
3550 533
3520 3441
3910 4151
2777 4073
1222 2996
179 4249
361 4425
3357 4292
3054 2829
445 597
3309 3813
2795 3135
4142 2647
450 4599
2040 3471
1749 420
3484 261
4974 1066
2070 3737
2724 67
3227 4183
584 916
4385 1497
2202 309
468 1444
1523 532
2857 1805
1235 3307
939 3380
1751 2320
1164 4975
3229 1686
2051 1038
4176 32
2448 1753
4109 2729
2893 4283
3948 1340
3411 271
1245 433
2020 2031
1161 2833
2715 236
4860 1652
3663 4393
1705 2213
3717 4145
3052 364
905 2849
4958 4498
4347 3095
3470 3016
3658 1828
1627 2313
1251 954
466 1947
4450 2897
2174 3540
2703 1631
4510 3553
3738 4599
2750 2627
598 2379
3712 123
3380 4635
626 3177
303 3539
2910 117
4604 259
2830 2623
2472 758
389 1907
2877 3661
2922 740
2502 4586
4741 3719
4372 377
396 2319
3800 2983
3206 4414
2490 2995
4131 4655
343 990
1379 125
3945 4030
1692 2278
3095 1495
1488 1684
4445 1752
3768 3994
1950 2775
1282 1870
610 1736
437 2495
2294 143
64 2203
4830 2604
2869 2262
4589 6
3443 397
1576 1971
3703 1194
2588 4029
4459 190
897 4627
1550 4786
983 3184
2945 1290
1723 3974
1725 533
3787 261
4062 4369
1104 4833
4518 2847
987 103
4478 2469
3419 3168
3436 743
3889 1452
2198 1840
1497 4336
3581 3486
2570 1565
1744 606
1446 4704
3947 1973
2819 1766
2356 3030
1277 3871
1432 1289
4987 859
2947 4577
3353 1499
2442 4115
3508 647
4026 952
2957 4560
1708 256
2938 4961
3554 4196
1346 74
164 4220
2737 4481
3831 3576
4846 221
2614 492
3166 3522
3116 2042
3584 4695
2026 2082
3015 1432
3412 3674
2478 2314
2082 3844
3057 4150
3630 1258
1387 1106
4556 3009
4894 320
3730 27
2180 80
1700 1599
362 4647
607 679
3804 1016
1949 4168
3125 625
430 1448
1054 2020
2097 2134
244 4045
2929 3477
2331 2174
3769 856
822 4052
4090 636
3431 2477
1079 3002
4721 1855
3785 646
2659 984
541 3392
3074 2908
94 3375
4601 2195
3056 4941
1375 1830
2550 1557
1117 3506
2988 1702
1629 3831
2960 111
2512 2950
924 4147
2939 3902
4231 3662
2277 620
3222 1387
1911 2801
2503 3938
1584 571
1710 328
4988 891
1139 2834
2966 1826
4980 1617
240 3839
322 3991
2615 4374
2545 199
1264 3117
4223 1280
454 4579
4835 609
745 1360
1934 4562
1214 181
931 1162
2193 2332
2447 468
3043 137
452 139
2971 1130
4960 4614
2276 4379
814 2712
3835 2661
3658 4061
1064 63
517 981
3745 24
3107 1291
952 1336
497 859
2959 3821
2129 3765
4299 3176
156 1269
4918 763
151 581
204 3896
4159 3267
2361 499
3031 1744
2984 4487
581 2461
3835 1764
3052 1424
912 482
2325 4028
2784 584
4317 2996
4467 2586
570 4995
342 4540
3352 3791
3113 2400
451 498
1079 4782
2580 3667
890 4862
2835 1525
4494 3828
2717 4935
3248 1086
4855 1306
1635 4579
4266 2368
3537 2591
1622 2591
4130 4937
3104 967
3381 1552
2512 692
3827 1834
3414 2510
268 4475
301 4869
2853 3930
4717 296
1161 842
681 1724
2476 3877
1366 4300
3653 1501
3047 464
4243 2904
2022 3267
4190 3942
1732 2405
4374 3980
1182 55
780 3894
1293 4987
2471 668
2484 3525
2276 2199
310 1804
2480 4786
1490 3779
3577 3968
3393 2860
3433 4771
1032 3136
825 1593
2330 1816
1959 4766
2193 4322
1369 3420
2056 2800
3846 4877
3480 1318
1329 3255
3638 4415
1657 81
4711 4716
2984 1672
3232 2521
4056 4933
2799 4940
1305 4885
4576 3215
2287 3000
3126 721
3017 3804
1927 2414
4739 1183
4429 4285
2403 3182
1420 4452
4931 420
2280 2045
2830 2943
3396 4151
2114 3303
1448 3816
1454 3721
4992 3845
394 3066
4561 3917
707 4095
4195 4046
4082 4283
2102 3051
3851 2334
4084 1830
1315 28
2375 3654
621 1040
3143 4821
4549 2203
3752 1681
3858 563
2150 658
1323 3636
2612 2602
4530 3476
1390 4288
4297 830
4171 3429
4763 4790
1544 1388
1294 1356
3907 4012
2196 4747
4677 4688
1664 2728
3096 4792
2159 4635
1741 4286
4624 3496
855 3007
2730 3150
3812 3665
4553 3376
3976 1194
3063 3583
1145 4201
391 894
2782 4096
462 2394
1135 521
1636 2391
3280 3504
4863 2252
1441 4466
649 4703
1021 3878
3937 4175
3467 469
4405 4637
1017 4505
3722 69
1245 3482
1841 2939
312 1484
1118 4907
328 3757
2882 2880
700 4855
4491 1425
2230 3388
3824 4700
1126 911
2187 117
3704 4341
1214 4822
510 3874
2310 3922
2803 1693
3676 3384
1507 1291
3690 3802
156 3509
4359 2793
1312 2155
2993 3593
179 1343
4802 1255
4692 1185
527 3341
1862 1148
2500 3433
4621 627
3917 866
1961 489
2256 3639
1225 1940
752 2022
3676 1348
125 588
3742 4065
3093 575
1020 3761
2446 2714
915 4680
455 1332
510 1922
1750 1558
159 2435
3946 2067
4140 2988
3157 3706
1337 4129
2466 1575
1767 753
4553 3604
1095 3012
2503 4422
3674 883
1530 953
2471 3536
268 3279
215 4537
3347 2118
3866 731
4619 4963
1770 63
2512 951
1955 3662
4012 3373
2831 104
808 209
3171 2843
4080 4906
1154 207
3590 742
1895 3027
4716 1236
1297 1967
123 2751
684 4674
379 803
4194 3689
840 1671
2413 3662
4339 4752
175 3317
4589 2943
1793 4014
2722 1235
2073 2939
4963 4555
514 1757
4011 1777
4842 1984
1053 3081
1121 222
4985 448
997 4946
1335 3726
4907 1453
4315 4442
877 2117
1924 2184
226 2942
2802 2033
1165 1197
2642 3413
45 797
1283 4371
4225 1292
2327 1991
2033 3342
1018 3699
1272 1322
4950 235
937 3573
411 93
1211 4929
3391 3580
680 220
349 499
2377 3547
2741 2779
1740 1279
2337 2572
2308 4946
2133 4780
4258 3060
1964 210
3120 2256
353 3524
2875 4639
3797 4702
1798 986
472 1368
4965 2211
1174 270
2233 472
496 1561
970 3321
4609 2708
1864 1784
3200 4093
4428 876
653 1540
1242 2816
669 807
2249 2223
1626 2944
3339 2406
2730 4744
3245 2641
1094 1699
4340 669
4815 3951
4302 855
289 2589
4510 4459
3986 4244
2907 613
2132 3982
2916 4846
4965 2735
294 4902
2076 4129
2419 4106
4648 665
2020 2583
1701 4483
3408 1010
2595 2906
2758 2338
2216 1862
2766 3997
3277 704
3427 1542
4821 4952
1951 1801
3314 3109
586 1876
585 3229
4824 654
2857 2399
4447 869
4426 3838
2282 1417
4992 96
4746 4408
1401 2502
1137 789
3397 423
1264 1119
3339 683
1915 1797
4743 3950
1302 77
1097 1429
193 1606
4971 1613
3111 82
170 3580
4672 238
3753 2776
1026 4284
2631 2421
4607 246
2653 1177
4131 2366
4874 3871
1509 3141
3122 119
4373 626
933 385
1191 3241
853 3618
2742 2558
1708 360
695 2201
2552 253
2995 306
384 4911
1864 3900
2534 1456
2951 4715
4945 43
4260 1838
2575 4216
560 4525
3886 2477
668 142
2331 4975
2832 1537
1012 737
849 666
3025 4878
3094 1719
1338 1202
4183 1947
231 1464
858 3801
817 2367
2991 1554
4895 2012
1714 131
380 4049
4570 4587
1548 2598
1123 554
575 3237
4680 2495
2266 555
3027 3921
4046 2786
2838 3457
4962 3794
1322 938
101 1983
255 4383
4478 450
3578 4301
2412 1795
1977 4868
3118 1580
4533 1875
139 274
3166 4282
761 3121
4043 3924
4780 2805
3742 2609
4322 824
4102 2010
3640 4187
3928 2592
2000 769
4334 3624
1984 4919
2542 2985
904 4052
171 1948
175 3195
4398 1788
656 909
2257 3817
949 323
3862 13
720 1577
4464 1820
2442 2247
4626 2393
255 794
692 3587
203 1755
1770 564
130 2820
871 4436
2133 1483
612 2639
4126 1301
4213 3906
576 2127
4200 4493
3616 4305
3480 918
1545 3516
2282 2069
1685 1416
1095 1004
1422 4551
2474 302
4441 2326
4694 1747
1342 2059
1433 1160
2777 1215
1923 1327
955 2892
2914 143
99 1168
4283 1651
2880 1815
2285 4083
2060 2694
4707 308
3912 112
1789 4954
906 3486
3075 1074
2104 3636
1245 661
2318 2060
3318 2653
3250 4862
4570 4465
4641 1331
3820 369
4838 2971
4432 504
3621 2345
4476 2838
2506 325
2805 2347
2041 2467
410 4077
2046 3937
3392 864
1404 2238
1992 4731
550 2396
3820 998
4649 4247
4280 4683
717 611
4342 2431
3167 3454
628 649
785 577
4547 1430
3313 2334
4863 1762
654 2524
203 3640
1272 2632
3637 750
1154 2892
4152 2222
3855 113
2459 3377
1291 4419
2012 4292
505 3718
3757 1324
34 1872
99 3795
3876 1735
1496 4214
1559 4896
1640 488
4472 4534
2860 1900
4213 1942
4045 2077
269 4899
2131 178
1747 3560
3242 850
2516 1505
4529 180
1146 4105
4939 55
44 4558
3632 3075
4656 707
4701 2292
374 424
736 2627
828 718
3175 2656
1057 1170
279 1924
3615 43
4107 2509
3441 2001
1430 1567
3803 4819
3355 398
1491 3208
4250 2839
214 2903
2709 241
1957 2901
4458 4432
1049 4431
2606 3883
3318 3536
1333 2261
1639 2679
1543 4326
1680 1430
3023 3167
2238 266
843 909
2667 3643
1052 995
838 4311
1850 1364
871 1625
4150 1746
1754 2321
3252 3098
243 4606
3005 4187
838 83
691 4670
3731 1832
1654 1041
1760 3
2346 1372
620 4267
1482 588
1802 3608
1031 161
2101 4498
2404 3475
4088 3369
4747 796
3694 1644
4484 374
4989 3176
4411 3371
1704 3810
1473 4575
3872 147
4471 3221
1782 3867
3271 3088
4732 4850
2380 3472
4208 3671
4742 1233
1249 1766
4858 4143
1175 1609
1217 486
1211 3850
928 3957
3059 3710
4416 2879
3897 1864
483 76
2418 790
1387 2275
3089 127
4679 1807
4644 805
3927 1120
1590 984
3461 4613
306 2694
3788 1713
4166 4822
930 3649
419 2031
2666 1836
4455 4081
4695 3848
3519 213
1260 2992
3912 593
4089 1752
4289 3073
2131 1045
2191 879
560 4879
3596 3933
4513 4205
1654 4114
1888 1334
435 1289
4912 664
1441 2161
3463 1690
1936 1692
432 4162
4874 3210
1501 3799
3742 3151
3488 3101
1873 2171
3379 2282
4609 1511
83 1599
1178 4651
851 2929
2950 4648
2721 2989
4308 1777
2077 1410
2003 2466
4284 1195
2267 2826
3997 2332
3053 414
3261 2094
2246 1816
1702 2924
4997 2520
3782 1787
2548 193
2433 264
4338 3457
2442 27
2883 2772
2572 4217
4665 4754
3176 3731
2397 3381
1169 4496
1473 4116
4256 2405
4421 1456
645 4899
1374 3484
2734 42
2406 2092
2213 766
2739 2015
1521 2554
4605 3995
4165 4431
3284 4809
3330 579
3860 2452
968 2660
1934 4291
182 3294
3512 887
1803 1397
168 3818
2977 3250
3142 2313
335 812
977 3767
3865 4784
2532 3162
3296 2132
744 3510
112 2655
385 3223
1380 188
1842 415
2585 3449
1934 3306
2034 2790
802 3016
3488 2478
4684 440
247 1746
1127 3893
2559 2515
3453 908
2661 2875
4001 3818
3720 793
2086 2378
105 3976
2029 4462
2804 923
762 4587
4062 2274
4543 3806
172 187
143 2281
2069 3887
551 3381
241 3148
1563 4037
4401 2823
1594 1416
476 2555
4104 1322
4565 4713
3442 4869
3361 4504
4046 1070
1788 4353
4268 693
2065 2027
3771 3805
3212 2727
948 912
1950 1776
3623 2253
4915 1674
431 3172
2025 295
2128 4249
2526 1740
2435 3825
2441 3629
2094 1235
2 967
3427 4093
3453 3514
468 3657
1139 1349
3343 2175
2494 1911
4861 173
3922 1504
2720 799
4006 2371
475 426
2144 1033
4948 594
3958 381
3619 4018
2625 2777
319 2664
1960 2498
2375 1111
4540 848
4761 338
3310 4551
1728 3009
1325 1901
2467 3700
1281 1042
2567 2919
3262 1340
3783 73
4227 140
1009 3518
957 1221
2292 3156
3249 1640
1722 591
1979 2610
3434 2636
317 1967
4521 696
2371 434
4560 2356
3037 3325
2917 3762
3068 1532
451 2452
3799 464
1383 3417
3424 3974
1075 4182
2293 612
1110 3713
535 4738
764 3238
1571 248
2146 1438
1638 3934
2249 2381
2319 477
519 1569
3849 690
4526 652
1343 2130
4133 3417
3406 4860
3052 582
806 119
3033 3455
18 4800
3041 4447
3801 1533
1327 4438
1677 4641
2033 3297
2322 4682
697 1684
2493 1999
3169 4831
158 87
2681 2152
563 2353
4087 2971
3599 2776
770 666
3927 1192
2120 523
3472 717
4209 552
2301 2360
4678 3825
1632 4845
3318 2469
4335 3075
3084 1926
4721 1333
4274 1974
2183 4553
2615 2254
4392 2158
4944 2866
4311 269
3441 4876
4504 139
1709 3857
1359 4357
1891 2229
1310 3670
1851 4660
4673 991
3297 926
3044 1254
1785 4653
3691 1320
2322 3965
4825 3761
1131 2172
4117 3776
394 1065
964 1798
4039 1330
4062 4276
1372 4018
4020 948
121 4113
4007 1845
2156 2690
3338 1845
3997 444
3350 229
919 2992
3622 2550
1943 2617
3746 2817
2055 1903
1219 4826
1618 1724
1078 4861
2080 4148
307 2098
4017 3786
412 516
4473 2167
3341 3538
385 541
3817 2076
1867 4175
2116 2084
3201 4811
2476 4568
2696 1665
3734 4379
1746 2049
3320 3692
1251 2454
663 3249
2173 9
2206 1598
4697 2692
461 935
2161 4378
2310 4567
4844 3132
191 4351
4806 2316
2313 3948
2148 4596
3896 459
4203 783
3842 2263
3963 2205
4089 583
4585 3354
254 3986
1326 3305
4788 2251
156 4328
4887 3979
4260 2791
243 1262
2209 297
2586 950
1673 3583
1275 4094
32 628
3563 4736
3891 58
1254 4449
3001 3264
489 1498
791 4781
4240 690
1787 2483
2399 3137
1311 3291
3049 3468
3772 1303
3678 4007
4443 3965
2309 4659
729 2514
3048 951
3830 537
2154 2754
2990 1206
4524 1946
2058 2877
3969 4810
1783 2141
4400 4819
757 2288
2169 2250
774 889
3411 1918
1159 4794
484 3803
1112 4043
4995 3680
4908 1709
44 3992
3880 3366
2645 4076
4006 1565
2337 4442
3493 4949
1029 3262
3224 1792
2717 1411
1672 3214
4508 4750
3163 1311
2248 2212
617 2567
955 2105
2746 4525
71 3395
4437 2581
4409 2072
2564 4856
4963 1220
1994 4213
1594 85
4207 1912
4249 4287
2928 4056
72 2878
4566 4757
4577 887
3991 4253
2633 673
2921 3118
1789 3079
2532 731
4841 478
2415 4272
3889 4107
902 3178
3218 4054
2899 2328
4255 59
249 1780
3456 1141
1886 3401
2912 4097
483 3898
2721 835
4765 1693
183 726
2227 393
1160 410
3184 562
1744 4922
1658 383
4964 3595
4707 3337
566 538
2370 2151
2014 1595
4437 4983
3954 4058
388 3334
3687 3890
155 3938
1458 2172
2885 2903
2245 1740
2214 990
4956 2577
3502 4938
2427 3631
308 1482
1000 2845
3485 2198
2547 3185
2801 2192
2678 2930
3130 1975
1831 1659
900 3526
211 1791
670 304
3850 2479
2285 4546
2192 2897
4530 3411
2070 194
797 3111
1700 3325
2765 3648
3638 966
4195 1920
2130 2705
297 1877
3297 4344
2139 2769
3494 2719
334 503
617 580
1610 1590
3823 3527
192 3500
4749 4066
3641 4162
4679 4652
1256 3351
2390 4492
1993 1712
3446 839
329 4045
2288 3410
3683 3321
623 2582
2958 1309
1842 734
4063 1068
813 638
3344 898
2111 3595
3993 4178
51 1
1591 2616
3013 1039
580 4281
869 2798
3217 3507
2192 1894
4667 229
539 2254
4386 4578
2309 2598
3585 1202
1072 4672
1528 314
4353 561
2263 4064
4757 3968
3955 1405
4585 2676
3751 1292
999 1230
555 4177
38 3868
2109 1006
4092 13
418 1749
557 2517
880 4094
847 4743
2683 552
1723 1082
371 3290
3428 3402
1125 2036
3822 411
2579 4277
427 3026
2279 1268
2437 683
1465 4229
2911 3535
1860 546
4902 4616
4935 147
885 2881
2266 4361
1362 4434
4522 2042
3288 2834
1136 2453
32 3942
3347 4292
2523 48
2600 1861
4367 1575
840 3269
1071 2885
1092 39
1584 4002
2019 4797
3841 114
862 70
1910 3758
1344 760
240 2724
4558 1649
3790 674
1965 4417
2612 4316
449 2996
4554 4582
4394 3833
3884 2821
1239 3440
3589 1081
1614 1520
3221 2106
4391 3808
2030 4865
316 806
958 227
3481 4135
1823 942
1328 2383
417 1506
2997 967
4986 3883
4013 35
4350 4612
4273 3156
547 425
1155 299
1452 2202
4836 992
1775 4925
4501 4106
4922 3739
2670 4275
4158 288
4964 227
670 1730
4429 241
3522 4012
4681 4086
2367 3590
2595 4010
76 4763
2915 37
1545 2280
1981 1578
3490 3947
2997 748
759 1037
2086 3505
3211 1134
4146 4014
4706 3442
3228 805
4280 4829
1163 770
4968 3083
4519 3286
913 3551
567 3115
3947 3202
797 4617
4569 70
3730 298
4548 4427
2971 2210
1090 31
1010 766
3100 4444
2394 1613
3105 2395
2896 4189
1823 2648
3447 1439
4016 1034
3317 4337
3962 4765
4157 2451
3414 2440
1873 4405
416 101
2689 369
3396 4353
4099 2101
3011 702
522 113
1552 4070
4813 527
2647 1363
3557 4597
1265 1206
233 2781
154 1962
57 1568
377 2466
4056 3750
337 767
3454 1673
3688 829
1647 3295
3826 4666
3726 2658
1763 663
3119 2234
2674 4933
3452 633
1720 3916
3008 1906
675 1477
4103 2607
4733 3256
4722 3950
3910 3020
20 1521
2575 3105
2578 4995
3646 4707
4502 4748
1445 3293
283 1124
3086 2867
1396 1530
423 2302
2858 2347
659 3843
251 1574
4833 2681
1588 4589
259 1024
703 1449
3599 1193
2800 3062
2530 33
505 2152
3666 2299
498 569
163 2932
1158 548
2935 1093
3210 4835
1225 4681
3502 2962
3272 351
2546 2753
1941 1844
4727 3166
3356 3711
2980 3416
3567 3769
2814 746
4480 4629
4816 1792
2785 1309
286 1589
646 2547
3473 546
690 1212
3351 2764
226 3358
2330 3368
65 7
38 2918
1706 1196
2703 4453
1501 3533
1243 2306
1451 3050
4022 3705
219 1182
314 3947
774 699
4424 4503
4137 877
3445 1351
19 3370
246 1178
1615 2041
2793 2402
2091 2765
2795 728
4557 1898
4253 2871
3764 4909
3071 1862
3069 1729
4868 2456
357 994
1099 2173
1084 399
827 1662
241 1302
110 3716
2905 2727
1790 4835
366 16
3802 320
2078 1459
4818 821
4593 3760
1516 1849
549 986
4881 2241
415 1309
3402 4532
3733 2669
1187 3452
1935 3229
857 681
2309 4775
523 3690
1462 461
1190 4951
1016 3074
26 4539
1316 1462
2941 927
81 4417
4512 1473
1743 2491
1398 2621
1220 1610
3045 1626
4100 1665
2904 75
2632 4787
2125 4854
2182 1824
4205 3704
1208 3841
4547 1162
3785 4000
1378 4268
2031 2201
4491 3932
4610 890
4573 985
2613 4717
3046 1219
2568 3603
2528 3290
3097 1634
1687 3545
2136 440
35 4571
1192 3526
3153 3993
377 2519
4467 4536
1659 1953
2342 3298
771 1570
2547 2997
556 4255
3473 1796
954 3305
3920 2494
3543 4618
663 3663
4199 2716
199 3172
3372 1341
2263 3846
3410 2208
3349 3493
3701 4174
1201 1753
528 3295
2704 4112
1502 1137
1809 4811
655 4644
619 2825
2728 49
894 1092
4760 458
4327 569
3542 2944
2663 3635
2807 4957
4919 427
803 4597
4600 4399
2630 4142
889 733
4485 2143
1494 2543
513 4095
512 1970
574 1069
3404 1137
510 3301
4041 4857
4278 252
4348 854
562 305
3748 258
4492 501
1616 4005
4457 4032
4038 1940
136 3461
3685 2809
1435 694
2624 460
3565 4989
3205 2978
3299 3341
1061 1050
4797 355
1637 3851
1451 4680
453 1496
387 1496
4759 4498
2824 1904
3010 1328
4999 2662
2160 4620
4289 2151
1304 4173
2235 3774
4565 2914
4523 3480
3741 282
3393 172
1142 2214
2463 3799
2761 833
945 396
3617 1425
363 647
2866 3836
1861 4615
771 1320
4951 1172
466 2675
1262 2601
2376 2784
4380 1275
2697 1548
486 2395
3634 642
3305 1863
3339 1984
2886 3645
1047 1147
1718 3609
2834 172
2291 2348
3625 102
3805 1839
4719 1552
968 767
3064 1979
265 2078
851 61
4379 200
1103 268
3038 316
1774 1843
3545 4700
1434 2712
2871 3655
832 893
4666 4961
2535 4044
1413 2121
3336 2388
739 2906
2672 1364
4456 1401
1822 1270
3960 3698
1321 4802
3782 1101
1388 2586
4032 2861
1858 1589
1239 1420
4308 518
2531 4966
1843 1670
2184 2333
2599 3204
1031 1200
782 140
3060 3635
4624 4526
927 2674
1971 4127
1874 1036
971 2600
4069 4842
2852 1309
1547 606
4923 3625
1534 4676
90 1802
1808 2771
1535 2173
3012 2349
3451 711
2130 2269
2934 195
964 324
3411 2468
260 2646
952 688
1371 641
1563 543
2438 1808
2597 1136
1169 4152
1019 3042
474 2496
2124 1919
3901 3174
2555 2571
4627 2288
1872 4101
62 3770
2931 2714
2788 2361
4501 333
2594 320
1778 576
1000 4499
328 3870
1977 4876
2087 2955
4400 2389
4230 3159
3861 3057
3386 155
3563 2391
4222 1299
3567 236
4578 245
3876 1402
3514 4075
2726 4769
981 4730
1685 3990
311 2002
3188 37
105 3340
1051 759
3146 4262
1885 2053
2692 755
1134 2288
852 2258
817 1347
650 1001
2752 1274
3501 3165
2606 4459
1933 1541
1982 3240
926 1828
672 1223
3042 4878
4581 3721
2952 1098
4144 1207
1785 3025
3474 840
4363 109
2960 3231
4836 395
3219 3610
1374 2268
3824 2869
1314 4839
4990 2242
1868 4475
4212 1787
2197 332
4569 4331
1855 804
3145 1969
2891 2488
4734 4395
1063 1682
1741 4995
4470 1271
1039 3636
4138 4593
1640 944
1274 3556
3541 1826
1620 3525
1004 1692
1229 3190
1199 2141
3007 1659
4693 4783
4505 1807
3203 3602
1647 432
4108 3544
1489 4077
1192 4191
3366 4838
2055 3753
4355 2305
4131 996
4889 4119
1518 121
3793 1435
2292 3089
374 376
2578 2566
4636 150
4261 3466
4204 252
1857 2780
3856 1388
133 2272
4753 4277
11 1895
2010 54
613 3732
216 2847
878 3453
4791 2325
2564 2316
558 519
1574 2246
2247 3836
4072 463
727 365
553 135
3119 1612
4463 2088
4457 2081
2160 2009
2924 3273
3046 4386
4982 395
3568 1094
4283 1022
3283 3528
521 913
4198 2968
4772 732
2874 821
636 920
809 2660
1376 1691
1572 1098
2067 2789
1980 1511
1703 2745
1021 756
1711 1667
3447 2652
1233 2964
3042 2990
1114 548
4190 2668
1741 2164
3114 2408
3672 4160
986 271
1035 816
4794 2866
2732 4872
2036 1586
559 267
3612 3489
3194 3179
4265 1512
228 4752
90 4098
4156 2270
347 2911
1844 356
1334 2307
208 3979
340 1839
2460 1196
1195 232
3518 1641
4595 4620
3373 1887
1859 3420
759 903
884 3345
595 3251
2230 2870
1644 3190
3975 4033
2401 3258
1400 4942
245 3169
2182 3987
3313 1806
8 1922
3 2718
3981 3175
860 3013
1784 3365
3429 3387
56 265
1062 3773
1930 21
3035 490
720 747
4050 1436
1380 817
2799 1835
4992 3591
4184 4310
4673 1563
3312 118
2088 1081
4414 1568
3628 2771
4564 2256
2851 3658
4503 904
902 654
2669 3661
1250 1588
3246 1775
1231 954
3165 4594
2553 3800
816 4649
3464 3705
550 2526
1858 16
1488 2057
1862 2671
3431 2364
1173 968
4384 4519
3574 2504
3481 2107
237 3385
3575 356
970 545
3340 1360
4780 3389
4211 4638
4187 526
4010 1801
3333 4092
643 2214
1531 2508
3984 12
3459 2287
2855 677
3678 3478
765 392
4661 3260
4985 485
1367 3083
78 1361
1143 4616
265 662
2425 4481
4764 4391
1554 4541
509 2033
2868 4913
2371 2426
4088 4952
4804 2153
4313 968
777 2023
2912 2239
3909 1213
4812 1770
2129 4057
3763 4135
4808 1163
2357 1791
3019 469
1929 2101
3021 1722
2707 1909
3988 1450
2096 4615
3124 178
2652 372
1450 4727
3720 3252
4396 1898
2372 322
4775 3676
3304 3529
3276 1207
2480 1954
1532 3888
2393 4809
2943 4381
1658 4404
4552 4337
3236 1441
3672 237
1662 740
1922 4227
842 1096
3114 358
1480 185
2189 3622
3897 4228
429 177
2105 3936
4995 1186
3407 192
2337 3693
3832 3317
4279 1164
2925 1546
4947 845
2382 2768
4670 1813
2329 4932
4608 1513
1052 4048
152 3419
1611 614
579 1488
4402 4390
3379 974
687 2014
2869 2757
3561 2612
4850 2434
3529 1788
3735 2980
3814 1415
2058 2687
339 1975
544 4557
952 1738
144 1731
3264 281
2489 968
4830 4004
3568 4465
3695 1499
3852 3989
4431 3451
1844 1003
118 3715
4993 3879
2047 664
206 2308
3893 608
4529 1577
4615 1896
1324 1945
1172 2765
1486 68
4051 3065
1183 4375
4276 1519
3934 2257
1030 1407
2331 3491
3085 2496
4193 2402
2369 1742
2115 4927
1105 3809
2351 4018
1176 2208
3083 4271
4511 567
3013 1890
3308 2354
4338 4172
2557 3308
1691 681
4999 1810
4750 1315
1255 1393
4438 3303
1469 4583
959 2963
1347 4708
2808 1084
4728 2603
3231 1263
4153 1185
1245 1950
2722 3199
1731 1655
2591 4926
3028 4524
2393 3217
4903 321
3977 1847
4768 1835
4870 3201
3620 1905
1650 2205
1520 2185
4605 2417
610 4171
185 3542
202 1839
4281 1071
1447 4401
3642 3918
1076 380
723 808
1825 2707
600 101
650 4990
863 2391
4430 1209
4520 4538
2228 3193
2773 1940
1960 4642
1737 102
3014 2713
4711 3973
1779 220
1901 891
2939 4657
2274 213
1750 1820
1436 3266
4307 1273
856 4136
3935 3418
2888 767
1837 258
3884 401
2733 3568
3246 204
4645 3618
46 1549
1473 1928
2549 375
3138 4138
3746 2160
1208 493
1090 1514
2863 1585
868 1999
4654 21
367 4693
1353 3901
727 917
184 1453
4937 4910
572 3033
1017 3971
892 3788
961 43
3741 2279
2188 590
53 1187
1913 3877
1273 1952
4490 3020
3054 212
249 832
4169 982
2354 1358
3456 4134
980 1197
2583 4225
969 4405
830 3282
503 2324
4955 776
4208 2141
3809 790
2713 2933
3119 4623
2890 4963
1956 2634
2951 695
4978 550
3335 2620
3414 4460
1243 4301
1871 3258
2630 3247
639 1747
657 2888
2200 2535
2341 796
3651 2566
3763 3864
1526 2410
3293 2722
4276 95
932 2172
1749 3232
2717 2831
4482 2884
3728 277
2307 4764
1537 3881
2940 3782
1050 3439
4235 2397
1930 4081
1587 3941
2980 3930
2389 2481
4121 1885
2295 495
3362 2475
3329 3113
4513 1359
3045 4701
4034 457
941 4331
2697 3222
2838 2235
408 4459
679 2790
3182 238
4614 2934
2002 637
306 1069
2522 2981
3424 1063
703 4496
835 2624
1586 3322
1549 3919
2578 1007
2704 275
4384 2983
4888 3135
2975 1048
726 1569
2841 4281
3377 1184
3952 3811
2846 3669
565 1891
4149 3780
3687 1915
3036 4694
3715 3292
3532 2420
2052 1966
61 2605
875 3675
3470 2150
3784 913
4879 3269
4703 159
4643 3565
3588 1831
2951 4720
2976 3677
1073 901
2827 1920
2477 2025
1282 511
88 4169
613 444
2949 2529
4965 2358
3928 611
1539 3070
3767 2896
475 4660
1013 3508
2688 2415
2962 3743
1439 1946
1986 4965
1595 1088
4472 4908
2237 1698
743 4446
1175 601
1281 2289
2725 1191
1835 2965
22 4597
3040 1068
3130 3601
2438 686
167 1833
3142 2417
4449 4789
4165 4611
3664 522
2264 3031
145 2816
2726 1335
2515 4669
1073 4972
146 2251
4994 253
1132 1608
2494 4210
514 578
2440 223
397 4070
1248 3669
2803 3652
2527 1023
2929 1226
2789 3611
4306 4472
3666 3725
4071 2186
3908 1356
2480 1204
4706 2021
4516 2097
47 4042
2587 1253
225 3299
404 2607
2404 3285
206 2273
4295 710
2960 1810
605 4332
1517 2259
646 4263
1024 2761
3821 2026
405 3597
1754 3847
844 587
2344 2623
2178 446
4888 4637
3130 4123
4895 2951
1916 1748
2952 3606
1365 2748
991 3041
90 3996
373 1198
1730 1011
409 2413
4863 1800
136 950
1284 2870
3046 3582
4259 692
2305 580
4609 3943
4773 3269
1689 1508
5000 4628
285 2416
1814 2455
4319 2243
4482 1252
4180 4636
3508 3285
2095 872
2109 2620
401 2038
4241 3863
2779 2398
4918 2767
2612 3684
4079 4180
712 1204
4602 1518
2451 4241
3815 1889
3355 3747
3697 4276
4395 2345
2872 396
2859 2224
624 4733
4215 2853
1892 3790
2387 4201
4836 3020
618 544
4661 4192
4732 2188
1034 144
1984 3435
2168 624
2450 4549
1423 2932
1321 4480
831 3964
1952 3887
2467 481
1546 1494
2937 966
3564 1586
2000 3819
1895 1819
1544 1972
3100 3150
4602 508
2816 2048
1640 4388
1557 198
2711 1729
4957 960
260 2517
1578 2268
4742 2867
2285 1198
1878 4111
2282 2075
1625 4981
167 1787
1468 224
830 1492
3727 128
1581 3950
4839 239
4592 3261
976 4816
2582 2904
1715 1945
3539 1990
3346 2167
3360 3412
2670 3195
665 2835
1369 3203
382 2590
4167 4871
1645 1217
1431 3610
2220 3547
424 3139
1250 3204
1853 4094
2907 3923
3274 1425
1042 2521
1038 1717
2325 3585
1665 2099
2610 4942
1526 279
2973 1787
115 1736
1483 4461
1441 166
4008 1344
4428 3911
234 3712
1370 870
2176 246
1817 4983
3558 836
1309 1257
3196 2232
2125 1765
3791 965
2937 979
4611 834
2092 3759
1195 2847
3287 3350
1657 1643
1456 3348
885 4285
722 472
2635 1109
2774 2259
3155 2271
2915 699
2822 3128
3055 2536
1979 4741
2759 3897
761 2174
389 955
2518 1942
3709 1329
190 340
3914 2365
1426 3406
1745 1241
1812 3467
1992 1288
2796 542
2135 2640
4120 3158
2511 4959
4114 538
4009 4731
2747 2622
3140 2974
3519 4725
1189 3660
1991 3401
1156 2467
4619 3811
3137 2436
1848 861
3251 1138
2335 257
1287 4543
632 1974
3866 1273
3240 4554
3954 2140
4969 1080
2587 508
1216 322
526 799
1478 1028
596 2592
4378 2690
2096 4640
303 99
2205 810
3443 2654
4553 2363
1950 2147
2260 3699
1188 1232
4886 814
654 383
324 2492
343 3892
1088 556
4965 4882
2846 114
590 2227
1133 392
1476 4407
2899 2225
3414 2006
3021 3504
1794 1846
2055 1021
3565 4188
3302 1492
2470 2379
1811 4143
473 1023
3517 1928
963 3323
4346 3043
843 2957
2828 1893
1320 898
2350 1033
2191 3605
3493 37
4612 4420
1470 2478
824 2104
4824 2747
3051 361
1307 4913
2406 2464
1667 3649
4520 3090
508 52
2830 3620
3972 4604
4029 412
693 3713
1047 937
4117 4897
2146 1829
4300 3018
2712 2898
3332 4405
4232 2190
3733 262
1067 848
3657 3570
3819 4754
4423 78
4185 1947
4934 3498
4333 2475
1821 4756
4929 1813
2986 4061
3345 1990
2390 3698
1767 228
949 524
442 4907
1703 2858
1780 4407
244 4970
1131 1469
3313 4545
2002 2888
1948 2124
3940 4916
822 3425
2190 226
4334 2640
3248 2482
2647 1883
496 3764
450 1560
2821 1128
1324 3331
2818 4697
907 1697
3671 169
3890 3962
1349 1978
4877 3386
2242 2492
3202 3056
1266 1023
2177 200
2778 1675
3133 3145
1864 2729
3006 1971
4440 4073
3422 2085
4410 1464
112 2829
622 4491
1688 3245
4729 4700
3289 3348
1917 4200
2304 1735
3406 2527
3847 4787
4847 1825
1050 4649
3196 1605
1543 1405
3633 4807
2418 4320
3284 2918
4124 1015
4934 3571
1621 2061
4847 4007
4094 1869
2387 2642
2936 2680
4650 1225
2060 1500
4306 2631
1520 119
2580 1389
225 3494
2207 868
1707 1386
4399 1609
896 3424
3964 648
4598 250
4997 2675
4164 198
2687 1656
4509 2320
3513 4010
60 4268
4057 1129
2742 4067
3368 4947
1259 4735
4015 4329
1880 353
2665 1651
4366 3302
2297 680
989 3951
4965 962
2189 815
4215 3490
1368 1758
2525 3827
2809 4581
4991 2686
285 1502
530 317
1684 3212
719 3792
1643 783
772 1045
605 2818
4239 2122
1438 3311
555 189
3612 2112
2752 827
37 2770
3928 3610
960 2424
4503 1295
1854 2744
1777 3915
1975 1318
4170 2052
2496 4168
3435 4319
4651 1633
3546 3632
1258 2426
2340 2076
2414 4416
4636 91
3119 1353
2748 3088
3058 2862
2155 4785
1412 3628
3346 3808
4778 1664
3550 1298
2211 3011
4009 2824
3895 4468
3144 207
2015 1616
3417 318
3259 1729
386 1800
3175 1532
4666 50
1916 2822
4583 737
1159 947
3298 1143
2543 4542
4760 3387
4663 3236
4747 4161
264 4571
354 4935
4362 2816
2283 4994
3468 4755
3291 4837
4420 4181
3930 4871
2648 987
3924 2811
1934 3295
36 4055
4846 2207
3300 2302
2416 3806
568 940
1683 3112
3148 2253
2709 2926
1410 3382
4839 1695
4366 3160
895 2915
2042 2461
1969 2362
1861 4723
2986 3039
2495 4549
3330 659
1602 2050
4111 2280
2279 1027
1328 208
2705 292
4704 2826
504 4363
3359 621
798 4952
3609 1138
3963 2737
966 3326
3724 530
754 689
2088 122
2546 1694
4844 1205
1172 573
4554 492
3566 2610
4917 2704
2141 2858
1002 1077
1008 1264
4377 2557
2336 4174
2498 651
70 4154
531 4262
1574 1766
2772 138
1440 1878
1308 3798
1861 676
4037 1260
2336 291
4296 1818
4640 1046
4553 1889
4091 1537
2168 1623
1243 3495
2484 3559
3230 2152
756 1123
3371 1136
2137 3529
277 1916
1842 4533
231 1361
2663 4998
797 4535
3594 2650
2472 1807
455 4173
1862 4406
2113 3480
2298 4376
2886 3773
2981 2215
4343 2667
3699 1814
4393 2439
4616 3787
1095 3548
1756 1518
2369 1607
18 833
104 708
1196 356
3113 4630
3078 3686
1344 344
3276 4294
4090 1981
3899 2303
529 677
30 3427
1297 2685
796 2574
4505 4872
1285 3685
133 4110
219 1377
2544 2461
3022 4537
3838 1151
4342 4991
3283 2457
794 2325
2560 1126
4301 4818
4166 3100
4418 4811
4370 614
4502 4596
3856 2101
4969 2616
1301 2353
1940 2011
889 4199
1171 2584
2956 2706
3909 1414
4122 3257
4777 1866
482 601
4168 575
3864 1871
4014 2065
891 3708
232 74
3096 2629
652 3253
2459 2326
1561 3688
800 4881
1428 3233
3743 2780
1407 2738
2772 1107
1188 882
2533 4660
4033 1170
215 359
4594 2987
2749 4093
2315 4239
4832 3463
1966 2191
1025 441
710 949
393 2148
787 4082
4458 3110
1727 3792
2734 89
1122 1940
1363 1597
3518 1230
2585 3309
4956 3511
2949 4129
3961 3911
4910 2663
1775 4898
972 564
4403 569
1455 3996
609 4943
72 642
3747 384
3949 4663
1096 714
1917 4629
2165 1699
3292 459
673 2221
3363 3753
1501 2954
3029 1884
724 2884
2473 283
4828 3934
1238 3731
1689 1727
4177 139
1953 4967
201 1174
4258 1384
4739 2540
1278 1239
3668 2948
1085 2887
2510 470
3547 3656
2103 3509
786 2028
3450 1211
2266 3626
2294 4516
4365 3869
3535 2197
1655 93
3904 3355
4687 1040
625 2041
1484 2177
1591 253
4196 4662
1113 2852
2563 1501
3129 2509
936 1716
402 4511
2188 1373
1261 4860
2048 616
3405 438
3205 3077
4153 1499
2441 2899
1899 2952
4237 4404
4744 1863
2049 4852
1663 1018
795 2943
1117 1687
4568 938
736 2966
4661 4633
1769 4661
2791 729
325 368
768 4678
4248 305
3180 1183
4956 2968
4352 2833
1704 407
1665 3775
2485 2131
975 1682
2698 1078
1966 823
1479 3173
1351 1402
3452 1133
2289 1877
5 3966
1786 1780
1892 2514
949 2718
1794 3278
2637 346
134 2181
1183 4097
2672 3089
3653 4298
4665 4040
4015 4044
4368 3141
2029 2018
4985 2024
2817 169
2685 744
2556 4164
1950 515
3555 3412
3160 1797
3216 4868
2013 1230
188 1432
4388 2372
3328 810
1522 3349
4517 1767
363 2953
4080 1064
3319 3694
2372 1427
4511 1055
3833 2998
399 3076
3487 1717
1648 1403
4394 2457
507 1563
1018 1660
3078 1828
1264 1342
4546 212
2219 3983
4979 4551
3314 4948
4 3455
3625 3067
272 1769
327 4337
2902 1401
4525 293
4921 4932
1594 1603
4606 1781
4524 4664
203 4413
1928 2408
2266 2066
264 2199
3166 2317
3562 1005
3290 1937
447 4906
4988 116
4349 2027
2800 3717
468 108
4598 3791
2145 4531
3802 4483
906 1075
4859 608
1835 218
4622 695
1908 700
2755 4308
3999 1572
3479 2645
4858 567
1041 1340
1919 2724
3729 2242
1978 3153
110 1276
3000 2570
533 893
2295 941
582 4340
2963 3966
4269 212
4677 1065
702 3965
1120 716
3335 2087
3272 2355
215 4243
2226 2701
1914 740
3616 4325
2703 3106
3263 4016
2498 2244
3497 2833
814 1461
1144 3283
2965 2099
4669 4083
4821 2071
3655 1495
4936 2873
3365 1587
1669 169
182 3594
3537 813
1987 1542
3958 1714
2702 3369
1954 338
661 788
2574 2999
4783 2859
4515 2493
906 2119
4457 4527
244 355
1350 2437
3022 3402
4368 909
1210 2664
916 4358
3144 3407
1341 1817
2882 1882
4456 4013
1683 107
630 2095
2164 1745
1445 78
3724 2815
880 4074
3564 1729
1051 2182
2965 535
10 409
318 985
1880 4149
3927 3170
1082 2352
3636 3882
1236 4684
1643 3162
525 923
2754 4810
1357 1298
3320 1815
3275 560
3688 678
4085 2806
3353 956
3779 4334
742 4160
1407 994
1483 3684
1413 3263
3449 3994
1596 919
4133 4746
4866 3053
1392 3384
987 2384
2399 3390
831 511
279 2338
253 4314
560 1799
3749 4890
1059 4241
859 2357
4594 1551
297 2762
2772 4774
1376 2412
3829 1905
4640 1352
2385 4849
3209 1762
3248 476
500 3207
2796 1913
1938 2540
1632 875
4373 4645
1456 635
2624 4804
4798 475
3449 2859
352 2785
1112 1592
4263 4705
4642 3356
547 625
916 4671
3309 2968
3399 2849
629 1218
2060 4412
3141 2385
1661 4224
4713 2168
1503 4832
907 1511
123 3127
1932 3799
2236 934
2918 2573
3872 1360
4603 2095
3254 113
2590 3179
4318 4691
1331 2604
4359 2612
2035 4782
2603 1062
2005 1474
2636 3
4591 370
2850 2115
1690 746
602 3614
4982 2900
1040 3273
3035 1881
3598 2231
2883 287
1648 377
4077 2320
3228 2811
283 585
660 331
3027 1768
553 2422
2862 789
1939 2917
881 1244
778 4458
1331 196
3807 3564
4008 689
3507 3795
1518 3191
4889 2684
2874 3828
3065 2465
3019 3937
4984 2532
4833 1888
41 4233
445 180
2723 2556
2558 184
3483 2116
454 600
3603 3844
2965 4025
1507 2629
4879 3070
2166 3062
956 4193
4120 782
2392 4331
2075 4324
1689 1761
2282 1585
2114 3543
290 608
2994 270
3095 4834
2263 2216
3998 3002
3221 3131
251 92
1627 267
3706 629
4450 3082
3094 1239
4029 3066
1733 4168
4194 4934
4721 1579
2488 2014
2626 3024
2376 1443
3738 3326
2501 3654
4425 3065
4635 3758
2325 2909
4590 1362
3710 4756
124 2016
3615 3446
2605 1399
2938 3037
3067 643
165 2654
2870 1270
403 4492
2875 377
1334 4221
2536 815
4740 1243
2213 1385
3410 973
151 1447
1866 1584
1100 4504
523 2756
4477 1833
3281 1710
367 3301
1523 3810
3953 1902
1908 3580
3885 390
3131 2545
4928 70
3922 4695
3299 4023
3944 4261
300 1761
4019 4848
3437 978
73 3192
2043 2360
1959 1677
1738 3837
2231 4260
4370 911
2883 4776
1033 3982
4751 1108
2714 1694
782 2409
3113 4866
4451 2974
2876 3892
277 730
100 1454
4439 3800
3120 416
4714 1031
1446 4270
3271 1123
4873 2325
2947 1993
4777 1848
4215 1759
1911 1418
350 2541
4048 1733
4067 1874
4141 411
4514 4924
1136 1856
2507 3940
1338 2621
1149 4031
1867 1635
4128 797
3317 4699
4796 4531
4034 2497
1266 1749
4978 4343
3769 568
3214 4201
2499 1564
2250 844
2117 3939
3334 3912
1882 1757
2142 778
924 4938
2969 3758
2024 4762
1135 1091
2401 1231
4959 2753
2261 4489
275 4725
1493 4524
2628 4367
1311 4509
4207 1624
222 3778
2884 873
3903 171
2884 436
2797 435
248 1935
1390 3414
2664 3731
2047 3649
1607 3113
19 2218
2087 1379
2662 1151
4658 3215
2638 1087
3920 542
3550 2428
2636 4837
2696 3725
4358 315
4473 3256
4183 3902
1663 2181
1158 3244
134 2652
2028 2970
3072 1715
1630 2378
2162 4695
1856 2913
1473 1939
746 1879
3021 4125
2593 3147
1367 4426
371 2187
4377 801
1389 701
3945 305
3034 1713
1846 3028
2827 2707
4689 889
4491 4387
4255 2628
3610 1467
685 2514
1087 3360
1001 1421
1956 1330
2271 230
1001 4552
1762 4943
350 1140
4691 3498
3728 3225
1616 195
1301 2005
4996 2894
4405 1598
531 4745
1561 3399
489 320
2230 2434
1027 3530
1601 1560
1556 2861
4970 4000
1378 4823
4587 534
3694 1209
1877 1290
2650 1503
868 479
3238 1317
4420 958
1463 752
4206 4494
4532 3621
357 1604
491 791
565 2622
2228 3265
1005 2291
3254 2284
1471 3290
1400 1389
976 3489
1924 753
4156 4446
1304 4875
4761 3509
1457 931
2000 1474
2549 398
2907 3765
2085 651
1116 4647
1182 2449
4801 4696
2802 164
1213 1695
3475 1608
65 2840
2849 2140
3890 4354
612 3030
3394 526
2927 1942
4399 2043
293 3444
2040 2397
1294 2108
4218 4265
1044 1509
1936 4962
2399 4544
3677 4591
2174 4737
2548 1805
3270 4008
4234 2103
1458 615
4464 820
3552 1784
4643 4418
3706 841
3934 1613
899 1572
1630 2571
28 763
4913 1451
4805 1370
3099 4151
3186 100
1587 819
1838 2255
2447 3993
1653 2823
3213 3600
3599 1409
2303 4710
3233 523
4280 3506
1800 4841
2640 3114
4514 242
4477 4238
4455 2644
712 1679
4758 2844
2786 1778
2164 1475
3155 4415
3009 3198
2015 1167
2782 1038
4486 2553
3839 2705
1319 4043
4734 2603
1897 2705
1675 2642
1281 162
1914 1713
1542 4267
136 2865
1834 149
1961 2085
2066 2523
946 3836
296 2925
4358 4675
3964 3612
4662 2822
3597 723
1943 4724
445 1352
487 4730
3781 145
4397 4045
749 4434
1378 2084
4558 3172
4521 1429
3660 2373
2938 1921
3492 2553
1852 1460
3048 3143
4749 1184
2551 2182
1712 1676
2690 2176
4321 3799
1088 2126
1902 460
61 3742
152 4248
4891 1566
3617 2218
313 4400
3854 2971
922 3902
2973 3518
1179 4782
4060 1940
4564 3224
1853 1597
2988 2873
2405 3714
2825 4338
4122 791
2538 271
4348 340
856 2861
501 2179
4625 2777
1628 4004
2567 4197
1661 4017
281 4608
4108 2186
1553 3499
4892 3465
2825 4914
1696 2196
4303 2233
1611 732
4254 1789
503 4264
2523 3038
2941 103
4603 3300
4921 1106
4290 238
68 2743
393 1583
2443 294
2750 881
1968 2460
1465 205
2028 3692
2516 4364
3234 4813
1812 4972
2177 2157
4932 882
2037 3002
4111 3370
2429 3956
1386 4918
4797 4500
2007 4611
84 4767
3169 4784
4884 3531
1668 1533
1780 4851
4538 376
2556 3157
807 2122
2297 1171
3755 4574
2844 2221
2056 2923
4920 1688
2169 153
2916 1549
3250 1006
3133 4502
1200 3756
1134 2070
4487 3861
2751 3359
4368 4371
4924 1791
4882 413
1602 1988
3264 3960
1524 2044
1178 237
977 2388
2504 3391
4408 5000
2535 3029
4901 1383
639 599
2818 173
4218 2174
231 775
2850 3101
4974 1865
4762 2927
1910 732
1628 738
1722 3805
1524 1933
2810 3113
2956 3154
4445 26
3761 1827
1227 3320
1271 2882
86 4293
3860 1330
1011 1395
2883 4435
3104 886
1153 502
2680 3556
430 3648
2374 4188
914 646
908 4103
3879 1536
4900 4011
1860 2903
2673 2060
3749 3253
3716 2439
4976 907
2590 513
1912 4968
4859 2854
1094 3707
1423 3903
266 781
1848 2359
1736 34
4903 2369
124 3938
2335 2264
409 3592
2001 3606
3256 1089
3108 2786
3854 2093
1968 2400
36 3236
2994 3961
4945 1113
1217 718
1696 4105
1157 1195
4195 2411
934 1971
2194 1384
3978 2837
2429 2254
2059 2343
3983 3017
2458 4305
295 2876
803 4068
704 3187
40 3453
3077 4474
4059 455
1355 3360
1803 1685
4047 1437
2946 2632
2910 2223
1796 3085
2304 3718
811 1870
2741 3816
493 2093
1486 116
1428 3161
3003 1717
4152 2875
4181 360
3245 4668
942 336
2832 1680
1233 51
1944 2284
1958 3739
1060 3924
3248 388
2764 2067
709 3017
858 1513
1415 3879
1226 4796
1391 206
4936 2714
3313 673
2108 3596
1830 3175
4585 3750
1868 1287
2458 2389
881 1313
4118 2805
1014 157
3647 3995
828 3980
1779 3926
2789 1394
2175 1077
485 4033
4974 4275
435 1405
4314 538
4362 4717
4158 1032
662 862
4299 4119
3336 3696
4674 22
3515 410
1772 3570
4414 3745
3611 2129
4559 4783
3149 4807
3080 4085
153 4179
3366 4204
1047 2562
3634 2312
366 2611
3783 4685
3321 3614
4192 645
1876 3662
1652 602
1656 629
4856 2004
2828 4533
3857 176
1146 3921
2583 1639
1345 1817
3629 1512
407 4749
4870 17
2493 3643
3239 4580
2365 2245
2776 4257
4158 4653
809 4402
4256 3324
4303 2102
1032 4778
4665 3364
2678 1346
2061 4598
2665 387
1083 3086
2537 2881
1398 4808
1959 46
1771 2229
378 3871
349 1997
2083 1881
4131 917
2701 3926
2642 4712
217 3112
4360 1105
2695 4790
1267 2872
1860 3740
521 191
2432 4336
438 2343
4149 1392
1859 776
4019 495
3850 2569
3487 2840
660 592
3899 1105
877 604
3978 4163
557 1745
3448 1843
778 3129
3029 3327
3799 2062
2635 2788
3772 1926
3189 2150
1 2290
3547 1147
916 4075
26 1080
3607 884
2055 3159
4102 1480
3152 446
141 4725
4486 3354
483 2783
3778 2565
4845 2039
3171 4538
3931 880
1055 2063
1688 524
1676 2710
4666 4678
697 3725
730 1957
1327 146
982 3931
4246 23
2183 2596
256 3177
2682 2243
4669 4955
4252 846
3062 3102
4139 2451
4115 2657
2954 3784
3293 1985
910 4209
3426 1431
2736 1
664 3595
4040 1055
980 3521
1437 1404
2151 2327
2560 518
1801 3040
1736 406
3895 4564
3843 3267
400 302
4199 3702
1308 2241
1442 3502
2717 307
1564 2273
47 3036
2062 1661
3376 1207
3426 1970
866 2645
2038 2763
3521 1156
2430 3579
1419 1214
3613 803
587 3573
2162 2599
3438 2795
1428 4262
4682 3970
1037 4684
3796 1846
3323 4562
871 3918
574 3701
4374 4427
3254 2368
2787 4565
4242 4083
3032 714
3016 3741
4345 2919
4973 4436
2296 3317
1678 2556
392 3461
1525 2065
3958 1818
159 1976
4947 2008
3430 3563
4735 1670
2258 2617
2434 2842
1653 12
4938 1505
3126 2901
2794 1851
928 1687
2240 3117
3856 1925
4914 2743
3601 4587
127 2731
3445 1112
3855 2799
1170 4387
350 491
1739 1825
3593 1693
1246 3710
3351 1774
3960 3239
1197 1434
2123 1408
3786 3397
3586 2591
1140 2448
616 300
1466 4173
3608 4980
3395 3040
1205 3093
330 79
2829 443
3421 1765
4643 4767
374 4883
3933 1022
1433 3448
4132 1491
3418 784
4973 1337
3744 2429
4310 1668
4804 4309
4245 125
4376 3801
1536 3989
2373 1681
2212 3762
4647 2202
1405 4941
2122 577
4017 4905
2206 754
1339 1348
1466 3201
3656 287
2564 3628
4977 1739
3327 3483
3516 4451
708 1621
268 3500
4614 3967
1181 351
2430 1185
1196 1593
3917 4795
449 1449
106 2110
763 1240
3226 1562
1742 3138
1624 2881
3940 20
2032 660
685 4572
2864 4883
3164 3766
773 578
810 558
53 3558
3793 2097
2386 2273
3242 1728
1618 3888
2346 4238
3727 175
3158 3798
1084 3563
335 2180
1996 4746
4479 4507
4026 4805
149 3018
4576 4244
2948 2752
3709 4682
257 4078
160 4216
1891 3929
1224 1988
2510 1166
3417 2920
1229 930
948 592
1794 943
3459 3523
2029 284
1617 4390
3181 2578
1927 3597
3449 1382
4632 820
2841 1527
1619 286
2638 1437
2226 3719
1476 1602
3887 2887
973 3891
4485 3208
2163 2398
1150 3238
23 2886
888 1596
71 3670
133 47
4845 3433
325 1881
2968 2100
2960 1258
1524 4724
846 49
2297 698
98 1620
1982 2455
1159 1582
1744 3830
3913 224
2811 779
3723 4545
864 1153
2531 1720
3460 3542
923 2021
3580 4892
2353 3860
201 3294
88 2440
900 2970
4972 2836
3733 721
2430 1754
2078 4814
3369 494
3458 1644
3916 3958
4232 33
4590 2472
2303 2855
3200 704
2349 1153
839 1300
2539 203
1203 1123
4799 1750
4339 1468
4061 2448
4557 1679
4904 1686
1053 4421
1366 3523
2229 706
3853 2670
336 304
3760 1604
364 4792
870 945
4916 4974
1550 2740
3952 892
3059 1364
4127 2350
1413 4101
2678 4638
2693 698
739 3373
4050 1356
1754 1852
3300 2010
4754 126
1970 368
4709 1461
1614 2807
1653 2732
1392 3977
3675 3058
3755 4949
1538 1287
3333 3265
1138 1415
3680 1485
3181 1570
2845 3023
4462 2110
957 3694
72 121
4293 3771
1900 4840
1572 4530
687 49
4634 21
4220 3905
691 80
4442 1747
475 4900
4145 3494
1381 2326
3139 82
1102 2809
3156 2054
2921 3255
2079 2616
2813 3521
2413 2649
3496 131
14 768
4872 741
4743 2913
396 2601
1795 4451
1674 4575
421 965
4820 1097
1838 334
11 3456
273 49
3358 808
2603 31
1962 4110
4840 4155
1385 2677
1646 1510
4504 123
1159 1234
174 1419
963 2502
3589 1270
711 3986
1020 2671
2646 594
3968 4503
2699 2703
2077 129
4512 3423
2895 2747
852 1562
4967 2252
4681 62
368 4793
2209 4112
620 2508
755 4124
2486 1333
1608 1778
4068 4206
4506 3520
4229 3911
1606 2856
3891 2405
2909 749
4232 720
604 1789
1506 4868
4320 4898
1325 545
4702 3444
3268 1900
3774 2380
4488 1773
2659 784
4027 441
3532 1497
3186 1827
4465 667
2651 47
2520 4923
2407 1361
471 4334
836 2821
3021 972
1117 3432
55 996
1299 558
1341 3098
2114 487
1400 4202
1127 3211
3107 4937
2975 122
769 2700
3988 456
2112 4003
4357 16
4872 132
2497 2212
2591 4677
1386 801
1994 3296
4654 3356
1531 818
25 428
4241 3857
3752 1568
1312 4416
90 4861
3061 973
3735 1666
3702 302
3033 2215
4250 4950
2753 422
4853 1322
1438 4714
3849 432
1109 4346
3070 2197
375 886
1459 252
867 2187
4696 1476
812 1230
2004 4481
2939 3109
4960 3789
3431 2713
4352 2415
1734 1356
