100 100
88 9
60 16
43 75
72 15
91 97
100 1
12 94
89 66
15 32
8 9
96 85
25 64
2 68
24 50
34 67
69 51
76 91
80 37
54 100
20 4
10 84
68 82
50 83
44 67
96 25
54 95
61 3
98 40
10 65
34 66
12 92
36 12
74 87
34 60
93 6
13 50
61 76
19 51
5 73
22 59
100 30
59 41
41 54
6 15
10 29
24 40
28 7
23 93
57 14
62 39
79 60
48 67
73 87
8 99
49 45
43 15
21 82
39 38
49 36
78 37
71 72
4 86
58 22
88 26
74 2
52 91
57 71
48 42
61 22
28 62
9 86
77 8
17 59
56 26
53 95
54 65
73 35
47 10
15 4
45 42
82 25
81 26
78 34
33 68
11 28
94 52
31 65
47 14
55 79
38 81
85 98
49 63
55 27
19 39
41 90
50 27
2 46
49 70
5 62
44 18
