5000 4999
2596 3882
4758 4362
1904 1826
986 2286
609 3005
4872 3376
1796 4687
498 888
2520 2085
1925 695
1097 2399
2707 4319
3289 3629
4983 136
1839 4542
4900 3323
4694 2568
3201 3124
4160 3735
3714 616
3668 4809
2062 2089
4855 4335
4588 2742
1352 1840
2513 1030
1451 899
1615 616
254 4059
4377 1094
1251 1050
3775 2895
2675 4115
3504 2356
966 1170
360 4035
787 562
2617 4436
1643 4250
478 4272
3784 2209
1685 1360
3041 2307
2819 186
2249 1919
711 869
3568 654
871 2322
2784 4001
4251 360
2879 4494
1925 3991
164 969
437 3386
2668 965
3580 1965
4115 832
2973 507
1077 1707
4368 1103
3777 3582
3318 4221
396 4505
231 2149
1446 1305
4212 3842
4242 4051
3778 1666
915 3978
1984 3863
771 1335
1521 1630
3587 290
4496 262
2125 3312
3642 4676
4538 3435
3228 3647
1891 357
3363 4177
4745 4003
1146 1958
1045 2824
2013 2378
55 1404
4789 578
982 3846
2628 1818
4333 1651
3294 3149
3023 3373
1167 3060
4795 3340
4206 3453
3163 1067
1674 4459
3741 4898
433 928
1613 3434
3422 3653
2261 1837
4744 2226
2078 4439
4399 4043
1486 1242
1171 1461
883 514
3308 2855
2922 3476
608 3430
3066 4282
91 4463
3778 4883
769 3204
4449 3910
3010 3876
1711 2960
3659 3059
106 4232
433 2551
2518 3134
829 45
3925 612
1145 2052
2157 3818
1786 3582
198 249
3343 754
1042 775
2038 449
4862 2585
2878 3781
3240 1874
3076 3383
4242 3030
625 3759
2543 4963
3946 914
2054 2120
4818 1229
3761 1541
4060 4146
3064 911
3786 2606
3361 3172
946 2942
258 2143
2492 3906
690 4744
445 940
1961 1014
1354 3871
1494 4075
4745 3535
669 320
4395 2723
622 4386
1988 2516
2837 235
4453 2230
3151 2563
3856 1372
2416 311
1861 2259
1478 256
3275 3199
1177 4715
1277 1377
656 4647
374 684
3716 4343
4941 1532
1592 882
3062 3210
1220 958
2702 3238
3416 4887
3884 552
3951 4422
1672 4921
4320 494
2776 4201
2568 3614
1521 697
2371 4410
73 3011
753 1420
407 4056
4521 1394
3508 1222
2759 3400
1120 4921
4079 2615
3533 3253
3080 4642
3733 1104
2145 2944
4328 2940
1313 1797
3930 4792
3835 2444
4576 509
2288 1024
3381 4008
680 3093
470 3473
2720 1051
761 2804
413 3848
1381 1154
727 3936
93 4462
4042 1865
4309 646
1191 3938
3829 46
1220 3489
942 591
4920 152
3689 4218
4943 2021
3367 4883
551 4636
4923 1217
2803 4979
2071 2246
3502 273
375 3448
4458 1026
4426 3648
4828 1493
2228 1174
587 3745
1964 3114
4601 2131
3388 410
3328 3620
1084 2201
3639 2157
636 1850
1972 1661
2387 2330
1459 4182
4679 4567
2670 1687
1081 2107
3251 1603
3119 2027
581 1858
3409 2819
4645 2053
3233 1732
1423 717
203 4187
78 3656
3306 4215
148 2275
1159 4703
2319 668
63 4091
1037 3268
137 1508
2993 1393
785 450
4737 4812
455 1247
4164 2222
876 3021
3073 4833
2669 4138
4249 3848
4117 1456
2123 3405
4594 4034
3592 4165
4475 927
2533 288
1953 1769
3656 197
1880 4950
1590 394
3756 1983
3811 1525
900 3250
3522 4048
480 2980
2296 1626
4080 808
2055 1057
3122 4072
2767 4006
3689 2832
1382 4871
3913 556
4870 4659
428 4153
1929 1068
486 3685
4371 2127
1208 1488
1529 780
1380 2982
328 3361
3652 548
2939 437
355 4812
1296 3257
116 4238
278 2940
292 1143
4945 3185
339 3928
372 2681
3319 2318
3032 2979
1289 3290
3815 1948
3585 3115
3891 3038
954 2000
2220 3824
86 4268
2699 4178
3443 1110
3462 4770
1804 4360
1339 3570
4824 3971
607 3571
2452 2665
1369 1468
3505 474
212 2893
431 1163
4618 1254
4539 1818
1939 1208
2375 3199
4655 4553
3200 1838
358 2298
4002 224
1485 1545
2367 1788
2196 3692
4809 3796
2073 4464
1364 1900
4185 2347
1076 2434
756 3076
2149 3706
3155 733
378 905
1079 1401
798 1422
2711 4544
3870 2522
297 4987
4381 3213
3329 2392
3452 1441
3710 1957
1701 2855
1179 1763
1501 3179
3537 4665
980 2247
4530 700
4432 2295
4111 559
1579 1314
3832 3162
910 4404
1574 1889
4739 2972
3599 3739
4227 3084
2098 3665
3976 4740
1592 2434
2329 848
4764 4317
21 447
672 1491
871 1993
1510 2110
4863 1945
1000 3128
2680 4769
2916 3150
3308 1283
2507 1752
1232 2803
4998 3740
2160 4894
1210 4369
4469 2783
3226 4937
1454 3879
1108 431
4094 4547
1117 4489
1449 1383
4569 726
2423 3792
417 4205
4188 1241
2089 4078
2138 4862
2086 237
579 57
2172 4068
3752 32
824 4119
1695 4476
4823 3605
4362 2089
3795 2476
2525 1115
2685 2623
3358 4627
707 1841
2828 4012
2456 854
4960 706
121 3178
2193 1880
1247 4600
3780 1672
1608 2120
175 2331
854 1828
1914 2197
2387 1452
2635 1375
1590 2267
2838 3692
4285 3113
4650 581
3348 2520
1129 1703
3 4239
2238 3553
1281 1362
2033 3682
3415 3338
2372 3925
4689 2282
2138 3118
4772 713
4911 2303
281 4132
104 1624
15 4614
3531 413
758 4432
4005 1046
4157 518
2755 3798
1810 4443
3951 1559
2754 2171
553 3880
2589 2430
4887 4771
2036 1768
1504 2934
3346 1972
2641 2005
1669 819
2971 87
2417 4315
1851 4824
2190 4850
4235 3341
2931 2125
3034 1911
4725 2204
4048 3292
3700 3501
199 1614
1604 4312
3252 895
2965 3663
506 2580
2561 4634
4281 4015
1750 488
3665 1796
4166 4689
1518 239
1974 1757
906 3354
987 804
4646 3469
518 1257
1093 3498
2881 4001
128 4489
4708 1552
1002 988
2619 1093
4562 76
4839 4033
2543 739
2272 506
1556 4007
4339 1307
2765 1226
2786 4842
1700 2363
2859 995
4697 1900
1655 256
3418 4791
430 356
309 3018
1704 1539
732 2597
3281 4347
1799 1018
2983 4696
3904 1012
4693 1716
1602 2974
3290 4886
3681 2689
323 3623
4798 2953
2198 1770
2732 1985
3796 1469
230 971
3612 3494
852 4741
4501 877
1480 4975
4858 10
4401 3861
527 4588
4218 1719
667 1290
2143 2330
2508 591
1628 4321
3566 516
3482 1145
3159 1796
4755 171
1072 3725
699 1953
3693 197
2481 551
1265 3061
3315 1158
2553 3326
968 2219
3117 2722
1983 4530
4204 1664
1224 2211
3829 1381
4067 46
3659 4730
2402 2413
2235 2902
2171 2099
1243 4392
3078 4188
997 4761
2864 3379
1503 1430
3963 773
580 1540
2437 779
3144 1133
4470 718
3274 2573
4215 2419
3194 3033
4619 3097
2861 10
4710 3421
3317 3554
4389 569
1736 2149
3722 2116
1178 1906
635 174
1793 3448
1211 137
3119 1261
3790 3127
4839 1222
400 3483
4562 2846
1560 2345
2577 3505
444 69
1712 2869
1526 1484
1099 3698
1257 3477
4469 1802
695 1735
2859 2919
1913 2633
1917 259
3387 1172
3680 2423
3387 3745
3672 2710
1010 1314
3847 4892
1693 1596
3303 532
971 3236
3757 2374
2007 3525
3268 3263
2626 3218
2426 307
3942 830
1224 4973
3840 4894
3812 3378
4451 50
1978 3921
166 3912
2038 228
1634 3294
1119 3583
3888 1963
4954 4258
2497 2851
2282 1180
557 2166
3084 4739
469 766
353 4267
3203 299
2021 3377
944 4257
3774 2730
2906 383
1722 1108
3287 2573
2176 2381
1248 1024
541 728
487 2318
676 4186
4322 3610
1869 1203
2696 454
4871 3177
2082 2411
2295 3372
1908 3932
1260 2682
2485 2326
4919 2390
4279 1116
2001 4255
1239 3874
2489 2393
2215 3430
3633 4663
1464 3740
839 4513
859 3215
1714 3737
2604 1854
4055 4115
199 847
768 827
984 2921
3551 4237
2423 2350
4078 3339
3495 24
13 22
3106 3748
3742 2946
2971 1873
2166 1336
2640 3417
1888 4934
4718 3427
246 2490
4437 1856
3971 4556
3032 4473
1121 341
3052 476
867 898
3335 1508
11 3199
2372 1238
1733 880
1943 1654
2030 4507
2672 1969
243 288
2091 2178
1857 2259
986 263
1794 1999
91 4198
2832 3975
2160 1791
3725 727
4569 2831
2470 3662
2144 2924
3487 161
3160 2421
2654 3445
3850 1655
3657 2049
1989 1059
985 2773
1849 2293
3433 1547
3101 4974
4820 3975
1573 3929
2422 1175
1580 4741
819 1269
1348 4567
1309 1341
943 3600
147 578
1467 2347
431 2963
2003 3728
1803 720
2346 1263
2990 2233
550 3113
1164 3056
3316 4638
3478 4865
4548 2692
3466 185
40 779
4002 382
2687 623
1870 3726
3131 2528
705 3008
1534 912
4249 809
3487 1156
4935 4268
3522 1712
2220 1155
2895 3022
475 1424
657 2100
563 149
90 841
3292 3922
4278 4396
1958 4742
2114 4262
4861 4184
2227 2384
4091 1888
3254 4028
2725 3712
3609 1987
985 769
2333 4706
3535 4976
4204 1146
1811 2462
1733 3321
4127 2967
3943 1778
3992 3583
3241 735
2468 262
4216 4526
1337 4037
4616 2920
1241 3814
2207 1015
1749 1528
3258 3185
2992 762
2010 3412
2978 1386
2715 1883
4302 3312
4264 2804
4194 726
2464 1040
4779 2265
2892 268
1619 1326
3683 4564
82 3086
3919 492
2199 2010
2643 4961
3585 3155
1939 4346
4024 306
1835 1523
1965 2668
4785 1742
2384 4674
3978 840
2795 1567
2360 281
3419 1340
4423 2907
4447 2060
2962 4039
1225 573
2984 3169
4117 1795
4186 2256
109 34
3688 2297
1111 2234
4398 3498
4013 578
2606 3637
850 3085
253 4865
4583 505
2425 4908
1886 4927
4408 4956
2921 580
2514 4393
3160 4534
2081 1445
3370 2739
3438 3627
1718 3329
1036 3575
1423 3880
3180 4703
685 3746
2373 3940
1674 127
3286 835
4374 2660
1971 2759
628 2566
629 3751
2378 2943
3846 2894
77 234
864 3485
173 2205
1659 1051
4224 1079
3940 3789
123 3468
371 4994
2969 1250
3138 1238
2086 1597
1768 715
4311 2587
342 1855
4717 4353
368 2611
2152 4484
1191 3943
3338 3222
139 3442
1283 95
31 228
1090 3824
4770 2848
2738 210
3815 2801
4825 3930
4476 1834
3605 1605
3825 4211
1591 3271
3907 3302
2612 285
4683 389
4271 4495
2418 1631
3819 4295
2996 4494
4511 2636
4823 3867
45 4560
2737 1276
150 1461
3580 4688
379 4786
4350 2903
2208 2141
127 3272
331 2141
133 2280
16 1426
3831 1618
814 2170
4522 543
168 3568
3591 2636
4193 3259
275 4193
4383 959
2473 3911
828 429
2009 1710
3204 895
591 1725
275 2059
41 1259
4845 1419
3592 2686
324 649
4130 1910
325 4372
2656 1561
959 359
4811 1777
2563 4899
4896 1294
4014 1995
4180 1858
3677 54
4360 3125
3841 1643
79 4585
2146 718
404 953
3500 4974
2782 3351
1805 3980
1604 2156
3954 1365
4414 2962
822 1305
1043 4428
4230 968
4977 3070
890 1960
3776 4911
1623 2047
3249 3948
2874 1383
4325 1151
1278 4502
1933 3561
178 1665
4885 4245
4309 2521
3069 2604
2894 256
2398 3207
2681 1410
2209 483
933 1410
1926 4996
2544 2134
1980 3663
1271 3706
3092 3451
1911 2365
1553 1374
1662 629
3425 4779
3846 4418
3983 4269
859 569
2538 4678
302 3869
4756 1714
3223 1272
3067 537
4147 3336
631 3956
1738 2838
1124 1606
4277 174
908 236
3205 4346
3696 782
1823 29
1639 4306
3609 1790
287 4609
4906 376
1009 3112
2693 2255
2328 3328
3345 2271
3304 1843
3207 3783
789 1391
1844 1076
170 1249
1154 291
4835 3697
1361 2621
4326 2989
1022 4506
2444 3227
1032 3008
473 3507
4579 555
4782 3720
84 3991
746 4038
1726 4751
1359 1578
1922 4942
2457 547
1091 4498
3841 2795
2295 1928
29 2542
4774 1633
780 4926
4636 2143
2179 4440
2495 1720
1341 2749
3528 2706
442 1524
2569 315
2198 638
4903 2256
2180 3055
3356 2071
2938 3012
2988 4189
613 3237
1863 2809
361 4131
1448 1586
4764 180
2012 4079
1551 3052
2829 3016
3050 1497
4491 1846
4889 4981
1816 2029
342 1149
957 3161
506 2253
1957 4461
2979 1087
3633 4427
600 4664
4622 2902
1266 58
2088 4179
1538 860
2243 2428
88 3340
746 744
3023 3363
3375 2870
3727 630
4466 4112
98 3253
2648 2887
1671 3021
3331 3811
1789 2775
2386 1537
3485 2594
3138 3118
2745 2140
829 1887
1955 4550
1206 1555
3655 4492
142 3198
629 236
2074 2736
373 3799
517 1160
1877 4654
2886 4860
4821 6
4031 929
785 893
3060 3516
3740 3614
344 2963
4281 2847
4724 1096
4858 1679
917 2773
1425 3298
4041 2417
1710 1799
1542 2192
4850 305
2587 2969
92 1584
561 42
4638 1765
3087 895
2131 304
422 4559
1893 1730
310 2639
356 4212
4514 2369
2677 3139
2825 328
30 4106
2175 3758
886 2102
3137 546
2063 2821
2311 1760
670 740
621 3922
4519 658
394 4087
911 855
4481 323
270 3814
3281 2655
52 2629
2868 799
593 3400
4007 479
222 1950
4575 4456
1764 2188
4076 3907
757 2746
1066 536
4555 2494
277 4778
4679 2833
139 2501
4787 936
466 4217
3918 2744
4822 4467
4676 1240
796 2349
1638 3366
1256 1867
1549 2057
22 4673
1157 246
4337 3343
3472 1195
129 3383
1513 1002
4704 4319
2756 4992
2800 4226
2871 3594
4827 1018
3967 2661
1028 4837
1494 114
2987 336
2461 1699
3659 4151
340 3820
2918 2574
412 1035
2002 1775
677 1813
4232 3056
4861 2651
1411 2056
399 2168
4443 4633
1856 953
539 169
1507 2981
4399 2217
1787 3424
3767 2749
2411 2140
535 2940
4729 495
2647 2677
4994 2862
3510 664
4802 3203
2738 3688
4119 1151
2805 461
4196 3628
1474 3445
1300 2589
2241 1416
3234 4515
641 2429
2771 725
2738 3821
1302 4557
4466 409
4964 583
3867 3191
4133 4727
3696 1469
40 4859
815 557
4285 3563
3231 3127
4122 2777
2796 1754
3888 3171
1766 1679
3709 365
4214 1762
229 3564
1053 3247
244 1443
1631 1412
4231 1279
628 2905
2400 3315
339 4661
4387 3596
89 686
323 2714
1728 1389
3999 4243
2312 4796
643 545
4063 3567
2315 1638
1749 3859
1347 4547
1744 167
4458 949
3479 4415
3333 4783
3320 1702
3482 3183
3686 2292
948 3084
2324 901
4130 4819
3976 2158
1413 3528
4021 4555
4757 1807
435 1896
4691 607
88 4662
868 3658
2842 1779
443 2952
3248 1794
3169 2279
1885 2665
3150 4341
2445 2150
796 4214
1756 3286
2634 394
1895 2107
4768 2865
850 1718
3234 3923
1918 2558
3097 3775
1875 3750
1105 1219
9 3035
2697 2568
562 2334
4083 3557
2599 1056
3515 3309
998 1566
2101 3700
2214 3260
1304 4128
2973 1791
3937 648
3827 4272
2649 542
3653 3506
103 4492
1815 76
1524 1598
1707 1785
250 3117
4842 802
3763 2851
4720 4849
1570 3412
2376 2677
1206 4190
2625 4799
3718 4863
1495 3722
3000 661
4913 4579
444 2350
938 4455
3515 4750
1698 2427
4775 675
676 4931
1016 2521
4860 1244
3603 4842
1253 280
1327 3575
546 4991
1310 4247
2066 23
4212 3882
3384 642
4097 1322
2145 4933
1156 1603
1231 3767
3064 2875
4558 2077
1295 392
353 544
2846 3337
3640 2766
3996 1837
4008 4031
2075 1910
3398 2697
4640 522
145 2445
2283 3259
2994 3687
853 1548
403 374
4370 4482
4479 2540
2094 4637
602 3227
1864 4335
330 1907
2925 669
4976 2067
2529 2953
4772 1994
511 4508
836 1119
449 501
3643 2581
916 1884
2789 4471
1847 515
4708 2155
4622 1541
2750 1557
2678 3481
1367 718
1242 2047
3705 2297
823 460
4630 4742
2879 2497
3413 2491
132 4356
4340 325
85 1752
153 4350
1828 78
2669 1850
1902 3350
4896 1080
2198 3764
3572 3800
2093 2987
3590 2778
4900 3757
1790 184
4955 1194
3944 3131
2388 4825
4902 3200
3429 2238
2836 3593
4148 3360
1571 3495
2569 1465
721 3661
1923 2930
1006 3551
1544 2324
4090 3562
1421 3948
1670 4076
510 3329
3810 1219
2841 2533
4621 4844
545 1762
2531 4145
3222 1127
4912 925
2689 1645
2903 683
2484 2420
4750 4885
2094 4176
2964 3727
2753 4871
1452 4924
2683 2103
4751 1895
4370 219
3932 1343
4554 4211
4228 347
3955 531
1620 2715
2525 3618
1108 3619
2118 4309
2565 2306
3753 452
2588 3160
4988 2556
3318 4853
272 4641
219 856
4380 1674
4533 3980
4774 1179
3231 3818
2897 1406
1804 934
1122 4306
2963 1498
1109 1433
1528 3790
4592 3141
497 3394
4139 3446
4947 2769
3440 2938
742 3397
526 3770
774 608
1285 708
1318 889
923 3415
4047 1746
1883 318
3307 2740
4330 4095
3235 4644
1515 3736
131 2941
1865 1141
1023 38
838 4231
2092 2043
3893 708
2556 158
3917 2262
3765 775
2407 3477
1598 2017
1772 965
3607 651
3242 3185
3114 2808
4243 4275
497 4840
4084 3931
1188 3604
1378 703
461 2142
3024 2774
4643 903
4192 2646
1875 2770
872 891
3275 2554
889 249
3935 389
1482 3671
2527 2705
1753 365
1506 754
4658 2562
2464 411
4480 1678
2467 2092
92 2866
1297 1795
1665 4915
2409 3936
2318 1130
4619 4097
4665 4675
3819 2844
1092 4054
3946 674
3954 415
4764 3147
4843 116
1126 526
3518 75
4755 4870
4293 3857
1654 4918
4593 4507
1629 2159
590 3326
2591 2816
4755 1196
951 1473
3367 3865
2802 4049
2775 1560
143 636
2299 4073
4391 1423
4605 3474
2859 4502
1183 3089
3229 1596
4876 4366
3561 524
2385 1572
4427 1681
154 2332
3506 4341
1727 658
3368 1944
3537 2102
1335 3441
3267 3805
3807 20
2432 3916
3979 1245
4822 4942
3022 1296
1691 1742
3664 2888
3027 4226
2952 310
4160 1817
618 4245
2402 4632
10 1632
3480 4646
3120 2592
1722 3332
2699 3173
3625 576
1797 4944
3996 4617
4122 593
2854 2627
232 4128
3552 2475
1373 1285
2981 365
1509 1719
70 691
393 2181
2876 4486
2280 3723
4578 4028
1339 2214
151 40
1223 4563
696 3093
4377 1356
4291 177
3419 1642
3371 4023
729 43
860 4901
2079 3517
164 3541
2722 3369
4165 3133
3895 1943
3532 1719
226 978
4989 83
2097 2371
328 4180
1111 1453
3285 4032
3276 1834
4542 3802
3598 4910
1763 1164
525 27
1519 2865
4480 96
657 1969
1477 784
4614 4523
3663 4357
4832 902
671 4762
4282 2813
1064 3201
1481 3695
4438 1511
468 4508
552 1262
755 19
3754 2583
4311 2558
1414 3803
2651 3327
4919 81
4952 2441
598 3267
3441 3100
2926 2026
2269 2325
2236 2232
2436 3014
1131 2937
3707 1512
3324 4578
780 1798
202 2645
24 4308
4469 3418
3867 1723
1442 2109
2068 1884
2470 4915
4633 4013
4570 4279
4639 3870
4709 2873
3516 48
4465 3679
3521 1821
4591 108
4753 1017
1414 4787
4198 1396
4876 3518
1563 3132
5000 3868
1761 2150
2018 3578
2225 189
4166 1378
4705 1527
887 3330
4606 1776
4123 1291
1390 4262
4541 415
4135 1778
4743 1330
3868 217
1812 2506
2258 1482
4046 1295
2857 3323
1147 3560
1942 1037
3128 2034
2850 1966
3685 588
4776 3394
2766 3660
1970 249
639 4804
3123 3548
3795 3431
4004 142
4203 2639
2840 3087
2660 3640
837 1342
3526 3391
3493 1198
1767 1196
18 2380
1791 3657
777 2093
614 781
1099 3481
886 1687
537 4162
4481 176
2631 3899
2630 4105
2277 4016
4027 4163
3641 306
2751 210
4927 3945
1349 55
1589 4288
770 2156
4971 3453
1052 2006
4233 2835
82 4534
3455 3618
2861 3744
924 3271
1589 424
2066 1742
4866 2310
3844 2225
3444 587
3746 3982
3290 60
235 1284
2191 3091
4483 4457
484 3698
1212 2261
390 464
2681 3504
4669 2074
1899 3129
4659 2985
871 3256
1365 3012
1409 3584
4811 4778
1333 4503
2332 1813
285 1088
254 3181
3731 4728
3319 4545
9 4423
1175 3301
2919 332
642 265
3987 209
2600 817
3240 1782
3465 1256
3929 4881
3030 832
4645 3385
2379 1531
3896 3903
3828 1970
334 472
4815 872
2240 441
3777 1516
4604 1991
1437 149
2706 1364
2808 4540
4714 4710
226 3720
2862 1657
919 387
2006 3630
3511 3483
4237 3311
432 2767
146 4785
3007 1814
1704 486
1518 2511
1792 4735
1312 596
1599 30
4070 3411
592 3962
99 3749
956 4909
4857 2637
4380 1433
3456 62
1829 2122
758 999
2486 2264
37 1507
514 4979
3542 30
1032 2311
4652 1753
3165 3757
1857 2607
761 381
2899 863
123 3819
146 3632
4323 4047
970 2433
4350 2915
1273 2287
452 4242
1553 1492
1831 2195
4044 1127
3567 474
2032 870
3399 2830
882 3316
1450 1029
836 1437
2169 2758
3402 4897
3808 2294
3019 3037
2737 2777
1936 3889
2611 352
3200 3870
4902 1479
3726 3357
1181 3788
2026 4884
4488 1489
2768 3142
1808 3927
66 1700
4655 1219
4301 1581
1398 1597
140 4158
1390 1070
130 1061
182 791
2357 1779
3067 2401
3501 3558
2117 1
2474 714
3233 2499
2572 598
2466 1080
1817 1405
4663 4030
1460 1787
4052 1582
1532 1039
286 4144
53 459
399 209
3467 3386
1368 1641
4472 4833
4102 1316
807 4406
1843 3463
2117 720
3401 4559
611 229
4775 190
2229 2567
3396 4810
3608 12
4271 393
3352 1933
2957 3863
1298 4967
3325 1780
2348 2436
3899 1425
2577 2068
3835 2392
1307 2189
3276 3540
3192 658
2171 2178
3749 4968
2440 575
4361 4264
3104 181
3929 3860
4069 3832
523 1034
4137 4561
2045 4707
2267 2484
584 277
1846 3380
4126 974
2475 1067
87 4692
4720 585
1960 4045
2735 910
4641 4937
831 2003
2522 2515
2071 4670
4352 2778
2354 1546
130 4265
2352 2570
2827 4301
1729 382
1927 2817
3576 443
1202 878
327 2327
146 2871
4626 3445
4586 2724
759 1981
1982 2147
1435 2162
2547 4624
1527 3245
811 2822
361 3850
3339 3624
902 2329
4506 1373
1646 4696
2501 4826
4615 195
4273 3065
1720 363
1227 2126
1132 3731
2238 2081
4118 953
1351 3406
1008 4537
3299 4305
900 135
3595 2283
1950 1977
1565 3743
1627 2150
4222 2340
436 1873
2987 4878
2913 1140
3341 4108
4446 538
1830 2799
221 4586
3128 2788
2212 2534
961 3224
2169 2909
502 4328
594 1198
540 1484
1475 105
1184 552
492 1735
1062 4690
1658 2958
1919 4332
1503 4512
3934 4771
4159 2873
2927 4786
4582 4304
2223 3503
3492 4908
1077 3949
4475 3026
620 1536
2442 4017
4759 3873
3637 1229
1069 2477
3112 4714
8 2167
4036 1085
1582 4929
2216 385
633 970
2607 3417
1838 2242
1117 4598
1574 3837
3196 2801
3142 1376
1189 1264
3248 2023
148 3314
1622 2721
2799 3314
4846 2321
1909 2707
3941 1391
952 2341
915 4061
3392 4142
493 1585
3723 70
4892 4125
362 4296
2691 4148
3855 3234
3476 47
1996 1217
181 4154
4923 4599
58 4100
4648 839
3548 2189
2070 3267
4048 2487
1733 4364
1464 4294
909 276
2642 3114
2358 4082
3391 2790
4712 160
1559 3028
4948 1420
2571 4170
4683 2503
4529 281
2638 4096
4680 2283
4165 407
1286 2620
730 3410
4136 216
2030 941
2737 2186
316 2016
3879 2860
2446 2
4032 1543
891 1731
3760 907
1998 2997
4401 3989
387 1565
4909 3989
1627 2760
4784 1806
1190 1660
3519 1951
296 2395
2046 110
811 939
1898 4495
4717 3509
107 4253
3840 1609
1425 2135
3005 4451
702 4376
4010 1572
3173 534
2865 2978
4582 3365
3353 3939
2096 631
1809 3746
3001 1721
3210 2169
3718 1455
2745 4318
2637 2105
314 2176
1648 2039
1965 3486
790 2907
3283 3238
4102 859
2399 2728
2139 3935
2393 1083
2458 4699
4230 2484
1786 2122
3877 3635
786 2179
521 4458
520 1580
1234 3274
4461 4236
595 3576
3464 4956
1563 3294
2008 2747
3776 1101
4760 1382
845 4765
763 3378
79 2780
2097 1855
1822 2752
2385 787
2924 2726
448 3335
1746 4484
1518 3911
1311 4814
2530 4752
3059 4223
4140 3950
4910 602
1357 4594
1169 4609
3581 4093
2595 1284
1274 743
3346 766
861 2502
2499 1346
2882 2555
1689 1507
3352 1774
4003 955
3944 3029
4252 2483
4793 3407
3871 845
519 2683
3025 4846
1142 4716
4880 4862
1123 166
1943 2491
4274 4707
213 4951
4017 1864
127 333
2054 1073
3600 3555
604 4287
4940 2712
3606 764
3452 2044
4202 3269
4599 2949
4369 2954
2465 2319
4066 2485
1032 2571
2703 1722
3794 352
4020 3015
803 2694
2774 2779
1823 4969
1492 4390
2120 447
2099 3885
1883 475
1825 3400
1118 3144
741 3184
1246 3743
4542 1221
2050 37
999 4394
2065 4015
624 4297
4560 1140
3458 468
2018 2884
2076 41
3750 588
874 98
1319 2477
2443 4782
4940 4767
522 3166
4904 2764
3433 3839
1223 701
1124 1433
2980 4124
2756 2687
1599 3900
917 3282
3766 1246
1028 3304
4375 118
3566 1345
1251 3909
2861 3517
574 4490
418 4965
3655 4982
4687 3374
3858 2049
1552 4497
750 3534
3512 1581
3672 1489
3096 788
2619 2019
4852 4835
809 2067
4534 485
2156 4917
2203 2712
4590 4765
1129 2877
564 997
3218 1230
3549 3675
979 2130
3471 1739
3372 1621
1760 3758
4333 1403
4105 2343
2892 3451
1990 3469
1382 4631
792 2384
1259 2396
961 2308
2151 2397
382 4782
3355 1162
824 3947
46 376
813 3182
1429 1703
940 2445
2798 1302
4368 1754
539 3428
1190 2769
3409 2320
1888 3357
3462 3890
1455 1853
1904 433
512 4077
2724 2094
2538 3465
4649 1984
502 3102
477 575
1644 630
3953 2541
122 1487
1225 2155
4961 1125
4841 3156
797 3464
4098 698
4241 1359
2276 3002
1470 4499
284 3545
3376 678
929 460
4449 653
842 2421
1202 2731
3437 335
2482 1581
1975 4069
3419 3866
2572 3724
2202 113
4867 3460
3373 4011
826 750
2896 1508
1731 3544
362 288
3211 1291
3243 1388
950 1437
3687 3003
1626 528
861 2269
4709 3675
114 2845
4620 4301
4080 3043
1813 3112
3404 3026
3245 3000
220 2290
3797 930
3037 1711
3232 4666
185 4721
4118 2598
378 2871
2003 1463
2316 3063
4985 1628
1540 3559
2336 2044
3802 4072
1340 1281
1277 1300
4397 734
1054 635
1261 4141
533 1787
1090 2718
3303 1166
3126 1157
879 744
2992 3225
1327 1577
4804 1075
2105 1930
3509 3369
4336 1992
1877 313
1606 1299
3175 165
2191 981
1517 3647
1281 1402
2669 4492
2405 1013
4244 1993
2882 1588
2732 2077
261 1015
2678 3891
894 2468
4577 3027
925 519
1833 4827
1323 991
1100 1684
4996 4336
2010 3422
1775 3526
1549 2302
1275 2832
821 359
1480 1971
3953 2763
840 4409
999 858
751 89
2272 3309
1623 2690
192 4431
4966 3973
4135 3355
2551 3443
2362 869
2226 1896
1303 716
4107 3531
3911 1917
2536 188
2342 3353
3700 4238
1924 2797
2620 2035
1564 4550
4713 3571
2595 2438
4925 2135
1445 3673
2257 96
3037 2414
1366 2492
1820 841
4828 1273
4354 4168
565 579
72 1435
3333 4062
3901 1400
4026 2863
3543 2511
240 3350
1541 4667
271 1412
3180 266
456 641
4821 2905
975 94
4838 2657
2474 2430
4630 1956
4229 3902
4517 1020
1038 3198
1314 8
2531 2599
4456 2535
4485 4430
3998 1622
4793 1591
2800 3230
1189 2764
1658 1636
610 3342
2570 729
462 2650
407 4320
745 1008
529 1460
4978 2991
852 1420
4195 2129
3849 89
136 418
2250 2022
4620 3354
3208 2636
476 128
389 2536
1215 4106
3162 4057
3189 2685
2165 1292
4716 1366
1723 3613
2333 2293
1384 1881
789 4114
3735 4361
2104 3004
1411 3268
1709 390
1197 4169
2605 373
17 1212
4741 1165
238 737
2253 2584
2846 2509
225 1213
1183 4417
2920 1272
18 3260
3253 3337
1822 1334
2181 4303
1109 4801
31 2280
3835 973
4571 1552
1087 566
2597 2408
400 129
4877 3699
4421 4103
403 2338
248 2042
2265 2128
467 2374
1892 3710
4510 3482
3705 2033
2024 2206
4719 1567
61 1126
380 385
825 4153
2676 3490
4101 1180
1937 1738
720 3695
4285 1476
1588 44
3918 2654
366 1381
1708 2994
354 3363
3231 2180
731 4868
2364 3678
2888 1270
3667 4749
1847 3699
293 1602
663 493
1388 3257
1471 1904
3536 1969
252 3871
909 4933
3875 3602
2366 4627
4660 4023
3708 4202
1160 1466
2575 1792
4339 329
1612 4662
3986 4547
3086 3479
4281 4216
3202 2285
3949 416
3773 4433
4025 4537
2435 1392
426 3050
1199 3588
279 4531
980 2020
4092 3839
2734 1916
2304 2099
773 2467
553 1479
290 4536
4713 4672
9 1155
345 4854
2537 2714
4020 14
4334 392
1007 609
538 3520
3527 2011
4811 2482
3457 260
3488 4041
3956 4829
3834 857
626 562
3711 4788
4828 3277
692 583
58 3140
3118 2165
870 2693
1118 4080
1145 2984
2547 752
3364 2650
3884 539
2091 4891
2442 942
2176 3931
3959 4356
1078 707
1088 2237
4289 969
4983 3701
69 2307
724 2539
2045 182
200 4448
221 4866
1345 4612
4724 4478
723 1139
926 141
4964 3964
733 2433
3046 1265
3546 3807
3881 374
4917 3972
2939 1739
1432 4174
3788 3988
1805 2254
260 3082
1782 2908
1053 3958
175 1831
4000 96
3149 2245
1270 3049
3676 4742
547 3008
2603 3940
3965 2060
3779 2836
1565 3747
1065 1940
2425 1251
1436 3514
4428 2956
3853 690
479 4500
2060 1842
3214 3737
2601 1089
2211 573
3908 4342
4310 2925
4712 700
4733 3305
3674 1375
3235 1353
4379 3190
4308 1516
4355 1497
79 4255
2115 3463
4197 4147
2627 3045
3154 1312
4363 2005
232 4073
1947 3942
4984 1698
3280 2275
3014 2121
2659 2618
4452 491
2816 223
4127 4628
983 286
2791 2664
646 2721
2289 557
2908 3070
4574 3734
264 4834
3635 2877
2043 4897
329 4199
1204 3736
4129 1876
4021 4991
114 3275
4802 2402
4046 2986
4536 2584
1325 1835
2163 635
767 4987
3534 4879
4777 768
4420 2162
4700 1252
3589 223
2507 3377
3164 984
2526 2772
3359 3577
694 2577
4603 1757
4116 3556
3444 1403
272 2959
4027 1584
3772 375
2183 4004
3672 548
3525 4113
4677 4572
3780 3551
4314 3578
1625 2480
3123 105
4149 1931
1044 529
2858 3625
2866 4981
922 4457
2593 287
2613 4917
4945 321
1605 3915
4444 2165
4525 165
4150 4669
1471 3395
4872 3088
13 1717
760 4373
2731 2726
1387 1313
2325 3033
2774 2095
3904 1724
2229 4905
945 3739
704 215
2856 555
1560 4638
982 3306
4907 2934
540 4677
2704 4978
2466 4331
4329 2240
438 2682
3531 4552
2028 4746
3174 4676
1197 3901
3724 3977
4152 3288
489 3813
1432 1730
4820 3905
1562 4652
4700 3568
1828 1673
2410 4699
1265 2278
269 1133
1207 2951
4269 2644
291 671
3153 2139
2260 3523
624 1962
4317 3344
2885 2837
3493 280
1979 701
3277 1681
2422 2407
1112 4690
3098 3265
4019 3859
1697 3036
2614 1615
2041 2514
1181 1359
3016 2058
3578 390
1702 99
2316 1589
4183 4059
4414 1846
692 3462
3734 3563
742 4803
4059 1195
4328 2221
1620 1102
1915 4736
4629 1551
4266 2184
4666 2167
738 4439
4216 3822
4874 802
274 1467
4765 3529
1218 1071
4262 44
708 111
2734 588
633 306
1605 4450
4307 53
3115 213
131 4229
4248 3995
4162 3769
3872 4590
630 2941
2123 4953
3104 2998
2302 1646
503 2661
988 655
1060 2691
512 3598
4035 4143
2888 4393
1447 4173
2937 4109
4236 4103
3389 771
4722 2943
4217 3354
3088 4429
2514 395
1490 2028
380 3225
1743 4141
2867 4252
2874 2112
2898 1983
3826 914
2247 2822
4566 4470
568 2012
402 4962
4502 2154
1066 3556
2604 1419
722 3892
3040 1416
648 4510
3058 3428
43 2218
1147 2697
3624 2025
1814 2545
1668 1141
4402 2103
2523 1009
2779 1901
2017 23
271 156
325 2471
4583 438
784 1521
1422 1129
3522 523
4888 2864
2378 163
1386 3261
3552 2365
497 2136
1431 4017
4092 2133
4313 4487
651 4597
1297 574
2083 3573
4978 57
4474 2999
875 822
4283 4620
1752 3752
763 4189
1396 2761
230 584
1690 1884
3772 4219
1675 4007
865 500
3402 1679
3762 3319
1160 2938
4403 4056
1618 1488
4440 2615
1585 2190
1677 3601
2710 509
741 4523
1542 3698
1664 316
1320 4179
3168 4342
2733 1100
1355 1446
2725 4623
2901 957
759 1153
4338 3269
805 4516
4532 4606
3779 4579
4486 3474
1193 1310
2246 563
3853 2352
690 1682
285 3634
2086 446
134 3544
4316 2653
4111 3907
4690 3965
3952 4381
1783 872
441 1318
2453 49
4093 140
1860 3985
3668 176
3190 4596
180 679
1230 3852
2404 4209
843 4668
3439 3526
2063 2573
2911 3974
1868 2105
4723 3013
2231 3136
3456 1162
4881 1332
1978 3038
4345 3078
788 405
3966 197
4278 1975
1934 2797
676 4997
1780 3955
1533 355
743 958
4369 2642
1648 3002
4396 4693
3317 233
3503 52
2111 4795
3260 3189
2051 85
935 1486
2153 1166
266 4561
1671 3765
423 4040
2652 2943
398 115
4392 3755
1095 2581
3278 3628
3727 49
276 4683
3369 4172
4436 273
842 2394
4211 1389
833 3069
2539 4671
1997 1614
1723 1678
2619 1429
3005 3920
865 1703
2688 2968
906 309
1899 4478
2377 2187
4605 4303
4241 2032
1648 2464
543 3889
3249 1905
860 421
1867 1609
3308 2975
179 4602
3542 3817
638 4992
359 2080
3302 3644
618 2505
2144 3964
3510 1039
2096 4471
2933 4687
712 2092
3320 2225
795 1092
4518 1715
2376 124
4747 4780
3386 3219
1399 109
1396 112
849 3146
3595 242
2415 1994
1457 3667
3611 4551
1107 2889
51 2717
2323 1319
4970 3529
488 4438
3006 3069
2462 1311
719 2134
904 1826
1349 1192
2428 2557
1878 4831
1161 1819
828 2887
2412 667
1761 920
2398 1170
688 3201
1956 4150
3217 2368
3222 298
2918 2841
1336 2383
2693 2717
4089 564
3772 4653
1343 4893
4932 395
1988 3885
1240 1912
4462 1822
3666 4718
1866 536
3426 515
611 439
2947 3836
3518 4187
1298 3647
4573 1776
153 3615
2949 4040
3965 4966
2936 332
4864 3601
1607 430
4032 1802
3047 3850
4022 2222
4291 4847
471 289
3158 648
2454 3951
3080 1550
3799 498
1187 1125
2406 35
4259 2366
384 4002
1258 1033
2035 3235
1891 1961
4398 2728
2733 4196
1876 1041
320 1666
203 4666
2371 2904
964 4807
567 4083
1575 2212
4657 3521
1730 2301
3459 2410
4292 4187
3220 649
4536 1033
4247 4832
1308 1358
1573 810
2911 1339
862 3887
2107 1384
3945 217
3254 379
3421 721
3630 4367
1380 4345
1075 2910
3616 2814
3015 632
4400 1471
4244 2516
1015 3143
3784 1101
59 927
945 1237
617 2049
691 2415
3913 1061
1801 1421
2529 2624
1774 2999
4448 4099
3124 1182
3729 1948
469 508
2125 2248
4256 1063
4191 4524
2708 785
1579 257
4608 4476
1961 322
192 2998
672 3167
1853 693
3581 526
2305 19
3009 4237
2229 3108
2366 3351
610 2970
4491 294
535 2449
292 879
3507 776
3279 4405
3966 812
28 4049
3988 367
4898 3992
2843 152
650 2334
1130 157
4610 932
3095 793
3882 4090
1249 3396
81 4130
4227 4200
927 1923
2548 152
1647 3223
1538 3742
4181 3286
4184 3246
566 994
4719 4926
651 1309
1539 4371
2273 4327
3072 4728
1806 2687
1871 1830
4325 1450
2794 4191
3648 1976
1031 1210
2755 4221
3630 4084
738 1967
4523 710
1686 2715
369 119
4657 1897
2435 3251
3244 1651
3171 78
1448 173
2713 1128
426 2994
3261 2928
4623 4607
3593 1301
1366 784
4996 72
4121 1397
3328 2597
4116 3712
4574 2590
835 1311
4625 4869
4568 2373
2447 3193
597 4909
4260 3451
2966 2698
2672 2912
864 1984
1394 1003
525 1966
2548 1287
3073 2427
2863 388
1879 619
565 702
2811 1915
2346 1430
3995 2815
4988 3650
2467 3584
2429 849
582 2898
1342 2419
3432 2814
4576 4916
4877 2524
2290 3365
1647 2426
205 4802
2078 4182
2664 2187
2688 4373
3077 1927
2853 4822
1355 4544
2261 4867
4343 3096
2223 662
1397 1637
289 1056
1595 864
1713 4948
1524 193
2592 586
2022 3317
4267 894
2985 465
1291 67
2278 1974
1014 887
2917 3230
2056 1086
3291 4856
1644 3148
4837 5000
3703 2062
305 2541
679 1534
386 4522
3709 80
2970 4404
890 2794
2090 316
3456 4762
885 548
3409 1543
3864 3830
2239 195
4584 4026
3256 4375
268 3484
2891 329
704 1600
2922 141
3017 4382
4977 4513
217 783
1287 866
4493 1931
1298 408
2164 4039
4358 1152
4674 4208
4365 1544
3671 702
2875 1517
4541 3748
3571 4873
2406 2154
3146 4272
2586 190
3177 2912
3878 484
2853 1338
4154 2989
448 1715
1150 724
1328 4838
1458 1279
155 951
2718 1593
3527 397
2942 3408
4322 1041
3227 68
2465 2251
874 4157
1356 645
3969 3205
4146 2874
3566 3100
3173 3246
633 3478
2709 2710
4220 3573
2553 2121
3469 2616
527 4771
296 1649
3981 2080
2527 3894
4939 2811
3284 3305
2646 280
1635 3119
3549 4786
3785 418
1851 4698
3157 4529
1504 4834
844 4470
4388 3669
2416 3492
4043 3392
3574 2890
1842 191
1081 3781
1696 1297
1239 3717
1483 4343
2517 1082
1905 2785
3658 1950
274 1173
1352 4321
2278 3094
1188 1653
4922 1750
969 4656
1921 3209
2148 65
3063 3914
3702 3833
4962 3295
3690 446
1060 156
2771 4126
2817 4723
2860 957
1183 2793
1113 2823
590 782
1515 1287
3864 3031
3562 4220
1027 2969
622 4156
2809 1676
5 2095
3761 3679
303 4057
3020 1304
1271 4763
343 2206
414 2119
1827 3464
2813 1949
3937 2029
3620 1182
2928 2083
1568 1936
1055 714
3959 3156
898 3743
4806 1514
362 282
3266 2414
300 515
3143 947
3783 4006
2951 4549
3470 3344
4040 36
1078 1566
4799 3597
1996 3538
2299 4740
2667 3071
54 4949
2361 3961
885 2012
2640 2113
4288 4895
2498 1842
4635 1254
4747 4355
2158 458
559 3208
3924 2307
1997 14
884 3804
4359 3847
3192 1669
3809 3646
4702 2724
3774 4807
2291 2746
1128 1158
4581 1504
3912 2858
2563 1268
989 4893
4426 1439
252 4435
1021 77
4938 2530
247 2719
3115 1362
1355 2353
4075 481
3348 3313
3255 4442
3660 2851
2644 544
2947 1069
4257 4134
2592 2680
4936 2224
162 4839
363 2053
3968 4324
883 3164
2142 946
2645 2809
4960 3586
2452 1132
1772 2355
4647 73
3805 993
3003 4408
1697 2539
2691 4808
1350 3091
3435 3813
1571 4800
3010 745
4737 517
881 1987
4000 2271
2451 3830
1683 1500
3694 4562
3305 4258
1337 1699
1094 837
3782 3217
267 4031
3530 1808
4053 1957
2622 4058
3724 3838
2127 4124
1214 1982
4821 606
4234 2462
2812 1264
251 4756
311 4635
2024 1819
4532 1968
4086 1027
4556 3270
2744 2826
3797 2519
4129 3611
4081 3721
65 436
3823 3471
1333 2460
660 4999
3368 4446
420 1573
4651 2622
1329 1741
1689 549
4155 95
2966 4635
2170 1089
4587 4478
349 4099
100 4104
313 2659
2860 4094
4243 869
2382 1740
1329 2472
1642 4615
3823 161
830 335
778 2553
4338 130
2491 3579
1321 4486
1872 2506
819 150
772 826
4149 2839
2567 2661
3546 1379
1616 1407
2301 2037
4494 1122
4359 1597
348 2719
2735 4280
2716 2837
4409 3401
4879 3347
1394 2300
4720 2069
1417 1185
4194 2870
644 1953
7 2640
398 1274
3519 1532
817 1216
2713 3332
967 18
892 1343
4743 1356
1951 1035
1021 1941
2128 1784
1579 4564
747 2139
1150 2730
2844 2393
893 2849
1033 2955
2284 3912
4088 3121
4775 4766
1520 1823
861 1859
195 4546
2471 1499
1785 2440
709 1070
3986 4173
2294 2743
3792 3384
2119 3094
4419 1576
4958 2583
4452 3557
3768 4125
292 2450
3547 989
2317 2294
3833 655
1748 358
1501 4602
4589 4210
2025 4684
252 3042
2806 4151
601 3583
4948 4434
2608 1726
3926 4011
3979 1452
3303 4186
1440 2061
3808 4358
2339 2655
4050 1119
1960 3643
3103 2716
693 4374
649 2852
845 4875
4336 1557
208 2648
4286 1688
410 1363
319 1312
800 3312
3852 4594
3577 496
1229 4681
1185 388
4311 599
3229 2511
2560 4487
4511 4294
1568 297
1906 4845
1613 1267
2455 1126
738 3996
4318 2129
2797 1824
3318 3520
307 3450
4057 1375
3861 4082
3176 3979
3811 260
3023 799
771 4300
4251 1535
4085 577
4178 2663
1046 2432
3952 4514
4831 3701
3397 3435
670 723
1059 1764
4233 4757
159 4624
1429 2950
600 4971
1111 4598
1198 144
4065 907
4162 2183
2441 4113
3499 3467
3383 1862
3730 4946
2829 1236
4874 2359
933 4980
4144 4095
165 2561
1744 4524
1357 4668
983 1460
2266 1243
3280 334
4602 3550
4757 1621
4737 3081
944 4431
1371 3523
4113 977
1596 2696
1964 4527
4201 1018
144 3527
734 3849
4643 2512
1724 2549
2397 1768
225 2252
3271 4916
2327 4681
2793 4840
4569 3645
3933 2262
134 2090
4261 4781
2147 730
2898 1683
3472 1913
612 1637
2781 3427
3883 2182
4651 595
3717 4348
4370 4734
25 4235
4005 1728
1933 207
4701 4342
4639 2285
3686 4722
2540 3606
2054 3875
4148 2542
3438 2448
4147 1650
2723 2356
1979 3347
1313 2899
1408 1949
2369 1531
212 117
2424 3897
3666 3057
3844 4526
338 3960
3608 3963
3349 1304
4411 1946
1101 2602
181 2338
3845 2106
3927 2064
4784 3502
2244 4489
1946 227
4131 851
3873 2333
4167 1149
1952 4295
737 1262
4461 1416
2791 3679
4929 3394
4897 554
4282 2931
2922 2367
4021 3715
3049 2243
3330 4838
347 2500
4618 2323
1569 482
2812 3334
3413 4197
4483 1625
4767 4416
2610 2355
3787 1769
1745 3019
1820 3491
3858 470
1446 897
4394 1972
4076 4273
3168 1231
547 530
3686 873
2013 3181
3090 2291
2729 1188
3449 1442
1334 1942
3508 4207
2471 3001
4479 3141
3654 1537
2807 2834
4754 1289
1741 2224
1413 3044
4686 1873
3411 1695
2451 3782
2872 2220
3130 3903
682 1678
2906 159
3920 1601
3188 938
4266 664
2268 4994
2113 4229
1941 3090
2075 33
1491 74
3862 3175
4946 1438
386 3500
4498 3936
38 596
3528 1106
1959 4302
3702 4936
1973 3102
3497 1462
1102 2166
823 4658
4485 4826
3716 4429
877 3255
2228 3475
2461 3837
3036 4582
4813 4732
1833 3334
4715 3588
3751 2935
4700 4573
2901 3041
1258 170
3345 3643
4749 2141
4161 2478
1894 2223
622 4036
1324 4465
855 1260
4428 4725
4085 2339
4583 2232
4918 348
3447 1063
2364 2185
3359 4454
820 3778
2310 2625
1192 4388
3967 1121
730 2188
223 2603
3678 3396
4959 793
4864 2258
488 4064
293 2559
2308 2606
644 3926
3824 2929
3436 4104
1949 2046
1924 1932
4759 4306
1769 138
4378 2028
465 4520
3719 1611
1205 4696
1376 3815
3987 3122
494 2556
2549 1985
4919 1207
4077 4316
1583 4152
3176 1498
2665 2828
1200 246
1981 3946
4851 4271
3436 326
1295 2985
2614 930
1758 3707
3606 4724
604 686
1438 2890
4637 2565
1171 1903
3216 1894
1800 576
3393 1781
453 1449
1 732
3403 3513
4193 2480
2560 95
3480 3331
3638 1401
2088 791
25 2517
765 4882
4065 4071
3812 3554
3976 1385
425 3626
1044 634
2862 122
2300 3203
1138 605
2856 912
4725 410
3901 2833
191 2279
3714 2367
2314 632
1143 4424
4816 4071
3921 3810
3408 853
4391 3247
2982 3366
2237 3239
2618 3101
1026 2784
2194 3631
574 1624
1886 2085
1395 822
100 4438
334 67
4223 2634
585 1209
1966 4888
2648 3053
4958 1496
838 2743
706 1710
2042 1427
1283 4531
4901 2124
1899 3732
4397 2612
4498 3297
1920 585
2593 4895
425 4855
2658 862
3074 427
3192 1938
4096 4022
2727 849
4181 2886
135 1071
3792 187
3483 4570
4384 4092
3791 3654
2945 4440
2327 1952
4905 2174
4068 2936
3453 908
2179 4190
4711 4038
4213 3134
2309 3059
2510 3974
4070 2335
4793 2506
2194 3370
2152 4387
3110 3918
3054 1958
2820 4740
946 4914
4830 4111
4384 1751
3220 4442
1066 1308
2810 3558
1889 408
728 4046
1860 2116
2404 667
920 2346
1750 962
15 4882
761 477
3048 3371
3349 2174
4225 4643
4253 786
805 4354
2946 1890
2281 3930
4268 3170
501 1360
3039 3355
3823 1667
1882 3515
2825 795
4990 1808
3933 4997
400 1011
3062 1191
2671 4806
4322 1909
2087 3265
1580 2098
2424 2907
1215 357
4175 2578
4580 1360
56 2335
1694 3599
2351 377
1468 1031
1434 4667
3125 4425
1519 1059
1563 3622
3116 1393
1323 756
3025 3333
3639 1332
4387 4139
113 654
4192 1244
3785 1700
4597 378
3295 1617
841 4240
1806 4794
1714 4026
3264 928
2702 3897
1372 1588
3186 113
3994 1325
2662 4644
3958 2671
2472 2287
2545 35
3296 4783
1577 4018
2181 2684
4521 1189
3044 2360
1995 1025
1068 1207
1569 4168
962 2768
2526 3981
4957 2410
405 315
571 1490
3359 1393
3599 626
3856 4146
3133 516
1348 2025
4958 615
457 1863
176 1134
4385 1633
2216 2674
1505 1644
2263 1687
1818 3532
4433 1440
2290 1019
3071 2910
1148 3062
4791 3224
2326 4928
245 2839
2819 2688
4129 1601
3276 4453
4731 1317
1306 3858
1280 4176
4820 884
274 2355
4378 4960
931 377
1629 3432
1026 3646
3083 1534
2621 4640
4963 3027
2787 1867
1224 3488
1980 4777
4654 4139
1351 3126
4220 1114
3465 4753
4875 2210
1163 3990
4460 3709
28 2513
2932 2961
737 812
4852 1564
1487 619
201 4580
3390 1443
1734 2013
3629 4726
3310 4140
4203 4227
1537 4727
4661 4825
1911 391
455 2629
157 3801
1417 445
2004 1180
974 846
4205 1020
1922 1235
670 4027
748 1930
1630 1792
204 4832
2 364
1426 2422
1000 2529
714 3111
3816 3274
3853 3843
3674 975
831 2689
542 2904
689 2598
2576 492
3764 4925
4316 3004
255 4836
4845 1981
2448 1005
2291 4233
2986 1007
4412 909
3869 4039
2456 1999
1475 1472
513 3618
2200 1815
3013 1349
412 2106
43 4313
1804 416
242 4023
4695 2642
2072 3637
3898 1476
269 4890
1942 1444
4650 3928
2947 4340
960 1544
1377 1586
3206 1712
2469 343
806 2757
4891 2609
4406 3733
2490 2793
3130 2344
4222 521
4317 4413
4477 4372
2241 868
4856 1680
2457 4565
421 2065
1172 2870
1783 904
1896 1612
4347 1737
4207 1285
4754 3826
479 742
878 789
4986 804
3691 847
2213 867
4018 383
2762 1211
4074 3803
2177 2349
3438 1387
4016 1474
4732 4950
97 1570
3466 4836
3051 577
241 1709
1529 2411
1085 4699
3985 1548
4047 2447
715 2173
625 432
476 4276
2434 2175
4298 3233
1428 1272
2601 2315
4396 2126
2431 1255
63 4319
4673 3616
555 972
3565 1522
1462 4250
3957 759
1897 2305
4338 1832
499 4321
1607 4610
605 781
1103 2663
2629 4625
3433 1074
3864 1084
3624 54
3299 1861
749 3370
3636 1655
976 4829
3490 2015
1316 2438
1054 4770
968 4142
1629 4344
4443 3983
1762 2958
2740 1576
4368 2249
1866 4847
312 4580
2788 2449
4807 4884
1299 473
4691 1267
4238 4698
3251 2245
206 4868
1405 1357
3080 3565
4456 4287
1594 976
663 409
3489 2518
1331 3784
3961 4986
931 776
3236 190
66 419
3804 496
2276 4463
605 3478
1294 2132
4607 3648
3265 3053
1447 4599
4522 603
12 1523
2961 1232
760 3939
1374 3293
4999 2394
296 456
1512 2061
3198 1400
4711 3442
3508 3300
2971 1363
678 1221
981 4954
1726 2976
4459 3212
3416 4826
111 4953
665 4735
2842 1897
216 2185
2114 652
1463 1536
4307 218
2983 2354
1379 1139
4668 2496
2624 4029
3099 2528
814 2015
2570 351
3313 245
3523 4383
4863 4365
2530 1293
4754 707
4501 2483
716 3166
1706 4920
3666 4234
779 1706
1107 4930
2231 3795
3098 1903
675 2532
4329 201
919 2137
3892 1751
1432 2177
1651 1415
4068 4468
3721 151
3638 2992
4735 2977
2161 522
3682 3105
2880 1228
558 3955
3993 963
2343 2995
4891 3393
468 903
3773 2550
3797 528
715 1902
996 3417
2751 2168
3423 1086
1567 3539
560 2498
1137 3135
2632 3179
2525 1136
4749 206
3603 4400
625 4156
4424 3791
3109 102
3961 2504
4981 4405
3524 1494
4137 1081
3398 2623
2674 3857
2031 716
2151 3952
1872 4290
3642 1443
4123 2368
2493 1584
2834 2351
3156 38
1551 3107
3790 2270
4592 4420
1815 3362
345 3428
4990 2579
489 3748
405 876
4136 1859
2695 1577
2694 4928
4872 172
1050 886
4450 3297
2600 1721
412 4310
2459 2045
3399 2486
4796 2894
793 338
572 420
2934 1935
1098 3281
154 269
637 4809
4546 1214
2463 401
4528 1350
1186 2019
3983 194
4705 4747
3066 4613
4911 4457
2524 265
1445 2122
227 1996
4415 3540
409 331
2455 4299
2643 4346
1872 1063
1559 2202
3730 4471
4631 994
308 2449
247 2020
2202 3621
1144 1062
1701 4717
1809 1656
2377 3131
1235 990
754 369
1690 1235
3441 4441
3717 4246
2347 1901
2301 2830
3750 1771
1880 3170
4120 3413
4179 295
2613 1962
1861 2720
2736 183
2414 875
3195 751
450 4512
774 2200
2379 3154
4961 4052
4983 3153
1057 570
1946 613
1557 2993
614 3859
1020 4402
2757 4096
725 1845
3403 788
3075 4063
2717 2234
1021 384
2578 1234
4379 4299
2991 4559
2527 4881
4940 1051
4363 250
2134 231
2844 3167
2958 1929
833 2893
4930 1247
561 1676
384 4738
64 4685
2123 2375
2100 2550
2997 1492
4263 825
1190 124
1865 4228
766 896
420 3984
1174 1921
3719 1618
2562 1885
453 3342
2279 214
202 4817
3324 1856
3019 4921
3711 4640
2817 2880
901 4499
603 2552
3590 419
4515 4219
3041 2990
1354 803
4751 3932
391 3262
1650 3218
4787 4697
1103 4284
3547 3045
3288 4100
4473 3426
2129 3414
1226 862
83 4009
2404 1123
3273 2095
2027 244
3597 979
3196 4445
3970 2949
1209 2022
3542 2195
4074 880
4210 2956
3341 1436
272 1201
4848 444
4058 2047
2651 2343
3668 1558
1784 2298
1025 1480
668 4349
4307 1907
947 4109
2566 326
4907 3079
570 2389
1082 2627
196 2490
3601 1367
4177 640
3537 39
951 2700
609 1755
301 4371
1940 1503
2617 330
367 4239
4398 4270
4918 1013
2931 2923
4081 684
2109 2267
2981 816
4331 4868
200 1213
937 1713
589 721
1243 2073
41 3178
685 719
2197 4464
2044 2488
1827 4037
2616 997
817 3325
2108 4952
2666 156
681 4601
4743 2460
3226 2824
2900 1239
1323 1536
3838 1286
752 1789
4816 483
97 4557
1738 427
3574 317
2417 4585
1520 3589
2155 3307
350 3420
4995 3744
1030 2932
1049 4663
395 4224
1514 3327
2209 659
34 2959
143 4634
1001 3655
3241 1325
21 2834
794 2583
2656 2798
3079 2641
4199 4639
1055 1918
4171 1919
215 2948
1931 5
1707 490
495 3358
4783 4648
4348 2000
71 4155
1001 2974
2316 748
4769 2781
939 1998
906 1113
1407 1718
4351 3921
231 1773
1141 2119
518 2084
1267 765
3132 2030
2818 3151
4413 3968
1127 3404
1387 1640
3813 401
451 1511
3239 4987
4202 3612
1725 2914
710 2792
2965 4482
900 1502
3565 2232
3995 2526
4731 4781
2892 4912
2500 818
4033 3703
1663 201
2358 3187
3738 445
391 1475
3399 1649
3178 1115
3793 2266
531 2055
3962 4817
1879 589
4572 1177
4535 3806
3382 1978
3771 3107
1344 1008
3874 3381
597 2137
4411 4781
2765 264
2196 3452
1915 2895
3681 3768
1801 3501
1495 314
736 3097
4503 1473
3840 3649
3617 2941
4763 3420
1485 2002
962 627
3206 792
4968 3448
1206 83
2282 440
94 4337
963 2887
4601 385
198 2935
125 3650
3454 1874
3805 2773
2748 104
1705 4564
3135 2329
481 2649
2478 1400
2344 3690
3869 4182
806 564
3968 335
1758 660
1830 4693
4835 1500
3713 4908
2579 680
4133 4539
3447 3107
1067 2728
977 135
1062 3695
4298 4589
2574 179
3289 2056
4867 1973
2481 3801
1293 966
1641 4472
3927 4963
4145 2373
1045 528
2957 2714
3545 992
2825 1759
286 102
4419 2277
2582 1643
3953 3250
3913 4364
4739 1378
321 1361
921 4454
1795 1199
2058 1092
4748 581
4407 3838
2546 1800
3095 2385
3009 2145
4552 1595
3187 1233
3495 606
331 211
1167 1800
2926 428
4366 3793
3458 345
2902 2201
4293 2213
2593 340
4280 3134
881 4756
4535 2747
3310 317
3188 4352
1617 4706
3461 680
3139 3491
3068 3284
1255 4923
4532 2769
1820 2313
4688 2914
1654 4682
458 3270
3494 4195
3011 2069
4066 467
2370 2964
3881 2479
1193 2468
138 4426
4255 3085
1767 33
4205 4198
120 2631
3371 219
2048 1016
4248 3406
153 3917
3190 355
1057 1546
220 3629
2014 4337
1116 4856
2050 4330
2696 4158
4956 1692
4167 3553
482 4656
155 4985
1545 851
1986 1645
1004 4495
2273 773
2658 992
463 4922
427 4805
2899 3741
2 1074
4286 1262
4043 1530
937 4874
2322 1491
2192 4558
3182 1923
847 1268
2029 2353
2771 2254
2876 1174
402 132
3541 3322
240 4406
452 4141
1954 4053
3916 3364
4945 4611
117 2382
988 2653
2391 529
12 4127
2426 1874
3744 3379
4707 3091
1458 4943
2695 3923
2557 2057
283 4142
1562 4302
1072 4529
4560 3230
3099 2853
987 2916
2108 3244
2721 2093
3732 2633
1301 1418
2903 363
698 4789
2207 20
270 4003
1869 2160
2632 3330
4733 2153
1898 1424
1887 2762
3997 1463
1064 652
4555 1248
1944 4728
4938 478
3604 4685
1740 1161
2802 1486
263 2473
2977 2146
2692 229
141 2808
2701 4005
3471 2741
4275 1029
1836 2829
2983 4543
1556 846
3683 218
3152 2247
2469 4627
1794 2436
4070 1744
491 4504
1619 834
1135 1989
4664 3180
4445 1306
1868 2400
4143 4878
1048 1708
4655 4030
2040 93
4464 4029
2314 1510
4773 2349
4061 4935
2676 4358
1836 2031
4591 2978
741 801
1395 1058
3145 1205
3950 710
3644 2215
2308 647
3555 4099
735 3626
241 2806
2565 888
173 3197
1680 48
4455 4399
4731 1476
1237 178
2063 4575
1451 2948
4263 1631
4254 2671
1852 1204
3514 222
2447 1927
2415 126
3420 106
2920 65
2729 2000
2946 1223
4291 4772
2186 1047
1607 434
3754 2383
4251 3338
2274 4587
2076 826
3356 3635
3760 805
824 4980
2910 673
4518 4055
4297 480
1168 4588
1781 525
722 4277
4509 4604
1370 4266
1168 1747
1985 857
2755 572
2598 3972
2004 2203
3488 396
371 611
2658 561
346 1593
295 4593
2357 1912
4989 2867
3182 4260
661 2673
1490 2321
1352 1496
778 3704
634 255
1932 1027
1554 1232
469 2716
2988 3521
184 1073
3782 4
1374 2040
193 2212
1805 1610
4389 2046
4713 4674
2889 4519
309 4779
1926 1288
3216 1451
4509 978
471 2184
160 3292
115 3175
1587 110
592 3876
1690 1326
652 1315
2857 4097
4957 1611
2337 4888
2564 2921
1369 248
1921 775
1047 1040
2650 4385
656 397
3239 1176
3278 530
2446 1282
1406 4631
3272 4955
1917 3851
4993 3881
3105 4014
913 2469
2182 4254
3455 1717
1947 2132
4889 2911
352 179
2830 952
3073 4797
808 4732
1870 3385
3854 1578
3351 3391
1848 958
4554 4675
2883 1064
883 3684
827 4083
2673 673
3559 1005
1852 4098
4474 1137
184 4790
2194 711
3071 4621
3051 2532
3489 4595
4986 3221
1371 3806
3258 2042
2607 4382
3541 653
1564 4063
2488 2818
668 1121
3903 818
3367 364
2909 932
2369 101
3077 4110
4644 2881
4134 338
1470 3136
84 32
2997 2439
2454 2964
504 3429
1934 1757
2401 293
2182 337
185 3252
1248 1875
3393 2403
1016 2576
4972 1220
4906 3561
4955 1600
4332 2748
4239 3120
2115 2292
1462 373
3980 4164
310 3569
4795 2340
4716 4604
828 34
3577 1652
4472 125
1575 2744
4395 4805
2739 1397
1052 200
1892 3593
4574 2286
2679 3738
3140 2631
3137 2505
3800 1698
3910 3033
4090 3886
3651 3364
4504 2251
1090 406
666 1887
4632 3353
4689 370
2504 4468
1550 1814
2933 1388
2130 2585
2017 918
2733 903
3908 1302
3939 26
4185 3496
282 4535
1017 1391
1175 2873
687 208
3662 893
2313 2884
1510 1104
943 4548
4970 4792
4177 1233
297 4088
2331 2736
1169 4344
3283 3082
1344 1290
4545 3467
1566 1809
4425 3800
2476 1131
1747 1404
1905 639
540 3645
2852 3816
3904 119
3093 4491
1346 1737
1748 2929
64 4152
2805 1594
3670 838
