1000 1000 10000
232 288
48 487
970 273
298 696
807 328
476 854
300 486
521 343
201 967
725 181
327 582
151 673
193 804
648 54
36 845
994 461
578 904
69 706
402 434
235 531
628 687
834 915
555 690
276 991
139 877
481 237
819 962
3 370
401 440
655 884
996 399
703 260
943 578
103 219
713 768
44 700
425 453
359 907
529 319
596 89
642 990
83 729
751 403
343 197
168 58
738 837
705 688
878 510
819 675
592 967
8 236
412 44
171 225
149 521
968 712
488 84
378 186
414 397
555 20
322 714
51 745
531 150
235 2
931 632
939 145
419 249
535 712
971 611
800 608
270 369
209 807
823 928
232 725
707 357
255 46
626 377
983 402
949 116
930 535
111 252
475 688
946 516
999 478
422 527
723 688
517 879
356 405
575 165
570 517
527 308
885 155
694 515
583 618
259 16
393 279
112 1000
281 904
601 860
265 415
941 561
730 823
798 166
754 653
183 810
76 120
268 143
373 972
533 981
186 672
247 160
478 221
116 917
978 702
970 182
5 350
206 24
506 793
307 754
659 967
215 952
954 124
508 489
184 291
574 489
211 657
861 839
188 540
978 962
713 680
488 493
757 708
120 229
286 318
982 950
618 741
84 894
481 367
251 150
615 802
839 462
904 668
246 585
107 771
490 519
380 795
718 189
513 419
522 614
397 371
819 416
813 2
214 684
455 390
130 65
154 211
399 964
662 612
735 993
859 734
497 859
631 165
878 65
257 117
186 812
866 493
651 50
902 711
723 65
823 302
998 15
370 912
318 890
736 946
824 636
654 398
463 408
703 484
604 757
279 202
992 727
219 531
27 304
822 638
562 662
863 207
352 763
64 609
72 505
532 601
711 109
676 420
427 587
114 958
385 29
500 839
218 693
12 458
556 606
446 328
129 450
203 69
99 48
301 298
239 752
519 753
100 679
565 731
42 685
755 24
953 797
815 602
183 872
249 847
490 536
158 272
104 29
632 783
3 867
946 356
359 182
341 286
707 455
411 60
860 391
696 544
815 344
50 520
965 286
264 514
7 513
815 135
709 566
756 945
265 704
982 720
81 452
250 670
46 72
15 73
936 94
861 428
332 83
646 913
419 480
718 374
325 381
401 766
608 942
801 923
657 321
915 928
786 425
629 808
433 174
129 11
909 900
303 346
669 224
547 15
800 221
247 875
945 960
14 424
590 60
815 608
717 187
210 110
849 342
249 913
765 165
465 757
768 784
594 728
635 876
715 92
228 965
120 605
659 173
967 743
494 168
240 384
912 378
700 868
158 105
516 983
47 712
738 368
177 449
532 18
706 675
613 945
467 175
317 699
416 65
515 323
336 25
722 169
357 978
681 388
558 851
929 935
584 868
706 486
415 832
961 711
412 392
266 201
622 732
860 395
658 720
484 207
378 536
185 646
967 693
641 998
578 19
414 431
339 507
164 849
288 277
38 693
444 126
716 245
795 819
449 9
755 524
643 493
66 315
555 560
584 776
30 654
318 569
168 277
323 235
151 883
395 350
392 737
901 691
987 815
17 412
480 525
807 369
439 334
568 700
348 459
83 135
489 309
323 436
683 143
739 710
70 900
592 180
76 298
961 369
232 561
511 927
856 795
72 581
635 701
234 441
89 68
867 77
842 308
231 70
236 659
989 656
911 607
515 702
725 844
595 732
627 652
226 443
460 345
833 121
351 578
23 523
839 515
754 814
850 125
984 220
496 925
685 973
869 182
509 533
978 462
230 344
925 282
75 896
617 597
196 26
307 63
862 49
617 796
156 166
313 266
190 864
19 613
933 969
415 347
429 544
998 166
757 609
704 653
792 878
588 541
741 332
736 183
269 58
182 781
466 1000
953 261
519 593
403 159
575 280
775 815
848 166
263 793
978 370
339 318
207 29
97 519
462 386
191 347
35 391
234 797
641 497
290 512
602 630
452 946
183 756
110 771
53 80
344 300
393 167
864 216
751 196
974 144
865 336
857 437
120 104
809 72
106 956
429 83
693 719
706 27
839 315
388 939
964 605
672 94
611 685
256 324
839 627
599 63
75 90
535 406
609 92
401 388
161 277
27 506
600 260
299 392
851 560
873 358
139 101
939 445
708 70
914 116
439 331
225 608
796 796
776 481
310 762
517 280
15 87
108 502
905 406
467 822
964 102
175 504
609 824
613 198
847 14
520 665
467 202
769 561
953 177
415 910
765 371
436 121
144 999
433 223
535 562
983 973
349 817
575 730
565 582
43 318
214 274
211 998
260 648
11 369
836 366
131 473
444 567
817 29
879 527
420 818
153 314
500 488
266 477
40 566
693 413
570 605
52 925
779 20
760 382
860 630
335 509
62 218
188 444
937 641
319 725
924 350
549 413
983 318
445 535
581 965
912 287
159 310
475 146
673 253
374 850
449 652
758 147
816 3
234 268
194 508
193 803
634 446
218 771
420 941
568 664
893 849
652 146
646 217
463 382
333 187
380 997
295 441
211 467
419 647
341 973
775 562
1 910
695 43
591 852
455 283
71 214
49 532
826 839
285 67
570 876
498 646
122 935
714 332
153 641
493 390
269 71
718 83
330 648
533 304
403 854
895 108
748 500
723 648
639 781
72 593
711 800
559 818
422 975
79 602
466 626
730 131
407 683
316 51
230 190
499 734
652 51
199 336
211 278
706 222
529 956
867 250
377 862
964 624
126 620
35 945
242 720
896 119
74 815
812 392
896 476
331 670
481 538
908 83
173 815
320 417
593 443
707 395
634 705
732 18
826 880
627 94
315 735
82 572
30 988
972 304
763 558
652 259
306 874
724 732
117 691
765 977
76 684
150 26
565 597
366 81
952 473
867 624
704 267
23 740
896 617
953 969
857 894
81 654
148 595
106 360
671 599
675 801
962 4
712 196
149 478
187 615
760 743
568 996
331 257
433 689
625 127
935 97
446 193
841 154
654 238
716 509
733 141
145 306
689 860
806 840
589 568
845 798
807 849
280 63
136 387
472 739
878 332
299 4
372 163
166 951
144 265
614 601
25 777
969 71
24 740
196 243
256 71
771 135
684 473
485 89
529 933
773 558
942 529
578 570
806 39
816 623
935 725
373 729
391 408
420 201
781 276
79 979
863 893
711 405
79 717
335 309
121 612
665 515
552 125
657 520
158 873
496 981
419 81
189 828
890 541
769 937
887 179
684 278
143 792
377 513
854 557
224 299
930 74
132 731
82 953
988 387
7 277
462 209
939 933
261 382
347 484
250 738
118 657
160 489
345 506
954 789
696 57
390 496
928 452
808 89
253 339
256 201
381 103
268 895
380 761
655 614
998 408
232 173
183 629
335 314
897 128
379 714
859 401
486 561
181 582
477 782
485 132
874 241
337 353
178 663
327 308
914 234
310 694
428 371
851 992
247 104
9 253
893 411
839 908
221 596
580 898
499 275
915 107
462 127
855 729
202 795
761 263
737 831
956 249
93 808
718 658
963 254
92 821
903 417
73 842
942 512
880 878
44 851
116 248
66 562
866 914
738 93
282 257
898 99
861 324
37 788
89 857
474 124
724 419
12 94
66 291
584 713
91 476
16 415
247 739
818 263
171 343
325 223
344 489
409 739
579 804
437 889
449 846
350 88
493 492
180 475
487 127
30 22
24 680
568 578
812 988
410 636
406 413
236 515
721 720
451 294
696 332
718 625
814 200
70 14
209 636
943 11
335 534
141 493
769 743
900 92
9 450
609 799
246 311
190 521
894 974
53 161
511 408
127 270
742 80
478 525
835 421
199 439
809 590
923 906
523 627
295 832
245 942
937 381
125 800
981 893
772 993
812 226
868 724
266 409
57 245
499 882
558 284
683 481
356 472
531 724
759 338
39 999
950 78
57 717
990 438
337 103
2 459
379 479
328 555
552 44
116 182
993 44
524 156
446 746
663 501
779 57
56 805
886 779
675 882
205 723
148 234
828 178
566 633
417 398
622 314
873 114
335 148
821 391
545 618
959 685
384 426
848 126
985 338
758 382
795 331
393 623
98 970
541 951
137 101
610 763
690 667
383 475
728 182
996 890
358 752
239 843
566 25
326 66
116 67
173 457
389 97
266 629
410 112
695 785
264 503
330 118
350 852
705 289
951 124
931 554
279 515
15 486
167 552
809 145
525 949
694 159
960 738
846 331
7 713
960 80
794 629
902 435
333 63
353 375
425 118
310 438
63 431
32 695
244 241
551 74
702 260
273 921
521 182
928 847
148 888
627 54
670 439
291 361
897 480
927 349
86 388
187 546
807 887
67 449
273 225
501 50
506 507
927 89
649 406
334 768
283 490
1000 406
779 710
278 709
165 771
284 951
348 476
478 150
308 862
840 157
863 322
743 351
124 349
432 952
549 841
868 905
752 393
943 928
135 281
4 436
461 908
153 132
570 384
443 221
415 642
416 389
267 619
993 751
62 672
413 25
693 847
552 346
172 138
554 760
121 95
17 862
906 847
15 784
399 974
879 839
892 821
276 858
573 483
794 56
875 933
880 340
295 72
749 104
92 104
273 198
128 465
690 919
200 270
910 436
154 15
184 880
117 331
876 175
171 715
940 558
934 130
208 573
10 371
865 1
577 479
141 188
611 159
971 989
17 935
344 218
969 466
130 352
349 568
898 117
212 626
390 178
273 770
238 436
429 72
192 826
718 219
494 660
904 223
931 871
71 645
60 11
931 447
122 698
847 920
629 766
935 648
52 902
208 432
876 835
854 423
551 57
847 719
230 96
647 555
932 529
687 43
987 953
519 949
220 142
261 262
928 259
99 621
122 259
741 745
762 564
589 951
339 901
725 864
750 801
253 937
29 729
330 717
296 174
28 798
773 505
946 479
978 799
366 48
550 997
563 792
745 498
159 449
553 690
700 705
653 394
834 633
985 86
308 687
505 683
24 807
650 152
977 981
628 19
318 713
228 242
37 40
425 660
708 620
333 167
542 678
301 92
228 427
942 900
902 237
544 644
554 281
912 522
893 653
472 817
492 904
145 743
653 679
699 358
91 920
628 401
958 778
606 16
195 783
488 219
396 475
638 832
265 573
380 812
760 587
109 642
229 141
505 260
662 503
840 873
794 964
195 94
152 658
633 505
669 484
316 606
585 140
139 642
3 8
713 107
438 402
101 585
729 431
290 484
187 315
1 311
864 361
494 676
708 81
152 368
592 259
583 461
367 300
264 612
152 44
574 119
688 741
864 423
165 358
616 391
743 913
735 930
723 662
699 65
303 442
994 951
579 211
869 325
369 750
310 808
214 408
646 396
219 514
751 862
713 803
72 626
668 260
178 899
59 195
542 537
627 755
144 112
998 100
324 236
938 560
366 958
732 740
351 952
207 875
779 647
708 172
799 410
437 702
786 636
199 935
51 252
491 669
468 876
887 997
167 119
412 899
928 194
704 255
829 113
841 100
20 445
68 297
913 54
653 357
866 838
212 403
833 863
737 350
109 862
988 582
45 429
659 516
661 612
570 769
332 572
923 249
588 153
809 3
323 906
55 916
185 20
794 885
82 159
705 192
901 535
237 920
977 274
64 472
726 911
936 906
131 824
87 453
707 429
471 904
18 14
789 727
976 656
191 239
317 786
677 720
853 512
183 905
992 965
447 856
955 299
529 514
301 787
689 566
858 930
176 673
170 238
298 681
448 867
787 119
966 270
592 841
957 724
51 2
543 236
435 330
726 852
363 313
623 305
179 645
305 443
481 990
882 544
369 998
570 758
204 766
41 738
44 776
22 548
159 682
899 347
414 745
455 955
270 485
198 56
992 839
881 1
817 117
884 19
381 922
959 156
736 955
675 441
908 391
712 842
208 834
41 322
659 913
87 697
927 720
239 207
395 376
580 990
262 424
942 203
904 104
758 790
647 141
514 859
908 187
389 624
839 32
773 430
397 437
391 272
799 464
991 84
742 52
937 803
488 925
101 87
565 469
218 270
151 325
209 509
221 15
749 167
810 348
115 211
54 850
967 250
819 958
785 987
516 325
578 819
998 933
645 980
271 572
851 199
231 675
14 837
99 127
41 714
696 703
970 786
210 786
64 416
979 642
228 827
137 369
215 671
357 575
963 193
465 177
8 632
302 566
141 752
657 359
378 586
983 80
429 670
626 555
291 230
36 18
347 233
686 402
346 753
973 987
140 226
933 304
285 429
842 637
572 797
960 675
400 712
446 391
489 37
643 142
505 827
303 870
4 339
46 197
402 946
277 368
101 630
174 188
272 39
770 721
814 705
484 933
164 415
60 995
412 295
877 945
297 914
561 504
859 200
797 437
616 845
403 23
610 170
623 969
163 568
78 650
833 41
928 363
735 832
720 677
609 423
190 968
790 949
65 141
725 507
228 94
990 891
398 15
304 292
275 987
6 90
451 318
633 628
462 344
426 269
448 491
718 205
198 844
96 245
391 495
366 509
591 892
100 45
229 672
525 866
508 837
747 734
344 255
379 551
881 520
869 232
179 271
975 197
584 132
88 173
904 4
572 849
249 282
491 991
975 850
956 210
445 364
529 5
981 955
116 640
68 85
90 722
929 342
721 501
265 577
726 22
76 869
748 935
700 484
907 145
825 796
362 729
521 516
491 443
48 938
857 741
610 325
720 310
598 883
745 212
641 225
355 113
146 265
777 155
643 198
126 5
388 751
852 213
59 631
647 488
568 125
102 796
732 707
273 197
292 571
531 567
733 534
856 80
983 32
185 715
976 356
572 516
805 881
128 28
61 585
104 199
51 570
560 218
399 738
630 464
807 983
884 524
214 253
653 622
299 634
992 246
367 114
717 50
21 763
905 892
850 919
247 32
368 202
596 524
605 711
62 522
56 671
994 80
520 170
116 980
133 174
332 352
131 506
451 254
144 412
284 682
565 925
618 695
502 597
302 250
560 716
884 708
76 489
816 225
981 943
533 507
988 588
664 41
965 378
711 732
102 948
703 755
289 397
197 324
196 25
132 24
196 527
183 960
218 647
564 325
384 497
777 78
181 109
698 236
601 484
672 757
158 380
605 583
856 859
478 129
193 407
802 29
435 482
889 440
938 864
514 234
460 595
432 790
96 359
911 217
257 733
688 482
887 586
124 915
894 725
976 224
914 103
477 309
623 345
754 141
985 171
104 285
268 954
276 829
540 515
675 348
832 688
968 590
343 582
129 539
604 124
586 843
504 401
817 207
980 792
555 82
287 913
65 925
921 329
333 149
471 903
451 477
450 368
832 762
381 185
759 847
902 909
846 660
960 891
844 913
493 843
932 335
699 785
610 94
56 539
652 463
960 997
660 903
152 51
305 856
768 57
165 204
670 764
484 236
346 630
89 472
19 606
447 336
267 514
913 520
50 93
841 261
598 468
690 986
365 467
412 833
286 24
614 687
471 812
509 909
156 402
511 306
850 772
404 468
37 685
282 142
459 75
214 122
424 499
346 363
469 36
698 304
271 851
343 791
404 201
961 777
5 686
873 341
949 698
20 256
834 289
577 848
805 903
227 550
548 138
745 247
138 474
578 510
329 220
150 769
944 104
611 49
892 59
725 799
894 674
360 883
246 47
988 547
476 38
712 211
897 234
652 37
854 537
511 76
794 730
831 210
581 18
977 56
903 863
30 692
809 480
632 343
418 853
48 589
561 548
184 787
534 273
39 794
501 284
529 302
490 252
734 297
343 766
485 551
574 883
931 972
223 569
957 432
460 435
840 571
103 875
577 377
290 375
568 356
889 992
960 308
880 819
937 740
47 293
945 343
974 318
583 227
115 504
513 165
555 410
818 691
74 281
142 149
35 925
587 81
613 855
925 415
641 958
235 727
225 500
931 155
407 272
535 896
489 81
387 434
108 705
571 292
99 993
415 754
624 513
532 134
667 855
90 3
773 541
131 882
543 615
334 661
80 169
848 313
115 495
756 767
952 120
623 578
111 174
412 192
896 853
33 377
287 849
910 272
595 112
980 97
364 930
634 845
559 657
584 818
540 111
901 959
949 118
259 739
399 652
391 315
1 215
190 912
556 403
603 129
393 126
156 290
596 175
936 887
98 415
793 698
382 492
672 483
602 28
379 934
6 904
880 692
35 167
503 136
763 648
681 999
158 463
559 492
255 643
976 323
522 907
435 95
661 10
972 397
541 393
861 232
239 716
999 907
708 405
219 664
728 555
226 980
440 771
546 531
227 586
195 315
924 13
488 726
955 932
107 191
557 356
486 462
877 861
127 572
611 505
741 389
581 633
541 785
192 538
225 214
440 208
139 409
343 805
534 437
714 414
700 402
41 230
497 359
339 294
14 200
838 746
594 566
222 781
211 937
546 379
298 786
898 855
103 487
562 378
257 953
767 541
122 905
160 846
565 280
130 579
159 361
85 313
512 422
244 603
670 157
247 734
913 501
196 613
240 959
292 380
999 506
570 651
132 892
504 829
77 743
263 887
162 40
462 4
378 654
659 207
278 790
500 587
251 110
1000 68
504 242
492 867
533 675
432 118
348 519
593 273
558 450
380 536
447 663
975 837
949 185
926 212
932 120
225 810
548 248
810 568
767 690
967 958
901 172
834 87
874 666
392 155
845 574
139 383
880 241
73 538
967 558
599 687
256 634
756 379
146 499
147 406
134 737
286 614
319 561
324 467
991 831
165 474
383 577
671 450
92 805
168 627
411 635
888 618
84 568
597 260
753 501
855 112
149 696
678 314
942 665
928 871
83 352
286 214
816 738
19 539
430 128
821 592
855 477
606 602
1000 211
673 95
270 818
960 771
493 930
743 242
199 489
545 236
568 14
691 30
182 301
50 367
901 985
846 808
384 347
26 27
76 916
367 450
422 672
410 547
55 655
319 646
350 495
59 633
598 461
521 900
820 256
783 785
987 116
433 69
90 161
383 279
954 998
655 805
373 766
142 258
564 35
869 213
546 33
950 655
191 948
136 413
833 258
899 949
471 513
917 52
138 222
520 852
722 290
711 793
688 761
928 94
709 126
224 303
69 269
887 683
721 415
255 195
496 432
147 463
76 34
802 638
125 903
895 484
918 690
54 901
164 471
666 233
74 843
422 411
494 367
112 600
680 118
59 349
350 127
225 722
649 394
958 124
191 411
33 140
85 351
522 296
246 230
696 343
915 650
695 579
745 919
36 995
26 788
333 186
80 598
159 155
48 434
679 379
429 486
982 999
121 124
963 739
330 123
739 445
531 14
720 725
602 418
478 799
881 914
786 426
900 314
936 412
296 651
516 781
764 279
658 129
178 217
646 13
61 363
351 86
353 369
33 17
766 429
760 920
118 474
666 133
20 170
743 491
788 216
85 817
961 780
480 110
721 138
404 405
236 462
174 749
526 836
601 846
27 614
333 346
114 190
914 396
111 601
543 834
131 98
415 87
105 50
243 833
383 71
906 461
124 633
468 678
579 82
134 182
876 427
95 159
828 303
563 772
265 408
195 173
982 963
418 790
575 54
780 526
620 43
727 939
505 792
762 430
689 891
999 78
639 819
954 541
103 344
850 351
190 386
213 976
415 741
68 934
794 911
688 298
482 327
802 543
144 659
836 816
1 993
338 376
305 169
609 767
242 865
879 900
269 135
320 367
693 353
821 655
941 779
488 271
529 316
322 313
519 423
773 271
482 463
263 419
757 925
710 760
166 845
840 843
792 755
110 998
178 801
66 233
926 143
920 825
345 614
902 409
512 721
230 296
615 38
36 694
473 92
659 45
981 390
708 900
605 405
459 943
415 679
219 436
569 657
274 405
924 100
731 182
203 231
267 461
375 536
857 770
818 452
852 448
887 325
162 989
930 681
402 656
643 437
94 14
867 774
617 277
51 82
10 320
202 904
927 892
956 990
938 958
508 867
619 775
860 468
111 200
65 175
228 860
625 52
106 841
120 381
423 207
629 33
129 87
627 185
957 231
22 387
497 657
861 861
564 332
806 829
981 108
409 948
189 942
720 663
991 484
694 315
288 460
549 930
678 907
587 103
126 115
111 864
851 996
632 450
144 515
549 825
712 24
127 405
536 746
169 406
241 398
402 573
334 650
914 696
201 779
407 152
343 51
821 70
918 71
698 54
995 113
242 635
15 812
893 416
47 724
462 556
490 943
407 83
836 124
165 436
735 904
850 835
945 483
452 104
10 809
881 504
983 640
206 955
650 73
611 219
917 40
142 427
902 583
123 969
957 630
399 823
688 1000
451 92
871 958
10 392
374 945
370 301
599 373
961 52
992 53
483 612
956 26
539 203
581 182
866 301
171 283
593 973
563 868
893 258
245 329
338 478
280 656
415 764
374 571
172 552
598 497
548 377
328 973
6 456
998 587
690 845
586 135
436 421
798 915
813 474
20 919
667 342
575 574
408 345
63 726
968 376
891 196
697 846
84 957
782 858
783 863
918 270
179 374
727 179
753 198
713 539
168 883
63 47
546 561
272 762
324 626
934 222
16 806
504 395
945 749
797 852
503 968
581 223
186 284
389 688
345 588
356 721
340 387
78 94
903 19
444 806
880 419
622 524
177 583
205 516
955 202
628 559
917 192
433 837
170 629
926 109
845 780
764 587
201 313
641 306
30 514
993 106
125 948
145 51
102 6
486 624
437 584
228 325
223 228
529 22
485 787
402 805
37 870
694 350
484 528
825 574
468 750
387 732
928 473
585 310
638 836
902 540
825 953
644 128
93 822
689 232
789 868
339 240
999 467
133 680
302 958
846 827
865 896
184 921
233 694
29 101
712 144
530 94
354 874
215 841
349 213
166 104
479 26
657 290
393 754
472 727
546 774
74 652
92 222
771 367
933 798
838 35
849 993
904 916
794 31
355 978
254 345
804 732
707 681
148 59
851 658
514 161
556 371
508 242
363 969
939 677
134 366
966 762
66 608
708 787
406 395
68 685
47 689
56 147
582 326
54 38
980 596
465 763
277 385
695 791
428 89
555 719
46 217
500 195
80 925
482 169
478 978
392 196
333 582
88 280
474 276
55 148
305 999
184 75
953 355
345 20
56 356
609 4
400 163
579 144
146 550
976 501
975 464
649 856
313 726
87 300
618 679
681 342
611 875
950 327
419 463
637 428
68 356
968 585
784 791
169 443
168 564
507 467
954 528
760 187
105 130
274 346
208 290
131 664
158 831
726 477
581 943
291 936
791 567
23 772
807 538
57 749
64 463
334 81
154 478
886 320
803 258
415 961
607 409
703 185
891 404
718 258
161 215
972 57
16 413
57 427
905 486
883 953
848 974
583 782
779 743
554 783
519 293
969 855
227 744
517 213
601 826
674 324
339 539
248 690
134 702
579 923
384 601
919 167
679 417
771 599
95 597
14 482
395 467
63 858
708 355
510 989
836 255
950 440
366 654
1 397
32 522
794 659
56 845
679 650
389 264
358 321
833 533
667 188
966 491
499 718
440 909
195 114
262 187
625 798
731 701
94 402
283 745
804 160
770 598
259 124
336 571
389 891
579 210
665 878
318 382
316 370
487 474
996 95
940 192
734 778
671 268
921 12
408 963
428 535
713 809
940 174
398 233
453 890
569 488
778 465
27 716
862 364
222 655
891 52
884 35
801 217
875 820
227 421
132 542
647 679
153 840
651 258
895 625
802 348
420 667
549 536
362 491
822 634
966 478
327 301
799 525
793 171
954 412
620 862
79 739
498 157
596 680
336 890
465 45
681 743
153 558
92 268
804 868
376 993
395 11
411 482
434 310
18 908
472 110
789 657
63 314
66 696
925 876
316 767
235 507
408 120
280 558
455 103
310 151
897 118
670 483
662 70
956 365
456 859
327 438
774 760
579 714
636 508
143 48
441 227
788 564
434 149
662 470
63 162
144 82
782 600
692 569
874 474
485 491
928 133
473 928
946 829
18 923
252 560
859 344
5 857
2 102
349 453
197 785
733 640
503 423
780 333
327 48
486 663
994 398
350 7
297 80
567 409
858 77
383 121
102 152
60 1
588 786
749 260
760 156
354 146
84 644
808 954
281 493
780 840
451 671
73 569
691 169
495 278
59 848
178 404
58 379
956 342
41 104
935 673
457 186
214 234
564 770
390 836
853 467
421 375
86 70
764 358
545 975
763 349
602 459
305 889
369 149
880 417
743 511
256 984
836 335
642 810
734 425
770 930
278 510
873 181
442 498
172 846
893 38
716 298
615 966
682 876
671 802
47 412
399 680
461 425
715 63
367 283
562 703
834 490
238 258
538 211
214 178
198 837
434 754
866 372
577 569
857 532
517 822
418 528
85 297
345 817
976 174
670 288
605 189
587 745
754 730
591 141
800 176
967 802
172 326
710 791
701 220
171 94
136 43
83 425
169 538
131 565
399 150
959 945
207 50
977 77
594 211
489 906
488 929
339 50
733 311
816 363
420 534
404 823
169 711
409 438
386 236
671 379
698 669
915 201
438 791
649 659
546 383
602 534
891 519
127 812
575 751
282 139
340 863
850 278
547 29
983 866
78 766
681 409
780 486
484 98
138 242
96 570
861 515
210 978
722 809
8 612
366 938
532 145
883 407
241 608
121 56
379 888
373 959
526 93
456 12
376 452
824 356
570 759
206 930
242 95
650 294
899 409
67 870
672 181
136 998
637 379
375 741
152 519
636 769
267 996
320 187
906 35
824 637
356 416
454 505
26 47
338 159
44 304
667 948
533 754
498 787
469 405
661 383
710 539
299 873
797 149
320 15
978 303
632 108
619 978
698 259
371 85
26 787
512 984
399 769
292 626
120 398
955 428
128 209
534 613
840 441
129 596
977 20
721 563
327 489
628 356
267 299
735 274
543 274
348 661
83 961
911 534
705 143
222 380
931 544
304 55
851 31
195 841
775 582
928 248
397 772
388 299
701 190
253 591
112 668
389 958
17 783
902 576
850 621
329 5
79 120
421 778
801 868
688 167
501 168
671 424
622 92
55 77
906 535
695 47
645 904
735 384
179 760
993 730
708 9
938 852
943 899
566 921
954 359
60 30
53 70
559 692
979 514
961 920
733 962
982 98
660 78
295 145
221 526
82 614
316 706
206 966
807 558
835 332
453 424
822 643
683 899
593 583
419 676
832 641
936 298
585 428
172 814
427 647
10 94
121 181
834 240
256 281
377 509
399 902
448 287
456 908
351 564
958 794
555 683
441 470
559 901
738 333
564 184
758 536
268 307
976 513
700 802
942 516
760 260
968 369
705 404
361 350
831 37
358 791
954 775
584 741
412 20
170 168
137 219
997 473
534 874
918 291
809 313
733 443
942 13
976 654
489 310
828 7
571 352
898 336
96 919
682 604
154 892
313 733
196 24
533 728
874 213
92 111
456 92
185 949
558 453
48 535
812 637
511 845
728 82
155 302
235 939
940 208
12 505
744 632
922 917
836 587
275 265
932 212
823 923
488 375
820 872
360 773
515 728
542 334
431 423
385 812
834 354
962 655
349 102
520 609
259 635
660 855
149 625
189 214
541 701
365 983
34 865
594 899
996 937
670 352
292 266
406 922
188 677
113 464
454 416
577 659
726 242
245 867
874 154
938 709
690 99
238 451
106 588
197 435
13 789
756 992
385 103
330 971
103 820
518 654
787 906
917 158
944 128
545 92
108 350
2 252
803 436
223 752
127 853
724 517
342 702
948 203
770 834
678 216
778 805
342 690
39 55
388 270
393 775
703 808
151 122
614 13
159 728
389 997
61 407
125 876
485 410
516 913
144 606
771 44
564 457
838 239
765 892
494 467
544 389
570 596
837 129
447 560
86 974
221 214
277 919
491 138
25 290
135 941
102 495
385 344
523 552
618 892
847 299
765 368
450 522
463 167
136 256
110 176
310 543
579 83
387 880
798 984
97 429
724 855
424 306
521 477
879 736
582 687
183 250
314 549
328 431
220 453
893 521
91 927
333 65
461 104
801 430
414 200
971 619
726 484
247 945
268 397
326 723
681 790
922 28
972 470
296 795
732 910
437 393
168 470
571 758
975 987
370 612
565 508
6 908
146 42
712 505
74 995
943 464
141 437
273 124
45 595
576 453
310 454
826 516
980 367
759 356
710 242
281 583
843 381
17 344
149 310
548 877
189 24
512 446
553 780
119 510
398 655
944 958
420 708
553 460
18 524
534 156
262 651
97 225
288 669
483 606
180 815
310 233
341 718
673 613
361 375
791 94
175 442
918 229
613 997
59 703
192 398
64 460
821 100
540 880
927 23
178 862
244 753
49 145
883 254
24 549
690 436
771 176
746 80
744 594
412 134
788 415
122 152
91 478
207 218
245 510
591 683
949 208
720 883
744 120
767 2
67 150
952 426
687 823
870 849
486 444
240 6
406 641
886 947
735 304
856 531
263 440
201 523
572 419
639 851
590 179
835 956
578 831
712 550
886 352
812 8
430 716
587 347
212 151
101 929
17 683
95 628
892 728
702 498
515 263
429 53
940 412
455 509
356 849
72 45
953 701
622 325
623 793
772 561
544 479
586 523
322 773
774 884
216 515
639 193
508 341
142 785
879 785
308 753
927 666
419 118
700 188
948 516
368 859
943 671
158 731
163 556
822 968
796 585
85 869
444 586
195 700
455 972
689 316
778 23
473 932
534 469
465 182
38 373
800 298
144 235
424 320
379 852
150 578
996 55
461 802
623 782
481 10
918 155
180 721
603 258
482 492
431 162
468 681
223 603
21 165
61 707
673 928
57 927
448 251
468 406
812 948
703 983
507 682
918 868
59 524
607 404
33 812
305 929
782 720
165 454
438 629
633 515
739 481
655 837
75 884
657 258
277 168
214 528
728 969
381 429
569 897
119 535
348 292
539 273
19 6
971 794
905 696
147 922
418 269
181 872
949 419
366 593
1 10
796 977
696 536
367 964
993 371
715 251
161 609
455 399
638 968
360 479
599 295
303 806
464 777
444 26
550 585
673 977
501 253
859 60
528 823
233 366
918 831
533 412
600 302
612 33
25 993
878 624
180 801
592 612
712 623
812 765
787 622
47 704
786 533
922 356
512 301
231 881
481 536
389 178
592 112
974 524
566 5
245 797
521 895
437 923
28 661
135 363
556 920
445 467
43 134
396 698
991 866
560 188
95 121
4 432
198 72
210 631
498 448
503 378
371 191
218 863
856 997
302 701
448 97
798 233
443 667
503 48
555 517
382 251
394 351
810 366
322 167
116 687
398 285
907 527
834 66
140 998
854 908
144 493
37 967
184 607
638 545
86 727
66 856
24 661
484 486
569 952
979 50
882 842
117 329
859 118
20 232
47 519
937 709
280 885
393 394
640 34
908 907
721 209
53 248
433 487
784 320
640 743
368 867
71 190
826 558
878 682
400 71
384 880
251 268
364 646
589 722
714 705
426 781
840 481
696 271
759 174
537 282
434 580
982 505
985 656
504 169
799 508
237 1
51 357
392 44
879 355
502 776
499 921
706 858
189 591
36 147
158 58
74 8
734 145
885 516
220 982
737 870
22 693
2 620
999 460
954 674
457 325
19 881
416 377
119 959
392 573
351 141
771 895
830 4
54 112
916 339
846 158
488 655
636 319
61 49
79 60
348 776
627 454
379 848
533 701
596 663
818 766
536 53
651 523
711 956
514 690
345 278
259 101
481 642
840 909
652 975
640 626
424 820
989 23
805 194
416 956
115 733
203 947
893 49
99 692
504 147
690 346
196 885
783 530
797 338
309 47
368 973
807 764
130 113
936 626
216 648
397 83
855 278
461 686
813 578
895 760
123 388
953 250
482 832
656 827
31 905
91 257
350 997
329 959
164 953
693 866
65 354
97 624
194 494
913 296
879 424
251 309
316 747
877 218
179 999
66 244
739 13
226 906
822 813
114 882
193 426
86 847
681 855
424 672
569 839
814 339
329 226
70 311
622 405
225 373
117 489
578 260
906 481
667 638
101 477
759 586
259 495
753 244
437 583
192 843
700 239
622 10
843 360
635 246
330 4
717 388
615 669
740 256
193 489
816 221
787 789
597 661
574 844
745 91
677 931
101 436
344 984
145 37
451 258
95 630
820 445
481 306
936 413
911 846
624 320
656 666
847 52
865 488
748 995
630 348
988 147
358 118
672 214
369 599
440 302
903 515
966 575
711 335
205 629
940 11
45 919
343 275
151 378
120 618
872 946
762 368
401 524
298 965
765 376
129 328
625 979
604 937
118 167
786 267
36 680
103 676
191 852
906 113
924 775
645 396
969 695
772 131
737 478
159 650
263 316
484 107
975 11
560 237
609 521
640 777
481 984
596 664
7 349
319 119
581 95
125 229
626 876
318 655
58 878
126 734
439 196
721 226
144 395
853 345
591 337
400 9
305 872
469 546
486 474
205 298
871 550
307 328
578 987
628 780
368 290
363 719
607 881
453 395
712 843
637 538
730 512
320 899
999 24
773 615
60 318
74 717
799 227
146 97
643 966
390 387
167 664
105 40
646 381
88 790
532 846
755 978
361 71
928 461
370 516
47 842
483 953
948 861
720 842
996 532
301 478
596 588
932 902
682 141
583 202
584 908
712 955
795 791
767 537
694 249
21 410
662 558
803 991
652 27
824 251
701 380
578 318
626 869
956 361
977 266
560 954
485 467
658 800
14 82
627 431
673 629
814 369
60 576
45 808
327 151
916 378
543 150
218 22
929 470
285 207
874 706
460 319
900 516
693 3
848 530
958 427
679 322
873 485
788 947
593 358
980 817
544 885
509 93
413 290
879 688
786 685
789 929
339 666
181 446
39 752
811 240
418 327
792 735
635 837
562 434
96 812
83 95
730 883
850 845
69 226
106 34
392 986
159 491
693 477
255 241
797 255
521 40
326 20
162 956
337 815
183 899
796 682
33 131
277 112
832 242
675 25
562 892
884 292
362 803
492 569
655 500
707 53
247 672
949 236
396 225
135 560
374 664
148 547
94 363
407 163
90 543
670 575
813 62
451 935
769 902
216 225
766 265
566 606
630 321
213 673
660 853
738 277
787 421
930 41
904 583
621 17
123 104
720 64
675 847
146 418
430 934
794 455
985 294
11 442
666 689
689 493
666 672
208 54
320 687
358 829
766 960
658 368
213 193
192 935
5 579
949 793
971 19
408 122
271 414
316 18
128 218
788 555
324 454
751 63
114 672
335 293
933 775
388 654
691 829
622 221
81 247
1000 161
683 152
625 87
285 440
512 577
100 328
424 196
27 613
748 36
141 853
569 621
129 625
626 266
917 389
649 347
379 668
449 147
883 152
210 339
276 469
281 25
726 307
19 144
545 191
72 838
556 41
979 38
594 593
130 318
250 23
704 456
780 305
205 99
396 622
567 244
9 503
37 291
21 754
839 860
9 78
557 819
958 384
281 372
103 263
169 866
814 657
188 353
68 945
15 733
268 553
340 89
915 933
332 802
19 846
662 304
847 339
564 416
285 786
918 55
563 472
555 314
493 264
748 779
82 965
93 543
681 114
416 779
18 855
514 595
966 375
267 713
925 291
606 45
617 38
72 597
297 911
641 336
117 710
629 830
491 897
629 522
297 562
726 48
304 914
192 23
182 486
507 173
134 289
236 548
929 397
212 901
972 120
164 622
877 521
707 94
952 49
986 480
997 240
428 453
544 88
79 567
530 627
547 841
797 328
941 832
154 94
102 788
247 15
804 909
220 528
604 594
20 713
611 331
530 484
55 744
822 335
737 446
647 76
719 988
333 654
556 313
404 689
298 560
252 872
331 712
528 709
852 832
546 861
593 54
143 710
970 974
195 169
917 717
254 826
637 891
233 109
840 722
166 990
327 183
886 758
640 807
952 6
351 988
653 176
270 1000
571 565
628 326
675 226
860 854
348 540
626 308
594 473
764 565
998 380
823 526
712 637
750 446
36 628
828 909
216 87
241 573
541 186
201 661
272 166
304 83
264 323
721 365
606 90
587 339
121 619
29 250
683 469
273 710
237 113
517 812
37 934
819 324
733 529
733 345
160 525
506 654
528 987
771 784
480 93
420 700
113 891
143 526
906 615
694 964
177 29
879 627
665 44
612 722
190 224
581 47
38 846
439 940
52 100
575 306
212 294
231 660
851 806
233 872
259 516
507 261
483 286
129 417
349 562
39 877
519 464
258 107
490 808
663 214
344 566
309 617
928 543
20 814
853 751
830 25
143 575
782 289
793 404
989 881
988 90
667 261
318 85
360 665
470 293
304 828
371 55
23 727
735 995
904 847
83 134
729 934
447 50
781 601
760 675
423 23
678 668
550 904
400 351
440 876
993 102
162 396
928 860
856 673
985 658
556 825
177 64
396 315
330 742
752 708
891 370
153 30
795 555
215 183
89 122
30 193
365 678
914 127
965 451
313 539
279 503
421 178
718 906
114 307
811 646
790 249
233 709
254 171
684 920
566 306
198 388
421 60
330 213
296 204
30 603
736 904
730 204
290 250
93 11
814 739
89 770
748 72
20 124
984 425
82 806
272 144
732 300
423 687
322 670
402 700
824 223
573 451
194 529
722 250
595 455
579 885
342 836
826 250
196 915
770 923
334 454
92 633
399 335
255 743
284 931
911 645
656 48
915 754
768 122
709 248
829 766
379 334
553 303
854 798
539 648
424 398
472 642
914 141
277 675
416 392
906 949
94 961
314 177
311 359
916 311
311 214
943 692
897 561
109 596
376 491
31 105
107 246
385 835
799 28
689 741
692 237
76 357
918 109
827 577
17 622
808 706
497 137
63 223
128 587
330 117
325 305
837 412
487 926
386 259
579 573
554 979
455 410
691 191
125 940
433 638
261 947
173 558
305 339
81 182
595 94
936 259
621 929
345 766
351 9
180 364
221 111
531 195
619 299
648 379
770 819
967 262
166 914
82 595
974 27
74 21
996 367
473 297
663 113
256 846
116 372
992 656
282 476
177 347
730 467
540 395
556 226
634 925
759 622
962 660
710 416
671 947
774 778
788 784
97 834
375 561
522 66
461 241
507 914
441 817
488 838
311 480
930 971
752 75
361 251
892 915
425 915
580 582
476 81
531 809
554 748
523 820
220 848
350 199
621 810
344 457
695 809
563 62
874 963
757 68
57 109
25 824
412 843
438 210
633 2
367 568
609 485
96 670
788 64
786 350
632 634
426 107
58 190
647 245
523 468
245 118
856 112
946 927
120 896
634 150
423 951
208 580
68 110
523 317
477 119
746 287
522 27
381 619
484 538
429 951
764 660
886 128
466 488
456 712
218 657
60 912
529 140
535 440
954 743
665 669
386 864
136 915
266 29
525 160
359 456
597 766
276 987
364 207
769 608
4 901
305 831
27 389
603 622
380 87
11 616
886 573
966 895
524 812
606 415
399 527
615 444
64 748
80 114
84 640
912 891
262 713
444 90
801 12
37 583
938 209
316 511
496 419
723 344
958 308
102 809
631 774
669 290
47 875
417 584
219 937
465 55
591 844
930 24
388 785
492 84
847 280
540 21
619 716
852 847
328 725
1000 355
578 251
110 741
827 659
797 749
573 833
552 533
943 721
898 522
361 906
307 137
109 6
803 290
803 902
947 279
746 249
739 253
597 211
779 826
428 39
259 224
327 293
351 747
265 266
522 871
332 198
259 384
565 365
343 606
543 567
21 644
789 465
581 126
94 412
439 595
347 458
224 993
262 738
338 52
739 191
121 967
202 507
120 159
424 399
446 807
825 596
586 889
465 806
590 766
271 141
613 918
146 731
101 313
511 727
905 396
664 340
917 762
824 181
372 296
486 100
904 406
80 588
951 316
576 764
796 36
903 730
472 669
679 270
192 366
679 777
274 46
592 105
191 848
907 562
434 304
823 336
268 443
983 339
118 15
818 619
718 73
394 193
330 764
213 403
823 216
970 318
357 238
451 104
963 145
831 945
5 321
174 124
159 325
196 241
585 637
576 869
323 917
173 153
423 639
469 814
330 968
460 363
463 169
658 164
34 699
818 991
624 945
266 394
393 141
204 834
139 412
995 92
513 358
140 271
241 250
846 751
671 549
324 223
17 825
94 461
609 456
487 178
302 114
564 34
640 1
450 300
608 646
923 426
655 958
869 128
802 792
489 504
317 678
85 919
366 546
665 430
936 222
844 279
488 81
670 96
483 649
285 877
185 680
266 401
701 971
283 411
198 918
232 826
258 620
548 793
842 177
793 864
77 709
949 437
770 584
319 500
674 319
328 523
154 668
447 537
592 533
388 285
135 591
379 641
277 94
462 378
791 680
449 174
679 454
496 361
263 509
336 761
970 360
720 308
893 256
116 878
87 436
125 60
56 654
515 677
70 301
519 985
767 972
233 400
725 544
368 865
329 18
555 129
707 269
498 276
213 238
146 841
881 264
66 14
916 16
617 248
451 431
37 867
982 321
234 833
174 810
363 330
524 964
688 204
899 478
219 11
709 738
112 99
982 449
873 544
654 464
77 300
530 988
157 86
102 458
837 315
224 493
6 547
761 230
943 62
729 34
712 54
856 817
553 942
19 309
196 169
624 483
992 43
706 741
18 168
962 11
314 406
306 416
300 336
308 859
370 62
636 617
93 474
296 581
828 348
303 694
179 5
972 803
363 766
323 48
418 438
453 680
665 582
354 906
356 241
935 321
353 384
850 955
208 581
768 819
2 631
178 59
745 251
207 932
447 464
274 742
386 6
217 4
597 547
281 317
593 202
437 657
205 990
778 607
572 750
883 462
981 657
233 771
562 889
602 803
444 313
287 951
645 175
881 739
589 511
731 687
304 642
266 345
548 606
110 185
659 82
269 266
364 943
637 76
752 499
931 780
680 802
442 884
920 857
571 389
649 448
871 333
646 420
384 768
573 663
44 677
212 83
986 942
626 589
157 378
492 895
461 603
341 343
421 854
897 722
462 805
184 136
330 475
823 765
615 281
364 282
346 207
856 773
102 253
360 999
863 264
153 189
682 846
243 502
753 624
510 457
689 778
416 359
373 648
493 873
151 284
297 711
589 397
833 531
585 234
839 403
40 301
714 550
980 953
194 702
821 209
915 115
378 301
543 564
645 722
972 755
511 371
866 589
545 93
948 425
364 975
52 313
678 166
425 759
3 52
480 328
13 807
266 658
197 289
428 759
896 96
671 655
217 831
501 132
12 292
345 770
208 308
559 897
435 882
152 180
8 378
453 226
262 95
245 19
936 574
30 768
610 974
897 56
741 379
106 156
514 657
565 836
133 164
142 347
910 781
964 337
868 268
22 518
900 40
767 946
557 535
251 767
791 843
683 835
236 871
695 204
232 113
577 521
804 280
288 687
243 845
566 289
79 604
691 473
69 142
436 322
708 350
923 459
541 316
417 91
335 167
763 861
586 537
321 804
870 859
835 308
263 520
457 400
434 523
674 29
628 944
422 182
711 971
380 973
304 864
278 452
135 67
117 182
174 872
127 35
124 494
399 626
398 533
56 474
302 948
914 121
583 716
215 660
190 649
13 907
756 291
27 29
260 711
303 124
295 720
614 618
730 808
734 794
979 793
914 501
715 86
459 78
426 802
180 22
720 27
15 783
30 936
781 15
12 289
730 320
878 490
43 880
906 680
534 564
723 122
161 776
315 182
12 880
707 344
920 702
303 504
544 201
127 316
665 175
272 918
692 110
363 903
217 647
488 818
914 413
94 457
965 554
742 984
398 462
883 699
161 441
677 653
107 339
832 668
13 430
512 993
495 429
751 491
506 519
405 76
77 383
109 298
437 604
775 235
249 812
986 375
436 217
905 489
451 433
537 793
345 460
698 831
86 218
355 840
429 694
205 395
849 559
944 580
352 220
276 235
746 621
760 715
337 148
703 609
817 774
787 213
323 40
185 574
108 616
190 992
641 645
709 711
282 928
985 642
213 122
129 64
108 478
391 260
254 891
147 572
266 222
303 458
818 11
451 91
619 252
779 36
525 299
354 75
923 374
144 446
802 111
779 598
544 265
674 908
674 128
543 925
925 233
300 299
132 101
15 736
97 837
999 673
224 46
925 829
990 170
942 2
423 644
58 451
826 878
668 673
272 104
307 22
255 389
634 954
642 914
130 417
386 415
238 53
821 270
732 656
699 382
864 186
385 23
821 504
735 795
458 608
676 917
914 830
172 735
608 726
1000 839
679 146
998 954
617 679
644 825
899 284
761 166
30 320
799 564
218 522
56 978
132 474
225 283
21 632
294 641
886 824
704 447
285 640
687 8
700 971
364 579
208 730
280 683
372 43
670 327
445 421
568 286
564 176
360 464
70 692
939 191
386 367
777 100
418 803
327 447
816 596
465 211
560 773
604 52
926 632
474 865
231 47
964 780
250 754
573 242
716 523
862 226
679 358
339 157
772 269
342 428
789 208
895 909
188 504
969 809
386 177
546 517
895 712
256 36
616 190
152 801
385 278
837 954
888 908
275 701
324 711
548 502
400 190
87 584
378 901
6 842
427 11
136 934
893 898
491 381
842 579
634 385
766 745
430 199
234 743
738 904
211 716
248 470
494 827
389 477
253 445
160 600
120 870
447 936
139 832
82 559
357 485
615 894
747 924
362 240
777 469
107 394
585 293
73 619
244 557
674 985
813 299
88 961
700 86
297 87
825 82
53 210
150 556
970 684
49 425
294 692
818 578
914 246
601 547
765 156
829 394
746 439
474 112
500 431
989 505
338 430
87 875
275 886
18 740
412 750
938 218
977 84
602 822
192 969
41 433
626 786
432 199
304 228
982 254
258 63
607 261
29 233
87 500
866 594
429 556
170 200
717 74
554 744
685 70
633 510
619 928
144 44
177 395
998 451
881 535
10 803
127 767
579 165
226 824
377 558
156 713
645 103
267 680
392 486
497 151
759 49
992 738
766 291
572 266
711 127
492 444
650 10
506 430
792 100
903 471
607 314
652 688
720 228
81 648
690 303
557 29
32 353
858 957
734 451
637 677
151 680
792 724
452 912
398 282
9 548
618 518
378 296
487 277
134 572
861 188
164 509
550 191
653 599
754 850
701 708
300 56
731 827
340 97
683 153
112 684
23 960
930 786
762 359
139 102
108 947
737 650
182 109
629 521
70 524
127 635
244 129
319 957
850 592
517 423
466 975
506 988
498 958
733 924
762 465
64 17
80 562
334 987
330 365
92 73
565 588
37 215
777 978
879 766
481 912
943 666
589 512
579 190
177 582
549 46
233 219
523 641
976 933
599 212
750 729
403 327
661 638
184 764
320 919
393 646
654 842
695 877
460 850
787 83
102 798
729 50
495 503
87 442
336 41
417 567
189 349
135 608
477 288
334 388
613 45
243 403
276 621
901 431
619 789
787 62
954 892
642 315
119 9
19 774
76 535
812 708
222 842
956 736
428 515
999 928
888 899
369 880
154 338
120 830
572 279
730 306
285 825
733 879
658 470
312 697
835 869
373 417
146 530
25 18
488 537
882 286
996 588
966 792
645 464
428 407
185 819
939 439
316 980
248 261
483 415
776 858
451 316
330 170
259 130
864 630
40 688
505 924
292 693
721 323
262 751
532 993
566 292
342 392
983 228
174 817
62 627
955 525
124 412
446 127
86 533
17 262
259 401
123 911
402 354
844 645
914 310
384 256
933 86
675 814
52 129
845 683
457 346
115 700
447 732
668 119
317 237
591 740
27 805
465 525
566 471
320 509
578 67
729 630
740 44
873 325
400 379
674 580
780 548
568 909
161 512
529 612
844 603
788 167
39 589
645 475
370 602
183 565
335 279
141 781
249 26
511 116
757 365
400 114
797 428
1 805
602 808
710 976
488 628
928 275
899 587
599 608
351 448
535 36
446 35
107 266
98 827
812 441
721 973
675 489
611 205
502 645
949 571
599 70
569 775
579 944
428 246
883 671
255 979
501 418
737 827
150 582
993 712
213 242
488 608
532 851
688 671
845 868
432 653
319 26
65 353
841 677
703 227
75 100
537 564
656 80
590 830
353 583
510 155
723 991
920 772
528 437
884 5
500 234
279 612
841 416
910 441
844 530
497 864
954 258
56 527
343 861
442 954
575 631
459 511
363 696
541 343
895 915
753 888
915 496
231 463
206 540
259 122
344 247
789 738
947 367
955 731
162 936
458 739
763 923
863 4
813 500
467 615
622 905
471 354
225 299
253 267
426 536
241 149
861 499
786 656
928 260
844 747
205 914
210 137
611 652
104 140
583 209
974 857
574 861
779 958
862 774
368 946
559 821
450 479
316 191
820 39
410 681
649 411
118 624
709 515
841 785
641 320
535 955
340 369
560 594
577 86
430 869
839 522
5 290
735 782
147 58
160 135
93 113
253 543
369 448
2 942
56 918
263 906
600 435
829 868
985 68
826 406
139 76
177 32
814 75
456 137
686 322
69 877
790 853
906 987
30 671
780 35
740 279
427 254
943 931
567 724
258 496
679 128
366 652
735 943
810 219
52 238
849 658
66 391
932 958
10 297
885 540
827 546
266 826
968 171
858 606
260 667
948 1
217 231
589 663
776 889
217 850
816 860
222 750
393 629
541 997
34 857
299 515
294 885
459 455
684 951
582 270
288 461
988 391
510 178
308 59
526 688
474 446
489 127
968 337
81 394
592 440
495 582
66 72
349 583
883 695
547 368
730 921
866 394
354 430
165 42
602 30
387 856
387 526
330 841
852 374
460 625
965 520
212 878
507 239
246 760
425 219
718 312
82 451
588 793
674 393
163 584
908 292
690 504
363 215
590 663
611 197
543 790
865 700
708 26
103 586
606 938
252 654
568 40
275 667
793 981
938 809
384 698
588 885
839 573
110 639
384 657
245 288
633 279
65 607
741 318
370 623
67 38
960 784
430 286
227 932
503 766
864 619
407 18
869 873
865 247
832 564
993 833
861 191
704 92
96 832
610 127
86 729
643 546
50 350
848 556
902 119
495 681
839 134
716 605
358 172
174 254
446 844
598 156
90 751
179 188
61 521
922 194
398 471
278 405
779 686
666 207
69 185
6 191
216 86
848 629
69 793
630 588
160 93
597 239
977 505
584 529
145 695
336 507
794 709
642 931
449 89
800 92
937 452
760 643
519 290
875 617
980 633
987 106
626 392
919 393
144 968
147 469
762 725
872 31
662 795
818 647
4 784
987 552
386 738
818 417
932 675
666 951
667 805
195 109
943 777
442 560
287 43
736 965
657 230
323 582
265 472
307 117
488 398
633 118
151 435
170 455
568 453
668 233
896 852
690 73
170 28
5 942
484 616
877 255
305 55
250 387
394 382
217 972
478 983
965 535
822 382
11 969
591 262
658 107
394 600
501 20
877 771
665 419
760 184
22 737
142 19
6 799
271 539
810 818
251 904
430 773
541 908
939 982
876 439
509 532
991 38
529 853
764 524
384 858
159 674
424 904
425 998
375 5
87 687
234 179
608 332
462 298
781 804
591 324
753 949
286 32
399 303
450 897
344 10
49 436
826 710
120 195
719 420
182 957
296 937
726 167
297 622
93 222
467 542
610 656
114 659
317 287
832 100
238 749
86 704
910 676
135 859
106 696
936 952
475 506
778 91
242 802
568 627
52 413
438 105
378 112
616 998
596 612
33 890
209 432
214 578
823 762
644 538
884 147
961 454
273 77
652 867
868 162
159 102
788 328
725 870
940 298
782 945
522 528
41 587
927 351
278 692
262 961
953 3
897 203
428 931
286 304
316 33
417 749
139 674
493 904
927 540
60 171
672 151
921 901
422 855
990 600
254 610
802 179
140 548
175 437
660 961
301 182
448 181
116 249
692 644
665 40
842 235
144 857
520 838
993 389
71 660
274 521
202 824
669 545
875 846
347 863
555 868
405 966
786 484
207 392
495 992
78 370
155 907
185 975
908 842
259 826
417 703
172 440
647 53
902 225
96 727
396 177
648 237
378 862
993 35
830 1
337 635
920 610
66 693
165 632
330 700
833 106
942 96
648 688
9 968
476 652
773 723
26 779
270 314
549 530
813 564
323 115
112 491
489 122
731 14
784 172
955 319
151 763
398 899
863 307
123 414
677 633
248 829
769 64
944 620
60 366
706 985
636 546
157 585
42 971
355 14
280 211
645 652
327 948
886 732
457 149
201 225
742 317
896 348
792 329
362 801
360 780
549 152
838 696
269 425
828 683
123 266
267 19
880 494
589 858
638 439
313 234
366 843
964 806
550 931
629 478
120 644
640 814
414 163
951 80
351 415
630 962
537 853
252 616
624 153
485 233
170 649
907 318
729 156
117 963
35 198
8 634
411 858
121 9
314 438
495 76
586 85
564 38
424 785
867 268
459 83
883 897
977 962
983 980
803 95
651 864
450 573
993 837
366 19
369 332
535 445
836 114
914 638
804 131
466 673
945 61
676 767
826 732
60 408
241 307
630 658
417 174
395 882
672 75
685 666
448 786
81 77
764 445
223 663
134 878
849 968
223 295
374 656
355 742
908 994
188 601
136 232
807 172
718 458
487 268
466 723
657 387
68 789
866 430
398 398
794 655
441 660
406 904
556 938
348 725
474 594
959 924
495 392
239 364
969 783
278 513
290 868
686 587
913 713
11 438
877 642
946 192
547 741
594 833
299 891
727 229
1000 593
993 870
48 952
638 795
367 924
426 97
163 586
395 309
578 529
206 876
512 161
530 861
535 575
804 272
817 337
430 401
36 410
426 461
896 948
693 76
456 520
179 723
576 85
586 222
47 854
931 415
803 47
107 355
230 481
881 677
266 649
581 358
410 109
7 666
163 996
559 156
820 664
23 543
710 672
214 785
505 412
288 919
413 155
552 286
49 839
866 569
587 394
7 926
224 717
215 452
334 524
319 262
124 611
829 302
242 787
33 994
688 251
259 773
776 643
789 87
601 395
227 899
289 840
485 334
64 148
129 891
133 835
127 205
386 76
764 391
346 627
615 836
245 38
916 479
539 684
300 469
862 228
797 122
631 907
523 138
75 19
628 263
326 198
187 190
701 517
147 866
721 293
994 348
162 13
905 62
697 684
472 434
466 39
878 520
516 14
163 533
993 844
471 479
709 42
174 787
447 623
911 125
948 936
749 541
134 59
193 50
672 409
892 418
156 707
220 266
139 937
625 251
75 560
64 540
263 455
441 210
120 885
729 178
873 672
314 203
138 66
99 433
572 824
722 681
318 740
79 898
890 489
983 688
218 162
767 172
625 569
336 502
481 119
503 304
27 197
957 954
432 427
293 117
699 536
444 970
321 146
845 558
197 60
207 535
751 131
593 833
959 430
357 650
171 48
879 703
272 315
120 813
984 417
799 612
408 686
455 530
228 880
821 519
265 199
437 341
66 477
757 400
518 483
780 58
223 521
680 334
885 801
198 984
930 492
854 862
121 359
452 891
234 703
878 444
427 920
860 420
348 489
387 915
364 576
838 98
228 348
530 901
61 443
97 255
776 686
955 276
394 674
615 171
922 337
262 141
976 725
869 618
30 490
377 633
732 209
976 534
125 59
346 4
871 161
829 69
323 970
114 988
616 404
585 996
974 616
404 162
908 332
508 225
937 522
718 282
268 924
770 761
930 72
391 355
678 638
948 528
226 33
740 255
896 508
431 98
238 21
127 275
163 515
956 133
821 57
793 781
327 871
473 488
739 108
610 137
752 947
329 641
191 597
423 52
519 990
122 346
835 371
566 758
372 206
582 658
939 338
96 98
572 119
455 206
938 722
999 647
976 19
206 901
370 8
178 428
609 992
925 230
941 42
903 141
386 109
967 924
204 534
818 178
743 843
806 910
614 858
269 51
357 798
911 543
949 522
555 277
475 329
339 659
422 37
65 623
634 308
473 598
153 863
86 163
739 233
154 644
538 215
973 350
458 319
526 60
880 903
433 200
882 214
176 476
806 382
707 675
914 434
142 237
377 40
666 149
368 357
509 677
357 618
324 727
453 991
246 312
507 39
524 644
779 941
132 262
646 814
52 786
589 92
937 532
608 185
926 729
328 517
171 492
192 757
24 431
194 489
961 397
784 918
969 513
193 979
468 963
463 903
194 466
193 936
941 918
196 53
80 518
56 817
428 612
452 274
162 853
357 876
371 936
7 883
367 575
883 231
51 952
201 907
453 269
842 180
686 952
678 868
647 803
943 68
629 994
762 179
447 520
205 678
30 604
401 826
198 606
629 557
337 888
213 451
602 929
180 181
316 245
224 634
553 745
391 909
865 337
763 433
254 856
964 212
949 477
111 683
84 661
243 452
452 943
180 154
569 606
270 97
140 977
506 791
158 728
575 2
505 830
39 183
239 126
297 740
234 367
42 329
759 949
99 786
13 441
447 352
312 764
483 359
256 776
589 982
228 718
922 584
185 322
271 957
703 121
104 556
769 886
713 453
183 564
681 196
895 73
534 744
823 419
753 11
906 558
258 896
546 108
405 21
644 436
700 630
549 488
598 698
532 13
375 865
530 522
489 536
516 580
547 4
20 355
140 379
943 470
417 735
182 1
822 528
611 493
70 595
345 652
774 154
894 72
907 831
631 209
674 476
473 205
181 981
181 867
936 886
183 492
467 269
463 270
705 557
731 418
463 462
977 420
239 332
338 540
111 393
781 926
622 14
942 776
334 805
817 858
147 801
246 875
64 307
797 554
930 698
365 680
271 417
484 864
413 53
570 67
731 1000
578 674
988 714
504 480
679 430
256 34
817 129
175 568
915 563
958 4
439 46
909 224
782 126
785 919
405 779
233 665
696 390
846 228
207 184
793 594
192 881
968 713
975 885
117 527
427 327
408 965
372 165
349 272
726 470
997 362
987 3
498 786
871 116
70 197
117 197
811 65
665 873
207 960
18 706
282 154
473 569
218 652
966 926
984 835
679 387
257 944
756 370
319 666
321 774
747 357
418 502
201 840
5 854
517 14
486 431
25 606
14 466
436 577
346 199
993 660
83 992
890 657
653 360
692 301
269 667
489 937
68 313
887 805
970 892
256 306
521 743
269 271
898 589
820 428
260 284
338 656
361 188
392 597
850 490
819 311
998 631
633 764
998 181
566 841
907 650
534 941
895 195
352 496
175 714
272 948
954 829
470 346
19 316
474 523
409 476
47 946
971 683
385 964
302 326
976 548
1000 846
148 662
341 525
5 564
351 618
703 158
376 502
785 191
621 475
614 430
963 907
902 976
120 97
928 938
13 690
498 459
683 901
654 632
608 193
565 933
305 660
193 246
435 432
972 464
681 582
319 797
81 982
711 984
924 835
729 680
586 662
521 625
350 715
857 93
802 697
847 757
963 179
221 497
329 827
309 177
317 25
262 558
292 527
423 373
252 681
799 877
268 817
632 589
571 627
174 505
989 976
981 543
591 911
886 75
173 539
311 887
10 911
383 74
8 108
156 271
390 896
474 272
311 821
559 857
528 315
215 14
413 519
468 20
403 868
587 432
934 765
32 783
380 103
591 319
797 59
335 891
418 45
158 900
99 50
786 660
466 621
550 322
11 763
696 327
492 82
994 154
816 733
3 674
199 134
360 926
322 846
780 768
307 813
322 86
282 620
434 658
519 288
146 821
788 259
577 189
60 225
842 523
526 917
848 679
435 513
404 457
439 517
864 211
668 499
751 504
572 858
99 328
209 186
637 145
24 566
979 700
700 3
611 612
316 461
6 452
225 261
946 362
874 54
496 193
695 867
590 11
13 45
258 316
612 582
807 759
669 588
555 137
761 46
199 167
763 798
327 325
956 156
636 450
377 323
696 417
48 9
408 321
927 811
563 228
897 448
528 914
658 886
70 131
5 532
437 471
688 734
265 666
952 123
74 276
268 651
189 560
72 376
590 676
966 558
51 366
564 147
331 52
455 962
720 791
657 954
936 851
163 735
233 919
935 302
789 873
697 541
851 892
820 533
911 309
106 628
200 799
16 964
878 661
984 776
807 539
290 947
407 95
218 326
963 242
604 783
85 795
551 186
953 411
117 811
222 951
930 309
429 718
479 750
676 95
462 913
414 812
106 987
91 485
229 565
637 393
698 956
988 379
85 897
663 846
954 218
564 217
104 511
36 388
349 118
896 428
443 753
996 206
797 533
945 971
954 114
179 783
707 988
609 34
186 65
907 993
812 665
968 296
53 746
418 595
849 497
259 680
243 383
306 271
94 154
685 831
640 995
802 556
913 919
507 996
472 210
78 953
478 886
411 250
769 259
635 750
314 955
766 174
850 100
864 842
135 437
777 970
835 97
90 264
616 573
128 576
959 166
513 433
840 594
445 862
73 727
67 153
88 799
825 598
940 110
463 659
464 616
91 267
921 99
126 701
313 449
505 884
732 361
223 348
794 95
461 596
585 270
227 472
579 284
851 790
464 570
227 646
754 373
18 266
485 941
576 417
748 596
762 730
21 898
939 632
798 127
576 724
199 133
351 886
766 238
65 239
169 822
662 103
61 78
604 695
725 501
595 725
730 937
476 728
630 165
96 662
540 707
15 877
782 169
426 400
767 501
410 368
52 897
652 128
380 644
785 569
230 162
690 183
371 88
805 599
323 433
905 60
661 925
687 936
941 728
286 769
257 965
326 386
830 326
982 335
61 233
190 848
267 849
272 586
585 204
148 597
265 684
72 20
185 600
568 724
23 377
926 572
68 285
531 140
572 94
985 486
611 967
59 764
995 64
895 569
301 822
831 924
469 515
24 507
722 380
879 552
481 528
885 62
168 937
736 45
778 628
605 346
294 584
271 437
465 541
730 192
934 768
29 778
965 84
380 92
673 644
245 549
200 595
501 946
542 42
315 870
326 847
119 357
942 197
769 858
274 933
236 44
246 108
781 664
507 573
287 868
333 161
895 458
825 801
602 645
936 978
732 934
817 765
244 504
942 547
956 870
328 176
638 68
134 668
847 379
770 445
248 125
149 736
945 471
126 921
614 570
169 957
791 603
341 357
513 731
710 201
787 309
104 143
237 41
967 560
883 149
666 484
530 809
69 909
531 450
835 666
280 100
217 131
79 1000
119 328
375 992
735 282
283 834
119 78
742 900
670 722
749 648
697 396
428 96
102 282
814 385
621 405
807 698
354 759
519 440
393 818
580 16
993 118
297 801
184 24
177 17
322 441
9 329
696 316
494 934
310 809
958 37
941 350
212 26
75 586
118 63
395 685
18 325
467 535
534 224
574 968
465 513
894 679
222 359
573 701
53 449
471 432
665 37
50 385
157 154
818 244
1 323
181 202
33 600
429 716
347 60
478 236
379 781
54 40
529 698
924 606
393 42
902 796
417 890
462 973
19 896
335 706
876 105
729 694
60 813
995 412
123 445
610 566
374 607
79 856
383 453
823 953
649 395
209 522
680 64
850 549
95 388
271 356
939 846
632 669
514 453
691 838
471 153
299 647
73 247
493 262
529 492
709 255
812 561
947 672
354 897
792 393
349 789
63 966
151 932
52 289
251 822
841 839
530 163
202 906
939 795
142 224
802 834
296 842
704 750
394 909
840 194
39 595
854 971
108 358
92 384
589 530
44 322
793 964
105 374
974 472
450 541
966 370
6 309
529 700
996 561
10 397
295 295
618 806
248 558
834 155
229 926
91 34
589 111
826 372
132 103
418 540
94 890
714 108
238 63
768 662
943 657
552 14
848 883
167 330
969 693
335 978
875 801
456 636
588 662
535 989
831 265
814 110
260 941
598 515
798 19
325 202
856 62
304 455
70 545
889 3
640 24
622 600
459 252
549 914
664 430
332 667
949 376
153 929
596 187
776 668
840 239
243 139
429 329
553 621
828 287
271 792
821 40
909 883
774 501
593 868
536 631
264 166
336 991
863 790
805 741
548 206
839 365
121 89
814 840
469 821
37 711
363 749
29 539
473 170
88 878
575 188
563 944
815 626
283 699
894 239
205 75
326 117
590 602
912 7
128 611
259 894
107 838
440 137
78 554
411 971
294 630
262 930
573 149
601 879
792 446
563 781
397 217
600 176
65 550
35 499
254 46
298 214
391 387
805 67
688 648
626 848
967 65
618 308
775 30
765 119
669 756
877 833
91 830
151 773
52 511
453 120
212 593
291 708
257 520
865 688
54 387
32 561
667 216
957 334
722 401
217 727
687 676
907 848
887 722
582 19
787 422
934 559
97 582
867 852
971 411
653 567
819 880
919 649
83 340
85 16
778 949
985 282
685 519
12 354
692 635
599 510
719 123
955 667
490 754
395 673
270 511
174 489
804 173
458 12
64 153
545 697
429 359
574 92
802 47
981 86
112 511
703 515
831 313
580 50
964 483
718 423
860 147
43 358
590 215
276 535
18 798
601 697
935 333
836 257
661 109
358 868
216 475
814 188
973 640
872 923
492 512
751 922
764 443
91 244
342 813
872 996
874 46
994 297
749 509
413 132
847 428
590 28
223 438
625 334
921 683
325 760
133 341
361 973
998 364
696 380
320 583
784 451
36 46
660 381
332 450
841 476
490 542
883 421
506 4
604 572
233 479
702 393
790 133
848 533
904 5
610 514
360 389
279 414
997 587
176 346
261 814
12 897
843 465
9 893
843 562
192 644
916 472
187 345
722 172
782 2
47 357
1 832
637 665
316 285
174 498
248 884
256 219
670 773
478 877
599 508
988 29
997 612
336 499
895 224
137 50
187 804
629 466
231 102
845 206
344 541
619 867
923 96
934 452
59 411
517 859
306 446
673 176
898 433
2 124
959 75
755 549
560 848
953 679
909 681
471 542
391 20
956 275
878 805
232 838
144 16
812 267
45 915
481 352
754 336
254 763
6 121
924 719
313 965
295 882
861 869
843 941
433 743
365 199
101 423
109 107
932 190
80 156
228 455
900 527
139 344
897 125
343 670
510 872
588 298
580 921
713 14
578 178
828 928
155 349
915 658
807 861
126 244
421 604
553 213
666 85
981 689
56 985
539 22
560 987
768 71
268 105
710 7
517 600
998 949
203 643
298 370
774 389
205 578
496 352
527 779
541 453
998 875
479 763
606 860
4 176
292 420
989 8
717 709
678 176
487 79
250 398
158 98
683 821
806 704
774 374
346 643
76 681
925 949
907 209
874 45
362 963
79 96
331 604
241 316
499 549
38 702
892 965
264 534
111 159
490 869
267 316
466 32
466 754
328 120
288 162
475 59
732 661
703 388
99 259
53 518
999 49
648 609
855 21
276 66
378 277
750 953
877 423
724 552
823 722
215 851
541 18
755 4
25 767
131 182
786 986
939 584
50 980
717 472
550 108
492 874
406 712
417 828
168 438
330 501
171 2
1000 630
156 865
260 106
315 931
330 112
580 712
15 557
749 568
988 258
399 631
460 793
746 873
731 725
641 909
231 460
239 6
162 728
780 466
186 105
506 11
219 463
15 9
524 834
449 552
307 376
918 437
613 651
928 676
986 933
452 852
70 359
276 917
28 905
56 477
568 669
167 280
723 445
262 180
555 242
766 950
177 513
921 650
483 868
513 145
845 659
631 743
696 724
538 602
844 898
798 791
71 10
764 934
187 601
31 550
912 176
620 682
261 421
851 6
480 520
477 547
306 311
870 964
458 445
763 175
857 841
610 206
595 508
528 836
369 331
999 726
605 585
662 230
93 427
66 717
888 106
125 474
104 625
702 793
638 350
552 78
170 975
849 551
238 46
324 261
140 242
490 936
614 504
795 21
161 276
194 582
860 758
233 722
127 199
83 580
438 932
624 624
614 91
392 1
732 331
393 83
850 582
469 195
413 416
925 456
903 687
329 189
48 257
372 211
324 675
490 107
366 601
357 687
979 589
275 704
191 553
104 936
809 128
204 165
644 455
283 473
269 388
74 810
702 869
636 927
350 644
129 451
519 858
711 524
753 845
456 403
746 994
586 444
562 254
245 947
510 735
679 34
915 843
555 665
242 270
803 880
485 657
963 665
510 962
640 27
925 162
850 703
263 850
199 355
571 961
252 602
263 988
50 108
239 443
281 792
477 152
619 280
270 651
103 709
12 845
775 251
71 661
976 3
729 870
721 589
649 239
510 585
585 434
412 457
81 709
743 390
251 999
90 145
34 329
7 803
420 799
358 423
398 909
589 188
11 984
847 940
229 258
648 462
319 501
119 827
734 943
764 383
39 303
966 403
65 322
665 324
350 377
887 170
630 951
120 684
946 499
133 273
519 118
451 241
178 796
93 522
995 146
434 276
470 331
313 192
235 150
751 263
487 371
715 427
888 35
619 87
133 515
967 627
62 462
744 512
286 253
606 485
818 964
200 88
811 440
786 169
584 894
902 244
1 806
359 776
856 725
598 588
894 917
963 696
572 590
941 152
527 753
228 268
916 304
381 284
680 781
85 896
227 159
358 996
514 274
251 419
580 775
287 652
30 192
884 729
433 363
447 527
583 676
488 350
545 632
658 170
625 971
199 433
345 515
7 934
836 887
389 547
391 795
41 545
217 35
339 199
186 621
413 44
300 895
521 193
256 84
644 739
4 180
427 991
641 733
332 743
715 192
579 770
339 604
180 190
497 857
207 541
279 411
47 800
862 338
501 634
590 910
836 337
825 200
358 56
342 952
638 33
189 188
257 167
123 647
801 869
565 344
580 360
892 448
535 997
819 556
848 735
524 555
779 197
853 78
812 482
204 760
926 220
730 795
397 142
520 926
129 423
437 490
47 655
402 376
620 997
857 124
582 998
189 967
489 249
160 501
202 417
37 816
403 787
687 149
884 887
6 654
869 366
942 245
76 959
508 798
881 9
968 652
814 653
909 718
806 192
104 206
341 613
380 964
753 368
733 18
361 189
912 282
245 397
97 762
120 774
662 574
93 908
30 65
946 169
941 458
285 282
268 433
946 731
131 161
70 868
394 769
346 8
224 902
226 300
74 256
504 82
273 580
529 872
323 485
489 176
97 233
597 602
602 325
69 480
998 105
339 440
699 434
220 85
233 302
417 672
625 16
298 780
591 741
940 703
303 296
180 29
71 673
234 57
467 506
302 74
291 960
401 300
923 817
829 549
575 59
214 351
471 286
714 737
790 285
200 814
520 238
63 178
764 50
435 774
968 143
504 261
148 316
138 872
416 615
688 62
46 432
880 746
276 639
663 227
431 267
314 257
735 141
69 5
258 228
539 533
565 415
896 654
701 278
100 344
69 633
969 201
144 456
351 697
282 347
108 560
343 149
57 966
149 1000
227 700
759 793
951 538
376 141
256 665
792 613
935 79
317 37
963 542
619 633
546 362
513 391
942 134
679 924
162 907
404 560
557 490
296 463
40 875
517 113
613 133
890 412
435 956
708 152
334 174
383 993
414 779
298 623
475 167
685 48
609 222
688 481
542 96
197 244
277 494
77 239
174 988
546 276
59 141
477 173
356 314
784 409
831 440
176 328
927 396
921 176
988 339
306 582
46 184
92 992
929 217
644 651
214 489
455 540
422 72
410 680
429 838
488 488
169 87
174 773
601 271
560 876
943 402
382 922
741 444
971 740
434 769
948 729
204 573
191 484
567 476
886 117
746 218
715 302
563 120
495 865
977 458
323 444
783 96
55 802
284 516
698 910
252 820
272 653
441 90
433 692
691 429
60 960
932 976
793 746
112 766
246 745
114 422
71 792
737 890
166 218
44 932
471 415
755 921
107 722
583 129
100 332
719 10
990 291
83 178
785 526
845 216
708 400
835 310
595 176
33 447
944 861
822 933
809 502
789 132
704 532
726 492
335 915
544 160
863 284
544 713
777 335
751 556
590 82
14 228
822 618
980 571
878 142
434 808
215 812
446 356
641 671
766 709
113 25
26 621
931 597
212 1000
504 590
691 271
357 371
938 800
751 167
999 150
67 498
346 159
407 807
404 750
409 62
433 886
463 317
307 550
83 11
703 401
157 571
973 544
204 14
545 820
765 751
487 540
715 709
589 477
721 224
10 105
795 750
7 897
569 113
767 771
963 10
235 860
367 438
531 267
231 983
276 499
253 82
576 748
800 50
270 738
970 630
654 289
513 434
25 503
190 66
315 143
725 700
664 468
492 990
224 191
312 523
683 22
936 966
799 282
148 268
892 769
234 865
295 533
319 266
965 58
435 913
228 70
367 818
147 403
651 698
313 852
88 623
540 53
185 934
802 609
400 723
720 274
938 361
175 573
524 539
163 247
172 855
106 851
649 201
283 148
374 744
182 966
986 304
71 141
555 636
614 154
987 419
130 678
259 117
892 715
390 589
513 746
171 791
412 880
509 449
218 106
200 185
497 126
634 570
289 423
25 218
801 509
798 297
7 72
557 405
16 837
463 649
292 490
541 989
602 504
494 437
640 373
757 465
29 654
810 671
759 634
192 990
376 941
825 223
701 429
980 632
326 78
512 146
452 464
255 689
465 294
548 551
563 347
546 270
589 644
690 25
306 165
469 903
131 837
589 64
324 750
829 276
442 793
977 360
70 410
557 367
42 727
192 311
210 381
834 167
779 466
147 521
286 530
229 152
863 82
604 957
571 443
869 93
5 370
179 709
83 96
92 806
497 959
665 201
563 922
373 585
266 939
589 290
853 14
637 946
157 719
101 696
703 723
248 82
19 605
728 396
224 339
225 243
48 912
914 198
254 603
853 241
854 821
105 261
339 299
120 912
713 215
730 963
304 166
372 289
966 271
759 694
141 978
616 820
146 255
499 254
952 597
616 851
689 468
120 536
476 417
62 880
995 62
957 140
453 983
330 866
729 884
616 405
230 807
82 608
533 645
995 381
898 908
827 760
244 297
426 621
334 275
414 556
201 605
291 829
552 610
848 722
56 282
952 907
25 513
658 94
839 588
738 246
393 507
739 632
916 37
153 593
546 211
563 926
731 352
890 800
644 379
955 759
547 837
252 352
725 269
972 941
54 865
408 967
265 144
978 250
3 796
422 767
930 188
839 299
18 285
774 230
744 825
964 350
865 217
93 3
607 496
876 977
909 646
61 951
529 554
389 114
798 102
365 757
264 221
224 420
635 363
71 336
140 857
432 801
624 742
209 84
407 402
381 677
197 192
918 890
231 566
195 855
301 851
939 272
706 690
771 437
261 595
4 987
771 34
591 427
706 919
511 437
871 882
247 237
692 448
874 765
401 169
806 446
283 566
411 277
484 362
272 734
713 206
66 409
221 103
392 293
395 477
356 555
999 383
655 92
744 229
531 276
151 307
770 188
352 971
368 632
28 706
338 568
554 861
129 490
288 125
383 61
88 881
31 167
870 529
362 771
18 535
430 721
726 974
337 83
82 448
710 141
263 782
510 623
521 955
394 214
135 781
594 796
193 333
496 974
345 141
35 738
100 687
747 794
487 247
59 496
894 118
287 747
171 34
731 465
473 485
637 654
17 199
312 825
280 324
209 907
350 111
64 632
338 240
892 582
37 490
803 348
869 583
860 164
740 934
931 428
621 682
524 361
785 490
90 297
194 284
160 312
714 926
101 405
49 497
437 998
164 429
468 482
757 172
726 518
902 34
605 674
657 294
732 475
638 171
219 303
357 912
726 650
874 196
172 979
382 434
23 690
844 53
883 118
450 185
871 940
192 196
491 66
684 739
349 154
41 74
478 497
63 196
509 651
406 887
943 203
121 527
919 531
751 918
479 618
834 605
322 980
327 241
254 270
718 152
122 879
342 380
404 623
688 151
8 385
862 114
984 960
10 120
994 8
602 515
402 687
924 521
957 827
428 492
543 223
76 662
689 149
223 35
949 333
902 874
182 818
62 386
496 123
263 470
542 197
998 336
181 353
438 716
484 489
970 960
463 542
373 411
23 92
831 541
682 899
545 707
202 19
489 464
318 646
870 791
583 434
727 113
80 559
465 614
733 633
301 170
998 927
928 385
448 472
753 827
795 107
158 211
34 490
194 835
901 603
687 29
57 843
7 697
668 301
563 731
422 582
702 466
693 870
552 760
63 564
849 766
133 474
425 797
299 764
411 411
281 757
842 343
488 724
305 580
974 861
100 139
657 630
294 281
473 90
726 872
805 49
862 8
44 551
958 306
902 1
996 104
457 193
821 722
639 878
33 413
199 418
348 576
512 639
400 302
443 990
381 952
789 806
554 833
435 817
45 598
352 876
302 644
151 384
209 988
940 803
213 346
58 221
736 807
854 325
453 155
443 880
323 325
721 521
997 195
967 834
114 456
681 129
43 264
578 538
697 529
764 662
100 54
767 837
341 998
646 36
268 706
734 792
931 884
293 812
681 656
328 632
450 140
910 653
715 359
696 861
155 943
729 251
8 777
972 723
984 139
283 206
848 572
445 559
155 107
83 218
973 386
860 27
418 985
329 987
184 850
128 755
635 429
557 862
697 766
871 222
21 467
919 584
48 386
588 52
24 704
430 537
596 3
842 148
103 28
5 838
906 139
865 83
110 151
892 27
17 894
712 877
249 581
700 774
998 776
188 295
502 121
833 803
861 315
729 849
573 108
284 91
554 395
249 125
944 700
392 525
776 131
677 265
856 534
279 987
50 998
411 896
234 588
495 436
218 317
992 210
170 277
465 813
520 173
528 936
855 25
372 656
399 231
29 706
393 307
474 923
956 462
327 269
633 173
585 304
338 867
461 304
121 414
183 856
301 346
452 84
271 669
618 752
478 372
79 751
487 883
54 482
639 586
512 568
631 724
900 35
400 303
447 257
433 192
355 340
915 697
13 164
54 649
222 811
993 431
878 28
560 691
490 924
52 856
610 605
578 648
443 26
21 159
324 198
498 112
145 373
781 399
374 125
105 246
816 293
83 76
997 178
594 515
214 318
754 20
694 775
645 468
486 232
289 121
931 29
73 734
977 605
590 709
816 947
861 574
418 267
127 28
102 909
444 120
992 852
775 703
40 34
805 380
792 180
316 922
216 57
76 761
724 20
306 810
317 941
77 375
862 662
138 424
439 733
613 654
598 488
963 531
878 102
821 334
730 19
434 528
21 641
529 879
590 778
263 722
161 797
50 608
86 499
170 403
537 886
897 369
394 232
646 416
386 267
135 911
483 589
247 503
538 65
474 212
902 232
753 739
33 186
588 549
432 835
755 531
565 405
9 330
947 12
701 214
14 61
641 248
626 993
224 383
556 979
512 696
282 950
246 506
263 5
955 654
51 38
747 941
543 812
318 379
920 899
261 136
62 128
838 699
532 880
882 148
445 445
667 853
745 922
18 461
77 779
441 22
597 922
327 473
377 465
873 198
831 477
403 557
188 608
893 625
426 624
322 469
991 554
108 605
850 22
618 938
135 688
206 415
982 425
170 82
687 254
643 549
999 602
691 187
442 409
424 428
546 683
660 543
926 948
260 41
899 64
395 287
983 607
187 953
509 649
547 272
66 984
731 458
903 762
361 72
12 422
495 630
259 246
830 552
132 737
363 164
964 320
337 456
624 989
761 367
775 906
685 703
661 785
404 781
510 675
68 696
973 435
508 585
354 267
35 701
612 220
667 159
18 95
937 453
252 260
705 643
676 109
253 878
732 310
157 226
898 359
279 27
870 667
846 446
112 593
890 733
369 97
787 372
446 20
889 651
167 929
858 38
714 720
776 442
882 347
951 209
323 829
71 510
139 683
951 807
275 632
445 765
125 707
942 740
237 38
523 424
971 831
159 59
881 796
571 593
335 484
268 901
302 932
690 973
375 975
40 639
377 679
851 403
779 502
291 490
990 678
103 616
83 115
207 657
855 393
691 97
609 819
156 152
915 52
107 368
723 417
728 158
234 471
920 164
359 455
227 863
432 747
719 307
361 583
74 981
812 320
465 533
639 634
56 677
184 205
492 559
730 982
252 726
673 495
362 448
16 725
506 125
897 446
161 992
382 271
602 81
595 203
434 830
7 678
333 928
885 383
364 402
213 666
445 541
330 673
775 173
561 358
819 195
162 118
637 385
622 65
997 429
301 56
526 881
236 709
871 994
223 127
653 296
490 963
990 100
592 512
266 155
8 299
369 222
950 546
600 951
229 181
210 968
7 796
809 82
942 346
110 870
570 632
586 884
370 978
651 450
16 642
572 972
413 686
515 357
283 511
92 540
963 740
792 243
133 342
406 397
896 566
585 17
517 681
814 842
135 442
189 166
31 92
25 54
25 448
64 384
708 554
949 277
698 600
77 420
700 252
959 398
537 850
461 252
106 481
716 301
24 851
217 2
897 604
628 530
117 637
310 663
727 698
661 158
753 564
393 804
969 722
6 847
706 553
483 966
160 731
55 162
870 649
991 860
772 880
679 934
482 397
260 561
208 797
175 657
931 65
657 194
48 63
407 254
156 708
560 816
218 847
913 771
18 477
846 212
787 118
853 581
440 938
58 399
989 95
894 492
462 424
661 598
183 201
92 294
808 845
948 153
398 738
749 286
702 280
195 355
773 171
648 67
751 189
229 519
889 928
195 825
661 979
636 881
434 285
241 826
622 878
205 840
352 241
205 92
873 108
31 359
172 150
836 371
690 194
101 794
98 604
699 252
504 284
436 920
518 721
71 999
751 337
25 198
677 515
933 244
804 915
279 504
791 739
451 401
32 41
273 103
917 697
648 522
448 925
147 333
687 923
714 216
549 286
753 899
722 877
176 631
680 335
978 57
681 953
915 876
726 294
941 862
973 694
773 688
434 976
491 120
892 168
983 929
954 965
860 110
431 329
959 665
464 386
706 29
414 495
274 661
372 152
849 847
612 435
697 478
14 631
813 39
208 597
390 691
963 69
102 785
294 424
679 275
574 931
795 693
944 990
96 749
817 115
212 139
632 381
83 1
126 458
444 677
249 552
228 676
442 651
775 327
272 861
308 672
620 432
994 768
735 59
188 495
221 223
579 543
964 905
870 459
546 83
179 807
138 439
48 881
752 566
195 179
839 710
188 560
904 641
260 706
767 800
727 700
678 493
940 601
186 922
624 454
351 231
863 380
837 588
956 449
266 294
406 461
886 14
121 941
98 670
614 353
787 931
738 726
51 732
339 231
750 675
244 595
788 767
742 225
444 700
9 735
343 355
461 473
415 488
852 194
975 575
436 188
710 205
822 246
42 763
892 463
258 128
82 876
601 418
283 325
844 458
503 268
718 37
181 134
230 920
933 575
231 491
580 367
74 316
540 351
779 251
901 382
729 478
43 738
331 353
796 428
39 859
630 907
494 179
347 425
582 386
966 624
928 603
641 697
169 515
692 202
123 130
601 618
446 152
535 761
819 315
406 812
102 873
505 756
213 909
260 447
928 498
582 500
809 525
698 504
472 165
735 433
843 226
143 953
35 297
335 424
142 864
708 764
702 449
495 611
706 986
972 352
608 627
694 903
473 371
33 225
455 295
278 381
935 674
682 401
195 398
845 603
635 760
564 537
408 822
1 608
212 907
200 616
929 658
673 722
535 162
757 817
779 165
953 441
177 96
648 503
17 353
88 930
377 834
811 73
361 380
191 853
986 184
260 589
933 650
21 783
913 76
806 289
146 230
109 694
309 769
551 240
233 336
334 446
941 705
785 463
956 820
594 711
279 542
943 174
764 598
262 656
13 17
555 807
633 158
515 579
230 205
793 357
746 558
283 828
295 368
581 986
647 999
60 586
83 719
682 3
111 12
317 14
610 572
348 525
318 130
737 183
383 784
865 509
3 863
628 987
942 938
934 978
985 7
645 630
671 54
344 997
342 232
981 629
822 789
252 732
659 749
319 425
278 273
978 195
965 243
538 828
367 126
136 746
179 87
197 590
542 282
196 838
826 564
20 166
318 204
462 402
480 872
203 97
223 517
895 843
496 277
866 750
622 946
437 750
854 120
195 247
382 447
842 355
148 820
417 695
151 589
5 897
607 397
964 815
846 698
586 280
925 558
803 737
936 531
40 561
562 939
308 650
315 325
611 792
421 783
323 969
397 597
284 85
607 629
496 755
882 261
454 815
845 824
277 788
154 688
212 912
641 75
170 679
387 584
781 296
376 724
606 676
4 667
466 323
374 692
502 925
998 939
337 461
542 224
872 124
764 990
58 609
423 732
152 773
845 89
704 839
973 47
306 46
440 272
398 635
343 623
405 447
506 966
717 548
408 816
194 742
863 487
941 963
337 868
729 976
646 300
873 210
89 467
575 281
914 798
629 438
266 144
736 902
688 456
366 8
561 574
865 575
203 603
723 882
292 496
361 857
530 804
716 46
526 505
441 238
627 286
691 936
193 35
795 830
910 27
743 41
492 447
263 323
911 475
857 212
506 491
998 468
241 998
93 990
739 689
966 947
478 370
264 42
956 89
678 832
526 222
223 459
165 711
180 323
951 803
858 977
83 979
174 261
86 903
96 496
296 261
8 574
141 707
165 662
489 351
400 349
263 55
324 538
904 600
727 763
715 828
377 981
212 525
162 783
567 120
810 787
295 825
626 305
839 943
231 400
426 1000
850 759
784 480
433 796
471 791
218 379
832 332
11 567
590 613
787 42
762 343
391 868
996 352
756 885
235 536
131 823
18 873
541 257
286 975
421 376
724 791
191 500
85 509
765 558
313 354
32 908
980 337
617 678
630 349
198 523
661 401
732 309
298 195
274 61
731 898
820 61
64 29
246 675
356 587
563 844
661 88
797 520
686 368
241 816
58 274
129 538
690 954
682 688
570 608
169 849
288 777
903 299
990 930
154 426
333 145
123 267
320 549
706 946
802 670
327 80
959 541
226 163
407 242
433 949
324 642
459 786
906 730
162 214
318 783
573 7
52 580
143 774
842 979
877 705
37 705
149 698
303 74
23 376
809 901
97 761
755 961
510 306
556 267
334 545
745 46
978 658
301 504
92 386
205 260
12 54
994 992
39 819
723 761
831 143
508 753
766 663
694 224
457 342
516 881
103 544
920 287
611 260
135 950
522 25
305 761
294 880
24 926
22 678
884 924
802 79
429 732
243 299
263 33
419 328
23 484
959 463
195 662
877 332
717 433
830 408
375 526
579 167
146 612
214 310
953 660
309 426
122 973
218 841
103 117
18 30
168 351
250 938
236 219
39 850
349 999
417 227
312 634
729 51
774 901
969 712
12 229
912 575
157 855
950 364
277 670
366 25
605 50
761 947
812 233
608 549
194 808
7 493
404 528
774 547
48 288
907 687
102 646
753 373
966 18
914 504
819 14
412 105
27 393
792 184
162 281
890 551
378 746
28 794
409 312
964 651
885 359
798 131
79 140
823 124
145 225
241 694
940 533
526 987
289 380
904 325
874 563
690 284
197 622
593 105
82 881
841 116
916 347
391 21
321 12
110 33
77 843
241 225
61 452
139 909
199 259
878 343
928 957
798 291
803 925
971 968
366 677
754 151
904 824
401 406
5 749
672 432
921 81
130 544
525 767
824 902
765 71
125 169
737 596
3 643
926 849
788 832
349 661
204 363
62 802
421 798
123 438
513 366
8 7
350 156
194 854
319 314
45 678
343 515
977 680
38 648
482 984
604 394
661 664
941 727
320 35
74 913
801 399
839 321
29 865
318 369
525 551
391 303
91 483
651 713
786 191
843 442
656 564
916 664
526 158
655 494
529 968
947 632
141 848
21 71
490 579
58 430
251 427
916 532
889 889
322 723
264 482
560 158
317 890
757 758
42 760
747 676
55 580
855 89
337 589
242 552
411 807
51 482
995 158
490 476
710 20
972 896
720 793
186 381
830 866
434 490
888 553
897 364
232 64
293 921
112 754
64 468
42 92
301 932
449 178
152 321
967 677
603 346
537 297
346 194
898 488
811 815
664 752
814 426
887 341
927 665
685 859
791 419
968 512
566 687
521 168
975 123
205 48
948 551
928 556
816 451
529 378
576 350
749 499
669 507
99 645
122 671
103 142
913 489
68 684
621 317
690 515
832 821
522 175
999 687
522 752
111 532
356 617
518 448
381 935
328 931
686 713
134 316
513 144
562 753
305 362
442 267
384 634
416 755
110 587
938 842
345 210
34 639
613 954
204 313
786 749
601 556
513 400
936 72
139 191
102 181
370 252
343 940
624 401
121 151
394 742
942 681
922 39
502 918
467 302
367 345
263 789
500 655
866 649
874 435
584 455
733 532
918 221
149 644
251 235
230 827
257 805
882 762
584 391
295 747
226 122
320 830
464 683
912 777
354 135
995 949
70 843
42 311
94 907
333 429
348 283
908 245
708 530
817 490
192 724
48 617
371 804
400 925
550 388
489 814
118 873
63 500
210 131
831 762
926 300
607 538
228 375
561 911
456 880
565 454
192 872
61 167
735 788
59 654
143 266
165 313
835 272
591 729
945 646
611 965
435 725
533 479
295 417
105 914
330 904
474 346
856 50
692 477
561 495
379 979
618 798
673 336
469 592
110 942
957 62
933 521
906 214
545 878
654 715
384 846
256 338
699 432
169 927
436 931
463 580
794 945
178 396
742 421
272 25
126 632
135 971
587 44
766 443
518 747
401 199
839 532
207 755
651 356
851 254
316 897
997 952
868 723
567 581
217 527
523 263
827 362
93 383
366 297
423 339
409 606
804 409
834 976
852 523
416 227
235 319
865 25
667 477
345 273
993 652
712 504
886 416
357 761
744 193
589 600
311 129
951 507
110 951
7 207
154 8
536 974
559 539
982 708
210 796
514 532
141 886
206 539
219 927
906 932
732 562
192 324
440 593
460 86
474 869
243 943
663 679
275 866
839 87
843 1000
875 322
929 431
197 684
945 540
364 625
296 756
536 26
701 779
149 566
889 810
610 219
522 60
165 523
356 871
530 482
394 842
834 228
328 835
877 390
669 562
468 642
671 924
690 665
559 267
177 797
277 297
601 792
593 540
904 864
745 713
222 218
42 136
970 580
286 483
744 667
854 966
816 380
241 46
492 618
86 225
698 276
889 45
436 462
42 595
541 464
459 50
239 176
196 808
434 784
886 115
446 723
549 106
659 95
531 985
192 886
200 190
818 277
119 217
753 911
783 622
120 151
479 711
550 871
908 219
173 635
204 462
851 826
164 440
641 814
144 314
400 724
833 303
491 430
546 739
797 892
1000 198
874 951
977 514
83 595
780 128
979 848
206 988
910 123
740 700
908 772
775 793
257 18
731 40
816 328
841 756
116 964
536 253
533 618
375 10
283 218
944 315
212 271
396 572
594 775
201 58
251 425
157 5
120 942
482 30
273 694
339 667
882 740
203 369
769 826
361 496
515 210
281 232
730 593
195 750
884 57
478 559
7 951
