489108
488729
665874
889134
460580
666231
443972
460370
429882
666282
460071
509806
665795
460633
509693
496639
510017
460210
460540
460727
460272
450918
85339
460268
489312
459878
199679
675233
460362
525732
509417
665462
509701
460616
211045
573104
460203
460666
460288
460300
917730
426006
525510
460007
460328
148180
18246
460763
460536
459971
526076
426465
460139
459875
546290
145049
697078
525634
128724
460662
459925
460305
245537
460231
425872
525543
859874
85613
460596
667916
459873
210909
796751
907364
496161
509367
489279
113809
460118
550585
460564
488886
459924
4178
460631
460402
489110
460548
460249
460756
460761
546112
496382
500558
459842
479808
460708
184503
426042
18719
834907
460737
460127
460640
483688
269835
779540
460539
460490
425573
459913
496761
460473
646698
545081
460685
460675
459870
460439
703972
459818
460518
526188
459935
460741
460070
101128
459908
220597
18938
459839
509482
843338
460390
459957
689580
459837
460080
526440
460270
460643
525673
669167
541291
601451
459824
635305
460496
392496
546254
510117
665918
459991
631973
460025
460283
460133
459967
307648
496920
496601
460679
460220
509362
833921
460417
666339
579768
18626
460520
459916
460528
514286
609326
460119
460169
496816
460732
460010
460716
369188
331168
460619
85384
127463
460437
460225
459969
509808
460195
211039
460224
567166
460178
460702
459938
210640
525799
525721
509320
800709
211064
599760
459956
489008
526185
797537
460236
496745
517888
800034
460533
200365
666198
18838
496123
460491
460530
460753
460392
509707
617952
509347
460317
460340
106482
460177
460006
666057
168617
460582
1787
425922
489265
460042
85474
460229
496329
496196
460242
384384
210729
496817
479582
459857
460485
460009
460549
460293
666243
460678
488702
18286
915872
558824
84810
489317
460664
459943
460588
460466
460274
714635
460219
460672
460494
460581
510167
460703
753106
459840
859689
460654
419443
525910
460278
840529
466480
459845
159398
459851
629272
546402
460331
460429
460501
460132
226950
425813
552887
665474
460671
460037
543592
546448
509395
425759
460597
545981
460668
182805
665938
460510
545627
425716
464576
729722
533573
460431
253127
460355
460211
678321
18461
460428
665663
459901
589306
460388
18881
790498
934692
460587
545900
460056
460734
460252
18159
460404
85075
211271
211082
496121
417463
460092
460713
459825
85466
460425
460051
223399
460345
900719
525633
18443
496249
541688
546064
460091
918013
389979
719516
19002
245183
210973
460760
164635
460341
460751
460310
460316
460656
400138
532328
588810
868835
151051
687661
460615
488684
608024
568427
84789
18542
460744
586432
774376
426322
515032
460449
460620
459953
85005
426240
210497
665805
525573
869932
298393
459942
85430
666156
496720
866582
475048
488972
344690
492645
460413
526456
665988
460152
832914
845013
121888
460111
477435
459823
525917
580720
460180
411457
460088
460613
851912
545946
510267
459884
493635
603568
18943
693236
459977
460228
460134
460553
526021
66081
630031
595822
584528
679549
46416
857477
509779
510212
76238
460353
525698
488811
460046
320600
666049
532168
526371
525649
18692
18188
459827
538280
