1801978283
1801942576
1801950846
318515643
655757851
1801966407
1801944560
1801951045
318508232
528297604
187875944
1801956869
776162216
1219338955
1801944530
1801971650
528257094
1801944763
1801951680
1801956690
1494219332
1801988809
1659859261
1801981381
2108224958
1801989452
1338546183
1859711181
835082361
902655140
1912330155
1128678023
1494208520
1494216243
1508538276
1685186760
1801949606
1745033663
902187844
1801977991
1801958866
1494210963
1801962879
655751858
135178756
1801988278
894064958
1825741128
517793679
2091074692
655757170
6214221
1132222185
450762998
1801984352
655764088
1933528889
1801953514
371596445
1801944665
1801988790
1801959034
339897058
1801952374
26227743
1825715648
2149853421
1801984056
339908772
1801953089
1801953436
1508566780
1026299583
1801989625
2149873077
1801942740
1801952789
1801988230
1801959534
1857581812
318519149
1801970946
1801967683
655754844
2038981010
1801973198
1801975989
1595403291
1083971157
1801958544
293460196
1825702417
1508561877
991047901
1801958454
1801958034
1426568214
1251182811
1801948164
339914004
1801942295
234381007
1801968399
2149868774
528293383
1801960711
1494219776
2149865492
1801990238
233514453
1263874162
1801961661
655747150
902208170
1155688910
95849369
1801966231
415462991
1704814484
2040647033
405604968
1801968131
1801978855
1155808057
1801957539
1801967187
902208885
528276953
885354018
1801973705
655764781
1136951438
1801990863
1508575368
1801944009
1801966502
902232815
731018665
318516315
1801954600
339904134
128579506
902226695
1801969551
1801984874
145261631
1338547823
1812308605
1801943472
1573137898
1338523877
1801957192
318525098
2149889482
429900458
1801944004
528259084
1801960211
1825720400
540045373
655777765
1801968776
2020972875
1801959775
1801952458
1535547082
1730437320
426099046
87666065
902218859
1825718415
1131834705
1338529144
1825723348
1494238138
80331417
1801959243
2183438170
1801991211
1149118222
1801962373
1801958988
1801962573
1825724403
1338507306
1720313419
703572297
902219993
318505916
1801945059
1801979558
1801947087
1801952049
339875644
1801980876
1801986385
1801991471
963808420
1801973475
2192216024
528289957
304082855
655763105
1801979298
1801991462
1338535834
2026914072
1801965621
318527204
1801969364
1801959210
655742146
1801970895
2188591724
1243580256
339884050
1801971713
1322252540
1569214345
1801974060
1711328130
1801974652
528298157
1801948623
1275776542
1459204145
2149859659
1801946005
655776336
1338531496
1801972683
1801968629
954257625
1801951535
1825724119
260977280
1801946176
1801974088
1801976639
1801965750
655779139
2198028977
1801959162
1975602624
1801977385
318506608
1631574824
1338544219
1323843327
318510601
1801963530
1801945166
1801974229
1812261241
330584943
1801982889
1801944877
1559828764
1801948958
1420307560
1801982198
2165393235
1801978868
1640394151
2153534357
1801943990
1801957644
528269179
396301056
1801986467
1801965546
1040685325
1801944069
1840887924
1947801692
1801988377
1801989323
1437428660
655750867
173768581
1801961562
1801988300
1801949212
63699415
1801972624
787487395
1801957290
1403523876
339910330
1714438871
1508552325
1801971003
932057572
588957478
1801959217
1801977291
1801987509
1801966222
1508576471
1801945533
1801989779
504489687
2149888669
902197740
1801980370
318498890
1801980479
1801959209
1801970408
791999343
1801943278
1437171068
1508539125
635718639
1485133572
382701622
1990733415
1801960012
1801955932
902330670
1340437608
255732501
1682278903
902232961
1801990762
1929243021
1801983337
1801973294
655783107
1338534510
1150335359
1250282190
1801946160
1801957325
1558771204
1796138032
1801982348
1669497562
1825734868
1494215413
1441610547
673054257
1801977029
1825732722
1338513963
1781001873
1880884475
1801957790
1801976157
1801957517
1801988850
1801949564
1801982029
1615865932
1801953345
1801959557
1825702921
1825698989
1801965413
1825741075
902209336
1849803251
1801981931
1801972283
1801966335
1801953988
1801942632
655784780
441438213
655748497
845219012
1801960832
1801955469
1801957537
1801950974
586099683
1383062023
528293922
1327233271
1801966315
318514093
219161806
318499554
664153509
1338523221
1338534099
1801960911
1569814508
681155148
2149884751
1801961445
318532751
1772779692
1801961800
1801977534
1801944917
908737602
1801962023
1801954993
528255924
1801960245
318509114
318528197
655744079
1293567926
2149873042
1573992163
1801984555
1876251049
655755805
1801956713
1199392915
1494216459
1825731677
1801951623
1949328208
1801953941
1801974801
2149887135
339899912
902214832
2032465972
1801982595
988184004
2076112538
671427382
350594792
1801981061
57772401
1801967151
1801958660
1537111040
655769907
1801980789
1494213458
556521016
1494210144
1801943787
1825696946
1656190754
1508564881
318531278
1574198428
1801957923
1802884146
339915161
1801967564
1508579880
1963828225
2149848827
528292461
1801975218
682115532
1801966373
1825705451
1338510567
659269485
2033502739
1801964775
1919757826
1801950486
1801944364
1801964733
339895087
1801964946
1494205126
248819218
1801981657
1801989627
1508573245
1494220886
1801956960
1801943637
1801977654
626800298
1801955345
1801961680
1801946226
1494250552
2231097177
897214384
1494208080
1775871469
1609583658
1801990557
1274899682
1338520149
318546238
1801988073
1801977225
1801970316
339890104
528256118
