100 976
77 80 213
35 47 4
45 81 59
23 2 99
47 30 4
79 70 226
33 13 52
91 1 161
14 75 31
58 28 145
4 11 157
42 77 175
29 53 119
68 46 118
2 34 3
85 53 145
57 84 119
83 57 70
9 73 178
66 54 40
70 56 183
44 17 168
87 51 69
66 72 224
26 99 210
34 83 233
95 69 217
37 42 5
49 69 123
25 85 2
2 75 170
96 32 1
67 50 8
91 7 39
98 91 106
11 17 82
22 51 89
51 37 103
30 23 135
65 99 25
15 93 113
60 56 173
96 47 75
7 22 43
18 2 3
76 66 187
86 5 81
77 82 158
89 44 190
49 32 125
37 16 99
95 13 107
6 90 186
59 87 142
34 98 20
40 50 79
1 11 171
81 68 222
42 99 5
63 93 160
76 73 112
39 83 108
26 19 103
44 11 143
92 7 159
56 37 34
66 73 56
63 65 227
92 91 1
98 47 202
74 89 8
58 12 209
69 63 71
77 70 39
54 11 10
43 92 102
55 60 208
8 17 125
7 80 229
75 85 127
98 18 49
81 13 60
47 54 29
15 64 152
31 17 67
99 57 153
48 18 234
44 46 134
69 16 39
58 7 226
56 42 132
96 46 180
29 97 111
36 97 224
48 100 77
22 68 47
36 100 130
29 7 234
29 69 231
48 57 109
25 27 203
25 8 95
78 85 227
68 28 24
54 75 175
12 39 99
58 8 128
19 9 84
13 85 29
65 45 75
23 15 101
99 37 5
20 39 9
56 17 91
68 100 109
41 80 223
46 85 37
60 80 59
91 23 215
72 60 137
66 8 40
74 51 36
5 36 149
63 68 205
79 80 44
11 3 156
30 4 124
95 96 193
92 24 153
75 66 197
77 5 7
28 8 98
8 76 9
49 90 143
96 11 27
38 42 128
63 9 98
59 52 215
95 39 142
46 98 174
16 43 39
96 55 50
57 69 175
93 91 208
65 79 31
91 69 78
32 70 35
85 10 30
21 91 1
96 80 182
72 80 39
29 94 112
6 93 175
81 85 113
32 81 110
73 51 137
49 67 138
38 88 138
14 8 59
12 78 73
42 100 104
67 70 135
93 64 113
74 64 227
26 69 106
72 4 158
17 66 150
28 69 228
86 33 81
70 18 148
34 84 163
31 35 141
12 10 173
95 65 55
39 90 28
33 46 36
8 42 64
57 16 120
26 31 73
7 35 95
88 9 100
31 85 41
26 88 33
54 41 193
58 11 61
61 57 6
97 89 40
100 29 114
50 25 50
94 26 191
71 87 186
71 31 192
48 15 187
19 15 7
77 52 126
30 69 4
24 47 189
31 73 72
99 8 170
44 39 69
89 61 145
36 53 10
31 93 57
2 10 120
58 3 228
56 35 221
31 65 137
45 98 205
26 44 84
49 55 177
89 22 24
72 59 46
86 18 3
51 86 189
3 55 104
56 16 155
98 80 232
96 79 166
66 31 115
50 73 124
93 39 152
77 39 61
13 96 131
74 10 148
28 65 78
13 4 67
100 11 31
36 11 10
93 56 228
39 25 155
23 98 177
100 34 115
47 58 191
6 81 104
45 64 205
92 12 216
51 27 48
38 9 192
39 51 101
100 33 234
4 66 80
47 76 54
77 19 7
33 39 211
22 72 65
88 42 206
15 70 52
85 84 169
66 44 128
67 58 148
84 38 143
60 32 1
41 92 190
57 55 98
7 68 231
26 13 111
14 78 126
93 53 172
47 65 163
75 84 20
8 34 222
46 21 210
2 58 189
26 54 212
71 49 129
46 42 164
69 64 113
6 65 142
29 58 22
66 80 169
46 24 169
19 48 229
8 60 33
24 60 47
46 22 150
25 80 180
35 30 4
79 93 146
57 49 128
72 95 59
52 64 9
28 66 86
41 55 176
58 26 167
12 55 216
40 44 89
58 73 34
25 56 201
94 7 177
78 53 53
89 53 73
36 16 205
4 100 137
79 71 208
52 17 48
52 76 9
56 1 39
4 81 140
77 95 128
32 75 147
90 54 162
23 40 219
98 52 160
15 71 60
87 80 227
2 38 158
21 96 1
86 71 3
95 68 118
8 97 148
50 4 83
87 78 104
40 60 68
62 4 218
96 57 229
63 66 153
34 11 79
95 6 88
21 63 96
46 99 73
56 4 24
2 96 133
38 58 163
16 17 161
41 79 51
54 8 106
1 34 113
81 12 122
28 59 97
79 46 191
62 69 188
72 92 114
82 94 52
6 72 158
58 50 44
62 97 197
70 37 78
27 34 182
11 21 176
54 34 43
26 59 48
41 90 23
31 41 86
8 96 31
88 46 160
53 49 187
12 47 187
15 78 153
46 60 109
70 45 90
33 63 76
12 35 198
52 40 116
73 14 158
23 36 35
72 55 234
63 34 220
79 15 157
11 72 230
76 11 228
42 45 221
77 34 124
64 39 9
48 99 170
14 45 224
23 37 80
11 91 109
95 74 225
17 43 20
15 46 137
74 93 8
46 49 33
50 63 97
77 57 7
63 3 41
70 29 222
51 84 108
95 42 45
19 53 94
99 28 5
68 24 145
60 99 76
18 97 56
94 100 100
52 62 165
25 13 51
14 47 34
63 95 89
34 29 138
12 6 138
24 40 49
96 60 1
25 84 5
100 82 42
54 98 121
10 99 106
8 35 143
55 17 196
35 43 101
36 95 27
99 41 91
11 27 121
61 76 121
85 100 69
72 40 121
18 8 212
66 43 186
15 26 170
46 55 104
10 93 63
87 100 209
35 59 100
76 15 201
25 61 147
28 88 188
26 34 46
16 100 132
50 55 97
14 6 59
52 39 9
73 83 40
86 82 112
96 98 28
58 68 126
13 45 70
40 93 72
67 97 23
81 33 63
28 14 153
91 78 213
99 58 153
9 14 125
95 35 4
82 49 190
20 52 9
22 87 178
51 24 234
96 83 229
84 76 124
60 20 141
44 20 85
8 83 137
66 11 151
95 40 122
78 6 103
46 56 227
49 70 160
34 94 121
87 90 45
34 86 3
41 81 111
29 30 218
42 58 214
14 59 210
95 18 56
15 25 22
34 31 140
49 79 58
96 23 111
41 25 88
64 8 9
44 1 118
49 89 67
39 57 216
36 1 73
46 39 119
29 60 70
83 81 27
17 1 88
76 16 208
60 4 162
97 56 147
43 89 21
70 65 61
90 19 149
13 9 114
44 47 137
88 69 217
92 4 36
35 32 159
46 83 154
95 70 122
8 94 50
73 41 208
26 85 22
51 94 90
10 98 231
38 85 30
43 78 61
26 75 190
1 48 161
74 67 8
43 63 98
53 34 159
35 79 189
64 21 134
61 43 6
25 77 20
47 45 184
97 37 105
24 26 41
14 71 3
19 5 167
62 11 227
74 82 44
13 37 60
24 29 126
32 53 225
72 53 101
53 47 165
25 28 5
89 77 45
69 61 37
82 64 142
89 12 153
81 86 106
66 59 43
3 100 69
84 94 135
89 52 126
15 69 65
70 89 8
14 79 155
23 16 168
11 8 20
40 14 155
50 66 144
1 35 39
13 41 210
5 94 205
80 47 4
6 99 210
54 72 93
12 68 160
55 91 74
100 6 162
59 78 107
30 9 94
21 9 112
69 50 33
91 19 44
82 69 97
16 53 190
78 96 183
31 47 145
47 26 91
19 73 205
51 90 105
86 10 190
34 18 3
26 83 187
51 91 230
5 61 6
90 92 231
94 20 176
89 92 123
62 77 53
7 34 99
33 19 202
44 80 105
34 16 189
20 83 82
31 11 26
85 19 67
59 16 132
43 45 138
28 85 2
69 86 233
39 45 170
33 90 63
45 37 115
47 49 198
28 63 93
45 38 201
90 21 213
21 18 21
21 84 115
14 61 172
45 90 152
6 57 127
78 98 143
48 63 63
86 41 31
7 1 153
55 15 101
72 25 21
64 68 96
26 45 119
72 41 111
9 53 166
45 1 184
34 4 110
36 91 178
3 1 47
37 48 151
24 30 218
65 33 97
93 83 56
15 54 198
33 24 85
22 83 83
45 27 57
23 80 184
77 17 7
56 83 112
29 39 234
7 15 62
47 61 92
24 55 202
93 41 209
52 16 154
76 12 46
45 95 27
2 27 32
32 44 115
95 22 160
35 85 152
99 78 151
50 93 8
71 85 41
1 73 200
52 15 216
94 42 190
48 93 215
17 41 123
90 15 127
90 81 86
25 29 103
19 17 7
45 34 26
10 88 104
93 65 120
27 6 110
93 99 26
97 82 177
48 2 77
68 53 10
90 57 213
1 47 233
38 66 63
31 67 108
33 87 157
69 41 154
25 69 75
91 49 43
47 40 231
98 53 167
18 93 217
55 38 131
43 1 35
76 90 158
39 34 38
96 33 138
92 26 227
2 56 164
97 30 160
71 63 31
23 52 129
34 3 93
58 86 98
96 89 68
79 89 142
31 28 225
73 36 157
100 74 153
42 90 197
81 100 231
88 45 95
60 51 230
43 49 123
6 96 114
9 46 173
77 22 144
40 67 157
54 32 64
87 83 50
21 78 85
74 14 142
55 75 31
51 62 165
45 8 113
98 49 232
32 6 23
86 77 59
21 53 120
1 24 166
30 50 145
2 21 148
38 60 57
6 43 193
93 97 99
96 91 109
48 78 216
6 5 182
75 87 82
6 47 231
57 19 7
95 4 28
5 59 199
99 84 5
48 56 155
80 11 64
72 14 62
52 35 135
29 35 220
17 62 67
76 5 131
52 44 102
7 56 32
73 54 151
69 77 23
93 21 106
51 44 151
73 13 166
5 100 104
39 27 87
37 47 142
91 83 146
1 15 32
36 65 193
55 42 217
65 50 214
11 45 191
64 75 122
17 78 142
31 29 135
77 93 27
35 98 192
16 41 188
24 84 47
61 72 55
28 2 217
39 82 79
24 77 216
10 52 169
25 76 59
66 20 114
84 48 79
62 86 65
58 90 114
65 78 218
53 38 10
70 23 211
96 85 181
25 70 107
67 9 213
1 13 179
70 50 8
14 7 192
34 72 119
95 80 4
34 66 50
92 21 1
45 63 25
68 17 226
82 17 225
26 42 49
98 14 30
68 78 87
78 24 195
2 99 105
51 9 113
16 94 66
42 89 20
31 75 55
60 17 23
71 2 3
71 10 199
34 20 75
47 10 121
31 14 167
65 7 102
77 85 159
43 19 6
72 58 47
77 99 25
36 43 33
50 39 150
30 94 48
11 38 10
81 53 172
27 71 109
31 92 188
20 8 9
95 47 4
75 7 76
81 84 106
15 6 51
26 2 86
4 73 198
33 14 180
74 12 160
30 81 27
4 59 115
72 12 229
69 37 168
70 54 118
54 16 104
51 38 226
59 67 75
22 80 101
55 22 204
38 68 10
24 49 33
61 63 27
42 30 219
70 20 201
38 69 183
95 75 53
94 44 195
78 76 112
41 45 129
61 30 172
50 6 159
5 57 7
56 69 56
48 6 101
33 38 156
34 48 181
20 76 9
86 65 62
54 18 180
84 37 5
38 46 196
22 31 114
3 37 48
25 1 202
63 92 123
54 36 10
46 36 46
83 69 151
28 16 201
100 80 79
8 38 120
54 68 10
2 44 206
38 21 221
78 31 37
15 5 7
29 19 173
20 22 77
94 19 199
29 11 66
13 27 207
23 27 93
84 32 66
14 34 3
36 49 176
29 86 94
35 48 90
39 23 113
96 63 131
48 74 142
22 76 198
9 97 158
69 45 29
93 66 122
82 32 210
72 16 32
11 60 201
90 64 33
44 72 76
90 61 199
48 86 162
93 61 102
38 13 198
70 74 8
21 67 146
57 93 113
55 11 48
68 41 85
97 16 80
28 64 83
86 14 3
11 89 203
85 55 83
68 10 127
91 32 1
2 36 206
89 51 164
10 21 50
68 20 133
52 29 149
57 63 194
77 65 114
5 75 157
56 53 101
59 15 183
68 11 10
4 74 140
73 12 206
46 59 185
95 90 36
60 91 1
94 4 105
59 11 90
92 25 181
81 52 153
54 29 224
72 20 232
38 14 124
59 36 57
42 25 5
71 84 227
24 56 116
47 8 118
81 18 183
72 97 188
70 93 8
75 40 84
12 61 38
61 82 77
99 55 36
3 36 170
32 92 1
32 61 121
94 53 118
29 42 199
80 65 107
83 38 76
61 68 103
76 35 28
40 12 115
7 6 47
17 6 98
50 79 127
1 31 103
71 37 41
5 43 6
15 62 70
15 17 7
17 49 60
42 66 218
70 44 127
62 82 159
9 94 107
83 15 131
29 59 215
22 93 97
37 85 2
12 38 152
24 88 111
42 5 195
2 87 155
87 55 207
25 7 202
84 28 5
47 56 234
8 43 182
100 35 135
66 25 111
26 28 143
67 89 8
96 27 143
78 58 102
37 2 23
64 27 204
14 29 104
63 40 57
69 35 4
73 45 169
73 20 191
9 34 35
68 56 54
75 6 179
82 2 86
4 20 54
25 96 184
26 8 134
80 69 4
46 74 142
23 5 116
85 20 175
68 4 46
21 59 201
32 73 125
