9987
999 1000
1000 999
1 2
1 47
1 71
1 222
1 275
1 301
1 392
1 579
1 730
1 942
1 997
2 11
2 20
2 25
2 251
2 381
2 416
2 623
2 912
2 962
2 964
3 304
3 429
3 585
3 705
3 740
3 746
3 753
3 855
3 973
4 172
4 296
4 400
4 491
4 528
4 606
4 889
4 942
4 950
5 91
5 92
5 351
5 513
5 590
5 593
6 34
6 38
6 52
6 103
6 109
6 304
6 335
6 355
6 387
6 440
6 466
6 713
6 719
6 811
6 827
6 865
6 894
6 904
7 16
7 52
7 72
7 126
7 203
7 229
7 311
7 443
7 479
7 514
7 593
7 662
7 761
7 803
7 810
7 967
7 979
8 54
8 83
8 178
8 212
8 367
8 390
8 617
8 846
8 899
9 64
9 297
9 511
9 530
9 542
9 735
9 951
9 980
10 88
10 107
10 294
10 482
10 570
10 821
10 873
10 891
10 908
11 4
11 26
11 40
11 207
11 240
11 317
11 401
11 556
11 627
11 665
11 755
11 871
11 879
12 83
12 100
12 131
12 169
12 180
12 187
12 216
12 238
12 452
12 458
12 546
12 595
12 658
12 804
12 816
12 920
13 157
13 218
13 282
13 425
13 587
13 697
13 720
13 758
13 770
13 800
13 886
13 905
13 941
14 115
14 190
14 228
14 271
14 397
14 600
14 712
14 724
14 737
14 768
15 106
15 275
15 382
15 520
15 683
15 866
15 909
15 938
16 108
16 209
16 319
16 625
16 637
16 775
16 818
16 836
16 841
16 980
16 985
17 21
17 112
17 193
17 220
17 251
17 460
17 725
17 820
17 821
17 838
17 944
17 985
17 991
18 100
18 183
18 380
18 464
18 850
18 916
18 983
19 12
19 102
19 239
19 445
19 554
19 953
20 144
20 351
20 369
20 504
20 521
20 541
20 602
20 679
20 761
20 873
20 960
20 968
21 66
21 118
21 128
21 186
21 200
21 587
21 655
21 726
21 807
21 887
21 907
22 81
22 551
22 792
22 934
23 59
23 125
23 201
23 266
23 436
23 564
23 677
23 753
23 761
23 868
23 891
23 907
24 206
24 352
24 360
24 370
24 398
24 475
24 602
24 678
24 712
24 822
24 916
24 945
25 287
25 340
25 420
25 545
25 547
25 632
25 722
25 768
25 821
25 881
26 87
26 254
26 255
26 348
26 784
26 841
27 20
27 91
27 111
27 210
27 230
27 484
27 516
27 926
27 962
27 980
27 993
28 82
28 176
28 206
28 313
28 395
28 432
28 525
28 644
28 752
28 782
28 877
28 880
28 961
29 59
29 78
29 120
29 147
29 278
29 294
29 599
29 612
29 641
29 682
29 686
29 808
29 949
29 976
30 13
30 180
30 601
30 786
30 851
30 913
31 161
31 179
31 184
31 256
31 672
31 811
31 857
31 877
31 885
31 935
31 967
31 982
32 66
32 115
32 185
32 321
32 377
32 525
32 654
32 714
32 997
33 20
33 45
33 57
33 124
33 194
33 283
33 377
33 418
33 454
33 821
33 873
33 931
34 154
34 361
34 528
34 899
35 7
35 104
35 273
35 436
35 441
35 518
35 738
35 934
35 943
36 23
36 226
36 289
36 296
36 478
36 532
36 571
36 613
36 822
36 829
36 854
36 896
36 977
37 218
37 290
37 469
37 496
37 526
37 803
37 877
37 920
38 57
38 139
38 188
38 359
38 472
38 508
38 509
38 571
38 925
38 964
39 287
39 467
39 540
39 883
39 981
39 989
40 208
40 240
40 315
40 318
40 329
40 435
40 471
40 559
40 593
41 51
41 222
41 224
41 650
41 796
41 964
42 32
42 120
42 125
42 229
42 249
42 317
42 347
42 536
42 598
42 656
42 791
42 819
43 67
43 88
43 158
43 182
43 334
43 445
43 706
43 722
43 743
43 852
43 953
44 56
44 72
44 84
44 546
44 643
44 727
44 825
45 331
45 409
45 522
45 551
45 580
45 752
45 796
45 804
45 925
45 957
46 105
46 130
46 318
46 457
46 532
46 822
46 860
46 947
46 981
47 383
47 601
47 818
47 874
47 956
47 974
47 993
48 64
48 228
48 288
48 348
48 478
48 501
48 606
48 630
48 752
48 757
48 956
49 50
49 181
49 376
49 641
49 659
49 710
49 720
49 799
49 872
50 220
50 253
50 336
50 371
50 425
50 494
50 735
50 740
50 801
50 934
51 127
51 352
51 579
51 672
51 747
51 876
51 889
51 983
52 73
52 206
52 265
52 443
52 532
52 611
52 829
53 266
53 476
53 564
53 624
53 646
53 759
53 874
54 29
54 142
54 172
54 222
54 313
54 369
54 437
54 439
54 456
54 508
54 699
54 748
54 788
55 47
55 192
55 463
55 464
55 593
55 674
55 746
55 755
55 814
55 911
55 925
56 141
56 154
56 282
56 349
56 404
56 467
56 497
56 514
56 529
56 627
56 651
56 705
56 726
56 796
56 807
56 842
56 934
57 26
57 194
57 220
57 254
57 626
57 648
57 823
57 866
57 990
58 48
58 80
58 289
58 325
58 486
58 527
58 629
58 716
58 726
59 63
59 530
59 665
59 833
59 861
59 882
59 920
59 993
59 995
60 278
60 506
60 580
60 723
60 904
60 929
61 56
61 145
61 429
61 551
61 607
61 658
61 750
61 779
61 783
61 952
62 43
62 72
62 101
62 185
62 311
62 370
62 377
62 512
62 750
62 789
62 843
63 79
63 250
63 395
63 412
63 519
63 583
63 951
64 40
64 66
64 112
64 153
64 171
64 178
64 422
64 751
64 781
64 871
65 173
65 194
65 315
65 362
65 778
65 814
65 871
66 62
66 64
66 156
66 352
66 428
66 487
66 502
66 532
66 565
66 574
66 648
66 767
66 811
66 849
67 105
67 124
67 219
67 244
67 273
67 310
67 360
67 414
67 499
67 520
67 633
67 803
68 116
68 135
68 170
68 295
68 301
68 303
68 356
68 403
68 429
68 537
68 669
68 884
68 917
69 248
69 269
69 518
69 658
69 662
69 721
69 798
69 807
70 229
70 293
70 387
70 573
70 679
70 685
70 763
70 852
70 944
71 203
71 551
71 674
71 711
71 775
71 807
71 854
71 986
72 181
72 540
72 578
72 647
72 790
72 832
72 849
72 876
72 883
72 958
73 38
73 113
73 137
73 158
73 190
73 195
73 201
73 264
73 274
73 548
73 572
73 678
73 696
73 718
73 804
73 876
73 877
74 20
74 137
74 152
74 188
74 194
74 285
74 317
74 715
74 767
74 914
74 935
74 943
75 42
75 90
75 145
75 211
75 249
75 265
75 656
75 719
75 733
75 778
75 952
75 993
76 138
76 262
76 354
76 423
76 474
76 495
76 566
76 621
76 843
76 991
77 247
77 362
77 423
77 525
77 687
77 741
77 867
77 990
78 157
78 229
78 364
78 522
78 534
78 613
78 644
78 739
78 856
78 908
78 929
79 16
79 69
79 96
79 100
79 469
79 581
79 605
79 749
79 922
80 28
80 31
80 33
80 245
80 255
80 278
80 471
80 524
80 731
80 838
80 928
81 77
81 78
81 149
81 291
81 402
81 442
81 658
81 660
81 756
81 776
81 796
81 868
81 910
82 3
82 7
82 46
82 63
82 79
82 121
82 206
82 244
82 282
82 345
82 572
82 692
82 700
82 806
82 812
82 868
83 622
83 695
83 699
83 729
83 756
83 816
83 827
83 957
83 958
84 188
84 249
84 453
84 757
84 984
85 79
85 140
85 162
85 330
85 634
85 669
85 783
85 907
86 64
86 76
86 121
86 148
86 175
86 454
86 479
86 525
86 659
86 817
86 905
86 908
87 117
87 168
87 200
87 305
87 337
87 600
87 905
88 315
88 361
88 402
88 421
88 469
88 589
88 654
88 736
88 767
89 25
89 241
89 262
89 402
89 445
89 455
89 478
89 699
89 722
89 812
90 190
90 410
90 451
90 566
90 598
90 676
90 691
91 185
91 470
91 793
91 828
91 958
92 1
92 157
92 175
92 220
92 358
92 368
92 631
92 643
92 715
92 866
92 976
93 153
93 186
93 612
93 650
93 837
93 893
93 915
94 14
94 175
94 273
94 277
95 194
95 219
95 223
95 364
95 412
95 638
95 654
95 709
95 710
95 715
95 744
95 827
96 78
96 335
96 437
96 485
96 639
96 746
96 768
96 796
97 19
97 423
97 662
97 724
97 964
98 65
98 90
98 94
98 167
98 456
98 754
99 159
99 234
99 251
99 414
99 530
99 572
99 658
99 677
99 762
99 912
100 32
100 104
100 181
100 280
100 284
100 396
100 414
100 632
100 848
100 962
101 127
101 154
101 170
101 214
101 272
101 299
101 342
101 451
101 460
101 636
101 652
101 692
101 753
101 877
102 134
102 154
102 282
102 362
102 588
102 708
102 710
102 735
102 762
102 871
102 924
103 51
103 285
103 459
103 699
103 822
103 964
104 27
104 165
104 284
104 362
104 442
104 503
104 687
104 873
104 915
104 919
104 947
105 39
105 69
105 203
105 256
105 401
105 429
105 459
105 469
105 508
105 539
105 762
106 151
106 453
106 475
106 499
106 558
106 562
106 677
106 755
106 794
106 963
107 97
107 196
107 534
107 571
107 779
108 27
108 135
108 243
108 586
108 777
108 819
108 824
108 903
109 332
109 416
109 554
109 798
109 930
110 170
110 232
110 468
110 484
110 527
110 606
110 766
110 832
111 17
111 78
111 298
111 379
111 461
111 479
111 543
111 555
111 571
111 701
111 755
111 815
112 8
112 50
112 224
112 229
112 240
112 251
112 311
112 346
112 590
112 887
112 948
112 976
113 1
113 415
113 479
114 95
114 129
114 262
114 391
114 396
114 446
114 462
114 484
114 676
114 773
114 799
114 907
115 399
115 484
115 485
115 513
115 709
115 750
115 782
115 802
115 851
115 944
116 28
116 82
116 155
116 227
116 427
116 456
116 591
116 841
116 890
117 38
117 42
117 138
117 209
117 222
117 272
117 306
117 467
117 546
117 573
117 779
117 812
118 38
118 107
118 158
118 316
118 533
118 597
118 608
118 743
119 87
119 95
119 104
119 132
119 323
119 366
119 371
119 508
119 544
119 580
119 628
119 719
119 747
119 749
119 801
119 820
120 136
120 322
120 396
120 620
120 712
120 879
120 940
120 996
121 101
121 205
121 466
121 644
121 648
121 829
121 964
122 91
122 112
122 274
122 291
122 483
122 493
122 579
122 685
122 887
122 914
122 943
123 111
123 280
123 327
123 385
123 406
123 587
123 607
123 759
123 858
123 937
123 942
123 951
124 90
124 175
124 205
124 295
124 396
124 472
124 624
124 671
124 760
124 855
125 35
125 172
125 202
125 423
125 552
125 716
125 748
125 825
125 901
125 971
126 77
126 134
126 155
126 363
126 641
126 799
126 823
126 919
127 178
127 197
127 341
127 351
127 676
127 681
127 722
128 284
128 332
128 389
128 391
128 406
128 419
128 423
128 531
128 577
128 591
128 664
128 846
129 162
129 215
129 232
129 253
129 271
129 308
129 314
129 377
129 386
129 443
129 454
129 531
129 540
129 754
129 794
130 92
130 98
130 275
130 366
130 411
130 443
130 527
130 536
130 766
130 869
131 56
131 78
131 161
131 165
131 439
131 457
131 556
131 692
131 930
132 5
132 57
132 98
132 133
132 550
132 771
132 801
132 817
133 8
133 12
133 267
133 314
133 645
133 664
133 971
134 29
134 41
134 71
134 80
134 111
134 419
134 533
134 670
134 700
134 770
134 780
134 866
134 889
134 930
134 964
135 21
135 129
135 186
135 215
135 238
135 290
135 349
135 356
135 384
135 455
135 548
135 551
135 560
135 728
135 856
135 997
136 1
136 55
136 132
136 269
136 334
136 344
136 522
136 659
136 690
136 693
136 760
136 946
137 238
137 293
137 299
137 312
137 577
137 637
137 663
137 666
137 704
137 723
137 735
137 772
137 987
138 26
138 129
138 155
138 298
138 653
138 679
138 702
138 840
139 407
139 690
139 789
139 815
139 894
139 979
140 360
140 623
140 627
140 632
140 635
140 670
140 696
140 736
140 789
140 806
140 843
141 288
141 307
141 333
141 443
141 508
141 614
141 669
141 721
141 905
142 134
142 273
142 387
142 440
142 444
142 511
142 643
142 840
142 865
142 878
142 892
143 74
143 85
143 303
143 575
143 606
143 693
143 887
144 10
144 68
144 449
144 576
144 827
144 921
144 935
144 941
145 25
145 30
145 308
145 476
145 501
145 565
145 584
145 715
145 864
145 994
146 97
146 168
146 205
146 339
146 342
146 388
146 433
146 447
146 604
146 626
146 634
146 799
147 132
147 138
147 163
147 166
147 277
147 281
147 290
147 292
147 324
147 410
147 490
147 967
148 112
148 146
148 166
148 189
148 219
148 440
148 624
148 852
148 889
148 991
149 23
149 72
149 152
149 231
149 325
149 380
149 753
149 922
150 53
150 71
150 130
150 147
150 160
150 187
150 258
150 327
150 503
150 631
150 740
150 750
150 808
151 59
151 69
151 81
151 204
151 255
151 308
151 356
151 367
151 374
151 485
151 783
151 799
152 119
152 137
152 196
152 357
152 384
152 430
152 575
152 745
152 752
152 823
152 824
152 984
152 990
153 85
153 460
153 603
153 794
153 872
153 887
154 170
154 317
154 544
154 585
154 706
154 876
154 968
155 28
155 167
155 174
155 182
155 449
155 476
155 522
155 761
155 885
156 61
156 296
156 339
156 418
156 431
156 681
156 781
156 800
157 188
157 339
157 367
157 510
157 521
157 616
157 617
157 641
157 746
157 830
157 936
158 104
158 127
158 215
158 227
158 397
158 408
158 605
158 693
158 712
158 864
158 940
158 980
159 34
159 55
159 116
159 168
159 235
159 360
159 507
159 511
159 533
159 569
159 634
159 637
159 640
159 734
159 869
159 925
160 175
160 273
160 354
160 394
160 433
160 482
160 546
160 566
160 669
160 722
160 728
160 849
160 860
160 943
160 990
160 998
161 55
161 191
161 301
161 403
161 444
161 560
161 579
161 654
161 655
161 768
161 808
161 949
161 958
162 284
162 428
162 446
162 482
163 95
163 105
163 151
163 183
163 206
163 210
163 456
163 473
163 625
163 649
163 728
163 752
163 820
163 869
163 953
163 993
164 63
164 113
164 169
164 219
164 341
164 622
164 634
164 755
164 849
164 859
164 957
165 19
165 232
165 266
165 405
165 583
165 585
165 686
165 799
165 818
166 26
166 56
166 495
166 817
166 929
166 945
166 995
167 264
167 266
167 632
167 708
167 789
167 868
167 872
167 921
168 220
168 355
168 423
168 461
168 497
168 652
168 730
168 774
168 776
168 820
168 917
169 9
169 13
169 116
169 612
169 636
169 728
169 873
169 963
169 975
170 82
170 120
170 149
170 218
170 294
170 358
170 568
170 645
170 773
170 889
171 14
171 83
171 359
171 370
171 417
171 437
171 540
171 683
171 710
171 921
172 34
172 226
172 246
172 273
172 304
172 396
172 416
172 534
172 566
172 601
172 681
172 742
172 814
173 119
173 283
173 499
173 672
173 778
173 830
173 852
173 861
173 947
173 955
174 68
174 139
174 212
174 442
174 509
174 584
174 698
174 751
174 765
174 903
174 924
174 944
174 982
175 8
175 425
175 429
175 541
175 597
175 688
175 765
175 895
176 291
176 495
176 524
176 534
176 642
176 882
176 888
176 904
176 972
176 990
177 243
177 313
177 400
177 423
177 505
177 585
177 630
177 772
177 796
177 824
177 972
178 10
178 16
178 132
178 205
178 221
178 264
178 458
178 669
178 672
178 794
178 837
178 984
179 6
179 39
179 50
179 106
179 280
179 629
179 710
179 850
180 41
180 98
180 200
180 270
180 349
180 488
180 657
180 747
180 796
180 829
180 857
180 861
180 881
181 54
181 196
181 248
181 317
181 350
181 396
181 496
181 830
181 835
181 921
182 60
182 87
182 130
182 162
182 237
182 273
182 362
182 474
182 568
182 597
182 715
182 924
183 54
183 263
183 510
183 553
183 748
183 781
183 906
183 916
183 978
184 51
184 72
184 75
184 215
184 412
184 602
184 612
184 671
184 805
184 884
184 989
185 190
185 240
185 335
185 511
185 515
185 796
186 227
186 240
186 322
186 346
186 450
186 473
186 484
186 490
186 505
186 523
186 701
186 851
186 881
186 962
187 72
187 123
187 138
187 164
187 304
187 465
187 491
187 711
187 861
187 900
188 50
188 106
188 115
188 318
188 379
188 380
188 443
188 537
188 576
188 634
188 708
188 873
188 987
189 116
189 233
189 239
189 282
189 305
189 425
189 445
189 593
189 655
189 679
189 835
189 976
190 182
190 194
190 211
190 362
190 617
190 668
190 679
190 683
190 766
190 772
190 779
190 848
190 989
191 92
191 172
191 259
191 322
191 361
191 380
191 449
191 962
192 60
192 74
192 204
192 246
192 360
192 426
192 550
192 813
192 817
192 878
192 908
192 915
193 74
193 101
193 255
193 485
193 688
193 902
194 182
194 192
194 258
194 285
194 311
194 478
194 542
194 547
194 564
194 658
194 859
195 96
195 318
195 332
195 413
195 473
195 737
195 786
195 914
196 26
196 207
196 566
196 608
196 669
196 743
196 750
197 57
197 145
197 229
197 340
197 341
197 516
197 533
197 587
197 740
198 102
198 209
198 245
198 256
198 388
198 528
198 542
198 565
198 622
198 837
198 992
199 86
199 235
199 240
199 287
199 747
199 789
199 819
199 849
199 857
199 930
199 980
200 209
200 318
200 460
200 546
200 559
200 569
200 670
200 811
200 958
200 992
201 106
201 263
201 281
201 300
201 303
201 438
201 530
201 566
201 573
201 670
201 855
202 128
202 251
202 657
202 890
202 920
202 990
203 91
203 137
203 252
203 370
203 406
203 495
203 570
203 605
203 934
203 962
203 971
203 992
204 65
204 131
204 186
204 307
204 821
204 850
204 934
205 8
205 244
205 483
205 497
205 980
206 50
206 91
206 296
206 340
206 363
206 366
206 389
206 419
206 506
206 587
206 759
207 161
207 214
207 393
207 481
207 539
207 662
208 72
208 178
208 455
208 537
208 678
208 898
208 930
208 944
208 993
209 39
209 56
209 201
209 447
209 666
209 696
209 819
209 822
209 910
209 931
209 983
210 160
210 356
210 364
210 380
210 422
210 474
210 560
210 854
211 294
211 356
211 363
211 408
211 422
211 477
211 534
211 571
211 683
211 936
212 82
212 106
212 123
212 163
212 508
212 511
212 522
212 528
212 778
212 797
212 960
213 5
213 87
213 168
213 331
213 421
213 607
213 752
213 870
213 892
214 23
214 156
214 160
214 260
214 267
214 294
214 296
214 329
214 668
214 684
214 737
214 745
214 831
214 955
214 972
214 978
215 21
215 151
215 347
215 386
215 632
215 720
215 828
215 837
215 901
215 918
216 257
216 314
216 347
216 410
216 423
216 532
216 549
216 557
216 602
216 739
216 968
217 79
217 139
217 253
217 334
217 441
217 566
217 591
217 703
217 757
217 897
217 930
217 969
218 67
218 469
218 595
218 624
218 636
218 696
218 720
218 754
218 971
219 173
219 280
219 644
219 655
219 665
219 700
220 276
220 281
220 375
220 396
220 447
220 534
220 543
220 592
220 605
220 613
220 624
220 814
220 979
221 270
221 352
221 417
221 588
221 669
221 678
222 118
222 210
222 263
222 450
222 602
222 655
222 847
222 870
223 28
223 154
223 172
223 319
223 327
223 522
223 594
223 617
223 787
223 860
223 911
223 934
223 953
224 4
224 130
224 378
224 397
224 563
224 571
224 596
224 624
224 663
224 781
224 806
224 965
224 993
225 31
225 101
225 269
225 283
225 477
225 528
225 778
226 54
226 59
226 93
226 210
226 250
226 277
226 451
226 464
226 557
226 584
226 593
226 626
226 739
226 773
226 810
226 851
226 866
226 892
226 901
227 33
227 147
227 167
227 177
227 261
227 624
227 634
227 648
227 676
227 888
227 937
228 32
228 134
228 220
228 488
228 508
228 649
228 701
228 718
228 753
228 858
228 862
228 949
229 27
229 49
229 69
229 260
229 267
229 326
229 353
229 446
229 471
230 24
230 169
230 237
230 255
230 280
230 316
230 666
230 812
231 23
231 147
231 161
231 219
231 450
231 659
231 666
231 673
231 785
231 793
231 795
231 976
232 20
232 201
232 237
232 437
232 476
232 516
232 640
232 692
232 718
232 788
232 802
232 834
232 856
232 976
233 507
233 513
233 565
233 608
233 626
233 953
234 20
234 108
234 302
234 439
234 442
234 513
234 558
234 744
234 800
234 843
235 1
235 58
235 60
235 231
235 440
235 464
235 531
235 600
235 608
235 629
235 811
235 924
235 934
236 82
236 244
236 260
236 276
236 394
236 458
236 649
236 687
236 858
237 456
237 628
237 789
238 269
238 589
238 770
238 771
238 817
239 16
239 493
239 535
239 657
239 822
239 938
240 18
240 163
240 197
240 274
240 479
240 658
240 744
240 972
240 984
240 996
241 135
241 169
241 179
241 397
241 602
241 704
241 743
241 867
241 906
241 982
242 29
242 71
242 324
242 340
242 392
242 452
242 806
242 912
243 25
243 405
243 664
243 779
243 795
243 856
244 34
244 87
244 173
244 457
244 489
244 554
244 712
244 784
244 952
244 993
245 185
245 348
245 434
245 435
245 543
245 544
245 610
245 742
245 775
245 842
245 848
246 160
246 278
246 320
246 470
246 520
246 641
246 801
246 945
246 967
247 150
247 154
247 409
247 505
247 519
247 524
247 612
247 638
247 714
247 935
247 955
248 69
248 326
248 386
248 482
248 730
248 820
248 892
248 933
248 986
249 134
249 189
249 455
249 579
249 853
249 889
249 920
249 992
249 996
250 27
250 56
250 121
250 179
250 280
250 511
250 560
250 651
250 713
251 48
251 413
251 514
251 694
251 723
251 767
251 781
251 913
251 930
251 976
252 358
252 396
252 397
252 476
252 593
252 655
252 690
252 874
252 891
253 41
253 77
253 88
253 486
253 503
253 542
253 549
253 591
253 654
253 657
253 702
253 801
253 891
254 77
254 185
254 187
254 233
254 415
254 448
254 453
254 595
254 614
254 675
254 859
254 884
254 886
255 104
255 268
255 336
255 392
255 526
255 543
255 694
255 701
255 704
255 719
255 726
255 758
255 865
256 76
256 230
256 231
256 238
256 535
256 632
256 684
257 105
257 125
257 222
257 255
257 284
257 420
257 714
257 731
257 798
258 159
258 160
258 178
258 630
258 719
258 751
258 806
258 830
258 983
259 12
259 13
259 41
259 56
259 79
259 127
259 210
259 277
259 367
259 441
259 443
259 630
259 735
259 744
259 853
259 877
260 28
260 44
260 61
260 96
260 118
260 189
260 212
260 443
260 486
260 583
260 597
260 688
261 38
261 71
261 447
261 509
261 560
261 581
261 670
261 778
262 74
262 223
262 278
262 313
262 553
262 564
262 597
262 682
262 692
262 834
262 965
262 979
263 127
263 180
263 196
263 294
263 432
263 444
263 530
263 571
263 607
263 625
263 656
263 737
263 770
263 860
264 18
264 21
264 79
264 186
264 255
264 315
264 405
264 565
264 910
265 53
265 183
265 211
265 442
265 511
265 624
265 831
265 931
266 143
266 151
266 218
266 252
266 273
266 433
266 459
266 471
266 513
266 830
266 987
266 998
267 98
267 323
267 570
267 695
267 736
267 859
268 317
268 356
268 372
268 485
268 585
268 599
268 878
269 26
269 46
269 348
269 483
269 511
269 586
269 686
269 895
269 941
270 203
270 258
270 687
270 689
270 727
270 770
270 931
271 116
271 307
271 375
271 377
271 683
271 720
271 735
271 885
272 43
272 97
272 197
272 307
272 346
272 405
272 440
272 536
272 570
272 712
272 857
272 859
272 891
272 958
272 964
272 980
273 92
273 155
273 179
273 390
273 546
273 614
273 647
273 799
273 831
273 994
274 115
274 306
274 428
274 706
274 770
274 780
275 325
275 628
275 645
275 825
276 30
276 36
276 204
276 336
276 467
276 633
276 676
276 818
276 975
277 26
277 47
277 141
277 144
277 162
277 163
277 184
277 368
277 610
277 624
277 670
277 680
277 788
277 847
277 996
278 61
278 67
278 231
278 253
278 281
278 292
278 444
278 710
278 838
278 974
279 146
279 311
279 322
279 377
279 433
279 499
279 688
279 713
279 793
279 809
279 942
280 78
280 151
280 441
280 442
280 453
280 629
280 730
280 843
280 886
280 906
280 976
281 95
281 209
281 374
281 425
281 453
281 652
281 662
281 731
281 906
281 998
282 70
282 101
282 359
282 574
282 682
282 697
282 735
282 749
282 761
282 802
282 874
282 912
282 913
283 91
283 136
283 321
283 441
283 527
283 754
283 764
283 780
283 930
283 991
284 43
284 199
284 381
284 398
284 417
284 426
284 528
284 623
285 147
285 195
285 507
285 582
285 599
285 629
285 800
285 834
285 975
286 17
286 33
286 63
286 87
286 96
286 139
286 178
286 209
286 241
286 532
286 588
286 719
286 902
286 973
287 81
287 170
287 286
287 411
287 487
287 670
287 731
288 42
288 96
288 118
288 184
288 187
288 247
288 495
288 528
288 571
288 615
288 642
288 728
288 844
288 998
289 75
289 585
289 862
289 886
289 998
290 174
290 188
290 257
290 272
290 292
290 621
290 684
290 938
290 996
291 66
291 97
291 100
291 534
291 635
292 54
292 82
292 167
292 359
292 388
292 395
292 468
292 513
292 780
292 808
292 909
292 930
293 43
293 111
293 156
293 189
293 195
293 283
293 311
293 335
293 556
293 564
293 580
293 704
293 843
293 847
293 852
294 6
294 16
294 170
294 207
294 363
294 378
294 542
294 638
294 751
294 754
294 793
294 970
295 161
295 178
295 217
295 406
295 428
295 471
295 659
295 737
295 755
295 869
295 996
296 130
296 131
296 163
296 235
296 325
296 339
296 419
296 434
296 478
296 513
296 694
296 713
296 898
297 4
297 109
297 445
297 513
297 603
297 665
297 712
297 718
297 964
298 184
298 195
298 264
298 311
298 349
298 453
298 506
298 521
298 878
299 34
299 75
299 327
299 398
299 587
299 589
299 591
299 632
299 801
299 853
300 100
300 220
300 339
300 379
300 400
300 454
300 482
300 547
300 633
300 757
300 920
300 986
301 1
301 39
301 77
301 242
301 267
301 449
301 678
301 793
302 49
302 128
302 471
302 651
302 653
302 683
302 941
302 945
303 173
303 179
303 182
303 242
303 340
303 611
303 739
303 791
303 799
303 807
303 808
303 921
304 720
304 758
304 948
305 9
305 56
305 64
305 399
305 478
305 588
305 666
305 706
305 725
305 748
305 868
306 30
306 208
306 266
306 272
306 392
306 400
306 551
306 561
307 60
307 175
307 340
307 724
307 923
307 994
308 123
308 373
308 419
308 442
308 666
308 896
308 928
308 954
308 956
309 7
309 47
309 212
309 368
309 425
309 477
309 493
309 633
309 741
309 772
309 887
309 932
310 42
310 111
310 155
310 209
310 459
310 568
310 620
310 740
310 786
310 801
310 904
311 308
311 346
311 565
311 596
311 708
311 746
311 775
311 867
311 900
312 264
312 284
312 429
312 499
312 567
312 575
312 587
312 736
312 799
312 944
312 958
313 26
313 184
313 194
313 503
313 649
313 675
313 906
313 973
313 981
313 995
314 37
314 69
314 351
314 424
314 602
314 871
314 898
314 954
314 968
314 970
315 14
315 51
315 371
315 453
315 534
315 607
315 849
315 951
316 15
316 68
316 132
316 303
316 553
316 568
316 818
316 842
317 138
317 247
317 389
317 413
317 477
317 574
317 743
317 748
317 758
317 868
318 39
318 212
318 447
318 567
318 681
318 852
319 284
319 371
319 385
319 427
319 663
319 770
319 839
319 914
320 1
320 239
320 276
320 392
320 530
320 609
320 724
320 783
320 791
320 830
321 216
321 248
321 344
321 357
321 438
321 578
321 698
321 917
321 993
322 127
322 218
322 551
322 710
322 838
322 975
323 95
323 178
323 193
323 338
323 401
323 453
323 461
323 511
323 682
324 80
324 167
324 225
324 227
324 246
324 267
324 282
324 395
324 412
324 519
324 540
324 786
324 875
325 5
325 8
325 169
325 224
325 255
325 267
325 409
325 549
325 734
325 822
326 359
326 437
326 459
326 521
326 530
326 695
326 761
327 392
327 489
328 135
328 354
328 382
328 390
328 402
328 518
328 528
328 547
328 574
328 760
328 792
328 807
328 892
329 87
329 222
329 529
329 562
329 638
329 798
329 803
329 901
330 39
330 186
330 318
330 662
330 669
330 676
330 730
330 895
330 924
330 936
331 27
331 230
331 240
331 295
331 441
331 443
331 582
331 641
331 730
331 747
331 766
331 776
331 874
331 901
331 917
332 70
332 165
332 390
332 613
332 614
332 632
332 698
332 831
332 890
332 919
332 983
332 989
332 994
333 210
333 713
333 760
333 830
334 110
334 159
334 292
334 395
334 418
334 428
334 482
334 618
334 676
335 6
335 68
335 111
335 315
335 488
335 628
335 703
335 826
335 832
336 79
336 158
336 543
336 558
336 572
336 582
336 934
336 955
337 19
337 42
337 296
337 324
337 456
337 689
337 883
337 929
337 951
338 194
338 220
338 313
338 384
338 388
338 595
338 604
338 627
338 635
338 794
338 823
338 850
338 856
338 915
338 995
339 120
339 148
339 267
339 456
339 496
339 717
339 805
339 873
340 30
340 61
340 148
340 243
340 348
340 354
340 358
340 392
340 677
340 819
340 852
340 859
341 98
341 324
341 330
341 391
341 402
341 545
341 846
341 891
342 18
342 76
342 172
342 458
342 533
342 631
342 736
342 768
342 815
342 842
342 866
342 883
342 910
342 922
343 49
343 63
343 119
343 122
343 220
343 288
343 404
343 417
343 578
343 613
343 800
343 900
343 929
344 11
344 45
344 92
344 323
344 414
344 506
344 542
344 584
344 923
344 925
344 927
345 14
345 192
345 225
345 304
345 329
345 374
345 712
345 891
346 10
346 59
346 94
346 280
346 284
346 451
346 813
346 867
346 944
347 13
347 133
347 201
347 311
347 464
347 520
347 661
347 769
347 853
347 864
347 898
347 913
348 183
348 220
348 344
348 358
348 391
348 741
349 60
349 126
349 151
349 200
349 202
349 251
349 381
349 507
349 512
349 626
349 683
349 826
349 888
349 903
349 977
350 37
350 102
350 105
350 109
350 114
350 375
350 387
350 426
350 429
350 441
350 706
350 717
350 852
350 856
350 981
351 60
351 149
351 155
351 166
351 409
351 447
351 481
351 683
351 743
351 812
351 864
351 929
352 77
352 127
352 143
352 426
352 563
352 677
352 709
352 725
352 738
352 912
352 983
353 49
353 118
353 191
353 371
353 483
353 528
353 533
353 648
353 815
353 966
353 969
353 971
354 194
354 234
354 335
354 399
354 412
354 458
354 481
354 553
354 649
354 662
354 802
354 810
354 851
354 898
354 912
354 931
354 969
355 61
355 178
355 218
355 596
355 613
355 905
355 928
356 241
356 526
356 607
356 663
356 760
356 817
356 850
356 939
357 259
357 269
357 277
357 289
357 611
357 643
357 753
357 855
357 907
358 31
358 200
358 353
358 399
358 436
358 477
358 585
358 623
358 813
358 841
359 143
359 247
359 399
359 513
359 537
359 562
359 566
360 81
360 111
360 209
360 461
360 541
360 857
361 59
361 115
361 215
361 293
361 296
361 450
361 641
361 686
361 711
361 734
361 750
361 834
361 922
361 966
362 27
362 327
362 363
362 383
362 400
362 555
362 650
362 735
362 745
362 756
362 827
362 912
363 2
363 41
363 47
363 155
363 183
363 197
363 249
363 353
363 408
363 553
363 569
363 736
363 778
363 856
363 967
364 17
364 258
364 302
364 548
364 587
364 794
364 873
364 955
365 12
365 170
365 197
365 317
365 330
365 340
365 621
365 629
365 672
365 749
365 796
365 878
365 972
366 22
366 83
366 139
366 253
366 273
366 387
366 437
366 504
366 509
366 637
366 724
366 725
366 814
366 945
366 959
366 982
367 98
367 122
367 135
367 171
367 198
367 323
367 330
367 338
367 482
367 793
367 808
368 49
368 82
368 173
368 219
368 223
368 242
368 280
368 354
368 360
368 478
368 480
368 488
368 693
368 711
368 892
368 967
369 17
369 87
369 129
369 141
369 173
369 194
369 324
369 379
369 554
369 611
369 735
369 758
370 4
370 151
370 613
370 796
370 826
370 890
371 16
371 26
371 31
371 58
371 149
371 479
371 836
371 966
371 990
372 108
372 125
372 397
372 488
372 703
372 747
372 757
372 845
372 846
372 993
373 153
373 223
373 350
373 553
373 559
373 565
373 592
373 600
373 661
373 797
373 953
374 40
374 109
374 137
374 217
374 335
374 351
374 910
375 107
375 289
375 399
375 521
375 726
375 746
375 760
376 8
376 214
376 299
376 302
376 504
376 534
376 603
376 687
376 703
376 904
377 153
377 159
377 168
377 305
377 332
377 683
377 719
377 726
377 789
377 863
378 29
378 96
378 99
378 144
378 235
378 341
378 480
378 581
378 608
378 696
378 808
379 11
379 61
379 169
379 261
379 373
379 391
379 485
379 557
379 639
379 745
379 761
379 903
379 919
380 87
380 308
380 404
380 442
380 602
380 609
380 659
380 720
380 803
380 915
380 960
380 968
381 131
381 170
381 273
381 370
381 440
381 511
381 536
381 568
381 637
381 804
381 831
381 950
382 117
382 306
382 392
382 685
382 727
382 885
382 947
383 115
383 129
383 307
383 337
383 372
383 409
383 556
383 598
383 674
383 785
383 891
384 9
384 72
384 266
384 498
384 506
384 530
384 652
384 767
385 26
385 562
385 579
385 595
385 624
385 713
386 99
386 332
386 350
386 461
386 462
386 472
386 552
386 601
386 662
386 798
386 833
386 874
386 915
386 916
387 30
387 38
387 64
387 123
387 229
387 238
387 822
387 928
387 994
388 40
388 101
388 207
388 317
388 335
388 363
388 503
388 759
388 911
388 923
388 927
388 932
388 978
389 62
389 84
389 290
389 418
389 447
389 467
389 477
389 490
389 495
389 557
389 599
389 645
389 707
389 836
389 996
390 7
390 273
390 469
390 559
390 803
390 846
390 873
391 9
391 224
391 263
391 384
391 470
391 559
391 606
391 624
391 734
391 772
391 947
392 214
392 269
392 429
392 489
392 771
392 797
392 801
392 809
393 122
393 205
393 424
393 489
393 508
393 567
393 598
393 631
393 642
393 757
393 991
393 996
394 66
394 271
394 427
394 617
394 677
394 910
394 938
395 226
395 286
395 531
395 607
395 868
395 916
395 943
395 945
395 994
396 39
396 42
396 582
396 741
396 751
396 944
397 84
397 202
397 230
397 285
397 424
397 714
397 751
398 330
398 443
398 623
398 752
398 783
398 799
398 812
398 843
398 943
398 992
399 36
399 56
399 107
399 123
399 161
399 278
399 467
399 567
399 568
399 653
399 857
399 996
400 27
400 79
400 80
400 286
400 343
400 546
400 619
400 870
400 924
401 22
401 332
401 412
401 560
401 838
401 966
402 2
402 324
402 328
402 615
402 621
402 639
402 940
403 31
403 62
403 118
403 223
403 284
403 289
403 343
403 373
403 396
403 415
403 460
403 663
403 688
403 708
403 900
404 110
404 127
404 349
404 520
404 543
404 653
404 813
404 835
404 851
405 27
405 384
405 458
405 480
405 508
405 591
405 664
405 748
405 803
405 932
406 147
406 155
406 235
406 277
406 336
406 365
406 551
406 608
406 700
406 879
406 893
407 69
407 237
407 403
407 458
407 511
407 555
407 711
407 737
407 915
407 958
407 965
408 215
408 399
408 443
408 701
408 816
409 137
409 177
409 277
409 585
409 862
409 865
409 913
410 16
410 202
410 238
410 307
410 369
410 647
410 650
410 651
410 709
410 803
411 47
411 109
411 126
411 140
411 150
411 170
411 237
411 302
411 627
411 722
412 28
412 139
412 140
412 190
412 220
412 311
412 554
412 863
412 891
412 911
413 28
413 82
413 219
413 276
413 532
413 685
413 726
413 846
413 878
413 908
414 328
414 350
414 381
414 462
414 484
414 773
414 880
414 902
415 9
415 103
415 142
415 158
415 220
415 274
415 283
415 302
415 487
415 620
415 682
415 778
416 52
416 134
416 242
416 297
416 329
416 418
416 502
416 573
416 882
416 975
417 262
417 297
417 382
417 428
417 537
417 625
417 638
417 831
417 850
417 862
417 868
417 959
418 103
418 575
418 576
418 783
418 820
418 836
418 865
418 982
419 17
419 38
419 307
419 379
419 472
419 581
419 681
419 700
419 715
419 743
419 860
419 862
419 863
420 78
420 242
420 301
420 304
420 453
420 458
420 551
420 711
420 755
421 75
421 81
421 87
421 116
421 505
421 922
422 70
422 135
422 224
422 238
422 359
422 497
422 534
422 678
422 742
423 23
423 59
423 203
423 260
423 368
423 646
423 761
423 779
423 831
423 871
423 875
424 39
424 63
424 117
424 154
424 174
424 229
424 314
424 362
424 508
424 518
424 711
424 860
424 901
425 4
425 295
425 323
425 335
425 541
425 688
425 701
425 714
425 830
425 852
426 10
426 346
426 363
426 403
426 449
426 481
426 580
426 629
426 729
426 836
426 989
427 82
427 127
427 229
427 601
427 672
427 687
427 709
427 751
428 38
428 80
428 123
428 137
428 256
428 382
428 390
428 487
428 625
428 630
428 648
428 817
428 909
429 43
429 207
429 345
429 761
429 779
429 839
429 893
429 950
430 45
430 198
430 214
430 215
430 280
430 332
430 370
430 426
431 128
431 177
431 182
431 267
431 398
431 404
431 481
431 540
431 551
431 627
431 628
431 705
432 4
432 150
432 184
432 261
432 416
432 462
432 558
432 575
432 671
432 685
432 727
432 761
432 784
432 785
433 16
433 252
433 280
433 382
433 760
433 868
433 869
433 906
434 11
434 103
434 232
434 287
434 334
434 483
434 523
434 577
434 615
434 627
434 747
434 858
434 868
435 11
435 211
435 500
435 686
435 765
435 901
435 959
436 101
436 135
436 209
436 272
436 520
436 521
436 530
436 601
436 743
436 844
436 889
436 901
437 70
437 211
437 316
437 493
437 603
437 647
437 649
438 39
438 316
438 349
438 406
438 638
438 826
438 865
438 927
438 953
439 12
439 226
439 240
439 262
439 384
439 652
439 840
439 881
439 915
440 102
440 114
440 221
440 265
440 336
440 461
440 594
440 637
440 789
440 923
441 39
441 190
441 293
441 391
441 719
441 951
442 62
442 112
442 123
442 138
442 143
442 198
442 235
442 242
442 331
442 340
442 359
442 487
442 508
442 652
443 166
443 205
443 341
443 374
443 391
443 394
443 658
443 776
443 815
443 883
444 201
444 398
444 561
444 604
444 724
445 151
445 525
445 951
446 60
446 99
446 303
446 546
446 563
446 592
446 763
446 851
446 870
446 898
447 146
447 299
447 329
447 605
447 722
447 906
447 923
448 18
448 71
448 181
448 240
448 505
448 535
448 851
448 884
448 962
449 310
449 558
449 583
449 641
449 736
449 815
449 877
450 13
450 222
450 247
450 281
450 374
450 456
450 486
450 665
450 743
450 774
450 821
450 976
451 285
451 322
451 400
451 502
451 710
451 731
451 912
451 962
451 972
452 19
452 147
452 212
452 215
452 325
452 347
452 397
452 515
452 567
452 629
452 634
452 761
452 763
452 772
452 813
453 62
453 235
453 260
453 281
453 307
453 343
453 392
453 497
453 598
453 602
453 634
453 649
453 654
453 707
453 751
453 803
453 866
453 928
453 948
454 90
454 278
454 480
454 517
455 16
455 45
455 153
455 277
455 318
455 399
455 454
455 459
455 481
455 539
455 562
455 680
455 696
455 703
455 988
456 7
456 30
456 145
456 211
456 277
456 283
456 288
456 536
456 592
456 619
456 657
456 714
456 932
456 981
457 1
457 67
457 445
457 567
457 609
457 635
457 663
457 709
457 806
457 844
458 162
458 180
458 398
458 447
458 567
458 661
458 686
458 809
458 833
458 997
459 33
459 53
459 182
459 709
459 856
459 992
460 63
460 100
460 185
460 233
460 250
460 283
460 323
460 458
460 589
460 677
460 679
460 810
460 832
460 859
461 23
461 59
461 96
461 137
461 289
461 333
461 413
461 421
461 512
461 533
461 840
461 872
461 958
462 14
462 123
462 321
462 406
462 529
462 594
462 856
462 864
462 878
462 898
463 68
463 208
463 364
463 497
463 618
463 705
463 707
463 721
463 763
463 870
464 20
464 88
464 168
464 266
464 326
464 366
464 388
464 418
464 572
464 599
464 703
464 799
464 856
464 906
464 911
465 142
465 186
465 329
465 362
465 366
465 503
465 889
465 952
466 102
466 212
466 450
466 503
466 542
466 567
466 882
467 69
467 113
467 209
467 471
467 497
467 555
467 655
467 770
467 818
467 918
468 73
468 180
468 281
468 313
468 350
468 383
468 448
468 559
468 575
468 648
468 714
468 749
469 12
469 80
469 122
469 191
469 396
469 587
469 646
469 669
469 683
469 695
469 730
469 783
469 899
470 152
470 170
470 577
470 618
470 783
471 36
471 582
471 601
471 658
471 799
472 86
472 106
472 169
472 471
472 481
472 591
472 630
472 682
472 935
472 962
473 167
473 376
473 390
473 408
473 754
473 830
473 948
473 953
474 10
474 13
474 110
474 157
474 199
474 279
474 287
474 328
474 393
474 394
474 415
474 630
474 729
474 869
475 83
475 110
475 119
475 219
475 370
475 435
475 494
475 553
475 569
475 940
475 976
476 81
476 585
476 614
476 698
476 705
476 736
476 750
476 760
476 823
477 334
477 357
477 412
477 439
477 506
477 693
477 776
478 81
478 166
478 199
478 634
478 653
478 675
478 832
478 837
478 844
478 881
479 53
479 133
479 309
479 354
479 358
479 451
479 491
479 497
479 501
479 626
479 634
479 892
479 943
480 24
480 32
480 126
480 185
480 329
480 406
480 475
480 667
480 677
480 702
481 44
481 131
481 174
481 210
481 273
481 352
481 385
481 424
481 441
481 442
481 675
481 706
481 711
481 963
482 20
482 157
482 199
482 268
482 427
482 493
482 527
482 544
482 836
483 7
483 30
483 58
483 176
483 188
483 211
483 363
483 404
483 684
483 706
483 763
483 773
483 877
484 4
484 93
484 261
484 268
484 417
484 542
484 774
484 886
484 923
485 102
485 171
485 206
485 288
485 297
485 339
485 433
485 647
485 656
485 738
485 740
485 793
486 172
486 243
486 248
486 280
486 281
486 302
486 467
486 681
486 702
486 821
486 836
486 901
486 952
487 21
487 71
487 86
487 139
487 287
487 320
487 390
487 473
487 706
487 714
487 984
487 993
488 32
488 40
488 75
488 159
488 256
488 279
488 354
488 372
488 520
488 526
488 729
488 755
488 809
488 953
489 32
489 38
489 45
489 74
489 158
489 296
489 345
489 349
489 404
489 407
489 605
489 713
489 734
489 913
489 953
489 987
490 43
490 77
490 90
490 120
490 125
490 200
490 257
490 314
490 410
490 597
490 609
490 827
490 893
490 916
491 153
491 345
491 375
491 470
491 487
491 529
491 533
491 597
491 639
491 793
491 906
491 968
492 99
492 160
492 177
492 201
492 277
492 319
492 431
492 471
492 475
492 540
492 547
492 684
492 724
492 742
492 754
492 789
492 845
492 859
492 887
492 944
493 150
493 189
493 210
493 567
493 619
493 743
493 845
493 941
494 34
494 224
494 230
494 250
494 580
494 752
494 773
494 834
494 990
495 196
495 490
495 602
495 643
495 699
495 834
495 849
495 853
495 960
496 29
496 41
496 171
496 223
496 252
496 265
496 303
496 465
496 505
496 580
496 763
496 867
497 77
497 122
497 249
497 251
497 402
497 438
497 496
497 532
497 545
497 568
497 587
497 780
497 818
497 920
498 31
498 122
498 178
498 265
498 280
498 416
498 590
498 662
498 706
498 712
498 739
498 814
498 826
498 852
499 70
499 191
499 371
499 484
499 490
499 697
499 710
499 757
500 76
500 203
500 220
500 311
500 452
500 468
500 696
500 746
500 867
500 961
501 20
501 182
501 349
501 390
501 556
501 557
502 104
502 212
502 261
502 263
502 417
502 668
502 820
502 825
502 923
502 946
503 121
503 469
503 629
503 685
503 734
503 777
503 885
503 972
504 37
504 47
504 105
504 257
504 327
504 390
504 418
504 627
504 684
504 768
504 981
505 85
505 137
505 200
505 284
505 346
505 409
505 435
505 517
505 639
505 657
505 684
505 888
505 941
506 11
506 18
506 227
506 305
506 494
506 497
506 519
506 581
506 668
506 903
507 131
507 349
507 377
507 464
507 486
507 642
507 754
507 918
507 937
508 111
508 309
508 359
508 413
508 414
508 444
508 464
508 515
508 567
508 616
508 655
508 845
508 912
508 935
508 971
509 139
509 201
509 224
509 316
509 485
509 500
509 760
509 767
509 810
509 844
509 902
510 120
510 175
510 270
510 369
510 468
510 594
510 733
510 812
511 19
511 39
511 70
511 279
511 325
511 729
511 777
511 897
511 980
512 22
512 323
512 358
512 507
512 606
512 669
512 788
512 902
512 923
513 8
513 61
513 179
513 205
513 215
513 253
513 258
513 340
513 348
513 502
513 556
513 603
513 751
513 985
514 53
514 106
514 174
514 370
514 495
514 602
514 665
514 667
514 721
515 17
515 21
515 53
515 120
515 143
515 217
515 218
515 472
515 514
515 520
515 719
515 746
515 860
515 912
515 994
516 152
516 160
516 161
516 203
516 338
516 457
516 548
516 729
516 776
516 958
516 963
516 988
517 255
517 376
517 476
517 483
517 639
517 670
517 739
517 740
517 913
517 991
518 9
518 166
518 206
518 282
518 300
518 408
518 424
518 457
518 506
518 636
518 703
518 709
518 896
518 921
518 957
519 117
519 167
519 222
519 318
519 360
519 755
520 50
520 338
520 688
520 704
520 934
521 172
521 287
521 534
521 535
521 549
521 720
521 739
521 850
521 922
521 952
522 120
522 266
522 285
522 575
522 578
522 597
522 689
523 8
523 42
523 50
523 52
523 599
523 740
523 780
523 927
524 60
524 279
524 305
524 378
524 601
524 628
524 630
524 661
524 735
524 758
524 906
524 912
525 1
525 61
525 194
525 357
525 674
525 732
525 755
525 932
526 68
526 87
526 88
526 99
526 240
526 251
526 648
526 654
526 786
526 893
527 38
527 356
527 483
527 589
527 602
527 723
527 915
527 943
528 26
528 30
528 116
528 189
528 639
528 649
528 789
529 73
529 284
529 361
529 640
530 22
530 106
530 242
530 254
530 305
530 555
530 620
530 658
530 893
531 42
531 66
531 101
531 266
531 644
531 645
531 718
531 970
531 983
532 124
532 265
532 277
532 504
532 526
532 665
532 804
532 888
532 941
533 8
533 91
533 125
533 256
533 401
533 456
533 524
533 582
533 648
533 766
533 797
534 12
534 122
534 148
534 290
534 306
534 316
534 438
534 513
534 713
534 782
534 784
534 850
534 852
534 857
535 38
535 130
535 168
535 507
535 586
535 662
535 742
535 949
535 954
536 149
536 164
536 209
536 286
536 497
536 517
536 661
536 794
536 819
536 894
536 947
536 976
537 132
537 157
537 165
537 384
537 463
537 473
537 488
537 495
537 500
537 642
537 940
538 90
538 241
538 520
538 613
538 770
538 787
539 123
539 161
539 261
539 368
539 383
539 458
539 525
539 632
539 795
539 819
540 241
540 568
540 603
540 630
540 776
540 833
540 949
540 970
540 986
541 158
541 402
541 405
541 441
541 466
541 492
541 629
541 648
541 795
541 851
541 884
542 72
542 386
542 471
542 514
542 576
542 711
542 717
542 870
542 963
543 27
543 110
543 412
543 520
543 549
543 621
543 818
543 876
544 69
544 108
544 195
544 206
544 286
544 295
544 298
544 317
544 324
544 331
544 339
544 522
544 709
544 735
545 7
545 196
545 212
545 487
545 680
545 792
545 840
545 915
546 154
546 185
546 431
546 455
546 730
546 864
546 881
546 887
547 162
547 297
547 469
547 807
548 19
548 89
548 225
548 428
548 430
548 496
548 576
548 664
548 698
548 735
548 803
548 947
549 98
549 252
549 276
549 422
549 667
549 796
549 868
549 916
549 945
550 35
550 105
550 132
550 168
550 334
550 397
550 531
550 549
550 667
550 800
550 953
551 73
551 86
551 139
551 161
551 167
551 239
551 376
551 430
551 487
551 496
551 517
551 886
551 980
552 94
552 261
552 271
552 292
552 316
552 350
552 474
552 652
552 690
552 790
552 834
552 864
552 980
553 243
553 306
553 354
553 486
553 516
553 570
553 662
553 665
553 815
554 43
554 100
554 214
554 220
554 418
554 478
554 595
554 641
554 745
554 779
554 859
555 10
555 106
555 132
555 267
555 323
555 329
555 393
555 493
555 896
555 937
555 948
556 148
556 210
556 324
556 369
556 371
556 441
556 499
556 628
556 754
556 838
556 911
556 964
557 73
557 85
557 129
557 133
557 143
557 260
557 274
557 352
557 353
557 554
557 635
557 857
557 894
557 991
558 22
558 108
558 231
558 236
558 341
558 471
558 533
558 618
558 755
558 790
558 895
558 923
559 5
559 320
559 642
559 817
559 882
559 919
560 56
560 58
560 391
560 646
560 668
560 825
560 828
560 882
561 186
561 377
561 424
561 466
561 518
561 787
561 848
561 925
561 971
562 12
562 38
562 188
562 239
562 245
562 315
562 492
562 773
562 927
563 4
563 40
563 96
563 172
563 212
563 216
563 345
563 360
563 544
563 567
563 583
563 613
563 706
563 732
563 843
563 940
563 946
563 982
564 361
564 391
564 493
564 524
564 588
564 786
564 835
564 978
565 63
565 135
565 137
565 150
565 175
565 639
565 808
565 849
565 966
566 267
566 777
566 858
566 983
567 12
567 76
567 173
567 251
567 423
567 571
567 645
567 730
567 893
567 995
568 93
568 199
568 334
568 335
568 430
568 452
568 583
568 584
568 764
568 796
569 29
569 115
569 168
569 199
569 230
569 380
569 503
569 526
569 532
569 834
570 16
570 212
570 478
570 678
570 722
570 754
570 774
570 893
570 986
570 993
571 225
571 284
571 434
571 553
571 564
571 858
571 972
572 38
572 71
572 459
572 550
572 746
573 41
573 60
573 79
573 231
573 284
573 303
573 352
573 481
573 562
573 638
573 666
573 754
573 830
573 861
574 47
574 60
574 125
574 139
574 391
574 441
574 478
574 480
574 546
574 596
574 744
574 841
574 976
575 5
575 82
575 115
575 187
575 224
575 250
575 340
575 372
575 478
575 480
575 527
575 578
575 593
575 859
575 987
576 199
576 324
576 527
576 772
576 814
576 873
576 883
576 904
577 138
577 143
577 171
577 327
577 433
577 548
577 653
577 677
577 956
578 60
578 135
578 322
578 509
578 678
578 967
579 58
579 261
579 782
579 961
580 19
580 39
580 108
580 460
580 471
580 481
580 606
580 687
580 701
580 729
580 963
580 971
581 82
581 288
581 406
581 456
581 485
581 543
581 667
581 850
582 97
582 168
582 272
582 275
582 292
582 323
582 392
582 778
583 57
583 347
583 602
583 739
583 825
583 903
583 938
583 995
584 34
584 43
584 64
584 68
584 111
584 180
584 225
584 287
584 350
584 373
584 434
584 524
584 597
584 651
584 887
584 923
584 926
584 929
584 956
584 982
585 713
586 38
586 73
586 313
586 455
586 703
586 737
586 991
587 67
587 185
587 414
587 474
587 732
587 893
588 78
588 138
588 224
588 292
588 388
588 634
588 637
588 834
589 264
589 312
589 388
589 430
589 515
589 683
589 779
589 850
589 992
590 58
590 183
590 322
590 432
590 601
590 620
590 673
590 718
590 785
590 851
591 83
591 203
591 206
591 272
591 442
591 588
591 613
591 660
591 742
591 870
591 941
591 976
591 980
592 79
592 104
592 241
592 394
592 406
592 876
592 969
593 50
593 313
593 484
593 497
593 524
593 626
593 702
593 821
593 962
593 979
594 96
594 102
594 217
594 304
594 358
594 572
594 701
594 740
594 946
595 23
595 69
595 94
595 97
595 127
595 142
595 175
595 228
595 332
595 458
595 461
595 581
595 668
595 706
595 834
595 863
595 952
596 150
596 203
596 255
596 269
596 329
596 561
596 567
596 719
596 742
596 747
597 286
597 336
597 370
597 456
597 500
597 508
597 635
597 731
597 934
598 116
598 143
598 244
598 316
598 389
598 687
598 731
598 839
598 852
598 982
599 5
599 537
599 609
599 712
599 966
599 977
600 40
600 105
600 156
600 180
600 202
600 647
600 669
600 721
600 862
601 45
601 124
601 242
601 319
601 379
601 427
601 482
602 59
602 136
602 173
602 542
602 689
602 860
602 934
602 970
603 213
603 307
603 508
603 687
603 923
603 973
603 988
604 83
604 341
604 590
604 651
604 667
604 672
604 950
605 20
605 372
605 459
605 517
605 581
605 585
605 590
605 635
605 755
605 824
605 879
606 6
606 30
606 74
606 82
606 95
606 200
606 336
606 412
606 660
606 694
606 699
606 742
606 938
606 942
607 46
607 123
607 139
607 168
607 179
607 309
607 407
607 434
607 437
607 529
607 582
607 670
607 710
607 757
607 877
607 886
607 888
608 15
608 128
608 185
608 200
608 205
608 356
608 377
608 396
608 409
608 472
608 523
608 537
608 555
608 586
608 637
608 672
608 782
608 784
608 785
608 812
609 37
609 313
609 337
609 384
609 419
609 456
609 797
609 815
609 832
609 958
609 977
610 110
610 197
610 268
610 560
610 566
610 682
610 826
610 898
610 995
611 53
611 111
611 156
611 210
611 346
611 362
611 371
611 505
611 567
611 650
611 767
611 800
611 811
612 15
612 54
612 103
612 114
612 394
612 462
612 497
612 514
612 529
612 542
612 776
612 856
612 964
613 61
613 174
613 299
613 304
613 399
613 407
613 584
613 628
613 629
613 673
613 693
613 806
613 888
613 941
614 23
614 139
614 177
614 199
614 320
614 344
614 374
614 429
614 480
614 600
614 710
614 877
614 922
615 37
615 234
615 356
615 726
615 744
615 843
616 182
616 229
616 333
616 623
616 627
616 805
616 899
617 56
617 159
617 333
617 520
617 538
617 573
617 654
617 961
617 980
618 13
618 125
618 166
618 167
618 244
618 363
618 446
618 480
618 896
619 209
619 229
619 264
619 368
619 450
619 632
619 665
619 768
619 778
619 939
620 120
620 174
620 224
620 487
620 607
620 722
620 727
620 757
620 793
621 44
621 65
621 122
621 169
621 171
621 423
621 438
621 565
621 618
621 721
622 49
622 133
622 356
622 411
622 474
622 511
622 820
622 850
623 21
623 27
623 88
623 366
623 465
623 658
623 837
623 842
623 843
623 881
623 890
623 908
623 913
624 40
624 88
624 207
624 235
624 345
624 392
624 499
624 551
624 590
624 749
624 931
625 67
625 138
625 148
625 161
625 213
625 235
625 457
625 525
625 705
625 707
625 714
625 747
625 756
625 907
626 39
626 74
626 121
626 188
626 244
626 349
626 377
626 381
626 421
626 532
626 545
626 557
626 571
626 676
626 881
627 170
627 280
627 378
627 582
627 603
627 613
627 732
627 873
627 887
628 87
628 128
628 225
628 326
628 429
628 513
628 527
628 581
628 594
628 655
628 704
628 711
628 793
628 794
628 838
628 871
629 105
629 408
629 413
629 420
629 448
629 673
629 753
629 762
629 810
629 861
630 171
630 326
630 388
630 430
630 599
630 705
630 762
630 840
631 99
631 165
631 304
631 402
631 502
631 594
631 635
631 652
631 656
631 757
631 922
631 992
632 22
632 133
632 369
632 405
632 419
632 421
632 453
632 469
632 530
632 565
632 627
632 653
632 664
632 721
632 799
632 905
632 971
633 207
633 403
633 531
633 643
633 646
633 698
633 725
633 729
633 791
633 815
633 922
634 61
634 62
634 186
634 214
634 219
634 303
634 333
634 366
634 397
634 468
634 489
634 598
634 757
634 955
635 163
635 325
635 646
635 845
635 906
635 969
636 112
636 219
636 234
636 253
636 305
636 364
636 404
636 544
636 554
636 582
636 624
636 684
636 747
636 749
636 782
636 910
637 53
637 194
637 254
637 787
637 791
638 281
638 285
638 380
638 417
638 473
638 879
638 925
639 102
639 246
639 278
639 392
639 654
639 935
639 938
639 976
640 116
640 193
640 220
640 470
640 494
640 607
640 686
640 736
640 777
640 887
641 45
641 48
641 115
641 366
641 407
641 486
641 493
641 536
641 569
641 598
641 619
641 636
641 677
641 790
641 839
641 910
641 940
642 103
642 251
642 322
642 370
642 421
642 495
642 534
642 602
642 603
642 724
642 937
643 156
643 205
643 289
643 345
643 444
643 478
643 509
643 550
643 771
643 841
644 101
644 102
644 110
644 193
644 198
644 274
644 465
644 676
644 747
644 835
644 876
644 878
644 953
645 378
645 384
645 441
645 574
645 711
646 101
646 183
646 249
646 276
646 283
646 295
646 324
646 499
646 719
646 734
646 971
647 157
647 561
647 839
647 925
647 946
647 985
648 35
648 163
648 194
648 318
648 418
648 479
648 516
648 614
648 627
648 782
648 898
648 988
649 89
649 120
649 229
649 432
649 543
649 652
649 700
649 766
649 810
649 890
649 959
650 10
650 43
650 117
650 483
650 518
650 746
650 770
650 875
650 881
651 128
651 181
651 432
651 474
651 587
651 680
651 706
651 897
652 134
652 136
652 196
652 311
652 385
652 452
652 522
652 604
652 608
652 641
652 764
652 770
652 849
652 930
653 15
653 73
653 124
653 215
653 405
653 429
653 522
653 629
653 645
653 759
653 841
654 19
654 73
654 306
654 312
654 368
654 444
654 445
654 527
654 528
654 546
654 549
654 551
654 575
654 582
654 784
654 904
655 131
655 142
655 520
655 521
655 605
655 636
655 679
655 718
655 816
655 829
655 843
655 894
655 918
656 47
656 57
656 148
656 188
656 223
656 528
656 652
656 826
656 931
657 174
657 362
657 474
657 650
657 731
657 812
657 849
657 870
658 5
658 91
658 122
658 123
658 133
658 686
658 766
658 772
658 858
658 876
658 911
659 208
659 510
659 630
660 179
660 336
660 430
660 603
660 673
660 721
660 819
660 897
660 928
661 31
661 115
661 117
661 209
661 374
661 492
661 868
661 964
661 990
662 61
662 105
662 299
662 603
662 839
662 874
663 43
663 148
663 161
663 174
663 366
663 390
663 404
663 532
663 583
663 611
663 813
663 827
663 886
664 173
664 525
664 703
664 714
664 794
664 844
664 995
665 428
665 461
665 658
665 671
665 725
665 747
665 772
665 789
665 966
666 14
666 73
666 237
666 324
666 329
666 398
666 399
666 496
666 595
666 600
666 689
666 823
666 889
667 180
667 228
667 373
667 440
667 587
667 628
667 664
667 819
667 885
667 958
667 993
668 75
668 130
668 267
668 307
668 580
668 760
668 820
668 866
668 883
668 968
668 970
669 168
669 310
669 363
669 554
669 563
669 622
669 687
669 707
669 845
669 873
669 973
669 989
670 125
670 144
670 158
670 536
670 651
670 763
671 101
671 106
671 156
671 339
671 396
671 646
671 728
672 70
672 133
672 177
672 194
672 209
672 251
672 337
672 364
672 584
672 797
672 979
673 119
673 212
673 396
673 438
673 547
673 548
673 713
673 721
673 807
673 937
674 9
674 87
674 117
674 205
674 668
674 899
674 995
675 7
675 38
675 225
675 694
675 717
675 759
675 881
676 274
676 371
676 389
676 716
676 727
676 794
676 885
676 967
677 513
677 571
677 580
677 724
677 758
677 862
677 868
677 872
678 89
678 230
678 328
678 465
678 544
678 600
678 862
679 249
679 401
679 403
679 464
679 643
679 828
680 39
680 63
680 81
680 147
680 157
680 527
680 528
680 552
680 629
680 892
681 51
681 85
681 242
681 257
681 301
681 320
681 368
681 719
681 789
682 8
682 159
682 197
682 310
682 311
682 358
682 390
682 422
682 574
682 632
682 739
682 948
682 955
683 91
683 130
683 151
683 173
683 191
683 306
683 370
683 378
683 433
683 458
683 575
683 628
683 642
683 751
683 759
683 793
683 917
684 91
684 97
684 178
684 298
684 348
684 741
684 819
684 936
685 188
685 278
685 308
685 371
685 443
685 456
685 614
685 618
685 802
685 833
685 939
686 30
686 57
686 84
686 116
686 255
686 298
686 317
686 368
686 672
686 810
686 998
687 13
687 211
687 510
687 539
687 583
687 716
687 717
687 760
687 898
688 108
688 160
688 281
688 778
688 997
689 129
689 184
689 189
689 198
689 204
689 265
689 495
689 584
689 837
690 244
690 438
690 512
690 607
690 631
690 812
690 917
691 119
691 274
691 362
691 387
691 457
691 528
691 738
691 755
691 885
691 888
691 896
691 964
691 975
692 299
692 413
692 663
692 760
692 783
692 808
692 906
693 11
693 36
693 131
693 242
693 307
693 375
693 408
693 568
693 585
693 909
693 942
694 419
694 425
694 533
694 948
694 971
694 973
695 11
695 44
695 90
695 126
695 146
695 237
695 270
695 302
695 461
695 541
695 677
695 731
695 950
695 968
696 363
696 437
696 789
696 864
696 868
696 961
696 979
697 71
697 86
697 121
697 373
697 396
697 406
697 428
697 487
697 619
697 653
697 937
698 3
698 117
698 323
698 493
698 612
698 646
698 651
698 755
698 872
698 885
699 121
699 164
699 265
699 305
699 462
699 472
699 484
699 573
699 750
699 931
700 285
700 329
700 427
700 428
700 536
700 632
700 677
700 714
701 261
701 445
701 454
701 525
701 655
701 660
701 663
701 707
701 800
701 847
701 960
702 164
702 178
702 337
702 357
702 382
702 420
702 454
702 476
702 550
702 591
702 624
702 674
702 715
702 816
702 927
702 972
703 59
703 171
703 174
703 384
703 443
703 449
704 72
704 103
704 484
704 545
704 555
704 718
704 809
704 873
704 906
704 941
705 62
705 174
705 236
705 239
705 441
705 679
705 693
705 785
705 813
705 983
706 76
706 139
706 203
706 436
706 570
706 643
706 956
706 977
707 16
707 378
707 460
707 476
707 553
707 606
707 957
708 51
708 63
708 133
708 247
708 596
708 714
708 829
708 843
709 34
709 110
709 191
709 287
709 348
709 431
709 448
709 621
709 718
709 863
709 873
710 94
710 102
710 160
710 220
710 222
710 285
710 312
710 335
710 701
710 767
710 774
710 780
710 849
711 47
711 177
711 184
711 221
711 307
711 568
711 621
711 715
711 755
711 756
711 791
712 63
712 233
712 403
712 411
712 492
712 679
712 709
712 875
712 964
713 27
713 74
713 266
713 343
713 344
713 346
713 408
713 441
713 733
714 136
714 169
714 277
714 325
714 373
714 461
714 553
714 564
714 648
714 652
714 673
714 740
714 981
715 6
715 35
715 103
715 136
715 316
715 475
715 496
715 499
715 541
715 593
715 616
715 629
715 675
715 771
715 971
716 13
716 19
716 282
716 308
716 416
716 566
716 689
716 812
716 822
716 974
717 19
717 43
717 95
717 172
717 188
717 285
717 362
717 604
717 608
717 719
717 810
717 839
717 997
718 42
718 74
718 125
718 315
718 355
718 459
718 569
718 600
718 610
718 642
718 793
719 164
719 189
719 282
719 372
719 455
719 697
719 718
719 744
719 791
719 887
719 934
720 82
720 216
720 621
720 655
720 656
720 827
720 834
721 190
721 307
721 326
721 338
721 351
721 410
721 528
721 543
721 564
721 613
721 772
721 831
721 897
721 943
722 395
722 731
722 878
723 66
723 128
723 300
723 388
723 469
723 480
723 574
723 630
723 658
723 752
723 810
723 841
723 926
724 34
724 54
724 79
724 130
724 148
724 310
724 594
724 728
724 782
724 828
725 80
725 427
725 476
725 497
725 535
725 542
725 583
725 821
725 935
726 65
726 86
726 103
726 314
726 334
726 378
726 401
726 403
726 442
726 480
726 733
726 800
726 888
726 911
726 950
727 127
727 151
727 169
727 269
727 399
727 494
727 513
727 670
727 779
727 800
727 871
727 882
728 320
728 400
728 423
728 569
728 617
728 619
728 790
728 908
728 946
729 222
729 226
729 300
729 337
729 393
729 483
729 534
729 591
729 653
729 679
729 892
730 21
730 75
730 88
730 300
730 428
730 469
730 554
730 619
730 644
730 852
730 935
730 951
731 131
731 156
731 313
731 370
731 495
731 537
731 544
731 702
731 782
731 841
732 360
732 492
732 509
732 725
732 803
733 142
733 281
733 330
733 471
733 528
733 573
733 695
733 697
733 808
733 815
733 855
734 101
734 365
734 401
734 714
734 738
734 888
735 223
735 348
735 399
735 440
735 447
735 891
735 916
736 107
736 129
736 155
736 208
736 303
736 342
736 368
736 403
736 410
736 450
736 576
736 623
736 655
736 666
736 708
736 715
736 735
736 754
736 849
736 865
736 923
736 942
736 946
736 965
736 987
737 41
737 204
737 303
737 341
737 607
737 673
737 760
737 802
737 936
737 986
738 30
738 36
738 204
738 228
738 305
738 383
738 385
738 431
738 441
738 468
738 534
738 598
738 608
738 672
738 809
738 897
739 104
739 146
739 188
739 321
739 483
739 491
739 712
739 718
739 740
739 907
739 947
740 28
740 81
740 118
740 344
740 465
740 486
740 493
740 513
740 559
740 851
740 870
740 906
740 971
741 239
741 365
741 427
741 616
741 620
741 744
741 785
741 874
741 976
741 995
742 162
742 166
742 195
742 223
742 447
743 118
743 163
743 211
743 260
743 334
743 403
743 413
743 472
743 686
743 700
743 784
743 918
743 986
744 99
744 189
744 232
744 261
744 385
744 473
744 477
744 516
745 24
745 38
745 448
745 484
745 769
745 789
745 900
745 905
746 66
746 98
746 150
746 279
746 293
746 317
746 327
746 467
746 475
747 117
747 141
747 170
747 225
747 264
747 342
747 364
747 414
747 487
747 511
747 602
747 639
747 967
747 986
748 88
748 135
748 143
748 160
748 243
748 366
748 550
748 726
748 839
748 866
749 208
749 305
749 392
749 442
749 488
749 662
749 708
749 759
749 829
749 849
749 857
750 296
750 300
750 404
750 532
750 544
750 557
750 618
750 640
750 646
750 702
750 720
750 791
750 829
750 834
750 836
750 912
751 54
751 97
751 242
751 314
751 404
751 485
751 720
752 24
752 41
752 58
752 102
752 133
752 338
752 373
752 401
752 414
752 570
752 656
752 659
752 850
752 856
752 976
753 248
753 290
753 415
753 436
753 507
753 521
753 750
753 854
753 883
753 937
754 60
754 102
754 143
754 164
754 293
754 384
754 391
754 415
754 452
754 472
754 476
754 547
754 577
754 640
754 869
754 956
755 43
755 196
755 340
755 375
755 422
755 577
755 594
755 641
755 658
755 731
755 865
755 926
755 978
756 146
756 327
756 459
756 595
756 649
756 657
756 659
756 816
756 882
756 884
756 898
756 983
757 41
757 81
757 109
757 127
757 473
757 548
757 587
757 909
758 42
758 112
758 277
758 408
758 430
758 651
758 764
758 815
759 60
759 212
759 485
759 520
759 753
759 822
759 853
759 900
760 121
760 129
760 279
760 381
760 474
760 523
760 541
760 793
760 857
760 870
760 970
761 35
761 255
761 310
761 322
761 388
761 400
761 837
762 9
762 20
762 114
762 164
762 180
762 202
762 444
762 507
762 627
762 700
762 773
762 960
763 4
763 125
763 247
763 333
763 454
763 480
763 499
763 650
763 772
763 922
764 232
764 245
764 361
764 612
764 644
764 688
764 716
764 829
764 860
765 327
765 405
765 596
765 794
765 800
765 945
765 985
765 988
766 25
766 69
766 72
766 73
766 179
766 262
766 286
766 361
766 436
766 702
766 713
766 849
767 15
767 191
767 229
767 311
767 408
767 498
767 556
767 608
767 697
767 755
767 834
767 979
768 59
768 173
768 326
768 422
768 458
768 481
768 699
768 734
768 973
769 103
769 210
769 367
769 426
769 429
769 479
769 549
769 659
769 676
769 799
769 934
769 990
770 136
770 150
770 204
770 314
770 352
770 398
770 404
770 419
770 440
770 719
770 855
770 856
770 857
771 38
771 105
771 192
771 195
771 399
771 421
771 557
771 618
771 883
772 98
772 417
772 628
772 654
772 724
772 789
772 823
772 826
772 887
773 72
773 343
773 474
773 706
774 65
774 125
774 200
774 297
774 362
774 499
774 502
774 638
774 884
774 894
774 928
774 939
774 964
775 78
775 168
775 244
775 287
775 294
775 423
775 446
775 588
775 618
775 647
775 683
775 755
775 804
775 889
775 933
775 981
775 984
776 31
776 203
776 403
776 442
776 495
776 540
776 556
776 623
776 978
777 84
777 365
777 386
777 501
777 598
777 609
777 679
777 732
777 753
777 766
777 889
777 959
778 125
778 126
778 158
778 449
778 577
778 978
779 18
779 107
779 187
779 231
779 328
779 339
779 381
779 596
779 645
779 846
779 991
780 88
780 246
780 292
780 402
780 447
780 533
780 608
780 633
780 641
780 892
781 68
781 212
781 357
781 411
781 457
781 494
781 502
781 545
781 587
781 588
781 605
781 630
781 798
781 832
781 875
782 54
782 145
782 177
782 213
782 267
782 283
782 312
782 384
782 532
782 541
782 562
782 632
782 850
782 892
782 910
783 25
783 30
783 111
783 188
783 297
783 367
783 418
783 603
783 637
783 724
783 864
783 885
783 931
783 957
783 996
784 211
784 391
784 442
784 585
784 805
784 962
785 102
785 110
785 193
785 208
785 239
785 378
785 421
785 426
785 490
785 499
785 658
785 754
785 887
786 46
786 83
786 136
786 248
786 302
786 308
786 353
786 430
786 503
786 516
786 523
786 846
787 122
787 443
787 494
787 508
787 781
787 792
787 869
787 888
787 896
787 913
787 997
788 12
788 146
788 223
788 249
788 322
788 400
788 563
788 564
788 667
788 676
788 818
788 975
789 6
789 69
789 189
789 244
789 648
789 709
790 10
790 263
790 582
791 49
791 74
791 272
791 561
791 576
791 714
791 720
791 756
792 125
792 142
792 159
792 182
792 355
792 493
792 807
792 844
792 863
793 8
793 311
793 319
793 454
793 460
793 489
793 611
793 627
793 645
793 727
793 894
793 951
794 1
794 19
794 77
794 172
794 297
794 315
794 429
794 716
794 753
794 992
795 152
795 347
795 351
795 595
795 870
795 911
795 976
796 15
796 41
796 106
796 347
796 479
796 591
796 634
796 661
796 716
796 721
796 737
796 816
797 8
797 110
797 111
797 355
797 370
797 588
797 985
798 70
798 151
798 385
798 558
798 645
798 682
798 831
799 84
799 100
799 122
799 174
799 188
799 300
799 564
799 638
799 774
799 851
799 879
799 898
799 977
799 993
800 25
800 122
800 143
800 161
800 273
800 360
800 393
800 440
800 508
800 553
800 740
800 890
801 19
801 167
801 174
801 222
801 720
801 764
801 783
801 926
801 949
802 7
802 8
802 13
802 25
802 226
802 327
802 367
802 375
802 403
802 507
802 581
802 664
802 767
802 809
802 879
802 956
803 79
803 208
803 387
803 531
803 535
803 693
803 737
803 782
803 937
804 35
804 61
804 232
804 328
804 459
804 463
804 478
804 523
804 636
804 651
804 778
804 867
804 982
804 993
805 163
805 286
805 350
805 389
805 583
805 603
805 608
805 642
805 666
805 688
805 770
805 913
805 992
806 39
806 89
806 313
806 400
806 516
806 562
806 569
806 618
806 723
806 764
806 928
807 121
807 379
807 449
807 522
807 548
807 641
807 673
807 903
808 30
808 98
808 121
808 211
808 219
808 257
808 313
808 414
808 466
808 491
808 644
808 686
808 732
808 796
808 844
808 946
808 965
808 980
809 3
809 23
809 27
809 34
809 153
809 208
809 302
809 879
809 937
809 950
809 996
810 171
810 220
810 494
810 514
810 634
810 755
811 147
811 520
811 548
811 627
811 785
811 797
811 855
811 963
812 42
812 52
812 238
812 619
813 251
813 376
813 595
813 850
813 904
813 971
814 150
814 166
814 534
814 647
814 654
814 871
814 986
815 25
815 90
815 277
815 284
815 296
815 325
815 338
815 348
815 349
815 447
815 471
815 987
816 24
816 59
816 65
816 106
816 113
816 136
816 245
816 300
816 301
816 368
816 441
816 572
816 725
816 795
816 998
817 62
817 136
817 225
817 324
817 508
817 513
817 895
818 25
818 90
818 141
818 178
818 287
818 398
818 602
818 661
818 667
818 901
818 905
819 5
819 419
819 473
819 513
819 520
819 580
819 841
819 991
820 68
820 140
820 267
820 412
820 626
820 673
820 742
820 954
821 134
821 137
821 140
821 267
821 559
821 592
821 680
821 755
821 808
821 881
822 119
822 237
822 281
822 295
822 569
822 664
822 702
822 750
822 791
822 908
823 5
823 163
823 177
823 319
823 359
823 394
823 590
823 858
823 989
824 45
824 190
824 243
824 296
824 320
824 328
824 504
824 795
825 89
825 125
825 305
825 351
825 374
825 516
825 792
826 19
826 81
826 107
826 182
826 205
826 276
826 401
826 453
826 505
826 650
826 701
826 772
827 177
827 480
827 497
827 689
827 783
827 802
827 938
827 953
828 79
828 189
828 358
828 459
828 602
828 886
828 992
829 175
829 266
829 276
829 361
829 502
829 507
829 625
829 640
829 670
829 696
829 729
829 730
829 861
829 993
830 101
830 261
830 373
830 468
830 513
830 554
830 569
830 644
830 694
830 713
830 803
830 810
830 854
830 929
830 946
831 212
831 306
831 514
831 573
831 715
831 779
831 853
831 971
832 26
832 132
832 192
832 352
832 511
832 525
832 686
832 817
833 197
833 284
833 336
833 469
833 486
833 513
833 523
833 570
833 577
833 624
834 57
834 282
834 313
834 323
834 383
834 498
834 505
834 704
834 712
834 872
834 949
835 32
835 71
835 114
835 118
835 232
835 413
835 670
835 842
835 930
835 985
836 281
836 321
836 323
836 489
836 511
836 717
836 913
836 970
837 98
837 132
837 220
837 447
837 482
837 539
837 764
837 788
837 790
837 814
837 927
837 945
838 34
838 294
838 296
838 380
838 445
838 534
838 644
838 718
838 730
838 738
838 743
838 874
839 20
839 176
839 253
839 396
839 405
839 423
839 793
839 881
839 892
840 195
840 255
840 583
840 593
840 608
840 691
840 779
840 805
840 824
841 224
841 237
841 243
841 291
841 325
841 527
841 571
841 608
841 944
842 211
842 383
842 391
842 400
842 561
842 725
842 736
842 754
842 865
842 872
842 957
843 1
843 11
843 279
843 363
843 524
843 666
843 763
844 111
844 161
844 218
844 460
844 595
844 638
844 654
844 693
844 700
844 725
845 16
845 123
845 171
845 197
845 481
845 526
845 632
845 681
845 715
845 793
845 821
845 857
845 918
846 70
846 165
846 324
846 334
846 607
846 697
846 704
846 724
846 860
846 966
847 366
847 422
847 497
847 853
847 859
848 233
848 288
848 328
848 540
848 694
848 740
848 806
848 886
848 896
849 45
849 80
849 84
849 197
849 224
849 244
849 267
849 269
849 369
849 610
849 730
849 743
849 840
849 853
849 985
850 202
850 265
850 410
850 510
850 657
850 685
850 766
850 774
850 807
850 956
851 261
851 327
851 478
851 479
851 759
851 783
851 961
851 976
852 82
852 278
852 430
852 559
852 619
852 689
852 890
852 991
853 67
853 169
853 171
853 224
853 277
853 368
853 412
853 428
853 446
853 481
853 553
853 685
853 743
853 774
853 777
854 134
854 243
854 442
854 501
854 647
854 875
855 46
855 151
855 273
855 316
855 475
855 573
855 609
855 621
855 701
855 727
855 751
855 933
855 987
856 64
856 87
856 113
856 194
856 234
856 708
856 712
856 934
857 85
857 102
857 176
857 280
857 390
857 557
857 570
857 616
857 882
857 893
858 11
858 46
858 344
858 568
858 619
858 660
858 777
858 882
859 102
859 120
859 156
859 371
859 581
859 964
860 126
860 267
860 355
860 542
860 627
860 680
860 822
860 866
860 931
860 944
860 954
860 967
861 163
861 164
861 236
861 422
862 125
862 175
862 222
862 529
862 562
862 613
862 800
862 834
862 964
863 7
863 210
863 302
863 315
863 328
863 346
863 369
863 439
863 468
863 576
863 588
863 660
863 945
864 135
864 207
864 274
864 363
864 389
864 398
864 449
864 488
864 548
864 563
864 577
864 630
864 680
864 751
864 771
864 808
865 114
865 178
865 266
865 436
865 609
865 632
865 635
865 689
865 713
865 791
865 859
865 867
865 931
866 98
866 245
866 451
866 452
866 478
866 498
866 611
866 758
866 848
866 885
866 906
867 18
867 322
867 627
867 751
867 889
867 939
868 20
868 54
868 117
868 175
868 256
868 312
868 471
868 667
868 678
868 750
869 94
869 269
869 276
869 325
869 420
869 547
869 613
869 655
869 684
869 753
869 767
869 851
869 875
870 25
870 115
870 121
870 504
870 629
870 946
870 975
871 236
871 244
871 665
871 744
871 865
871 970
872 161
872 184
872 185
872 197
872 262
872 532
872 591
872 684
872 758
872 846
872 883
873 20
873 30
873 39
873 156
873 348
873 433
873 532
873 600
873 647
873 684
873 736
873 741
874 130
874 207
874 243
874 306
874 325
874 327
874 660
874 850
874 916
874 939
875 158
875 553
875 713
875 720
875 774
875 784
875 786
875 890
875 916
875 937
876 98
876 144
876 163
876 206
876 248
876 272
876 299
876 374
876 483
876 634
876 787
876 829
876 846
876 853
877 188
877 444
877 903
877 944
877 963
878 44
878 153
878 306
878 459
878 749
878 939
878 965
878 967
879 75
879 382
879 415
879 477
879 515
879 539
879 651
879 689
879 917
880 60
880 698
880 828
880 929
881 148
881 275
881 311
881 462
881 464
881 645
881 731
881 754
881 767
882 235
882 274
882 358
882 516
882 568
882 734
882 938
882 998
883 41
883 121
883 136
883 149
883 617
883 795
884 285
884 293
884 516
884 571
884 699
884 717
884 951
885 119
885 138
885 258
885 438
885 505
885 563
885 679
885 714
885 722
885 867
885 872
885 914
885 984
886 18
886 118
886 258
886 378
886 414
886 549
886 780
886 904
887 1
887 71
887 144
887 363
887 612
887 705
887 723
887 756
887 766
887 815
887 860
888 55
888 67
888 75
888 123
888 157
888 285
888 322
888 383
888 409
888 516
888 565
888 743
888 891
888 917
888 998
889 167
889 215
889 338
889 356
889 568
889 663
889 703
889 740
889 822
889 852
889 989
890 188
890 241
890 588
890 666
890 913
891 117
891 184
891 375
891 439
891 504
891 563
891 675
891 776
891 928
892 66
892 221
892 301
892 433
892 491
892 530
892 537
892 736
892 760
892 776
892 809
893 190
893 459
893 789
893 907
894 68
894 128
894 175
894 238
894 302
894 557
895 52
895 56
895 129
895 406
895 490
895 497
895 518
895 596
895 642
895 652
895 861
895 891
895 954
896 43
896 153
896 164
896 181
896 252
896 282
896 315
896 419
896 425
896 439
896 488
896 544
896 619
896 646
896 662
896 828
897 12
897 171
897 350
897 360
897 380
897 478
897 520
897 665
897 883
897 973
898 70
898 104
898 368
898 456
898 520
898 553
898 637
898 888
898 905
899 391
899 439
899 522
899 631
899 693
899 828
900 32
900 64
900 110
900 142
900 193
900 213
900 215
900 388
900 480
900 512
900 646
900 657
900 697
901 7
901 18
901 33
901 89
901 93
901 212
901 328
901 559
901 650
901 802
901 839
902 15
902 222
902 290
902 328
902 401
902 447
902 454
902 762
902 827
902 871
903 108
903 161
903 182
903 218
903 232
903 299
903 307
903 471
903 570
903 589
903 598
903 666
903 681
903 721
903 782
903 809
903 857
904 65
904 126
904 255
904 298
904 351
904 437
904 459
904 519
904 533
904 539
904 556
904 559
904 564
904 690
904 725
904 783
904 873
904 926
905 58
905 176
905 292
905 336
905 430
905 450
905 473
905 671
905 744
906 191
906 226
906 372
906 473
906 836
907 37
907 235
907 319
907 363
907 403
907 542
907 667
907 710
907 781
907 826
907 863
907 900
907 902
908 29
908 100
908 105
908 412
908 730
908 744
908 802
908 833
908 929
908 935
908 960
908 989
909 139
909 509
909 565
909 649
910 334
910 447
910 790
910 988
911 5
911 290
911 298
911 888
911 978
912 2
912 197
912 331
912 521
912 684
913 187
913 242
913 337
913 405
913 511
913 667
913 804
914 72
914 222
914 250
914 323
914 513
914 545
914 565
914 743
914 871
914 875
914 911
914 938
914 940
915 58
915 82
915 126
915 436
915 506
915 727
915 732
915 762
915 800
915 894
915 962
916 117
916 197
916 296
916 335
916 446
916 528
916 716
916 769
916 772
916 779
917 66
917 261
917 388
917 545
917 555
917 672
917 903
917 949
918 42
918 237
918 352
918 485
918 705
918 778
918 791
918 877
919 76
919 78
919 127
919 269
919 377
919 483
919 516
919 649
919 842
919 865
920 229
920 238
920 241
920 325
920 581
920 610
920 724
920 782
920 949
921 297
921 299
921 398
921 593
921 609
921 657
921 677
921 696
921 808
922 3
922 136
922 206
922 293
922 497
922 506
922 632
922 652
922 662
922 680
922 986
923 143
923 366
923 426
923 463
923 519
923 541
923 749
923 793
923 857
923 891
924 137
924 279
924 310
924 314
924 437
924 469
924 538
924 689
924 707
924 724
924 804
924 847
924 875
924 883
924 937
925 275
925 291
925 639
925 843
925 996
926 1
926 24
926 101
926 207
926 270
926 419
926 454
926 525
926 646
926 817
927 8
927 94
927 99
927 186
927 221
927 476
927 520
927 588
927 592
927 643
927 664
927 770
927 772
927 872
927 890
928 228
928 368
928 450
928 468
928 514
928 719
928 824
928 887
929 190
929 229
929 235
929 262
929 265
929 448
929 618
929 699
929 712
929 873
929 925
930 76
930 134
930 253
930 340
930 499
930 540
930 721
930 769
930 806
931 15
931 226
931 477
931 568
931 725
931 727
931 775
931 879
931 891
932 101
932 457
932 639
933 14
933 32
933 79
933 122
933 228
933 247
933 362
933 463
933 534
933 894
934 99
934 178
934 284
934 393
934 433
934 495
934 622
934 647
934 701
934 804
934 867
935 3
935 7
935 71
935 178
935 243
935 397
935 438
935 557
935 664
935 678
935 692
935 752
935 833
935 965
936 126
936 302
936 310
936 409
936 425
936 499
936 604
936 708
936 873
936 975
937 306
937 615
937 635
937 645
937 689
937 940
938 101
938 113
938 148
938 245
938 254
938 356
938 538
938 579
938 591
938 637
938 663
938 702
938 893
938 965
939 24
939 237
939 347
939 666
939 695
939 833
939 993
940 28
940 69
940 395
940 400
940 596
940 614
940 683
940 694
940 837
940 876
940 926
941 87
941 406
941 592
941 727
941 747
941 866
942 6
942 68
942 136
942 529
942 557
942 695
942 766
942 823
942 950
942 993
943 2
943 9
943 156
943 160
943 364
943 582
943 599
943 674
943 806
943 824
943 839
943 921
943 996
944 2
944 264
944 316
944 784
945 8
945 96
945 260
945 267
945 286
945 299
945 314
945 433
945 516
945 582
945 677
945 767
945 804
946 6
946 448
946 710
946 756
946 766
946 985
947 4
947 110
947 170
947 251
947 373
947 753
947 955
948 247
948 441
948 520
948 558
948 604
948 746
948 828
948 889
948 917
949 180
949 201
949 305
949 869
949 895
949 920
950 52
950 137
950 150
950 157
950 247
950 255
950 267
950 304
950 329
950 415
950 434
950 555
950 669
950 698
950 762
950 819
950 857
950 910
950 925
950 946
950 947
950 991
951 247
951 283
951 542
951 576
951 603
951 899
952 1
952 134
952 217
952 449
952 493
952 509
952 518
952 590
952 608
952 623
952 732
952 767
952 921
952 978
953 105
953 151
953 195
953 334
953 421
953 536
953 538
953 739
953 870
954 12
954 47
954 220
954 244
954 300
954 406
954 770
954 943
955 54
955 146
955 149
955 226
955 259
955 288
955 415
955 419
955 448
955 456
955 470
955 565
955 763
955 833
955 873
956 24
956 64
956 196
956 344
956 579
956 587
956 655
956 668
956 804
956 914
956 916
956 987
957 40
957 106
957 330
957 332
957 428
957 679
957 872
957 951
957 963
958 144
958 179
958 456
958 606
958 612
958 619
958 687
958 703
958 805
958 970
959 39
959 83
959 367
959 368
959 384
959 541
959 656
959 946
960 436
960 627
960 648
960 876
960 911
961 17
961 72
961 316
961 400
961 420
961 452
961 498
961 695
961 731
961 732
961 778
961 819
961 930
961 958
962 34
962 77
962 84
962 240
962 341
962 393
962 508
962 570
962 772
962 782
963 241
963 328
963 354
963 445
963 463
963 486
963 567
963 571
963 593
963 631
963 742
963 901
963 907
964 44
964 318
964 356
964 359
964 388
964 484
964 493
964 652
964 743
964 817
965 102
965 115
965 216
965 232
965 288
965 456
965 476
965 708
965 831
965 915
965 964
966 185
966 243
966 315
966 347
966 418
966 425
966 458
966 529
966 649
966 672
966 719
966 865
967 381
967 392
967 426
967 565
967 621
967 663
967 697
967 893
968 17
968 34
968 98
968 116
968 195
968 258
968 307
968 346
968 491
968 500
968 752
968 917
968 963
969 459
969 490
969 599
969 604
969 707
969 817
969 843
969 895
969 955
969 978
969 996
970 72
970 77
970 272
970 504
970 681
970 798
970 937
971 61
971 91
971 141
971 176
971 276
971 373
971 433
971 462
971 495
971 570
971 691
971 799
971 817
971 861
972 69
972 98
972 491
972 613
972 777
972 794
973 31
973 46
973 239
973 308
973 543
973 595
973 631
973 705
973 732
973 797
973 924
974 77
974 92
974 105
974 373
974 510
974 538
974 553
974 830
974 850
974 870
974 925
974 945
975 122
975 161
975 343
975 709
975 846
975 922
976 78
976 115
976 139
976 151
976 221
976 268
976 379
976 419
976 638
976 678
976 683
976 743
976 772
976 986
977 229
977 276
977 336
977 422
977 644
977 664
977 674
977 744
977 842
977 855
977 892
977 961
978 95
978 664
978 674
978 736
978 857
978 875
978 939
979 29
979 79
979 154
979 246
979 633
979 675
979 712
979 923
979 928
980 22
980 27
980 36
980 50
980 160
980 305
980 399
980 529
980 602
980 607
980 691
980 728
980 795
980 803
980 816
980 970
981 131
981 506
981 530
981 561
981 684
981 699
981 727
981 768
981 855
981 869
982 29
982 52
982 62
982 349
982 421
982 472
982 549
982 572
982 747
982 781
982 846
982 981
983 1
983 122
983 188
983 281
983 479
983 535
983 572
983 597
983 780
983 894
984 38
984 44
984 186
984 247
984 312
984 367
984 379
984 390
984 478
984 676
984 715
984 897
984 910
985 35
985 490
985 599
985 708
985 711
985 767
985 888
986 151
986 198
986 352
986 360
986 401
986 408
986 521
986 685
986 868
986 996
987 11
987 34
987 128
987 244
987 292
987 331
987 370
987 390
987 492
987 501
987 817
987 928
987 988
988 66
988 70
988 141
988 750
988 840
988 966
989 404
989 439
989 490
989 726
990 17
990 82
990 135
990 292
990 319
990 347
990 400
990 464
990 546
990 653
990 701
991 28
991 201
991 260
991 313
991 501
991 564
991 716
991 802
991 812
991 925
991 997
992 30
992 65
992 99
992 178
992 219
992 235
992 246
992 804
992 855
993 15
993 82
993 158
993 199
993 211
993 287
993 367
993 578
993 604
993 738
993 812
994 129
994 229
994 285
994 372
994 415
994 416
994 554
994 806
994 989
994 991
995 4
995 24
995 82
995 110
995 192
995 333
995 857
995 919
995 956
996 206
996 261
996 343
996 359
996 443
996 663
996 750
996 952
997 183
997 493
997 494
997 520
997 842
997 968
998 38
998 54
998 92
998 224
998 241
998 302
998 373
998 375
998 471
998 608
998 635
998 655
998 805
998 931
998 935
998 949