50
977495135 787542153
876505242 606475462
338158956 218402848
961570157 455168817
231701625 878869738
949318821 492268239
941377704 715561152
799202584 486159558
630447935 708548148
874287969 498140228
293020284 844550077
848943554 194342219
617876691 773326014
13236856 974258668
347233511 862309780
148140860 780426649
981829386 985032280
478370306 753569604
497391367 4048105
639472516 269479436
368584603 410492141
136900274 428223826
822117734 297841821
189847913 401132341
511318982 120656996
224317023 980699673
97844486 406120487
862191514 569210756
972919490 343605499
960834654 788872773
906555498 411372415
774047336 359271417
333145156 399498916
81101392 301830874
407241167 775219782
232234141 926212932
132487633 325310309
53427177 952870671
725594368 13948398
11427455 533465676
770580748 304582030
146946641 882859998
79522086 250622719
89603033 677411824
672047802 810424095
245367212 432148047
420539461 752134517
557368786 829602242
860551171 379033772
727044263 96549614
