100
62 59
78 25
15 98
71 77
29 56
99 29
8 32
33 61
45 58
61 43
77 58
54 36
4 85
45 51
10 16
99 96
79 25
40 31
22 77
96 100
29 18
22 71
68 91
58 63
63 31
73 45
78 58
46 21
46 7
12 50
96 70
59 13
73 78
91 63
32 17
15 40
34 96
25 45
17 78
79 98
77 32
61 24
94 37
17 100
48 87
54 26
7 19
48 46
100 70
99 42
74 95
99 23
96 29
14 55
62 46
55 34
20 14
55 31
59 82
31 91
32 91
54 16
23 91
15 77
100 91
31 92
2 79
100 31
80 31
88 71
69 46
56 80
77 42
85 69
46 59
88 17
70 31
84 75
55 73
62 69
80 45
14 91
80 79
40 29
32 88
35 37
92 79
15 51
15 29
40 88
16 13
45 83
100 83
68 40
9 21
72 10
63 22
85 48
41 36
20 15
82 69
56 8
96 15
90 98
80 70
17 79
69 48
99 92
35 81
79 20
81 38
68 18
18 71
23 73
40 58
42 55
76 10
88 92
51 31
51 68
86 38
88 25
98 32
22 42
32 63
51 100
95 30
83 92
37 75
68 70
17 80
88 58
24 33
56 32
80 78
73 40
18 22
62 11
29 90
7 59
85 19
18 80
17 29
79 18
20 92
99 71
43 24
70 42
14 77
88 78
42 100
22 32
86 39
88 34
71 2
80 20
82 62
16 76
22 90
34 2
52 27
91 40
50 38
14 83
90 17
89 95
26 10
9 62
16 69
17 56
99 14
83 25
20 58
98 34
38 37
18 32
96 55
28 39
97 1
25 100
77 91
69 19
99 63
40 80
45 99
79 99
56 79
56 42
32 40
13 7
92 51
67 89
98 92
77 2
23 51
41 26
91 51
21 53
25 55
8 31
85 21
98 40
12 81
16 62
39 30
92 15
77 56
78 90
75 50
34 15
17 83
17 42
63 55
82 16
90 51
17 31
33 47
51 42
68 20
96 32
48 62
70 22
68 78
92 17
64 27
23 15
49 57
88 79
22 78
78 98
43 66
23 25
29 43
77 31
98 100
73 77
98 91
32 70
78 14
84 12
37 84
76 26
25 56
32 90
23 42
8 15
22 20
18 17
70 14
42 8
24 29
67 38
34 91
90 34
16 19
22 34
25 29
49 43
64 93
15 32
2 45
14 17
92 77
11 48
47 57
98 25
68 34
2 96
9 69
94 5
31 32
34 14
40 8
98 56
77 90
4 9
58 73
42 25
61 66
73 71
63 96
79 91
83 2
40 34
55 45
22 29
53 46
24 60
45 56
5 81
55 20
35 12
70 51
63 98
34 31
55 68
22 40
13 82
2 42
34 77
38 75
76 36
39 67
24 47
73 8
31 2
100 22
59 48
41 10
11 19
44 64
40 51
80 92
19 4
45 23
29 34
93 52
42 73
15 63
2 63
16 21
22 91
40 2
65 76
69 59
71 91
53 4
60 61
8 51
49 66
92 45
63 45
45 17
23 14
40 99
34 51
79 58
15 58
92 56
53 82
70 98
40 20
92 34
15 45
72 16
34 42
78 2
38 95
56 68
84 35
8 45
83 90
71 23
68 63
98 77
81 37
68 100
58 32
20 83
14 98
78 51
46 19
88 14
51 99
46 16
55 8
98 96
32 79
70 34
51 98
98 17
92 40
96 45
20 99
88 31
88 45
83 51
98 73
41 89
71 29
11 4
40 79
80 68
18 42
71 51
58 99
90 20
48 4
70 45
25 20
29 73
37 5
20 98
30 74
100 23
63 23
90 79
77 88
21 19
33 60
8 92
46 9
55 18
8 23
73 31
88 63
62 53
17 40
39 38
60 43
65 16
88 80
82 4
24 57
15 88
71 20
95 86
6 41
71 92
2 55
20 77
94 81
68 90
55 58
20 70
85 7
29 33
38 74
83 99
90 23
68 31
4 69
62 19
15 99
31 45
8 29
50 37
35 38
40 83
26 72
100 20
56 78
34 8
80 83
33 43
73 99
51 18
77 45
14 15
32 34
18 45
84 38
85 13
31 23
88 98
71 100
25 18
2 25
96 51
32 29
80 14
92 42
55 100
47 49
45 22
10 54
80 73
79 68
20 34
56 71
96 78
2 56
60 49
73 20
71 42
57 66
34 63
68 15
40 18
8 58
68 42
25 77
83 42
65 10
70 55
91 73
66 47
21 62
3 6
34 45
56 100
51 25
59 85
78 92
23 70
23 68
80 42
11 69
83 32
63 83
25 32
63 51
75 35
80 90
40 71
60 57
47 43
2 32
20 96
100 63
55 90
42 91
96 77
17 15
53 16
15 56
73 70
96 80
90 8
77 17
60 47
31 18
29 68
13 9
59 9
56 73
99 8
23 55
96 68
70 88
98 99
85 53
74 67
99 2
71 70
36 26
78 20
58 51
82 9
23 29
23 56
82 21
25 90
100 45
55 99
32 68
90 42
51 55
34 58
15 100
51 32
89 3
65 36
79 83
90 2
93 27
68 71
92 100
98 58
8 78
91 70
8 17
86 67
98 31
59 53
66 33
11 53
70 8
20 56
46 4
56 18
90 99
28 86
56 63
98 22
55 71
73 15
63 25
94 44
78 45
17 25
63 92
45 40
15 90
22 58
45 29
49 61
34 80
57 61
94 38
56 34
73 14
79 71
100 77
88 2
29 63
80 32
29 31
31 14
34 78
20 51
83 77
65 41
70 2
78 32
63 14
83 73
40 77
39 74
4 62
20 29
67 28
71 25
74 86
11 13
58 70
78 71
78 15
38 12
83 88
8 77
90 91
73 100
41 76
85 16
42 88
55 83
38 5
7 11
8 25
83 91
86 89
19 82
91 45
91 78
7 9
100 90
8 79
23 40
23 78
25 40
65 72
99 100
61 47
91 92
100 78
40 14
91 55
37 12
52 47
16 36
10 36
14 51
31 96
20 32
34 83
73 51
77 78
96 23
75 94
9 85
2 18
100 34
22 99
80 29
2 91
91 8
76 72
13 48
16 9
56 70
34 23
29 66
29 58
11 46
58 14
73 88
93 44
71 8
45 32
34 73
96 40
68 8
63 8
57 43
26 16
70 79
29 83
46 13
29 42
55 92
21 4
94 93
7 82
42 98
44 27
73 22
63 73
25 80
92 29
81 75
14 71
90 92
32 14
68 92
51 2
99 34
2 98
98 29
9 48
26 65
64 94
66 60
7 21
7 53
91 96
23 80
2 17
55 32
22 8
88 51
38 28
100 40
45 90
50 5
24 66
63 70
92 73
42 78
15 25
70 25
17 58
15 55
27 94
18 70
79 29
58 56
83 31
25 34
32 71
25 58
95 28
85 11
92 22
40 90
34 17
58 83
14 90
71 34
14 25
90 73
16 41
68 98
15 22
99 17
18 23
41 3
98 23
2 23
46 82
18 92
31 90
78 70
89 39
99 18
22 79
68 17
29 77
56 91
89 38
99 91
83 22
51 29
17 55
18 14
25 68
14 29
79 51
88 8
69 21
71 31
91 17
91 25
82 11
14 68
16 48
7 62
49 33
96 73
81 50
28 89
59 4
34 79
31 58
63 42
20 88
58 80
44 52
45 68
24 49
82 48
68 88
88 55
59 21
53 69
14 22
96 79
18 73
90 58
14 45
21 11
31 25
100 79
8 98
13 21
51 17
96 42
80 22
56 83
70 29
63 71
2 29
79 42
30 89
78 99
2 68
58 2
78 31
18 63
83 8
25 99
79 78
29 55
70 15
31 42
72 36
22 68
15 79
94 84
56 40
80 2
55 56
17 96
99 32
40 42
68 58
94 12
63 17
55 22
63 78
56 14
18 88
96 14
50 35
17 23
71 90
12 5
19 13
31 79
23 92
78 83
88 100
92 96
52 64
29 100
100 80
56 22
31 20
13 69
42 58
20 8
15 71
80 63
42 32
69 7
8 100
54 76
30 28
70 77
6 89
92 70
55 78
94 35
79 23
85 62
80 51
17 22
2 100
88 99
19 48
79 77
32 100
90 70
48 97
56 88
70 99
83 18
83 23
84 50
18 34
68 77
83 71
28 74
70 17
14 42
31 15
60 29
91 58
78 40
77 63
71 80
81 84
45 98
80 55
19 59
40 63
49 29
90 96
68 73
18 78
80 91
16 11
7 48
65 54
41 72
68 83
25 73
94 52
33 57
22 96
77 80
92 14
22 25
71 45
63 20
80 8
61 29
88 22
30 86
23 22
48 1
38 30
5 84
14 100
56 99
55 98
13 62
83 70
31 56
18 20
88 23
75 12
90 18
92 32
20 45
83 98
92 2
51 22
59 16
98 71
29 88
97 87
71 96
15 80
18 58
22 2
77 23
23 32
31 22
77 18
77 55
15 42
77 51
96 58
90 56
45 42
20 17
71 58
2 73
15 91
91 20
63 79
85 82
20 23
88 91
94 50
14 79
96 25
4 13
70 40
96 18
2 20
17 71
16 4
79 45
56 96
2 15
9 53
29 78
75 5
90 63
7 4
30 67
48 53
77 99
58 100
96 8
11 9
56 51
14 8
5 35
92 25
58 92
99 68
7 16
1 87
67 95
88 90
29 47
99 80
8 2
73 79
18 91
20 42
29 57
18 98
31 99
83 15
23 58
41 54
39 95
11 59
46 85
13 53
83 96
73 17
80 98
8 18
2 14
88 96
73 32
21 48
54 72
9 19
29 91
89 74
18 15
100 18
19 53
55 79
40 55
0 0
65 87