40
22 10
19 32
27 36
7 26
38 36
3 15
3 27
22 4
24 38
33 25
5 17
19 11
9 36
36 16
27 6
1 24
20 39
34 4
29 11
8 3
1 8
28 40
17 24
10 21
34 16
3 10
34 27
37 3
3 1
32 15
27 10
3 38
28 9
37 14
22 5
31 27
28 22
11 13
9 34
6 17
12 19
10 36
6 5
16 5
3 7
8 9
21 8
21 3
27 5
15 13
10 40
31 23
28 34
15 7
28 2
37 29
29 30
36 17
32 18
7 37
21 24
4 21
14 30
22 8
40 38
27 8
3 34
37 13
25 3
38 5
12 14
13 33
9 6
8 16
15 12
20 30
8 28
30 35
30 33
10 38
5 24
40 8
3 16
28 10
6 1
22 9
24 36
16 17
34 2
27 40
9 17
17 4
21 38
37 12
9 5
1 40
23 27
16 21
34 21
5 28
40 3
5 8
7 33
13 14
17 38
11 37
1 21
3 18
21 6
16 10
28 21
21 36
4 27
38 1
40 5
34 10
24 2
13 29
30 15
33 19
12 11
36 4
25 12
11 32
16 28
6 36
25 32
12 29
2 9
10 5
40 9
10 1
7 32
9 38
28 6
27 28
16 22
1 27
27 38
24 22
22 2
8 4
36 1
5 3
40 22
29 32
30 25
30 11
40 4
19 7
7 13
14 25
26 11
19 13
40 21
3 17
10 4
12 32
27 2
18 12
38 34
6 40
19 29
2 8
8 17
17 2
34 24
29 14
3 26
38 6
18 15
10 6
4 24
29 26
9 1
18 26
28 38
25 19
3 4
25 11
27 24
19 18
2 40
17 27
32 26
35 20
34 6
14 11
38 16
36 5
32 37
25 29
22 1
3 32
14 18
1 34
3 13
17 22
17 34
36 22
15 37
2 38
19 30
12 33
13 18
22 3
21 5
9 3
16 24
26 13
12 26
15 25
12 7
21 22
11 7
33 37
14 32
6 16
8 24
30 37
6 24
6 3
19 14
37 19
2 5
10 24
1 17
29 18
30 26
1 28
34 36
21 2
28 17
4 16
30 7
15 26
35 39
30 3
27 16
3 12
15 11
13 12
26 25
7 25
14 33
33 29
15 33
34 8
30 32
15 19
12 30
4 5
24 28
17 40
24 9
13 32
16 2
16 1
10 9
3 19
40 36
3 11
22 34
10 2
3 24
34 40
11 33
39 30
37 18
5 34
4 28
18 25
4 2
29 3
2 3
7 18
30 18
19 26
33 32
8 38
9 4
25 13
15 14
9 16
6 2
1 2
10 8
36 2
9 27
28 36
11 18
17 21
3 33
6 4
24 40
27 22
14 3
29 15
27 21
3 28
21 9
5 1
36 8
8 6
14 7
22 6
30 13
16 40
1 4
29 7
26 14
37 25
10 17
38 4
33 26
37 26
36 3
33 18
22 38
0 0
14 39