100 100
444939 130356 875294 -156806 66987 -888579 -465085 157068 -492983 -554949 778030 664038 -202798 246487 -411352 803301 -450703 -237719 -237423 -961219 -404147 608873 605 504141 -777260 902600 13585 540832 111412 783447 693327 -571749 903312 -120844 430563 917890 -853906 -926551 834013 -112619 -892341 76159 -305281 -133912 -475834 -664008 -852004 -833777 741958 247257 -341936 202879 888543 157445 702074 150949 -986657 -448423 -40652 240907 -680802 -48731 552848 -470032 674444 -674268 -218317 -877703 -511010 -843343 -863899 699328 -736268 127356 480315 -92720 231974 903707 905827 66246 814985 -190978 -77136 -416591 -871553 366570 151975 942020 514345 242071 -835300 -651968 515388 -323762 134846 212122 959032 396379 -969730 82273 
15 49
11 63
17 67
13 53
23 37
1 28
28 64
19 35
16 25
71 93
24 46
43 47
17 49
21 38
34 47
50 99
45 94
36 51
51 85
65 78
34 43
76 76
24 63
33 45
24 74
46 98
78 96
57 65
5 7
57 93
21 61
18 89
5 8
31 33
35 72
41 67
50 86
16 47
32 80
19 95
34 98
29 34
13 66
41 53
21 23
41 91
5 36
26 49
66 73
11 52
71 83
55 57
33 86
14 65
36 83
47 63
61 98
21 77
72 77
28 69
7 42
8 26
28 78
53 98
47 86
10 62
30 63
73 83
35 78
7 74
30 65
38 52
24 34
96 97
18 78
26 51
83 90
25 39
51 61
76 98
32 35
76 96
43 77
3 52
10 61
70 77
61 81
28 42
68 78
12 63
10 92
10 45
45 96
50 66
54 70
27 81
17 95
21 54
31 46
57 63
