1000
1 2
1 3
1 4
1 5
1 6
1 7
1 8
1 9
1 10
1 11
1 12
1 13
1 14
1 15
1 16
1 17
1 18
1 19
1 20
1 21
1 22
1 23
1 24
1 25
1 26
1 27
1 28
1 29
1 30
1 31
1 32
1 33
1 34
1 35
1 36
1 37
1 38
1 39
1 40
1 41
1 42
1 43
1 44
1 45
1 46
1 47
1 48
1 49
1 50
1 51
1 52
1 53
1 54
1 55
1 56
1 57
1 58
1 59
1 60
1 61
1 62
1 63
1 64
1 65
1 66
1 67
1 68
1 69
1 70
1 71
1 72
1 73
1 74
1 75
1 76
1 77
1 78
1 79
1 80
1 81
1 82
1 83
1 84
1 85
1 86
1 87
1 88
1 89
1 90
1 91
1 92
1 93
1 94
1 95
1 96
1 97
1 98
1 99
1 100
1 101
1 102
1 103
1 104
1 105
1 106
1 107
1 108
1 109
1 110
1 111
1 112
1 113
1 114
1 115
1 116
1 117
1 118
1 119
1 120
1 121
1 122
1 123
1 124
1 125
1 126
1 127
1 128
1 129
1 130
1 131
1 132
1 133
1 134
1 135
1 136
1 137
1 138
1 139
1 140
1 141
1 142
1 143
1 144
1 145
1 146
1 147
1 148
1 149
1 150
1 151
1 152
1 153
1 154
1 155
1 156
1 157
1 158
1 159
1 160
1 161
1 162
1 163
1 164
1 165
1 166
1 167
1 168
1 169
1 170
1 171
1 172
1 173
1 174
1 175
1 176
1 177
1 178
1 179
1 180
1 181
1 182
1 183
1 184
1 185
1 186
1 187
1 188
1 189
1 190
1 191
1 192
1 193
1 194
1 195
1 196
1 197
1 198
1 199
1 200
1 201
1 202
1 203
1 204
1 205
1 206
1 207
1 208
1 209
1 210
1 211
1 212
1 213
1 214
1 215
1 216
1 217
1 218
1 219
1 220
1 221
1 222
1 223
1 224
1 225
1 226
1 227
1 228
1 229
1 230
1 231
1 232
1 233
1 234
1 235
1 236
1 237
1 238
1 239
1 240
1 241
1 242
1 243
1 244
1 245
1 246
1 247
1 248
1 249
1 250
1 251
1 252
1 253
1 254
1 255
1 256
1 257
1 258
1 259
1 260
1 261
1 262
1 263
1 264
1 265
1 266
1 267
1 268
1 269
1 270
1 271
1 272
1 273
1 274
1 275
1 276
1 277
1 278
1 279
1 280
1 281
1 282
1 283
1 284
1 285
1 286
1 287
1 288
1 289
1 290
1 291
1 292
1 293
1 294
1 295
1 296
1 297
1 298
1 299
1 300
1 301
1 302
1 303
1 304
1 305
1 306
1 307
1 308
1 309
1 310
1 311
1 312
1 313
1 314
1 315
1 316
1 317
1 318
1 319
1 320
1 321
1 322
1 323
1 324
1 325
1 326
1 327
1 328
1 329
1 330
1 331
1 332
1 333
1 334
1 335
1 336
1 337
1 338
1 339
1 340
1 341
1 342
1 343
1 344
1 345
1 346
1 347
1 348
1 349
1 350
1 351
1 352
1 353
1 354
1 355
1 356
1 357
1 358
1 359
1 360
1 361
1 362
1 363
1 364
1 365
1 366
1 367
1 368
1 369
1 370
1 371
1 372
1 373
1 374
1 375
1 376
1 377
1 378
1 379
1 380
1 381
1 382
1 383
1 384
1 385
1 386
1 387
1 388
1 389
1 390
1 391
1 392
1 393
1 394
1 395
1 396
1 397
1 398
1 399
1 400
1 401
1 402
1 403
1 404
1 405
1 406
1 407
1 408
1 409
1 410
1 411
1 412
1 413
1 414
1 415
1 416
1 417
1 418
1 419
1 420
1 421
1 422
1 423
1 424
1 425
1 426
1 427
1 428
1 429
1 430
1 431
1 432
1 433
1 434
1 435
1 436
1 437
1 438
1 439
1 440
1 441
1 442
1 443
1 444
1 445
1 446
1 447
1 448
1 449
1 450
1 451
1 452
1 453
1 454
1 455
1 456
1 457
1 458
1 459
1 460
1 461
1 462
1 463
1 464
1 465
1 466
1 467
1 468
1 469
1 470
1 471
1 472
1 473
1 474
1 475
1 476
1 477
1 478
1 479
1 480
1 481
1 482
1 483
1 484
1 485
1 486
1 487
1 488
1 489
1 490
1 491
1 492
1 493
1 494
1 495
1 496
1 497
1 498
1 499
1 500
1 501
1 502
1 503
1 504
1 505
1 506
1 507
1 508
1 509
1 510
1 511
1 512
1 513
1 514
1 515
1 516
1 517
1 518
1 519
1 520
1 521
1 522
1 523
1 524
1 525
1 526
1 527
1 528
1 529
1 530
1 531
1 532
1 533
1 534
1 535
1 536
1 537
1 538
1 539
1 540
1 541
1 542
1 543
1 544
1 545
1 546
1 547
1 548
1 549
1 550
1 551
1 552
1 553
1 554
1 555
1 556
1 557
1 558
1 559
1 560
1 561
1 562
1 563
1 564
1 565
1 566
1 567
1 568
1 569
1 570
1 571
1 572
1 573
1 574
1 575
1 576
1 577
1 578
1 579
1 580
1 581
1 582
1 583
1 584
1 585
1 586
1 587
1 588
1 589
1 590
1 591
1 592
1 593
1 594
1 595
1 596
1 597
1 598
1 599
1 600
1 601
1 602
1 603
1 604
1 605
1 606
1 607
1 608
1 609
1 610
1 611
1 612
1 613
1 614
1 615
1 616
1 617
1 618
1 619
1 620
1 621
1 622
1 623
1 624
1 625
1 626
1 627
1 628
1 629
1 630
1 631
1 632
1 633
1 634
1 635
1 636
1 637
1 638
1 639
1 640
1 641
1 642
1 643
1 644
1 645
1 646
1 647
1 648
1 649
1 650
1 651
1 652
1 653
1 654
1 655
1 656
1 657
1 658
1 659
1 660
1 661
1 662
1 663
1 664
1 665
1 666
1 667
1 668
1 669
1 670
1 671
1 672
1 673
1 674
1 675
1 676
1 677
1 678
1 679
1 680
1 681
1 682
1 683
1 684
1 685
1 686
1 687
1 688
1 689
1 690
1 691
1 692
1 693
1 694
1 695
1 696
1 697
1 698
1 699
1 700
1 701
1 702
1 703
1 704
1 705
1 706
1 707
1 708
1 709
1 710
1 711
1 712
1 713
1 714
1 715
1 716
1 717
1 718
1 719
1 720
1 721
1 722
1 723
1 724
1 725
1 726
1 727
1 728
1 729
1 730
1 731
1 732
1 733
1 734
1 735
1 736
1 737
1 738
1 739
1 740
1 741
1 742
1 743
1 744
1 745
1 746
1 747
1 748
1 749
1 750
1 751
1 752
1 753
1 754
1 755
1 756
1 757
1 758
1 759
1 760
1 761
1 762
1 763
1 764
1 765
1 766
1 767
1 768
1 769
1 770
1 771
1 772
1 773
1 774
1 775
1 776
1 777
1 778
1 779
1 780
1 781
1 782
1 783
1 784
1 785
1 786
1 787
1 788
1 789
1 790
1 791
1 792
1 793
1 794
1 795
1 796
1 797
1 798
1 799
1 800
1 801
1 802
1 803
1 804
1 805
1 806
1 807
1 808
1 809
1 810
1 811
1 812
1 813
1 814
1 815
1 816
1 817
1 818
1 819
1 820
1 821
1 822
1 823
1 824
1 825
1 826
1 827
1 828
1 829
1 830
1 831
1 832
1 833
1 834
1 835
1 836
1 837
1 838
1 839
1 840
1 841
1 842
1 843
1 844
1 845
1 846
1 847
1 848
1 849
1 850
1 851
1 852
1 853
1 854
1 855
1 856
1 857
1 858
1 859
1 860
1 861
1 862
1 863
1 864
1 865
1 866
1 867
1 868
1 869
1 870
1 871
1 872
1 873
1 874
1 875
1 876
1 877
1 878
1 879
1 880
1 881
1 882
1 883
1 884
1 885
1 886
1 887
1 888
1 889
1 890
1 891
1 892
1 893
1 894
1 895
1 896
1 897
1 898
1 899
1 900
1 901
1 902
1 903
1 904
1 905
1 906
1 907
1 908
1 909
1 910
1 911
1 912
1 913
1 914
1 915
1 916
1 917
1 918
1 919
1 920
1 921
1 922
1 923
1 924
1 925
1 926
1 927
1 928
1 929
1 930
1 931
1 932
1 933
1 934
1 935
1 936
1 937
1 938
1 939
1 940
1 941
1 942
1 943
1 944
1 945
1 946
1 947
1 948
1 949
1 950
1 951
1 952
1 953
1 954
1 955
1 956
1 957
1 958
1 959
1 960
1 961
1 962
1 963
1 964
1 965
1 966
1 967
1 968
1 969
1 970
1 971
1 972
1 973
1 974
1 975
1 976
1 977
1 978
1 979
1 980
1 981
1 982
1 983
1 984
1 985
1 986
1 987
1 988
1 989
1 990
1 991
1 992
1 993
1 994
1 995
1 996
1 997
1 998
1 999
1 1000
4876203697187506176 2000 0
93070 620109 321 1
926962 659354 793 1
925552 566937 211 5
275639 598565 505 1
332798 598924 869 1
937926 561592 14 2
140773 696926 65 1
527350 696278 201 3
936959 555233 391 3
620513 540808 577 1
204508 549324 373 5
122864 585205 501 5
262889 582944 981 1
958467 649106 250 1
99589 647150 9 2
684084 641785 297 1
391353 556484 961 4
128638 579175 905 4
841533 649121 675 4
657486 528761 921 3
340454 651685 961 3
826027 624533 629 4
909014 670982 176 2
706081 595933 449 4
608350 637274 889 1
954432 695968 802 3
889411 539321 596 1
860706 528556 51 1
461417 568231 201 3
484262 502923 776 4
790017 659267 431 1
158187 560174 215 1
195617 673757 610 1
362059 667543 799 4
615786 679749 376 5
636890 568224 531 1
137814 559634 12 4
899721 631559 401 1
707532 658388 945 2
876167 505639 601 4
349371 507036 603 2
335466 501731 385 1
312728 531912 76 5
82408 521549 633 1
539729 683222 170 1
622004 684296 261 4
115329 521132 897 1
710629 626475 45 5
277234 634995 881 4
826680 665765 637 1
740223 575246 85 1
878996 627579 46 4
41629 520555 112 2
718936 659093 391 5
760843 563414 416 5
553941 559289 956 5
477156 555594 411 4
640169 579216 837 2
390294 585314 57 5
135326 587274 301 1
385215 680703 935 2
93467 617510 641 4
911005 677234 107 1
233332 657548 255 1
422133 609926 315 1
841676 643986 697 4
572596 649903 53 3
931898 575341 837 4
742093 681732 941 2
970860 697853 61 5
694493 606289 17 1
260117 608581 873 1
263112 552644 96 5
586407 692228 21 5
915430 663581 795 5
146849 630254 931 1
836543 605160 961 3
48959 558740 194 1
56960 654084 431 1
417618 659401 125 2
552390 683897 33 4
750438 582958 611 5
52283 506048 933 2
391319 656864 647 1
349015 593054 455 2
962400 697652 737 1
990859 639371 256 1
98198 519334 956 1
934936 572181 59 1
813593 640799 781 5
146011 655559 969 1
145757 648665 292 2
794496 676539 459 4
955010 695679 244 4
362791 677519 317 2
995793 688421 11 1
612454 600342 865 3
410350 590450 411 2
485859 638261 209 3
329642 670059 476 2
455148 559328 206 1
265044 531279 829 5
559505 658994 825 5
266417 502805 791 1
854566 695538 161 3
331589 577775 389 4
663380 662425 801 5
312694 593431 297 2
598080 673928 765 4
121724 691493 497 4
627887 691976 451 3
402940 616376 51 3
514679 559466 857 5
174647 653273 393 4
792505 625199 21 4
563131 692580 116 3
809977 507466 497 1
196685 684236 433 2
945623 614381 368 5
963615 560196 449 2
96125 657065 914 2
529690 641132 413 3
489139 665254 161 5
125394 674843 607 5
900284 639435 745 5
339136 527259 729 3
650169 631724 677 1
496009 570098 23 3
204654 590136 339 4
920202 663350 596 1
269041 517538 681 2
733649 655812 353 1
103630 524237 34 5
150264 542563 67 1
628518 583808 321 4
973683 588093 531 4
239757 669773 10 1
534607 615421 576 1
574821 527055 131 2
31005 643928 113 5
601454 682196 238 1
75394 592245 675 2
400900 649080 941 5
985109 517796 161 1
578625 502398 321 5
12955 616481 709 3
472177 546003 1 4
860338 599036 913 1
519483 520073 187 4
866791 613109 393 1
513822 574925 984 1
397504 557552 573 1
74806 693513 566 1
28953 524819 513 1
38140 698834 88 2
422679 680840 501 2
853330 617653 700 2
776041 573773 891 1
96723 571697 3 4
855310 582073 185 2
37567 681593 449 1
489330 635766 593 4
254813 531350 60 4
333931 544807 734 1
121123 561520 809 1
155481 567893 191 3
849121 526608 963 1
837208 653168 341 1
381320 546164 785 2
966522 608281 325 2
99349 508263 352 3
417226 505624 489 1
881953 535397 261 4
444810 612830 979 4
969815 579597 533 5
263366 551837 628 3
143233 595605 376 4
236812 506008 523 2
611462 566858 645 3
767399 666169 507 1
132576 543711 873 2
369705 688328 531 1
758824 636749 304 4
569270 615115 465 3
789933 515327 647 4
734795 542383 454 4
783945 595431 726 4
723391 696122 272 4
196277 616799 235 4
102809 654096 387 1
462496 680626 247 1
129168 661610 462 4
712904 532432 889 3
912138 653113 554 5
894941 532629 295 2
234532 648167 769 4
453661 599503 677 5
118137 631568 559 1
171572 650330 695 2
209068 692733 37 3
370750 658676 993 2
738223 551487 999 1
339071 586309 389 2
891772 623518 93 5
519987 618104 849 4
470815 697391 64 4
206170 642962 530 1
827017 593643 697 3
201845 684971 626 3
743408 520873 686 5
510059 697153 679 4
658725 617632 89 5
356566 503226 25 1
397664 539265 37 4
277069 507527 584 2
252898 541068 871 1
274505 663806 395 5
515486 557702 889 1
187286 670953 761 2
508972 528053 767 2
597578 503032 533 4
698556 664027 518 4
446860 508083 636 1
360355 659846 981 1
711233 514745 221 2
688869 517054 284 1
589728 611711 945 1
827488 557792 293 1
295572 578669 441 3
70593 691989 221 2
588177 507669 183 2
436859 522016 932 3
515403 666917 117 1
132937 699290 351 1
436663 574484 358 5
852512 552227 447 4
451973 607968 193 1
720648 503813 425 2
197928 658454 893 1
974838 586760 753 2
552998 610271 451 1
992921 683656 631 1
213313 582319 959 1
266247 616474 926 3
48197 556354 342 4
53867 560133 451 4
766178 527180 608 3
224416 535375 865 1
313239 540386 433 3
353295 532795 101 3
732747 542825 853 5
235661 531677 161 1
298359 565919 517 4
170126 532775 617 5
437710 645509 185 1
118190 607875 73 4
896195 639659 111 1
532659 524530 799 3
922113 647641 839 1
491664 541241 893 5
690181 530666 169 1
680984 626421 261 1
40116 583529 283 5
118270 688673 760 4
825313 655618 321 1
853139 532804 951 1
681091 556522 913 2
760131 697325 190 2
34097 529166 89 1
613900 535689 924 4
261598 633421 786 1
853968 648526 93 2
287973 592271 404 1
850626 532489 592 4
215384 629261 791 2
161277 673243 301 3
4576 511929 703 5
878459 551572 313 1
888758 673778 56 1
472792 563816 97 1
821393 519812 63 1
899617 598734 705 3
986508 676517 196 4
430647 535459 364 1
382475 652959 1 3
903967 637409 166 5
812078 672644 712 1
986888 619205 917 1
295216 696998 50 3
70017 695645 497 1
188886 675639 264 3
413980 620038 896 2
643092 557872 821 4
96145 675533 949 3
463045 642428 563 3
12822 569876 76 2
989372 621473 96 1
132751 568487 272 1
153509 575015 269 5
941322 689291 717 5
505794 611437 866 4
400244 509628 974 5
194357 551522 673 1
803868 608464 21 3
927182 655396 737 3
836678 543647 426 4
366676 544798 691 4
680887 589562 61 1
953232 689856 884 1
445070 563590 643 4
601517 655814 728 3
642888 567802 873 2
698926 676519 5 1
27856 562028 893 5
810586 596954 214 5
445980 510886 602 4
146878 580748 348 1
726702 567821 696 1
462735 690302 561 5
921249 631887 121 1
226851 635632 416 3
344723 577892 415 2
452471 678764 245 1
546784 500613 247 1
373214 686540 788 4
368958 676090 99 5
739515 637520 639 1
388172 630107 701 2
113904 571865 20 1
231239 548677 137 1
459398 687893 879 4
868107 519560 297 1
718538 561803 299 5
711562 510044 701 2
826273 634373 802 3
672973 644732 303 1
500895 600063 93 3
833674 682768 367 5
539575 615734 641 1
541749 657407 813 1
467480 551564 540 1
516453 679418 817 4
405421 631130 376 1
152685 506387 726 3
470217 544466 365 5
885593 671600 922 5
156535 618602 449 3
170121 608768 673 1
992692 601773 369 4
610980 539882 841 4
39696 621884 476 1
989964 699224 185 1
371746 625912 9 5
260271 626222 345 3
658564 619308 633 5
531958 530271 47 1
392036 681679 479 1
610313 679921 71 3
892465 573119 903 1
320969 621158 761 5
872559 611760 315 3
197453 591512 533 5
110653 640961 638 2
174686 581032 194 1
952791 669478 501 1
406885 530048 750 1
386132 605828 613 2
8191 600032 621 4
57670 541583 191 3
166130 611565 505 1
256736 511049 801 1
733232 646737 197 2
306042 592942 77 5
962174 688191 844 2
640329 588966 376 1
142669 621517 762 1
585658 541339 954 1
222363 519235 9 1
870172 673446 361 5
74811 632844 736 1
652880 534268 134 4
598131 686520 788 4
945075 521762 633 5
880300 683702 453 3
373463 563555 150 2
876278 682157 433 1
212567 579749 125 3
898205 625292 945 2
472382 554716 226 3
251007 550288 87 4
33213 621761 411 2
796863 515363 834 2
15476 503744 311 5
642392 577527 981 3
702594 649121 447 1
539983 558218 611 4
185559 677740 699 1
76231 561796 801 4
884579 691156 266 4
687827 631754 704 4
868069 648404 937 5
931216 590474 809 1
438484 551311 502 5
138729 528905 153 2
861222 523231 77 4
993226 666387 132 1
322220 523980 136 4
872084 679460 566 4
391536 650459 71 3
110328 533504 717 4
244413 688368 817 2
351658 646473 574 5
791167 648435 871 4
562393 527636 859 3
750015 613637 840 1
566040 511346 50 5
658164 677810 541 5
772903 679157 281 1
550984 574537 628 5
86193 545085 269 1
863239 636735 918 1
298343 590768 869 2
819300 678421 403 5
551861 551462 646 5
283698 670311 801 1
502225 626882 501 2
637857 506735 881 2
213344 541494 607 5
556008 671927 681 1
332097 686055 931 1
385998 669941 585 3
81889 573815 985 1
58793 668877 821 1
532851 685933 793 2
182200 600527 561 2
228698 508686 241 1
898679 622083 479 1
742448 620663 764 2
700897 622088 73 2
284751 520465 593 1
608458 665438 536 3
638004 632993 961 4
392987 693505 486 5
100309 693881 541 2
291102 603695 313 2
146037 507492 545 4
791079 579613 305 5
627072 698975 569 2
852212 683651 769 3
618854 593503 800 3
156136 547359 423 2
538015 511392 904 2
3040 646874 289 1
928285 583805 161 1
518838 510929 431 1
979513 538187 937 2
318337 514248 623 5
618077 501571 296 5
718588 593178 649 1
310199 623987 726 5
661472 543600 54 3
57331 623074 619 5
352102 645299 851 4
308462 636776 389 3
29772 585662 211 5
587922 509498 761 2
917576 603218 861 1
739209 503888 756 4
628285 544597 977 1
556097 689123 919 1
5316 666083 115 1
973399 676375 111 4
990246 583874 385 5
444583 585924 221 4
114213 570146 201 2
450756 565490 255 1
230851 638668 335 1
646871 675155 909 1
19182 514097 531 2
848916 505985 599 3
665498 694982 55 1
750210 680889 91 1
639891 677291 705 2
613280 578696 253 4
538479 566388 471 5
679892 651669 361 2
143365 571568 599 1
712220 599204 785 2
673537 515195 699 3
570520 569213 61 4
517560 614013 622 3
112773 552699 421 1
119025 650965 851 4
953500 520898 769 1
526351 552785 951 1
143548 545543 193 1
775597 670926 821 1
346162 558161 321 1
118277 524625 899 4
66313 596046 613 4
33983 586325 107 1
947329 691212 357 2
412653 679683 401 4
194741 508369 824 1
257370 524958 429 1
847907 615195 110 1
146339 517023 741 5
520262 675914 495 2
958410 528440 523 3
47812 523154 106 2
702229 667969 227 4
694271 528719 135 1
781170 533647 473 1
421562 648962 298 5
309749 663347 235 1
293869 578000 866 2
768666 533678 621 4
479155 599111 70 1
411856 580931 651 5
126881 645945 337 1
863281 643781 679 1
850318 617173 479 1
598195 691680 360 1
25179 506565 553 1
984693 500352 543 1
556497 505563 137 5
202452 609044 129 3
421422 520822 189 2
136867 583034 832 1
290262 580947 961 1
788232 603671 446 5
279743 668490 105 2
486743 649292 674 1
708721 561991 255 4
617122 584320 3 2
208174 578741 1000 4
208069 617094 145 5
40815 587732 41 4
75767 529695 83 3
833860 698255 225 5
643731 696018 413 3
51796 596559 725 5
443469 615214 377 1
572054 644902 75 2
483776 584158 953 1
140064 641510 120 3
952266 509531 279 1
507679 615272 729 4
412732 641834 461 4
240211 685649 906 1
220158 593163 715 3
473820 554108 337 4
961916 612074 292 1
228608 597440 305 1
621909 642566 717 1
174889 680949 826 3
572907 531326 706 1
758059 669743 368 3
159440 680612 401 2
994943 505335 311 3
402942 666532 782 3
336657 625911 481 5
634094 563954 447 1
383672 541577 169 4
761820 544253 903 3
115561 557519 321 1
4834 592421 217 3
684389 581704 861 1
4876 580193 73 1
525352 609019 781 3
105223 523985 486 1
563991 587694 271 4
532189 503952 560 5
881946 587438 986 1
766505 692984 277 1
85944 571394 351 5
554387 547709 429 2
563947 689171 993 4
621820 607410 817 3
844288 638570 1 1
807780 647870 864 5
761659 603179 446 3
96800 677468 327 1
653288 563362 21 2
945807 516215 109 1
919609 580107 903 1
813024 522599 1 4
113054 598178 268 4
279238 571306 161 4
384691 524328 961 3
591038 572126 647 2
811152 658067 933 5
113968 600577 117 2
153276 604397 788 2
730640 636614 865 1
92720 698975 866 3
941438 636143 496 3
566693 681918 231 3
58295 634610 539 3
14344 530579 153 4
727155 683318 190 2
417258 622303 701 4
828504 519826 831 1
68358 673064 731 1
778946 660458 511 2
419070 522966 968 3
404652 572433 967 1
982241 501396 513 5
368241 672880 47 4
929522 594560 797 4
605528 560672 941 1
150251 520511 281 1
933092 682719 561 1
211214 623411 754 3
769686 520067 623 1
843715 673524 433 5
641810 543911 758 1
720310 690943 240 1
619162 562532 526 2
383256 573569 879 1
646796 677500 771 4
443748 613690 205 3
567889 675770 827 2
918093 507285 948 3
858313 657173 796 3
883463 561836 866 5
395653 686495 617 4
238393 616145 319 1
223514 567544 696 3
38381 561685 433 2
902933 543418 489 3
812375 646537 667 2
591815 590756 179 3
985224 529373 361 5
806841 562226 832 2
812876 542882 961 2
333007 558920 433 1
110450 570029 385 4
975279 650421 711 1
713407 655641 238 3
785596 597164 14 1
491471 565379 997 1
566552 606301 681 3
900590 588584 316 1
660469 530247 925 1
158842 593804 975 1
945837 505067 947 1
26324 527905 369 2
279841 561304 785 5
232462 692108 501 1
878552 681494 460 1
742444 577236 606 5
393058 626882 721 2
249434 653238 106 1
814750 527849 221 4
732709 535990 457 1
557529 568126 495 2
555742 625433 465 3
513054 611477 726 4
535063 646755 384 5
969760 595965 693 2
892948 551594 175 3
257597 554981 413 1
402368 519615 913 1
578620 578219 757 1
279692 638069 482 2
574948 542426 741 4
37767 615288 523 3
35647 654320 701 1
42835 613388 420 1
606555 554321 861 1
760083 632956 381 2
806225 576752 36 3
98955 659510 541 1
803120 531446 469 5
576130 582161 187 1
402031 639225 158 4
85323 558771 783 3
808693 663039 171 3
875356 596105 592 2
342964 595862 161 1
830854 697706 189 3
67350 533662 257 2
195261 559305 596 1
567651 600570 887 1
554486 652958 865 3
382176 577060 973 1
766450 561614 677 1
586269 698324 777 5
614416 665710 291 1
151626 637045 639 3
451222 686779 993 4
907160 501623 945 1
916287 678251 289 1
268759 574802 73 1
934271 634055 43 1
403666 598449 721 1
602933 508746 721 4
91465 643123 401 4
575858 651155 707 1
465383 598001 977 1
33176 634700 593 4
20290 515159 441 2
147590 558741 449 2
991329 666634 789 1
971727 571833 201 5
199292 652033 387 1
985627 549878 666 1
806578 564434 451 1
107731 599267 891 3
740834 610523 621 5
167843 576844 236 2
475967 659119 93 1
991728 656571 457 2
136171 524678 201 1
71311 578675 817 1
944355 626734 166 3
275346 556988 567 3
707023 555743 747 1
498086 577123 281 4
793918 524618 633 4
248565 669621 951 1
578465 660699 621 3
781639 661912 227 5
237186 580637 441 1
522460 520985 937 2
400272 580921 357 1
274469 696260 881 1
962530 585725 965 2
721319 545693 611 5
21987 509608 653 2
351676 612644 721 3
560716 688628 176 5
954979 593579 539 1
377250 539199 75 5
679691 554927 141 1
307124 608081 770 1
699331 519863 759 3
993964 511625 999 1
891158 518431 273 1
278534 504852 161 1
941930 642399 105 4
366369 692204 917 1
381817 570586 171 5
428262 532042 521 1
420719 610778 477 1
788365 621893 902 1
124648 620612 923 2
567888 530843 141 3
867056 669509 287 1
862433 592059 348 1
605696 533810 83 4
911802 539602 473 3
485704 564622 489 5
605058 590763 469 2
736983 535082 111 3
874018 530931 41 3
820101 624353 105 1
702814 501523 65 5
825912 622916 25 5
353462 505622 745 1
368425 658584 405 3
23078 670670 844 1
966189 534094 411 5
904544 683755 201 3
175268 541712 587 5
931548 565359 130 5
135779 531965 961 1
73868 535159 917 1
825866 563028 253 4
269893 625073 217 1
140461 664877 211 1
518936 536036 101 2
944146 591585 593 3
854170 613450 517 5
793494 697345 587 4
777469 614977 356 5
586686 571630 424 1
964668 616373 456 1
287277 548595 353 5
578365 561126 3 2
846587 508540 941 1
914886 631721 985 4
883358 595406 427 3
238798 602660 489 3
175599 693471 453 3
962315 535604 246 4
922960 626062 426 5
17485 549218 978 1
752381 671630 819 4
343360 624633 925 5
282415 571362 598 3
165838 691520 281 5
697730 655061 161 1
361555 614012 375 1
487424 589313 135 1
861999 661217 754 1
398237 618079 657 1
262084 677532 441 3
673651 592802 601 2
816311 559834 41 1
622417 693300 101 1
930078 532313 411 1
644966 557840 411 3
587024 537298 81 3
498730 534073 261 2
518794 536771 141 1
643906 511799 367 3
739419 698037 539 4
852022 623445 207 1
381195 680315 43 5
45497 631504 181 1
348437 538433 945 4
234798 521912 81 4
405567 582645 536 2
109178 544910 201 4
989900 537024 449 1
691613 508637 423 5
334078 609851 741 1
422236 687735 469 5
317312 509656 45 2
7364 669794 513 1
593146 693770 961 4
168122 652403 786 1
109577 680498 595 3
164360 588719 598 2
991145 519715 777 5
373333 632885 305 3
911520 694527 763 1
804311 571815 169 4
23277 507011 266 1
172665 683939 941 4
169155 570370 951 2
22639 521452 74 1
760772 664193 436 4
967847 568806 272 5
660576 690355 177 3
19816 571388 849 2
278449 524990 101 2
962806 525503 266 3
496275 576410 271 5
642023 595820 951 4
114937 514769 481 5
444499 584441 137 1
849123 680882 61 1
210405 509303 588 5
647706 573931 81 5
190503 666697 400 4
469433 505038 575 5
788226 658857 59 1
110456 645124 577 1
709796 662263 109 5
362006 509436 259 3
42982 631757 867 2
514886 530079 621 2
735844 601697 325 5
619684 641030 806 5
167692 516146 505 1
95542 684651 563 1
36570 521277 301 1
83149 579897 601 4
650786 595783 774 4
627040 674276 221 1
120435 636839 370 2
223739 570089 833 1
406038 680020 956 3
480080 611927 681 2
892108 598526 761 1
253993 675692 32 4
6519 693071 729 3
443227 670369 277 3
463494 574451 790 3
256549 661079 163 4
34615 547397 673 5
899025 639044 23 2
283293 582066 151 5
962054 695668 802 1
629263 501809 969 2
220096 515006 676 1
263495 651008 657 1
726947 563459 256 1
121855 646091 21 1
326647 574907 351 2
203977 574511 637 2
50775 557231 932 3
58578 512162 905 1
50768 550153 313 3
847489 593469 735 1
284956 604374 321 1
502305 521804 451 4
829985 537500 96 4
816155 559773 431 3
457593 569273 307 3
352701 598775 501 1
408082 611468 810 1
87060 576272 233 1
166863 582098 67 2
853982 646887 379 1
732996 582692 265 2
688218 566390 1 3
410153 661639 127 4
683760 540236 561 2
579695 591782 645 1
105847 581229 145 1
941206 668640 881 4
131164 698868 946 3
339946 668759 788 1
594007 694499 721 1
580064 523048 481 1
422238 641303 613 4
472920 504158 977 2
961081 685805 529 1
609220 522314 826 5
98944 639543 656 4
839878 524078 519 1
345421 548702 809 1
128415 672902 973 4
458590 584713 831 1
937383 615897 893 2
321669 522925 189 4
229659 504236 309 5
266859 665669 641 3
563752 638018 370 1
124701 631174 1 4
469014 540007 663 4
388110 614968 361 3
647932 592814 929 3
743202 502649 823 5
933095 554135 272 1
651566 505307 899 1
881130 536264 201 4
503222 570364 825 5
730904 641411 822 1
635475 671331 253 1
296562 682289 221 3
233286 543610 601 2
113137 689965 691 4
481321 692075 752 3
134263 672923 693 4
304696 643361 891 5
540869 614840 893 3
365370 500995 950 5
786697 566995 400 4
979855 690796 181 4
438835 572698 523 4
830547 536198 530 5
505228 501848 475 3
333848 674999 166 3
425247 698819 373 1
983800 592820 169 3
487425 507289 241 4
574550 500525 796 4
452809 630473 909 2
475775 621389 101 3
68790 620162 113 2
202489 513524 579 4
387328 651327 101 1
296924 565088 740 5
496263 694533 386 2
789137 681410 551 1
146402 653897 643 3
726075 673414 724 4
411525 503313 136 1
393398 645573 17 1
750179 659978 370 3
583071 654881 421 1
42652 544282 149 3
268352 524570 771 1
761107 530772 365 2
172756 510494 629 1
900024 574913 793 1
919674 584246 41 4
684900 550182 302 1
686395 689261 937 5
985529 504278 465 3
180648 502038 819 4
371287 500977 588 2
508636 519377 291 1
693568 560528 103 4
56405 530104 285 4
402909 646549 457 5
883917 699044 480 2
413554 577450 71 1
793309 653114 716 1
950790 633809 121 5
880562 588716 506 1
248083 521663 57 2
550801 638648 272 2
700167 671938 500 2
453627 548999 33 2
765450 536450 501 4
892950 580797 563 5
861156 654193 570 4
603737 544828 33 5
263711 542168 579 5
559181 513379 648 5
184670 672783 457 4
652050 561696 161 3
543286 560805 189 1
