1000
80 39
80 220
80 239
80 438
80 356
80 298
80 366
80 286
80 451
80 113
80 354
80 101
80 143
80 282
80 38
80 422
80 446
80 286
80 498
80 181
80 477
80 392
80 156
80 407
80 458
80 324
80 382
80 241
80 226
80 279
80 447
80 91
80 341
80 88
80 408
80 238
80 112
80 118
80 457
80 368
80 34
80 379
80 224
80 388
80 98
80 85
80 213
80 112
80 79
80 67
80 130
80 405
80 280
80 6
80 389
80 150
80 330
80 177
80 332
80 265
80 115
80 137
80 429
80 103
80 153
80 405
80 338
80 357
80 99
80 273
80 98
80 214
80 184
80 204
80 261
80 443
80 248
80 376
80 372
80 5
80 174
80 153
80 320
80 5
80 240
80 187
80 305
80 438
80 24
80 336
80 34
80 394
80 21
80 75
80 484
80 462
80 125
80 66
80 70
80 331
160 168
160 237
160 250
160 137
160 120
160 228
160 201
160 324
160 423
160 275
160 312
160 63
160 66
160 192
160 120
160 248
160 51
160 121
160 335
160 469
160 25
160 78
160 47
160 32
160 459
160 273
160 31
160 135
160 82
160 436
160 168
160 161
160 315
160 143
160 477
160 28
160 324
160 95
160 269
160 245
160 325
160 22
160 308
160 297
160 227
160 264
160 141
160 63
160 48
160 81
160 248
160 329
160 114
160 184
160 260
160 244
160 392
160 495
160 362
160 134
160 73
160 152
160 255
160 471
160 20
160 475
160 322
160 323
160 411
160 453
160 249
160 157
160 412
160 476
160 437
160 220
160 389
160 256
160 448
160 341
160 355
160 494
160 256
160 342
160 205
160 168
160 317
160 57
160 2
160 428
160 215
160 52
160 84
160 280
160 175
160 347
160 15
160 300
160 166
160 38
240 61
240 453
240 376
240 361
240 87
240 351
240 23
240 234
240 456
240 258
240 469
240 98
240 276
240 142
240 441
240 178
240 244
240 282
240 117
240 123
240 148
240 113
240 392
240 24
240 133
240 196
240 66
240 307
240 176
240 380
240 28
240 234
240 54
240 448
240 483
240 163
240 202
240 245
240 457
240 246
240 92
240 360
240 315
240 314
240 295
240 155
240 66
240 19
240 78
240 284
240 389
240 95
240 209
240 406
240 177
240 498
240 335
240 478
240 121
240 26
240 131
240 253
240 373
240 246
240 467
240 62
240 158
240 490
240 360
240 111
240 76
240 441
240 365
240 427
240 194
240 398
240 416
240 90
240 493
240 161
240 82
240 397
240 312
240 480
240 479
240 355
240 459
240 199
240 137
240 204
240 259
240 144
240 224
240 384
240 304
240 27
240 10
240 191
240 476
240 3
320 79
320 252
320 355
320 385
320 103
320 255
320 36
320 453
320 55
320 283
320 299
320 138
320 2
320 116
320 127
320 18
320 233
320 324
320 33
320 466
320 89
320 227
320 454
320 194
320 479
320 89
320 30
320 268
320 228
320 395
320 73
320 253
320 358
320 362
320 411
320 120
320 307
320 411
320 94
320 208
320 113
320 494
320 127
320 336
320 413
320 406
320 365
320 341
320 427
320 64
320 337
320 111
320 302
320 331
320 438
320 403
320 136
320 72
320 202
320 9
320 193
320 41
320 110
320 220
320 181
320 19
320 499
320 302
320 235
320 237
320 78
320 122
320 204
320 371
320 102
320 450
320 223
320 3
320 315
320 82
320 37
320 180
320 212
320 62
320 488
320 340
320 200
320 196
320 188
320 352
320 114
320 66
320 150
320 467
320 235
320 80
320 444
320 388
320 52
320 93
400 17
400 39
400 292
400 315
400 393
400 109
400 451
400 185
400 404
400 342
400 252
400 192
400 452
400 433
400 412
400 292
400 459
400 314
400 324
400 155
400 37
400 106
400 195
400 68
400 101
400 243
400 155
400 206
400 296
400 485
400 142
400 7
400 379
400 94
400 260
400 103
400 461
400 97
400 43
400 92
400 296
400 401
400 49
400 160
400 274
400 396
400 61
400 48
400 323
400 280
400 309
400 26
400 73
400 362
400 19
400 222
400 420
400 446
400 103
400 361
400 63
400 250
400 212
400 100
400 383
400 182
400 65
400 463
400 134
400 271
400 421
400 267
400 71
400 122
400 30
400 328
400 92
400 304
400 227
400 159
400 288
400 40
400 20
400 285
400 398
400 36
400 334
400 280
400 345
400 155
400 299
400 6
400 326
400 207
400 382
400 434
400 115
400 123
400 47
400 298
480 126
480 223
480 270
480 350
480 465
480 418
480 78
480 6
480 174
480 472
480 312
480 32
480 198
480 360
480 308
480 298
480 298
480 164
480 491
480 3
480 378
480 420
480 253
480 295
480 309
480 463
480 414
480 191
480 105
480 400
480 303
480 208
480 95
480 165
480 414
480 26
480 82
480 241
480 102
480 162
480 41
480 103
480 167
480 315
480 157
480 13
480 282
480 131
480 307
480 330
480 55
480 265
480 190
480 291
480 40
480 278
480 25
480 320
480 473
480 327
480 372
480 74
480 489
480 453
480 151
480 160
480 84
480 58
480 322
480 243
480 301
480 494
480 355
480 22
480 10
480 4
480 405
480 6
480 109
480 8
480 143
480 345
480 194
480 489
480 213
480 289
480 182
480 467
480 164
480 392
480 370
480 108
480 71
480 101
480 16
480 258
480 153
480 161
480 385
480 22
560 222
560 348
560 328
560 60
560 338
560 173
560 6
560 408
560 247
560 353
560 214
560 79
560 273
560 34
560 447
560 368
560 14
560 242
560 300
560 300
560 332
560 148
560 283
560 348
560 424
560 281
560 321
560 239
560 373
560 436
560 132
560 271
560 344
560 447
560 430
560 380
560 84
560 352
560 154
560 342
560 353
560 300
560 277
560 230
560 309
560 413
560 334
560 412
560 227
560 374
560 233
560 379
560 188
560 479
560 336
560 170
560 18
560 78
560 95
560 206
560 334
560 445
560 210
560 468
560 389
560 205
560 112
560 168
560 175
560 207
560 130
560 238
560 157
560 332
560 37
560 468
560 383
560 82
560 212
560 208
560 315
560 253
560 114
560 232
560 267
560 95
560 294
560 11
560 469
560 228
560 91
560 133
560 242
560 464
560 446
560 358
560 122
560 22
560 134
560 34
640 442
640 309
640 56
640 37
640 29
640 437
640 222
640 230
640 307
640 261
640 345
640 389
640 110
640 342
640 98
640 81
640 359
640 358
640 293
640 350
640 297
640 470
640 316
640 223
640 16
640 157
640 77
640 191
640 137
640 498
640 279
640 50
640 128
640 47
640 350
640 258
640 335
640 71
640 122
640 183
640 109
640 21
640 136
640 362
640 472
640 182
640 134
640 348
640 199
640 449
640 144
640 479
640 50
640 13
640 35
640 73
640 60
640 271
640 211
640 301
640 132
640 4
640 123
640 214
640 463
640 429
640 412
640 465
640 341
640 230
640 11
640 119
640 301
640 359
640 434
640 115
640 434
640 245
640 389
640 344
640 7
640 240
640 263
640 234
640 145
640 337
640 304
640 437
640 458
640 211
640 131
640 367
640 134
640 454
640 500
640 420
640 122
640 119
640 283
640 267
720 113
720 341
720 189
720 294
720 75
720 319
720 458
720 216
720 250
720 43
720 128
720 310
720 182
720 151
720 48
720 264
720 328
720 122
720 202
720 38
720 47
720 1
720 225
720 274
720 235
720 154
720 299
720 291
720 497
720 365
720 106
720 351
720 314
720 105
720 285
720 125
720 107
720 333
720 33
720 474
720 385
720 20
720 335
720 217
720 110
720 257
720 192
720 28
720 448
720 319
720 334
720 253
720 73
720 481
720 59
720 325
720 394
720 489
720 367
720 344
720 196
720 266
720 203
720 181
720 440
720 494
720 378
720 223
720 21
720 257
720 195
720 312
720 27
720 427
720 17
720 161
720 123
720 488
720 374
720 30
720 381
720 386
720 59
720 428
720 269
720 182
720 102
720 28
720 369
720 275
720 142
720 21
720 43
720 347
720 299
720 69
720 87
720 412
720 109
720 360
800 390
800 458
800 119
800 430
800 37
800 450
800 242
800 202
800 267
800 390
800 372
800 87
800 408
800 477
800 30
800 298
800 84
800 186
800 237
800 8
800 319
800 368
800 52
800 233
800 42
800 181
800 264
800 336
800 414
800 303
800 374
800 5
800 268
800 266
800 353
800 341
800 33
800 79
800 336
800 61
800 39
800 364
800 142
800 58
800 371
800 289
800 422
800 27
800 180
800 227
800 446
800 431
800 164
800 91
800 282
800 45
800 217
800 29
800 106
800 113
800 183
800 78
800 396
800 53
800 161
800 323
800 87
800 100
800 309
800 239
800 377
800 385
800 151
800 234
800 245
800 347
800 180
800 218
800 436
800 244
800 403
800 394
800 389
800 12
800 460
800 238
800 344
800 419
800 237
800 438
800 241
800 381
800 486
800 154
800 84
800 328
800 55
800 430
800 450
800 75
