4
94 1786 62 74 59013502
0 69 990
0 85 175
0 63 762
0 8 615
0 61 430
0 62 365
0 31 818
0 36 717
0 16 211
0 45 423
0 84 328
0 20 325
0 68 476
0 48 685
0 68 159
0 92 102
0 4 553
0 58 746
0 17 718
0 36 442
0 51 568
0 54 587
0 80 8
0 80 321
0 42 337
0 66 746
0 52 10
0 27 383
0 66 622
0 75 304
0 90 364
0 88 955
0 36 711
0 39 745
0 9 746
1 22 489
1 41 497
1 4 628
1 50 406
1 42 247
1 49 373
1 6 87
1 21 298
1 59 726
1 71 132
1 22 586
1 64 281
1 38 206
1 24 964
1 75 253
1 32 949
1 31 917
1 7 434
1 64 921
1 36 641
1 6 219
1 59 779
1 62 367
1 25 15
1 27 481
1 20 921
1 40 601
1 5 139
1 90 936
1 11 98
1 60 780
1 83 796
1 69 330
1 36 575
1 61 956
1 17 163
1 4 385
1 66 74
1 55 709
1 23 812
1 29 398
1 79 706
1 69 960
1 38 47
1 26 281
1 25 875
1 30 25
1 17 49
1 37 428
1 56 267
1 63 38
1 7 251
1 69 669
1 4 373
2 87 560
2 26 864
2 91 748
2 56 769
2 19 321
2 30 568
2 20 148
2 23 796
2 22 9
2 6 291
2 33 11
2 16 1
2 78 665
2 78 727
2 75 379
2 62 58
2 90 776
2 14 391
2 50 425
2 81 639
2 23 300
2 57 934
2 88 767
2 65 62
2 80 783
2 58 789
2 31 624
2 38 299
2 79 284
2 33 167
2 14 173
2 57 444
2 17 645
2 79 210
2 87 789
2 16 151
2 27 357
3 51 696
3 23 606
3 19 388
3 19 724
3 64 344
3 93 456
3 29 643
3 45 455
3 50 229
3 69 731
3 31 589
3 58 727
3 24 461
3 80 194
3 46 27
3 6 795
3 53 500
3 30 109
3 14 159
3 78 790
3 91 307
3 41 850
3 6 756
3 77 321
3 88 431
4 45 973
4 5 362
4 86 967
4 13 14
4 52 335
4 55 930
4 11 556
4 66 216
4 52 737
4 92 560
4 37 219
4 4 194
4 58 202
4 76 40
4 18 601
4 7 383
4 37 15
4 13 899
4 56 595
4 18 113
4 38 111
4 92 366
4 46 990
4 77 762
4 28 590
4 73 447
4 59 106
4 39 237
4 51 573
4 75 842
4 7 378
4 30 928
4 31 35
4 87 113
4 30 491
4 13 185
4 6 417
4 51 342
4 53 54
5 43 700
5 31 753
5 87 372
5 9 154
5 73 711
5 23 310
5 5 604
5 65 9
5 74 385
5 41 290
5 87 151
5 57 960
5 78 911
5 27 555
5 53 41
5 41 469
5 61 309
5 9 757
5 93 333
5 65 183
5 86 960
5 69 542
5 45 163
5 66 520
5 22 355
5 36 921
5 23 977
5 65 260
5 89 796
5 84 477
5 71 269
5 43 627
5 26 71
5 21 445
5 34 831
5 21 246
5 59 437
5 23 615
5 68 657
5 40 386
5 67 296
5 47 165
6 45 705
6 81 576
6 10 987
6 82 211
6 82 212
6 22 515
6 33 123
6 13 685
6 13 12
6 85 357
6 87 488
6 76 161
6 29 848
6 80 720
6 71 180
6 37 884
6 63 782
6 22 291
6 83 304
6 16 310
6 81 972
6 7 17
6 54 66
6 73 107
6 38 791
6 74 374
6 71 547
6 13 604
6 33 443
6 79 263
6 23 921
6 64 740
6 18 978
6 44 769
6 69 266
6 85 849
6 73 196
7 76 700
7 65 68
7 90 65
7 69 823
7 85 188
7 46 191
7 12 873
7 59 26
7 19 948
7 12 833
7 47 758
7 54 35
7 75 114
7 73 152
7 81 496
7 49 846
7 31 229
7 10 151
7 33 979
7 57 109
7 51 414
7 68 391
7 8 295
7 23 330
7 86 583
7 76 687
7 18 35
7 72 359
7 25 527
7 39 380
7 26 136
7 84 455
7 50 503
7 21 366
7 88 649
8 27 840
8 35 276
8 55 753
8 13 191
8 27 539
8 63 554
8 12 299
8 46 290
8 46 663
8 81 849
8 87 520
8 51 689
8 36 338
8 46 422
8 40 789
8 73 564
8 49 480
8 38 441
8 10 504
8 33 250
8 80 201
8 71 550
8 78 52
8 77 213
8 90 99
8 54 782
8 71 464
8 59 420
8 73 256
8 79 377
8 53 592
8 72 200
8 44 612
8 88 763
8 69 723
8 66 487
8 57 812
8 30 923
8 93 825
8 57 342
8 41 244
8 33 735
8 49 812
8 32 97
8 27 738
8 58 711
9 85 219
9 87 308
9 61 960
9 18 159
9 46 162
9 63 19
9 27 411
9 28 469
9 9 983
9 32 321
9 65 570
9 68 746
9 33 108
9 35 223
9 67 450
9 60 84
9 39 645
9 46 87
9 15 177
9 33 455
9 60 394
9 87 605
9 67 75
9 20 514
9 78 180
9 56 170
9 13 129
9 48 592
9 37 377
9 76 263
9 75 251
9 36 169
9 65 152
9 74 36
9 77 817
9 77 482
10 73 707
10 11 664
10 88 254
10 78 769
10 64 495
10 31 269
10 75 346
10 84 335
10 84 322
10 21 879
10 22 38
10 62 882
10 78 807
10 27 335
10 19 532
10 50 188
10 37 871
10 25 485
10 48 886
10 74 382
10 13 611
10 13 548
10 24 813
10 49 943
10 78 169
10 73 175
10 46 507
10 72 780
10 15 67
10 87 148
11 69 995
11 12 487
11 93 53
11 74 266
11 53 450
11 28 803
11 64 307
11 15 588
11 34 71
11 64 272
11 70 664
11 23 69
11 39 436
11 17 662
11 90 329
11 56 653
11 73 478
11 45 914
11 71 226
11 27 740
11 82 121
11 22 722
11 33 69
11 42 457
11 57 75
11 88 750
11 66 292
11 37 263
11 49 847
12 71 649
12 28 383
12 63 597
12 35 271
12 16 556
12 14 886
12 73 354
12 64 328
12 81 2
12 53 748
12 13 629
12 59 615
12 29 749
12 45 640
12 76 756
12 78 48
12 59 401
12 45 214
12 37 375
12 29 888
12 80 884
12 16 903
12 34 928
12 26 388
12 82 764
12 35 588
12 38 711
12 53 750
12 45 979
12 92 57
13 46 24
13 26 718
13 77 876
13 17 827
13 46 510
13 18 88
13 19 480
13 89 659
13 29 458
13 46 839
13 40 382
13 57 397
13 13 199
13 44 176
13 80 968
13 53 273
13 79 977
13 82 678
13 36 102
13 29 656
13 72 759
13 48 576
13 17 28
14 90 161
14 29 567
14 53 458
14 58 621
14 80 254
14 64 154
14 37 180
14 40 148
14 48 403
14 41 323
14 71 143
14 93 995
14 17 446
14 34 850
14 65 880
14 90 86
14 18 667
14 30 373
14 89 557
14 77 693
14 53 143
14 64 594
14 52 58
14 92 357
14 82 414
14 25 455
14 62 579
15 54 638
15 33 666
15 69 204
15 83 112
15 66 464
15 54 288
15 88 801
15 74 416
15 85 836
15 74 328
15 17 242
15 40 272
15 55 85
15 76 611
15 84 228
15 71 939
15 89 808
15 21 89
15 57 918
15 50 155
15 61 424
15 76 809
15 82 33
15 36 124
15 44 297
15 90 609
15 32 664
15 90 53
15 61 272
15 32 364
16 57 530
16 77 53
16 76 480
16 50 165
16 64 961
16 63 719
16 49 751
16 17 61
16 77 302
16 53 144
16 37 612
16 62 552
16 61 32
16 26 38
16 39 744
16 60 984
16 61 226
16 36 51
16 48 662
16 57 389
16 56 201
16 43 712
16 72 212
16 39 5
16 27 489
16 39 562
16 67 262
16 63 222
16 71 622
16 36 717
16 66 979
16 54 101
16 65 875
16 71 588
16 66 582
17 84 285
17 89 47
17 40 588
17 40 62
17 67 774
17 51 514
17 47 434
17 30 949
17 88 96
17 89 920
17 84 846
17 93 908
17 70 536
17 57 41
17 67 12
17 71 743
17 40 34
17 61 288
17 36 789
17 26 816
17 67 671
17 52 389
17 85 864
17 70 288
17 86 269
17 23 638
17 84 752
17 47 678
17 50 119
17 36 42
17 19 598
17 63 548
17 47 445
17 90 175
17 47 574
17 28 96
17 73 347
17 56 841
17 41 62
17 66 491
17 17 927
18 86 52
18 80 137
18 18 61
18 33 676
18 39 420
18 92 692
18 41 499
18 41 29
18 85 938
18 27 195
18 49 70
18 70 876
18 80 943
18 89 382
18 28 855
18 44 676
18 48 778
18 81 711
18 36 265
18 35 144
18 44 1
18 61 316
18 76 542
19 65 347
19 68 485
19 68 715
19 69 724
19 27 355
19 86 732
19 20 138
19 72 943
19 91 347
19 69 682
19 69 576
19 21 75
19 85 56
19 64 757
19 64 82
19 87 850
19 71 341
19 65 559
19 78 862
19 66 308
19 88 674
19 52 285
19 70 832
19 37 163
19 69 915
19 25 961
19 39 476
19 60 133
19 49 384
19 60 601
19 43 354
19 39 947
19 53 690
19 45 362
19 90 87
20 56 721
20 30 218
20 33 575
20 30 675
20 73 296
20 34 494
20 44 792
20 70 20
20 61 519
20 33 459
20 71 201
20 52 827
20 67 886
20 35 955
20 57 584
20 86 381
20 52 383
20 66 921
20 27 734
20 67 919
20 60 493
20 86 377
20 26 333
20 39 539
20 60 924
20 36 212
20 26 60
20 32 685
20 51 175
21 60 738
21 47 529
21 33 180
21 82 105
21 47 353
21 47 310
21 78 938
21 24 995
21 83 775
21 85 873
21 53 352
21 27 463
21 46 651
21 93 964
21 75 296
21 32 5
21 66 105
22 64 920
22 77 93
22 71 631
22 63 483
22 84 641
22 29 75
22 86 190
22 69 566
22 34 243
22 88 219
22 54 29
22 41 660
22 23 278
22 74 989
22 59 18
22 22 672
22 52 151
22 42 889
22 24 165
22 68 870
22 77 250
22 32 630
22 79 485
22 49 786
22 53 854
22 39 103
22 83 581
22 53 119
22 84 392
22 45 457
22 92 349
22 74 949
22 72 982
22 29 779
22 88 333
22 63 78
22 44 283
22 26 507
23 82 147
23 38 72
23 71 382
23 42 284
23 79 579
23 26 501
23 92 741
23 45 854
23 59 232
23 41 231
23 47 417
23 47 710
23 90 791
23 89 714
23 63 496
23 27 105
23 81 696
23 89 549
23 30 618
23 43 928
23 44 875
23 27 246
23 75 907
23 81 46
23 76 469
24 64 778
24 33 43
24 31 106
24 25 267
24 88 30
24 74 80
24 61 88
24 37 55
24 52 394
24 81 309
24 68 439
24 69 786
24 29 115
24 63 45
24 70 155
24 57 178
24 67 403
24 72 976
24 62 252
24 80 956
25 91 864
25 92 392
25 32 375
25 67 157
25 44 136
25 54 962
25 38 768
25 54 172
25 45 753
25 68 273
25 74 53
25 48 558
25 83 921
25 41 693
25 26 807
25 48 798
25 27 122
25 53 675
25 63 209
25 42 705
25 58 641
25 63 181
26 72 230
26 45 296
26 63 145
26 76 777
26 45 422
26 93 103
26 37 107
26 85 993
26 32 570
26 88 549
26 60 387
26 75 887
26 82 977
26 37 25
26 65 188
26 28 210
26 37 928
26 63 796
26 50 703
26 44 220
26 78 106
26 33 219
26 92 181
26 77 354
26 42 188
26 45 309
26 51 122
26 92 85
26 60 688
26 84 759
26 34 965
26 62 992
26 82 705
26 52 624
26 52 969
26 66 449
26 40 22
26 59 422
26 93 427
26 80 60
27 63 67
27 75 632
27 29 824
27 93 407
27 52 312
27 80 999
27 79 161
27 91 709
27 58 812
27 52 327
27 35 21
27 39 523
27 78 707
27 67 615
27 30 193
27 46 549
27 51 780
27 89 452
27 29 354
27 56 152
27 49 924
27 63 345
27 64 660
27 50 81
27 32 616
27 39 641
27 39 658
27 84 671
27 53 914
27 58 831
28 63 669
28 64 389
28 64 470
28 81 18
28 43 990
28 80 345
28 84 435
28 31 600
28 68 297
28 68 573
28 76 168
28 50 259
28 81 160
28 36 265
28 30 474
28 63 231
28 90 999
28 74 81
28 57 48
28 68 514
28 74 338
28 46 452
28 39 549
28 56 730
28 31 893
28 78 721
28 45 457
28 75 570
28 47 629
28 57 751
28 68 515
29 64 667
29 82 290
29 45 743
29 40 522
29 36 605
29 34 330
29 55 289
29 47 610
29 49 989
29 79 615
29 59 605
29 45 921
29 92 245
29 67 732
29 46 112
29 70 243
29 76 416
29 42 857
29 91 84
29 48 416
29 61 896
29 64 492
29 83 167
29 29 657
29 32 484
29 78 212
29 83 957
29 64 482
29 75 562
29 62 709
30 86 831
30 67 547
30 73 490
30 34 914
30 75 696
30 44 544
30 64 238
30 91 295
30 68 288
30 41 308
30 37 292
30 81 991
30 90 830
30 38 672
30 61 102
30 93 551
30 67 478
30 91 190
30 53 636
30 64 856
30 68 520
30 92 35
30 80 249
30 30 339
30 84 453
30 32 142
30 59 952
30 62 452
30 84 672
31 87 295
31 89 312
31 64 14
31 77 156
31 58 217
31 75 766
31 69 100
31 73 96
31 86 307
31 77 80
31 63 49
31 90 494
31 36 482
31 59 777
31 40 813
31 32 126
31 82 83
31 49 277
31 54 991
31 90 909
31 64 910
31 37 703
31 55 712
31 40 559
31 54 77
31 88 118
31 56 383
31 48 705
31 59 322
32 70 294
32 32 260
32 85 700
32 70 985
32 51 703
32 75 182
32 46 947
32 66 871
32 49 189
32 61 324
32 51 887
32 79 602
32 62 759
32 46 371
32 74 64
32 74 922
32 46 906
32 38 750
32 81 999
32 52 579
32 82 357
32 39 422
32 49 222
32 39 527
33 84 620
33 51 512
33 35 929
33 45 973
33 34 230
33 83 325
33 56 684
33 90 612
33 62 362
33 83 616
33 36 592
33 74 681
33 62 481
33 54 594
33 34 770
33 60 991
33 78 111
33 89 226
33 47 105
33 73 219
33 73 226
33 60 636
33 57 162
33 78 167
33 72 780
33 73 684
34 37 323
34 63 721
34 63 436
34 72 615
34 51 283
34 74 902
34 81 936
34 76 363
34 77 418
34 50 623
34 78 315
34 77 166
34 43 297
34 52 890
34 42 310
34 88 636
34 72 854
34 55 326
34 87 466
34 53 584
34 48 111
34 84 947
34 44 470
34 46 808
34 62 811
34 80 240
34 37 745
34 83 522
34 44 556
34 56 101
35 87 193
35 83 792
35 75 49
35 90 348
35 60 598
35 72 546
35 38 111
35 51 461
35 74 651
35 82 827
35 46 746
35 70 287
35 38 619
35 88 666
35 43 904
35 48 460
35 74 505
35 92 468
35 42 645
35 40 28
35 88 401
35 67 280
35 67 201
35 62 298
35 71 727
36 52 450
36 41 90
36 41 127
36 91 482
36 73 771
36 74 763
36 37 943
36 87 146
36 58 24
36 43 725
36 65 339
36 91 511
36 68 740
36 42 473
37 49 931
37 93 300
37 84 225
37 45 300
37 42 382
37 58 49
37 59 312
37 56 484
37 83 457
37 50 175
37 92 921
37 52 644
37 78 387
37 43 389
37 57 819
37 80 573
37 87 847
37 73 455
37 49 103
37 40 776
37 59 551
37 81 723
37 67 48
37 64 997
38 46 484
38 55 174
38 74 626
38 50 192
38 42 459
38 66 921
38 81 536
38 71 333
38 76 668
38 76 932
38 76 398
38 43 66
38 67 884
38 89 232
38 89 976
38 91 531
38 40 837
38 52 392
38 71 443
38 86 516
38 69 447
38 93 158
38 83 560
38 54 164
39 58 777
39 77 289
39 65 363
39 55 521
39 90 82
39 62 178
39 44 4
39 65 165
39 93 697
39 45 398
39 39 175
39 87 693
39 93 841
39 47 547
39 84 858
39 63 370
39 74 950
39 77 826
39 91 590
39 47 252
39 84 122
39 89 643
39 61 977
39 73 39
39 69 740
39 68 590
39 62 206
39 72 271
40 88 84
40 75 702
40 63 138
40 91 457
40 59 327
40 54 582
40 42 247
40 42 493
40 61 958
40 46 360
40 67 674
40 48 945
40 72 425
40 93 464
40 63 148
40 53 586
40 74 8
40 47 747
40 46 486
40 60 355
40 58 524
40 80 458
41 73 701
41 58 876
41 62 548
41 75 759
41 55 688
41 50 214
41 52 785
41 87 372
41 80 200
41 44 835
41 75 809
41 53 844
41 69 147
41 80 381
41 75 122
41 61 47
41 49 121
41 74 474
42 43 3
42 46 57
42 67 153
42 89 731
42 90 110
42 67 929
42 59 762
42 50 773
42 57 295
42 91 78
42 65 850
42 62 904
42 66 20
42 87 285
42 63 183
43 77 448
43 61 804
43 48 883
43 50 971
43 54 404
43 67 197
43 60 895
43 53 154
43 58 919
43 73 987
43 51 700
43 61 292
43 48 238
43 74 542
43 74 845
43 75 102
43 61 570
43 46 187
43 64 191
43 62 789
44 58 604
44 87 395
44 73 453
44 76 217
44 83 992
44 80 900
44 73 965
44 79 118
44 48 1
44 76 128
44 85 380
44 69 51
44 57 637
44 48 987
44 90 282
44 56 951
44 45 782
44 61 987
44 90 684
44 91 92
45 67 556
45 84 650
45 90 596
45 67 255
45 72 562
45 76 317
45 46 746
45 57 253
45 63 408
45 61 284
45 46 383
45 74 827
45 47 954
45 66 21
45 79 942
45 51 649
46 61 845
46 90 602
46 59 275
46 66 585
46 67 243
46 55 262
46 78 180
46 79 978
46 51 156
46 91 982
46 78 656
46 89 780
46 79 407
46 83 850
46 77 187
46 74 994
46 85 257
47 72 275
47 75 93
47 89 789
47 78 804
47 81 304
47 54 467
47 49 118
47 75 630
47 88 810
47 80 734
47 92 946
47 84 35
47 92 225
47 63 372
47 49 222
47 85 166
48 70 32
48 71 404
48 61 479
48 79 4
48 84 601
48 93 314
48 49 791
48 51 517
48 51 756
48 71 623
48 51 839
48 48 159
48 87 113
48 70 796
48 67 456
48 53 431
48 93 748
49 63 968
49 87 334
49 66 118
49 53 579
49 87 787
49 51 634
49 70 674
49 56 191
49 55 914
49 62 728
49 50 56
49 61 588
49 87 998
49 66 103
49 91 595
49 78 146
49 82 703
49 81 292
49 68 924
49 74 106
49 49 851
49 54 621
49 92 58
49 57 113
49 68 264
49 86 854
50 78 251
50 91 610
50 90 409
50 71 753
50 68 233
50 85 734
50 72 638
50 90 931
50 59 666
50 68 244
50 71 405
50 55 857
50 55 236
50 87 725
51 68 769
51 62 654
51 67 652
51 52 818
51 82 876
51 68 190
51 75 864
51 65 36
51 82 693
51 69 448
51 68 123
51 75 343
51 67 439
51 77 424
51 81 976
51 78 692
51 76 843
51 84 735
51 58 89
52 67 856
52 64 272
52 56 485
52 84 615
52 77 470
52 85 226
52 83 152
52 73 441
52 83 490
52 78 960
52 63 530
52 79 694
53 60 899
53 73 825
53 71 175
53 70 452
53 75 865
53 78 454
53 78 797
53 73 627
53 63 301
53 85 933
53 63 337
53 87 693
53 71 645
53 63 520
53 53 726
53 79 93
53 54 936
53 57 574
53 88 459
54 92 90
54 63 303
54 86 47
54 82 745
54 88 418
54 86 456
54 92 394
54 83 207
54 80 79
54 90 760
54 85 450
54 56 154
54 57 843
54 75 292
54 69 622
54 61 656
54 83 996
54 55 607
54 62 140
55 68 860
55 76 328
55 61 468
55 66 11
55 89 808
55 84 543
55 87 986
55 63 203
55 66 802
55 83 653
55 60 646
56 65 749
56 92 543
56 81 12
56 88 181
56 93 334
56 78 688
56 75 726
56 67 855
56 83 595
56 61 444
56 87 71
56 93 433
56 75 148
56 85 86
56 80 53
57 81 576
57 63 425
57 67 925
57 80 932
57 58 239
57 65 201
57 65 974
57 86 920
57 93 522
57 59 535
57 82 505
57 92 880
57 71 856
57 78 14
57 88 683
57 77 118
57 74 504
58 62 129
58 88 33
58 75 714
58 72 430
58 61 139
58 71 370
58 75 944
58 82 645
58 62 93
58 74 779
58 69 728
58 80 553
58 88 462
58 67 406
58 87 333
58 90 655
59 72 884
59 67 287
59 74 589
59 86 317
59 92 77
59 64 146
59 77 288
59 71 504
59 65 315
59 63 252
60 67 169
60 80 245
60 81 975
60 77 290
60 78 159
60 66 395
60 82 685
60 83 857
60 64 932
60 60 137
60 66 985
60 83 875
60 63 465
60 92 49
60 81 859
61 89 672
61 84 898
61 63 441
61 63 561
61 73 973
61 67 794
61 90 770
61 76 420
61 90 417
61 66 618
61 70 607
61 66 750
61 66 588
61 75 389
62 85 972
62 88 27
62 85 388
62 81 375
62 62 159
62 70 81
62 65 339
62 76 351
62 87 843
62 77 600
62 77 851
63 75 129
63 71 916
63 80 539
63 74 695
63 86 170
63 68 309
63 72 278
63 76 441
63 79 531
63 86 681
63 67 444
63 73 986
64 80 815
64 93 312
64 76 943
64 81 918
64 74 378
64 72 32
64 74 967
65 86 731
65 87 405
65 88 638
65 82 541
65 90 73
65 74 114
65 84 601
66 81 609
66 69 504
66 78 562
66 79 185
66 70 173
66 75 550
66 76 227
66 68 568
66 91 543
66 69 999
66 93 388
66 83 924
66 72 868
66 92 717
66 77 347
67 79 960
67 85 516
67 92 440
67 79 377
67 77 344
67 89 713
67 85 103
67 87 727
67 83 231
67 88 206
67 86 462
67 74 12
68 83 766
68 89 252
68 86 473
68 76 551
68 68 909
68 88 457
68 83 750
68 93 999
68 87 811
68 79 978
68 76 354
68 84 432
68 93 521
69 80 153
69 92 721
69 83 816
69 77 28
69 74 117
69 71 8
69 80 301
69 74 730
69 88 137
70 88 979
70 77 940
70 71 515
70 85 765
70 89 147
70 72 297
70 75 942
70 72 802
70 80 338
70 71 132
70 76 894
70 87 901
71 85 604
71 76 727
71 72 203
71 87 355
71 73 346
71 78 697
71 78 756
71 75 133
71 93 517
72 85 920
72 82 952
72 76 556
72 93 916
72 79 803
72 88 404
72 92 88
73 88 233
73 79 234
74 92 178
74 77 177
74 91 221
74 84 181
74 84 174
74 80 85
74 77 998
74 79 293
75 84 423
75 91 344
75 87 29
75 87 335
75 76 379
75 76 892
76 90 619
76 86 73
76 83 96
76 89 305
76 81 840
76 77 232
76 93 886
76 90 731
76 88 55
77 80 276
77 88 471
77 77 870
77 86 735
77 78 580
77 78 289
77 84 725
78 87 203
78 83 44
78 83 115
78 81 81
78 82 715
79 92 582
79 93 872
79 82 458
80 84 271
80 91 103
80 91 538
80 84 26
80 88 886
81 85 939
81 92 533
81 83 122
82 85 260
82 85 378
82 88 667
82 88 182
82 87 233
83 93 957
83 87 737
83 93 453
84 89 193
84 92 200
84 84 120
84 87 628
84 87 228
84 89 693
85 92 389
85 90 203
85 92 845
86 91 204
86 91 590
86 88 685
86 90 83
87 88 298
87 89 827
88 93 864
89 93 329
89 92 294
90 91 635
90 91 874
90 92 738
90 91 17
90 93 306
92 92 472
10 22 5 5 44816637
0 1 536
0 2 887
0 0 703
0 0 418
1 7 54
1 6 3
1 1 541
1 9 618
2 9 609
2 8 339
2 9 245
2 7 759
3 4 75
3 5 698
4 8 782
4 9 119
4 5 691
5 9 102
6 7 516
6 6 132
7 9 317
7 8 258
79 2212 26 74 67846776
0 56 741
0 3 754
0 53 497
0 75 185
0 73 702
0 69 338
0 22 232
0 3 471
0 44 155
0 25 788
0 26 437
0 14 510
0 61 252
0 61 803
0 73 702
0 60 825
0 38 166
0 34 794
0 5 514
0 39 801
0 45 525
0 72 747
0 36 666
0 14 954
0 72 634
0 6 423
0 37 364
0 33 126
0 72 827
0 41 869
0 50 679
0 26 219
0 27 858
0 65 569
0 68 8
0 45 959
0 39 275
0 23 665
0 25 841
0 49 474
0 50 93
0 36 704
0 62 55
0 42 548
0 78 582
0 76 520
0 20 160
0 58 649
0 45 400
1 67 249
1 43 849
1 18 686
1 29 675
1 23 518
1 20 481
1 36 240
1 49 901
1 7 819
1 11 395
1 11 409
1 75 552
1 61 597
1 64 224
1 28 770
1 35 291
1 60 264
1 78 925
1 36 881
1 23 437
1 12 961
1 62 24
1 49 109
1 55 282
1 67 570
1 35 474
1 52 110
1 4 524
1 24 798
1 3 699
1 66 819
1 19 715
1 28 854
1 34 542
1 52 826
1 12 725
1 44 314
1 59 119
1 59 407
1 69 987
1 70 868
1 16 931
1 62 928
1 63 406
1 72 501
1 19 407
1 17 105
2 62 140
2 48 72
2 48 991
2 56 320
2 20 856
2 3 294
2 33 862
2 23 49
2 78 837
2 25 782
2 55 251
2 14 924
2 41 263
2 24 412
2 41 737
2 36 842
2 59 8
2 68 359
2 75 357
2 59 663
2 67 882
2 10 460
2 74 370
2 13 168
2 44 708
2 39 397
2 52 279
2 7 881
2 32 426
2 23 934
2 7 492
2 69 245
2 17 612
2 61 593
2 65 690
2 16 255
2 21 306
2 44 231
2 24 507
2 10 227
2 76 395
2 69 856
2 45 739
2 17 886
2 49 632
2 33 581
2 42 762
2 9 26
2 59 988
2 72 492
2 11 542
2 73 725
2 76 695
3 29 68
3 38 158
3 57 510
3 68 921
3 61 791
3 69 799
3 24 343
3 6 265
3 23 855
3 11 97
3 33 131
3 53 437
3 43 238
3 28 221
3 17 647
3 33 442
3 72 354
3 17 620
3 33 31
3 56 87
3 29 389
3 40 850
3 54 392
3 55 205
3 51 303
3 11 813
3 49 549
3 72 577
3 25 502
3 72 17
3 70 300
3 8 496
3 69 645
3 14 744
3 35 816
3 12 536
3 3 972
3 16 358
3 69 518
3 13 37
3 66 467
3 52 335
3 78 475
3 29 887
3 62 394
3 53 575
3 30 196
3 24 805
3 50 934
3 31 350
3 60 819
3 51 946
3 34 133
3 48 413
3 70 690
3 51 11
3 11 273
4 48 285
4 73 665
4 48 478
4 21 241
4 63 447
4 77 394
4 68 447
4 61 75
4 58 741
4 37 273
4 20 197
4 37 634
4 9 147
4 45 718
4 38 529
4 17 375
4 7 180
4 48 915
4 41 458
4 71 186
4 37 551
4 32 410
4 46 754
4 50 817
4 25 33
4 51 424
4 64 286
4 72 223
4 33 620
4 65 632
4 51 856
4 47 592
4 25 190
4 27 257
4 8 144
4 5 900
4 33 27
4 71 854
4 56 377
4 40 415
4 34 524
4 54 100
4 10 475
4 30 395
4 55 344
4 55 149
4 20 958
4 67 520
4 22 210
4 11 611
4 28 965
4 57 692
4 22 933
4 49 700
4 58 496
4 27 973
4 51 989
4 16 62
4 74 821
5 33 1
5 8 2
5 36 424
5 28 948
5 35 368
5 14 771
5 32 730
5 5 871
5 10 351
5 33 289
5 14 195
5 74 277
5 18 745
5 47 943
5 23 473
5 60 498
5 10 408
5 31 854
5 39 899
5 37 337
5 25 28
5 21 422
5 42 923
5 26 499
5 31 324
5 54 333
5 14 742
5 69 215
5 33 989
5 65 267
5 16 993
5 75 983
5 7 526
5 61 539
5 45 847
5 9 125
5 48 132
5 14 113
5 51 341
5 39 202
5 61 390
5 44 867
5 27 825
5 39 771
5 28 746
5 20 855
5 61 435
5 50 272
5 57 845
5 59 993
6 59 572
6 37 557
6 44 827
6 58 504
6 7 614
6 75 855
6 33 531
6 32 353
6 51 624
6 38 361
6 29 949
6 19 600
6 46 215
6 46 876
6 59 704
6 29 899
6 13 2
6 51 143
6 31 437
6 10 62
6 22 573
6 70 494
6 35 749
6 11 920
6 72 732
6 26 616
6 70 416
6 39 840
6 53 503
6 32 442
6 34 855
6 40 706
6 53 339
6 30 216
6 44 300
6 16 30
6 9 598
6 14 361
6 16 476
6 54 605
6 59 562
6 53 940
6 8 952
6 12 63
6 24 255
6 37 910
6 13 992
6 27 401
6 51 857
6 49 218
6 8 975
6 23 143
6 76 690
6 28 548
6 8 724
7 72 988
7 69 390
7 68 253
7 69 466
7 18 173
7 64 220
7 38 896
7 34 147
7 54 700
7 46 51
7 74 289
7 77 752
7 33 952
7 62 662
7 17 735
7 62 517
7 24 609
7 73 320
7 34 509
7 53 810
7 59 447
7 35 724
7 68 447
7 46 885
7 34 599
7 65 825
7 37 778
7 63 226
7 73 607
7 68 427
7 59 853
7 37 965
7 34 812
7 30 221
7 52 649
7 70 886
7 35 583
7 40 585
7 24 965
7 56 52
7 38 347
7 16 108
7 17 23
7 21 415
7 65 842
7 12 821
7 44 607
8 28 551
8 12 600
8 75 534
8 32 263
8 14 103
8 30 642
8 77 199
8 74 184
8 27 38
8 45 917
8 55 306
8 58 118
8 44 857
8 62 355
8 56 575
8 12 496
8 75 654
8 71 405
8 63 895
8 26 134
8 56 569
8 26 464
8 53 134
8 9 496
8 55 293
8 17 684
8 24 764
8 47 991
8 71 827
8 56 382
8 19 980
8 35 298
8 50 611
8 12 363
8 27 132
8 12 923
8 25 312
8 24 589
8 13 822
8 29 271
8 52 983
8 69 767
8 69 965
8 71 152
8 73 637
8 18 208
8 56 536
8 58 49
8 64 87
8 29 391
8 67 914
8 23 112
8 30 95
9 41 762
9 10 320
9 72 217
9 17 444
9 56 703
9 9 765
9 48 368
9 62 665
9 59 924
9 66 20
9 30 375
9 51 707
9 26 106
9 38 503
9 40 649
9 41 252
9 68 801
9 58 207
9 37 412
9 43 519
9 19 199
9 34 693
9 70 679
9 46 542
9 78 469
9 31 612
9 74 847
9 42 863
9 14 427
9 12 589
9 48 507
9 30 863
9 36 827
9 44 869
9 41 472
9 59 656
9 59 736
9 33 434
9 75 166
9 19 820
9 15 234
9 26 776
9 16 584
9 33 84
9 48 743
9 76 374
9 13 275
9 76 413
9 17 553
9 67 373
9 16 378
9 24 578
10 62 863
10 76 533
10 69 132
10 16 326
10 22 813
10 66 788
10 13 389
10 44 935
10 20 543
10 62 706
10 72 748
10 29 690
10 28 701
10 10 781
10 71 378
10 26 461
10 60 825
10 66 906
10 52 771
10 52 197
10 68 865
10 36 976
10 42 772
10 62 463
10 19 928
10 66 637
10 11 437
10 50 425
10 73 842
10 15 787
10 41 530
10 39 164
10 21 491
10 45 107
10 75 676
10 43 874
10 20 269
10 56 536
10 19 220
10 13 327
10 35 101
10 38 120
10 55 202
10 52 678
10 76 978
10 70 566
10 39 718
10 57 335
10 67 688
10 13 952
10 35 448
10 59 822
10 64 376
10 64 877
10 47 446
10 23 102
10 30 947
10 20 638
10 61 677
10 78 444
10 37 778
10 37 533
10 21 748
10 52 344
10 19 310
11 75 440
11 66 164
11 49 872
11 57 940
11 52 216
11 39 829
11 74 981
11 70 223
11 41 551
11 48 433
11 66 216
11 51 654
11 24 695
11 25 217
11 59 772
11 61 724
11 22 830
11 36 427
11 32 493
11 31 507
11 44 722
11 17 30
11 14 797
11 68 501
11 13 399
11 52 564
11 28 207
11 39 812
11 69 865
11 60 372
11 74 135
11 16 866
11 42 345
11 35 396
11 20 393
11 34 993
11 65 570
11 75 985
11 53 598
12 30 727
12 65 378
12 29 894
12 34 460
12 32 939
12 22 180
12 66 799
12 61 926
12 52 890
12 61 805
12 53 41
12 35 669
12 52 984
12 27 38
12 72 210
12 45 85
12 60 560
12 76 230
12 48 555
12 65 754
12 26 441
12 73 625
12 52 548
12 46 108
12 61 98
12 27 737
12 57 720
12 52 462
12 44 967
12 61 322
12 30 362
12 69 918
12 74 99
12 72 282
12 42 510
12 15 369
12 57 149
12 54 659
12 64 206
12 52 983
12 21 489
12 33 915
12 49 135
12 46 480
12 49 460
12 78 787
12 63 76
12 53 995
12 61 989
12 25 61
12 48 727
12 18 709
12 24 393
12 33 859
12 14 528
12 16 894
13 69 377
13 38 356
13 54 108
13 22 612
13 61 731
13 16 199
13 51 917
13 31 227
13 61 144
13 69 509
13 25 432
13 46 632
13 70 780
13 62 812
13 28 468
13 60 902
13 69 782
13 39 660
13 60 647
13 53 502
13 72 604
13 75 468
13 61 502
13 25 470
13 74 441
13 67 639
13 60 813
13 47 292
13 41 459
13 58 256
13 32 914
13 26 17
13 37 766
13 37 701
13 74 330
13 35 218
13 62 714
13 51 817
13 21 779
13 41 207
13 20 937
13 65 986
13 36 727
13 47 462
13 57 514
13 61 931
13 50 24
14 74 757
14 39 682
14 56 50
14 43 958
14 24 189
14 77 611
14 41 312
14 25 715
14 66 843
14 69 398
14 51 789
14 20 923
14 30 391
14 54 691
14 61 803
14 73 286
14 77 356
14 43 925
14 17 183
14 71 400
14 26 657
14 15 529
14 21 597
14 38 61
14 39 325
14 76 725
14 73 270
14 14 172
14 16 692
14 16 238
14 21 755
14 14 596
14 31 292
14 71 769
14 33 155
14 25 878
14 24 476
14 18 719
14 46 814
14 72 742
14 33 668
14 41 885
14 33 740
14 71 362
14 15 262
14 41 999
14 67 343
14 25 264
14 56 835
14 47 798
14 55 690
14 30 778
14 69 845
14 78 852
14 52 883
14 62 692
15 58 316
15 67 359
15 39 416
15 47 908
15 25 349
15 64 896
15 26 923
15 54 466
15 38 811
15 75 594
15 78 755
15 30 39
15 44 498
15 35 35
15 75 897
15 45 955
15 42 656
15 27 232
15 15 493
15 18 271
15 75 525
15 44 849
15 15 38
15 25 436
15 32 424
15 48 381
15 72 866
15 26 130
15 48 536
15 32 384
15 32 98
15 50 506
15 58 358
15 19 292
15 22 467
15 45 962
15 58 134
15 70 930
15 45 351
16 46 620
16 32 603
16 68 722
16 67 286
16 43 492
16 63 970
16 39 952
16 30 190
16 36 899
16 65 761
16 45 932
16 72 675
16 67 812
16 51 255
16 56 404
16 35 321
16 57 234
16 58 947
16 32 914
16 43 723
16 50 268
16 59 960
16 47 963
16 75 784
16 75 494
16 47 80
16 50 946
16 78 596
16 38 367
16 52 504
16 28 314
16 34 139
16 29 779
16 69 350
16 18 960
16 39 331
16 60 283
16 21 118
16 48 954
16 48 446
17 60 407
17 33 398
17 24 971
17 55 128
17 66 156
17 17 91
17 74 850
17 29 462
17 63 3
17 64 30
17 36 772
17 50 164
17 43 953
17 76 861
17 52 873
17 67 23
17 61 346
17 32 758
17 40 278
17 29 438
17 60 922
17 60 642
17 40 848
17 60 868
17 21 644
17 19 970
17 45 570
17 29 832
17 51 109
17 59 906
17 25 556
17 75 501
17 53 177
17 32 949
17 40 485
17 58 869
17 32 736
17 72 896
17 31 360
17 47 675
17 47 431
17 70 691
18 44 653
18 66 732
18 31 551
18 40 595
18 32 136
18 75 180
18 39 955
18 52 963
18 43 140
18 68 486
18 58 409
18 20 241
18 36 754
18 31 97
18 28 25
18 73 455
18 21 225
18 21 281
18 35 704
18 67 678
18 20 117
18 49 925
18 78 473
18 74 517
18 20 450
18 34 202
18 57 253
18 48 530
18 19 570
18 53 619
18 48 738
18 49 123
18 74 971
18 64 182
18 54 990
18 41 344
18 21 556
18 32 167
18 78 732
18 78 793
18 32 587
18 26 293
18 29 589
19 37 625
19 46 11
19 70 90
19 55 155
19 67 218
19 49 98
19 29 4
19 74 349
19 52 696
19 33 822
19 55 419
19 46 241
19 42 357
19 20 386
19 64 997
19 60 201
19 62 635
19 44 357
19 20 786
19 41 674
19 68 388
19 30 259
19 60 511
19 62 135
19 59 888
19 74 835
19 72 648
19 50 242
19 40 818
19 47 771
19 76 851
19 46 767
19 24 888
19 72 573
19 26 158
19 48 410
19 67 41
19 33 851
19 72 534
19 23 323
19 70 568
19 27 30
19 30 159
19 42 667
20 56 96
20 39 817
20 29 73
20 63 562
20 35 70
20 44 124
20 31 355
20 43 484
20 29 54
20 29 653
20 25 411
20 22 709
20 75 80
20 63 774
20 35 378
20 63 137
20 26 430
20 72 452
20 73 712
20 46 885
20 41 144
20 47 255
20 35 809
20 32 837
20 27 797
20 60 557
20 47 608
20 76 232
20 31 621
20 40 399
20 22 113
20 27 209
20 20 503
20 23 225
20 52 468
20 65 308
20 53 156
20 34 224
20 30 81
20 50 194
20 34 205
20 44 402
20 21 528
20 64 843
20 22 837
20 72 376
20 37 289
21 44 34
21 75 684
21 55 377
21 61 761
21 26 563
21 35 640
21 37 580
21 50 841
21 66 801
21 39 818
21 23 344
21 42 716
21 42 352
21 35 711
21 27 62
21 56 806
21 70 454
21 31 638
21 66 47
21 51 718
21 66 33
21 45 62
21 71 377
21 72 781
21 33 980
21 43 339
21 60 215
21 55 102
21 68 347
21 53 811
22 76 557
22 24 931
22 33 503
22 26 826
22 52 295
22 56 801
22 40 384
22 42 557
22 77 425
22 50 272
22 37 300
22 55 120
22 42 731
22 77 643
22 28 523
22 39 855
22 57 664
22 78 368
22 25 983
22 45 628
22 58 561
22 55 81
22 44 396
22 73 379
22 54 507
22 58 923
22 67 898
22 43 458
22 29 160
22 54 966
22 28 831
22 63 409
22 39 409
22 52 746
22 67 308
22 69 51
22 49 182
23 25 23
23 63 115
23 30 468
23 41 422
23 51 447
23 45 298
23 28 470
23 68 263
23 55 107
23 25 293
23 34 847
23 43 387
23 34 515
23 62 400
23 36 208
23 45 664
23 65 930
23 38 285
23 40 222
23 59 971
23 54 257
23 40 656
23 65 721
23 64 630
23 49 177
23 77 167
23 38 718
23 71 2
23 31 919
23 38 33
23 58 531
23 34 148
23 49 768
23 25 110
23 38 164
23 39 930
23 52 894
23 26 358
23 38 351
23 28 564
23 45 903
23 55 215
23 50 357
23 62 834
23 42 732
23 70 776
23 39 196
24 42 212
24 58 658
24 61 813
24 43 517
24 78 468
24 32 291
24 42 683
24 26 679
24 73 482
24 77 434
24 26 340
24 51 3
24 57 714
24 77 834
24 47 502
24 54 95
24 38 94
24 45 290
24 27 631
24 35 759
24 57 38
24 26 829
24 51 875
24 53 44
24 77 806
24 70 90
24 74 535
24 26 189
24 52 176
24 40 748
24 48 815
24 32 820
24 78 61
24 56 512
24 56 99
24 44 659
24 51 730
24 61 322
24 28 526
24 50 395
24 69 934
25 36 357
25 29 816
25 53 135
25 69 888
25 55 30
25 65 733
25 37 993
25 51 123
25 33 811
25 45 924
25 40 627
25 64 767
25 57 627
25 65 678
25 36 344
25 44 523
25 33 301
25 51 799
25 39 296
25 27 734
25 29 101
25 63 240
25 41 951
25 63 389
25 27 258
25 42 116
25 46 76
25 33 801
25 30 519
25 43 398
25 49 498
25 38 225
25 45 600
25 32 143
25 52 654
25 49 692
26 50 907
26 57 856
26 33 780
26 64 568
26 58 919
26 67 256
26 76 736
26 30 512
26 48 878
26 69 537
26 54 329
26 71 181
26 53 775
26 47 351
26 76 803
26 63 785
26 33 522
26 46 890
26 78 543
26 26 555
26 50 537
26 69 255
26 45 484
26 65 942
26 31 612
26 69 828
26 51 327
26 47 840
26 58 452
26 37 552
26 37 677
26 77 87
26 33 863
26 53 95
26 32 484
26 30 942
26 76 699
26 77 795
27 48 253
27 31 581
27 54 470
27 59 334
27 58 613
27 28 532
27 41 102
27 58 775
27 28 277
27 50 612
27 77 289
27 48 979
27 50 602
27 75 542
27 66 285
27 29 247
27 56 759
27 69 324
27 63 5
27 69 17
27 59 855
27 46 832
27 47 868
27 28 754
27 30 351
27 53 382
27 59 747
27 43 750
27 29 657
27 42 822
27 75 911
27 28 153
27 43 126
27 61 591
27 73 805
27 49 714
27 39 65
27 41 646
27 53 363
27 64 217
27 45 952
27 43 528
27 34 756
28 53 456
28 50 609
28 53 350
28 68 242
28 58 848
28 31 621
28 77 775
28 37 992
28 46 154
28 52 895
28 56 641
28 64 498
28 69 215
28 72 700
28 73 880
28 37 573
28 31 1000
28 57 532
28 68 470
28 54 285
28 54 729
28 61 157
28 43 256
28 29 864
28 70 351
28 66 318
28 59 778
28 43 613
28 34 351
28 66 262
28 64 896
28 39 212
28 62 146
28 64 327
28 40 714
29 40 479
29 33 949
29 68 486
29 55 476
29 56 539
29 74 185
29 45 827
29 54 313
29 57 337
29 74 466
29 75 64
29 58 663
29 51 625
29 46 156
29 58 434
29 30 307
29 57 91
29 74 180
29 78 980
29 49 175
29 68 771
29 42 45
29 51 265
29 35 830
29 35 416
29 64 709
29 60 316
29 52 536
29 41 507
29 59 236
29 29 274
29 44 898
29 39 904
29 53 969
30 32 876
30 73 15
30 62 357
30 55 423
30 72 645
30 75 183
30 39 822
30 71 444
30 62 463
30 74 177
30 41 192
30 56 782
30 75 807
30 40 502
30 58 478
30 76 847
30 65 414
30 61 644
30 34 575
30 34 374
30 61 430
30 62 501
30 56 131
30 63 733
30 73 549
30 32 309
30 51 616
30 46 795
30 49 641
30 31 266
30 54 953
30 68 555
30 60 272
30 52 139
30 47 483
30 32 112
31 38 800
31 75 686
31 64 396
31 49 221
31 38 719
31 52 516
31 38 840
31 65 84
31 64 184
31 74 668
31 47 743
31 68 324
31 47 124
31 73 326
31 66 626
31 52 297
31 68 653
31 71 657
31 66 464
31 60 951
31 66 679
31 74 774
31 55 445
31 61 683
31 54 550
31 52 369
31 47 576
31 71 211
31 47 618
31 47 304
31 69 280
31 74 777
31 65 258
32 39 587
32 55 368
32 37 521
32 69 124
32 63 127
32 75 181
32 41 538
32 42 755
32 34 34
32 51 461
32 46 919
32 41 273
32 45 417
32 41 968
32 73 761
32 57 185
32 63 689
32 37 276
32 36 944
32 75 549
32 51 163
32 45 827
32 58 879
32 75 312
32 41 844
32 48 240
32 37 492
32 35 804
32 67 923
32 62 278
32 58 595
32 58 7
32 55 772
32 68 637
32 33 481
32 56 43
32 52 719
32 57 325
32 70 770
32 40 155
32 44 754
32 46 556
32 51 1
32 33 167
33 69 930
33 75 561
33 56 500
33 69 274
33 76 313
33 39 877
33 66 174
33 59 241
33 58 239
33 40 72
33 61 492
33 67 210
33 45 539
33 51 912
33 37 550
33 74 820
33 49 624
33 67 421
33 63 715
33 59 246
33 61 227
33 70 161
33 65 609
33 78 997
33 77 6
33 42 134
33 52 618
33 46 722
34 50 937
34 36 77
34 42 752
34 74 370
34 44 69
34 58 242
34 48 261
34 74 428
34 66 59
34 50 830
34 73 155
34 75 968
34 60 475
34 36 556
34 44 411
34 61 944
34 44 873
34 58 70
34 71 150
34 46 791
34 72 322
34 52 793
34 37 403
35 60 11
35 37 908
35 74 380
35 72 60
35 37 197
35 63 233
35 41 338
35 59 137
35 65 754
35 65 960
35 37 707
35 48 164
35 35 36
35 61 697
35 38 383
35 62 790
35 67 167
35 75 725
35 47 383
35 41 403
35 72 600
35 48 842
35 71 16
35 63 302
35 69 298
35 64 130
35 50 99
35 77 941
35 48 468
35 65 245
35 66 712
35 38 888
35 47 350
35 37 900
36 70 454
36 45 34
36 75 758
36 45 823
36 71 170
36 55 247
36 47 776
36 57 590
36 41 12
36 46 123
36 52 436
36 56 231
36 73 522
36 64 252
36 57 356
36 60 724
36 50 722
36 74 413
36 36 454
36 37 619
36 50 359
36 43 736
36 44 806
36 50 428
36 45 772
36 68 814
36 40 851
36 46 606
36 55 510
37 44 882
37 67 617
37 57 841
37 72 240
37 69 591
37 38 969
37 46 254
37 64 850
37 45 411
37 55 542
37 70 882
37 74 92
37 50 965
37 48 429
37 68 735
37 42 609
37 40 624
37 45 848
37 49 824
37 49 230
37 65 874
37 49 446
37 54 515
37 45 380
37 38 476
37 55 496
37 71 890
37 43 918
37 47 817
37 64 111
38 63 42
38 63 282
38 77 640
38 58 683
38 49 831
38 64 491
38 44 67
38 69 990
38 64 411
38 72 783
38 41 480
38 66 222
38 43 77
38 44 716
38 52 482
38 52 644
38 42 415
38 73 992
38 44 605
38 60 164
38 68 716
38 55 955
39 53 829
39 61 246
39 73 635
39 69 918
39 59 271
39 42 887
39 77 832
39 72 744
39 65 276
39 77 906
39 66 880
39 50 12
39 74 642
39 49 609
39 50 989
39 77 852
39 51 3
40 75 615
40 43 511
40 47 922
40 57 162
40 66 612
40 50 802
40 55 35
40 62 615
40 42 999
40 77 370
40 57 864
40 53 368
40 78 314
40 46 383
40 52 125
40 70 130
40 47 530
40 47 100
40 68 313
40 65 384
40 70 297
40 73 72
41 69 716
41 65 221
41 53 204
41 74 387
41 71 28
41 77 501
41 56 825
41 73 42
41 45 479
41 45 626
41 51 263
41 64 946
41 62 930
41 46 512
41 49 515
41 65 254
41 50 366
41 49 231
41 52 734
41 74 2
41 70 87
41 68 93
42 53 247
42 48 102
42 49 98
42 69 697
42 76 227
42 59 305
42 58 215
42 50 623
42 60 249
42 49 30
42 72 764
42 65 992
42 77 195
42 76 256
42 73 763
42 67 937
42 45 314
42 68 278
42 76 465
42 43 864
42 63 201
42 74 654
42 76 435
42 64 893
42 52 756
42 63 840
42 49 912
42 49 41
42 63 576
42 72 15
42 75 60
43 44 146
43 71 411
43 44 748
43 71 308
43 49 410
43 66 952
43 53 669
43 48 644
43 73 535
43 77 992
43 45 272
43 55 167
43 75 313
43 59 894
43 71 705
43 76 642
43 78 127
43 70 347
43 63 780
43 59 147
43 54 314
43 50 176
43 59 41
43 66 360
43 78 39
43 58 84
43 76 293
43 77 473
44 47 585
44 44 579
44 65 128
44 63 140
44 61 393
44 51 584
44 47 113
44 45 530
44 69 768
44 66 939
44 76 415
44 51 200
44 45 198
44 62 238
44 71 159
44 49 837
44 69 587
44 64 832
44 53 748
44 49 47
44 77 633
44 67 646
44 54 410
44 72 800
44 66 45
44 78 501
45 64 509
45 70 87
45 61 654
45 60 928
45 55 552
45 75 496
45 71 962
45 47 928
45 57 440
45 69 480
45 65 257
45 50 555
45 72 304
45 74 844
45 63 957
45 59 1000
45 66 250
45 71 292
45 61 737
45 51 7
45 64 984
45 65 869
45 72 182
45 69 43
45 71 137
45 52 647
46 64 455
46 67 755
46 62 672
46 74 494
46 52 997
46 60 712
46 62 948
46 68 572
46 51 906
46 75 388
46 74 199
46 69 505
46 66 43
46 74 505
46 77 290
46 50 701
46 55 661
46 61 601
46 62 580
46 74 25
46 51 910
46 49 210
46 56 326
46 73 783
46 57 323
46 47 382
46 69 499
47 75 228
47 49 976
47 77 112
47 74 532
47 75 859
47 78 736
47 69 597
47 52 214
47 73 654
47 77 394
47 61 699
47 66 88
47 63 807
47 56 194
47 71 925
47 72 415
47 68 35
47 66 79
47 54 235
47 55 225
47 68 241
47 48 969
47 71 31
47 73 113
47 55 690
47 68 848
47 47 819
47 60 646
48 64 345
48 57 194
48 67 922
48 51 563
48 53 490
48 67 941
48 73 587
48 76 975
48 70 742
48 77 979
48 51 310
48 75 79
48 62 920
48 58 30
48 57 395
48 75 661
48 59 413
48 61 776
48 49 790
48 64 253
48 76 915
48 58 471
48 65 531
49 74 96
49 52 915
49 67 773
49 54 495
49 73 404
49 59 218
49 68 877
49 72 526
49 72 874
49 76 147
49 74 870
49 64 575
49 76 767
49 50 849
50 78 950
50 61 154
50 60 555
50 62 602
50 75 114
50 61 535
50 58 18
50 53 493
50 63 617
50 70 804
50 69 763
50 76 70
50 70 88
50 75 184
50 68 47
50 78 358
50 74 607
50 56 1000
50 70 407
51 78 398
51 53 922
51 57 671
51 57 693
51 51 352
51 66 984
51 56 541
51 62 476
51 76 687
51 62 903
51 73 520
51 54 400
51 63 264
51 75 110
51 54 802
52 63 77
52 57 202
52 64 384
52 71 365
52 56 507
52 64 283
52 76 570
52 59 286
52 66 721
52 73 550
52 52 986
52 67 589
52 62 339
52 61 695
52 64 181
52 62 57
52 77 95
52 77 856
53 58 556
53 68 360
53 67 691
53 55 12
53 58 951
53 72 924
53 76 864
53 58 755
53 57 135
53 72 622
53 76 957
53 74 900
53 78 270
53 77 494
53 62 252
53 67 53
53 57 32
54 61 896
54 60 647
54 58 836
54 78 998
54 66 160
54 78 770
54 75 853
54 71 378
54 65 326
54 58 335
54 55 39
54 73 148
54 56 762
55 77 690
55 59 652
55 76 878
55 61 414
55 67 530
55 58 586
55 72 969
55 57 962
55 67 432
55 65 417
55 56 48
55 69 675
55 71 893
55 66 853
56 70 201
56 75 901
56 66 923
56 61 458
56 69 113
56 73 196
56 59 567
56 58 320
56 62 405
56 74 453
56 66 993
57 72 404
57 67 292
57 61 481
57 72 733
57 72 804
57 65 926
57 68 932
57 74 219
57 70 740
57 70 328
58 58 326
58 59 590
58 76 746
58 74 682
58 66 616
58 59 736
58 63 222
58 68 378
58 64 444
58 71 271
58 66 246
58 65 861
58 66 697
58 73 277
58 62 379
58 73 532
58 67 669
58 63 185
58 78 400
58 60 350
59 61 663
59 77 242
59 78 961
59 65 902
59 64 996
59 63 884
59 64 59
59 77 449
59 71 753
59 73 783
59 76 995
59 62 258
59 60 560
59 78 615
59 63 254
59 78 19
59 60 595
60 61 670
60 70 430
60 62 485
60 72 526
60 70 468
60 77 418
60 61 300
60 60 774
60 75 737
61 76 52
61 74 215
61 75 136
61 78 482
61 64 513
61 70 116
61 62 690
61 64 752
61 64 245
61 69 720
61 69 199
61 78 980
61 74 599
61 64 512
61 73 947
61 72 211
61 72 754
61 68 525
62 73 128
62 64 1000
62 72 315
62 66 609
62 69 411
62 63 665
62 76 875
62 75 179
62 69 667
62 71 98
62 75 852
62 77 340
62 65 747
62 72 818
63 78 262
63 65 431
63 67 16
63 75 984
63 78 920
63 70 633
63 78 731
63 65 421
63 78 863
63 66 410
64 77 4
64 66 474
64 69 821
64 65 533
64 72 751
64 72 273
64 76 101
64 77 132
65 66 958
65 76 11
65 69 915
65 69 986
65 71 77
65 74 911
65 65 968
65 72 16
65 78 519
66 78 1000
66 77 383
66 69 300
66 69 792
66 68 762
66 71 784
66 73 766
66 70 863
66 69 709
66 76 752
67 78 302
67 69 165
67 71 47
67 77 208
67 67 261
67 73 590
67 73 82
67 67 50
67 69 144
68 75 796
68 73 602
68 73 570
68 74 174
68 74 739
68 71 197
68 70 856
68 70 98
68 77 381
68 70 96
68 77 796
69 70 315
69 75 785
69 75 93
69 69 679
69 69 845
69 75 40
69 71 331
69 72 198
70 71 726
70 74 221
70 72 117
70 72 533
70 78 397
70 70 654
71 74 252
71 77 148
71 78 64
71 77 293
71 77 626
71 78 932
71 71 529
71 78 788
72 77 687
72 74 778
72 75 753
72 77 722
73 75 395
73 76 414
74 77 805
74 75 343
74 78 661
75 77 2
75 76 868
76 77 231
77 78 435
77 78 920
82 2496 76 76 66800645
0 36 283
0 19 567
0 17 896
0 48 588
0 4 205
0 19 188
0 21 600
0 51 290
0 65 966
0 41 796
0 10 84
0 56 330
0 66 249
0 9 682
0 55 198
0 14 758
0 78 401
0 57 752
0 37 174
0 64 163
0 40 568
0 73 205
0 39 170
0 48 731
0 16 915
0 69 249
0 59 215
0 8 688
0 63 987
0 78 810
0 11 15
0 19 911
0 66 577
0 37 362
0 46 904
0 33 434
0 69 336
0 13 392
0 27 768
0 61 998
0 46 401
0 47 170
0 34 972
0 53 56
0 60 189
0 15 1
0 3 492
0 53 333
0 48 247
0 47 343
0 63 705
0 28 590
0 31 344
0 7 213
0 20 985
0 76 578
0 50 816
0 70 805
0 79 861
0 41 643
0 30 756
0 52 582
0 21 397
0 7 72
0 78 39
0 14 134
0 9 539
0 35 70
0 0 233
0 78 120
0 15 987
0 78 691
0 14 17
0 13 558
0 67 563
0 7 82
0 14 666
0 73 740
0 61 905
0 81 137
0 19 756
0 41 292
0 68 67
0 12 83
0 4 486
0 42 474
1 40 576
1 43 32
1 14 548
1 66 239
1 37 732
1 66 510
1 27 13
1 33 941
1 32 346
1 66 436
1 47 191
1 47 16
1 19 252
1 58 754
1 63 377
1 8 419
1 69 879
1 79 399
1 75 596
1 74 758
1 45 222
1 36 612
1 47 179
1 37 446
1 12 749
1 5 312
1 48 504
1 43 887
1 53 731
1 11 215
1 10 11
1 34 923
1 65 670
1 55 158
1 63 250
1 13 268
1 23 234
1 61 639
1 49 961
1 51 201
1 29 879
1 28 22
1 35 392
1 49 885
1 38 673
1 8 324
1 81 587
1 43 420
1 37 807
1 19 635
1 63 13
1 36 551
1 26 670
1 57 457
2 63 946
2 27 371
2 48 465
2 79 267
2 15 612
2 17 445
2 75 569
2 35 593
2 25 64
2 12 450
2 61 780
2 17 527
2 2 942
2 61 377
2 17 313
2 71 635
2 7 525
2 77 97
2 14 234
2 68 146
2 42 209
2 36 121
2 60 150
2 14 578
2 63 283
2 45 928
2 4 448
2 61 427
2 24 610
2 32 268
2 39 424
2 30 170
2 73 380
2 65 521
2 34 267
2 40 123
2 26 673
2 62 891
2 68 994
2 81 742
2 35 246
2 66 540
2 3 164
2 23 697
2 20 995
2 41 288
2 9 448
2 24 992
2 59 588
2 53 19
2 43 551
2 56 402
2 59 978
2 48 977
2 41 176
2 8 791
2 75 350
2 41 303
3 55 98
3 74 59
3 63 139
3 41 83
3 15 781
3 45 806
3 3 604
3 60 508
3 3 68
3 22 478
3 78 643
3 9 683
3 4 751
3 68 417
3 33 97
3 26 335
3 62 905
3 51 343
3 8 50
3 48 915
3 61 414
3 3 796
3 74 528
3 57 215
3 74 847
3 35 89
3 78 492
3 73 87
3 59 984
3 74 4
3 40 431
3 29 26
3 65 532
3 62 91
3 48 609
3 7 111
3 71 959
3 30 858
3 75 460
3 54 651
3 52 808
3 43 288
3 62 443
3 17 856
3 9 575
3 9 803
3 59 954
3 30 113
3 29 352
3 3 797
3 70 998
3 4 840
3 77 959
3 22 431
3 18 133
3 68 479
3 32 134
3 50 32
3 57 38
3 64 994
3 63 386
3 57 691
4 35 72
4 56 674
4 56 532
4 7 128
4 74 850
4 68 14
4 23 601
4 18 548
4 59 687
4 39 329
4 15 828
4 17 186
4 51 561
4 81 775
4 50 208
4 51 715
4 6 261
4 58 252
4 31 236
4 81 124
4 64 213
4 77 472
4 27 483
4 76 278
4 58 636
4 73 780
4 75 999
4 21 586
4 44 310
4 77 593
4 4 715
4 31 414
4 62 164
4 53 597
4 64 575
4 41 752
4 15 815
4 62 637
4 31 179
4 55 560
4 73 143
5 71 670
5 28 61
5 67 366
5 9 589
5 81 77
5 53 521
5 67 71
5 20 185
5 68 93
5 65 794
5 54 585
5 40 501
5 72 923
5 50 752
5 67 682
5 27 194
5 22 629
5 52 116
5 6 777
5 27 342
5 6 520
5 52 60
5 50 395
5 63 603
5 22 994
5 23 479
5 29 411
5 10 938
5 69 965
5 11 530
5 59 775
5 13 861
5 64 621
5 53 65
5 31 707
5 8 803
5 12 484
5 80 97
5 54 752
5 34 828
5 16 672
5 32 815
5 69 971
5 67 113
5 33 134
5 31 634
5 47 109
5 65 455
5 54 594
5 73 94
5 52 349
5 17 775
5 31 35
5 13 697
5 51 608
5 74 57
5 27 849
5 81 827
5 17 283
5 75 439
5 50 460
5 40 261
5 57 396
5 30 983
6 75 285
6 79 307
6 26 371
6 31 342
6 26 231
6 55 714
6 55 129
6 7 373
6 51 990
6 30 921
6 29 633
6 61 605
6 52 204
6 31 247
6 20 597
6 79 433
6 46 573
6 19 126
6 79 413
6 80 603
6 24 927
6 51 977
6 62 840
6 67 430
6 31 609
6 65 938
6 18 91
6 13 816
6 13 848
6 68 33
6 46 637
6 80 129
6 35 368
6 71 296
6 13 829
6 67 553
6 71 286
6 73 754
6 70 366
6 50 76
6 8 996
6 28 523
6 66 853
6 61 274
6 31 539
6 63 770
6 53 769
6 10 946
6 52 908
6 74 694
6 29 550
6 10 624
6 7 518
6 63 906
6 69 93
6 36 553
6 51 169
6 64 303
6 24 910
6 56 869
6 51 253
6 13 858
6 20 535
6 24 163
6 47 706
6 65 442
6 40 323
6 36 526
6 60 980
6 45 604
6 32 286
6 14 666
7 10 246
7 15 119
7 48 126
7 69 852
7 28 344
7 62 433
7 39 71
7 32 333
7 51 670
7 39 260
7 54 555
7 30 49
7 37 825
7 53 666
7 12 524
7 42 164
7 15 534
7 40 266
7 10 610
7 77 392
7 53 497
7 72 779
7 36 802
7 59 154
7 31 949
7 32 959
7 74 332
7 42 636
7 21 228
7 24 431
7 18 486
7 26 861
7 19 291
7 37 288
7 29 425
7 66 917
7 49 426
7 20 453
7 70 416
7 75 697
7 16 264
7 30 885
7 8 772
7 9 784
7 36 844
8 75 707
8 44 218
8 11 824
8 71 162
8 51 69
8 63 780
8 79 64
8 37 489
8 52 105
8 24 858
8 31 88
8 74 149
8 43 710
8 77 709
8 38 534
8 69 586
8 70 540
8 60 844
8 48 181
8 39 431
8 26 382
8 57 245
8 14 503
8 76 13
8 11 694
8 40 384
8 61 375
8 23 30
8 39 230
8 39 413
8 24 273
8 22 879
8 37 521
8 12 542
8 29 647
8 35 749
8 47 591
8 57 972
8 61 589
8 65 917
8 16 65
8 62 550
8 44 467
8 43 399
8 29 586
8 36 979
8 31 685
8 45 446
8 20 985
8 68 250
8 16 719
9 72 628
9 38 11
9 17 785
9 68 388
9 49 577
9 61 643
9 70 563
9 71 98
9 32 943
9 64 321
9 72 929
9 15 497
9 32 771
9 64 802
9 28 344
9 29 979
9 38 472
9 73 755
9 20 400
9 55 803
9 22 89
9 64 21
9 20 803
9 57 235
9 37 734
9 77 542
9 53 645
9 22 866
9 62 449
9 19 153
9 51 12
9 71 380
9 49 805
9 53 947
9 18 108
9 73 567
9 70 419
9 78 995
9 15 516
9 30 991
9 80 853
9 49 339
9 62 435
9 51 820
9 70 26
9 74 383
9 44 810
9 11 249
9 65 78
9 24 589
9 58 195
9 45 805
9 72 920
10 21 384
10 31 895
10 40 237
10 71 402
10 20 676
10 79 735
10 31 539
10 47 677
10 37 503
10 69 697
10 21 159
10 44 932
10 13 554
10 15 238
10 24 264
10 33 68
10 46 466
10 70 161
10 43 842
10 17 514
10 19 878
10 64 16
10 34 749
10 67 589
10 49 392
10 56 862
10 12 864
10 21 140
10 20 55
10 47 918
10 24 140
10 48 106
10 71 286
10 15 663
10 33 766
10 45 512
10 52 815
10 57 298
10 49 484
10 12 901
10 39 454
10 54 268
10 74 169
10 63 859
10 39 674
10 46 798
10 17 406
11 46 683
11 25 90
11 26 875
11 63 703
11 64 72
11 48 129
11 14 985
11 30 624
11 64 502
11 57 933
11 39 395
11 19 621
11 39 756
11 29 698
11 38 709
11 28 308
11 63 947
11 17 175
11 69 268
11 26 352
11 48 669
11 73 838
11 54 488
11 42 306
11 17 265
11 39 763
11 48 271
11 70 966
11 24 111
11 37 773
11 16 62
11 29 502
11 69 263
11 41 748
11 81 375
11 24 863
11 44 619
11 77 855
11 48 379
11 43 310
11 11 817
11 42 431
11 80 768
11 76 695
11 76 746
11 32 707
11 25 675
11 62 621
11 69 215
11 41 218
11 60 308
11 58 774
12 31 110
12 15 916
12 37 884
12 75 239
12 68 527
12 38 887
12 20 138
12 14 879
12 27 262
12 39 726
12 14 798
12 72 407
12 54 746
12 57 127
12 41 7
12 52 82
12 24 924
12 66 253
12 28 496
12 21 304
12 16 710
12 46 884
12 79 981
12 41 837
12 47 423
12 77 125
12 14 872
12 27 238
12 49 149
12 33 248
12 20 320
12 40 788
12 50 3
12 79 737
12 31 230
12 60 968
12 66 744
12 36 1
12 31 859
12 80 148
12 39 160
12 36 578
12 51 308
12 18 737
12 74 43
12 33 150
12 71 50
13 65 774
13 53 434
13 40 571
13 77 417
13 32 714
13 80 20
13 26 476
13 32 203
13 17 335
13 69 200
13 59 462
13 73 561
13 31 855
13 18 704
13 37 100
13 50 14
13 33 350
13 56 90
13 61 147
13 19 239
13 29 430
13 64 874
13 37 446
13 30 181
13 66 452
13 71 174
13 34 117
13 52 593
13 47 580
13 57 667
13 51 641
13 22 332
13 27 257
13 79 508
13 74 130
13 56 429
13 26 606
13 64 693
13 66 16
13 41 170
13 22 731
13 22 74
13 16 150
13 50 488
13 37 561
13 74 579
13 81 134
13 55 110
13 57 567
13 63 771
14 46 477
14 55 206
14 61 691
14 42 195
14 80 763
14 45 155
14 73 843
14 72 737
14 33 217
14 31 207
14 27 40
14 56 679
14 33 773
14 37 934
14 80 751
14 42 756
14 78 511
14 64 168
14 52 824
14 75 836
14 51 410
14 24 488
14 59 657
14 19 567
14 42 306
14 38 165
14 41 830
14 46 438
14 53 5
14 21 773
14 46 660
14 35 543
14 27 101
14 29 957
14 70 658
14 21 398
14 74 271
14 70 787
14 46 896
14 30 431
14 74 944
14 59 94
14 24 214
14 60 792
14 71 715
14 75 230
14 63 207
14 81 208
15 61 520
15 34 931
15 77 257
15 67 538
15 44 234
15 62 373
15 61 662
15 43 34
15 33 865
15 33 473
15 37 394
15 68 854
15 49 59
15 54 885
15 65 392
15 69 45
15 53 249
15 74 679
15 34 578
15 54 221
15 76 303
15 67 275
15 58 236
15 55 272
15 26 315
15 81 182
15 60 183
15 63 217
15 35 996
15 22 326
15 61 617
15 53 816
15 15 820
15 71 426
15 18 974
15 46 888
15 62 253
15 38 186
15 69 563
15 21 748
15 48 550
15 34 695
15 59 303
16 50 613
16 34 186
16 67 924
16 36 111
16 19 470
16 77 949
16 60 343
16 51 506
16 51 494
16 21 560
16 19 61
16 62 741
16 58 107
16 22 989
16 31 520
16 30 760
16 62 498
16 45 172
16 35 496
16 51 480
16 32 531
16 25 451
16 50 740
16 55 689
16 46 249
16 30 209
16 80 423
16 74 549
16 80 318
16 68 384
16 79 767
16 51 367
16 35 381
16 52 237
16 16 537
16 42 74
16 52 540
16 49 414
16 73 91
16 64 607
16 72 534
16 47 489
16 35 368
16 35 35
16 59 887
16 53 464
16 43 468
16 27 927
16 68 446
16 64 416
16 80 210
16 19 749
16 73 853
17 20 865
17 45 357
17 69 750
17 22 333
17 69 917
17 66 886
17 45 448
17 23 89
17 36 219
17 72 793
17 67 959
17 19 51
17 18 916
17 66 472
17 52 46
17 50 181
17 24 986
17 46 312
17 80 138
17 75 644
17 60 150
17 33 465
17 25 741
17 46 607
17 45 697
17 75 760
17 46 255
17 57 871
17 31 55
17 63 907
17 68 823
17 69 350
17 31 772
17 33 804
17 56 980
17 30 586
18 48 213
18 74 846
18 81 18
18 44 833
18 19 184
18 54 216
18 74 831
18 53 378
18 35 38
18 52 376
18 54 378
18 48 706
18 22 495
18 79 471
18 81 39
18 32 391
18 61 356
18 80 740
18 51 462
18 25 683
18 21 552
18 32 756
18 45 313
18 18 259
18 35 370
18 75 115
18 28 276
18 78 17
18 35 81
18 27 297
18 40 110
18 33 886
18 63 817
18 55 433
18 34 244
18 72 230
18 47 816
18 65 182
18 19 621
18 36 465
18 63 111
18 67 165
18 62 407
18 63 469
18 19 570
18 40 274
19 49 321
19 33 315
19 46 167
19 68 637
19 29 526
19 65 752
19 27 992
19 72 37
19 51 582
19 57 729
19 45 437
19 54 146
19 41 667
19 74 621
19 40 613
19 55 966
19 73 888
19 67 704
19 50 66
19 47 231
19 24 546
19 60 942
19 55 285
19 42 486
19 36 456
19 80 982
19 35 585
19 21 184
19 32 166
19 21 985
19 20 918
19 24 580
19 43 987
19 56 801
19 25 221
19 59 575
19 72 387
19 81 77
19 61 270
19 76 258
19 63 247
19 79 725
19 70 210
19 64 82
19 40 593
20 77 268
20 37 255
20 31 315
20 68 596
20 69 570
20 27 66
20 37 629
20 30 495
20 46 658
20 20 14
20 34 642
20 76 317
20 80 697
20 66 259
20 66 991
20 67 509
20 56 772
20 59 248
20 33 148
20 66 183
20 65 36
20 58 928
20 69 307
20 81 55
20 78 577
20 68 127
20 57 353
20 50 157
20 49 861
20 64 454
20 60 726
20 78 40
20 81 82
20 27 506
20 76 945
20 65 540
20 26 727
21 67 527
21 43 10
21 31 616
21 54 871
21 24 125
21 23 214
21 47 291
21 63 49
21 69 238
21 70 540
21 41 470
21 75 45
21 67 266
21 35 901
21 50 597
21 40 396
21 58 828
21 46 580
21 38 526
21 73 332
21 44 265
21 62 728
21 32 851
21 33 570
21 27 598
21 58 957
21 23 505
21 74 518
21 74 238
21 62 366
21 47 956
21 37 744
21 47 926
21 25 828
21 39 737
21 40 539
21 43 337
21 75 359
22 62 259
22 58 468
22 31 399
22 64 403
22 74 403
22 73 830
22 64 633
22 63 990
22 28 442
22 26 626
22 23 286
22 31 977
22 41 888
22 59 254
22 66 674
22 49 462
22 51 404
22 52 633
22 65 979
22 47 825
22 27 360
22 31 98
22 45 310
22 23 579
22 43 915
22 80 789
22 39 851
22 77 643
22 30 128
22 80 368
22 74 149
22 47 626
22 47 981
22 79 992
22 61 950
22 46 804
22 69 533
22 36 131
22 64 204
23 30 769
23 36 937
23 57 365
23 77 57
23 26 974
23 32 369
23 26 449
23 27 73
23 39 911
23 69 548
23 74 436
23 76 516
23 29 827
23 61 747
23 81 785
23 29 574
23 72 898
23 79 367
23 24 4
23 37 677
23 42 310
23 44 929
23 60 794
23 71 550
23 70 374
23 81 660
23 36 773
23 59 959
23 72 238
23 81 713
23 61 41
23 80 732
23 58 946
23 43 728
23 61 785
23 77 426
23 66 19
23 52 163
23 29 990
23 61 218
24 81 931
24 24 597
24 79 637
24 69 299
24 61 808
24 73 466
24 64 805
24 46 794
24 54 213
24 43 779
24 44 354
24 31 80
24 67 151
24 42 237
24 73 577
24 57 200
24 51 340
24 78 835
24 43 538
24 37 213
24 32 951
24 34 363
24 80 466
24 28 137
24 60 294
24 49 470
24 30 57
24 74 770
24 81 766
24 28 293
24 41 537
24 55 299
25 67 722
25 28 73
25 63 582
25 77 579
25 63 730
25 27 293
25 52 536
25 78 137
25 71 239
25 37 404
25 79 865
25 32 616
25 30 224
25 43 4
25 28 669
25 51 700
25 74 632
25 39 913
25 79 77
25 36 202
25 32 651
25 80 532
25 44 198
25 75 739
25 45 924
25 38 861
25 63 354
25 51 798
25 78 585
25 67 419
25 68 558
25 73 934
25 37 529
25 60 84
25 47 905
25 81 177
25 81 10
25 57 955
25 38 757
25 38 577
25 59 350
25 51 685
25 68 981
25 45 450
25 81 899
25 40 31
25 41 60
25 72 971
26 33 538
26 64 186
26 32 447
26 34 273
26 36 612
26 38 950
26 79 590
26 49 112
26 63 25
26 41 822
26 80 904
26 40 485
26 29 670
26 34 250
26 38 758
26 37 564
26 63 83
26 37 293
26 41 275
26 79 691
26 71 406
26 57 889
26 52 710
26 32 525
26 54 588
26 34 908
26 30 893
26 75 861
26 48 208
26 52 165
26 59 792
26 51 959
26 61 951
26 71 460
26 30 64
26 71 836
26 79 439
26 34 538
26 27 648
26 35 282
26 70 118
26 80 481
26 52 388
26 69 704
26 57 233
26 31 831
26 73 763
26 71 307
26 48 240
26 80 41
26 26 565
26 76 415
26 77 701
26 48 834
26 59 460
26 59 533
27 65 772
27 49 821
27 37 894
27 69 161
27 40 253
27 76 861
27 61 205
27 66 483
27 48 578
27 68 103
27 79 95
27 52 951
27 76 51
27 70 567
27 49 686
27 30 959
27 81 583
27 76 496
27 72 532
27 51 263
27 41 21
27 66 863
27 75 642
27 46 824
27 48 211
27 28 286
27 61 638
27 31 148
27 52 206
27 43 51
27 75 832
27 28 988
27 51 611
27 57 349
27 58 874
27 44 265
28 47 587
28 39 988
28 58 981
28 37 574
28 48 629
28 72 224
28 74 861
28 66 751
28 49 104
28 62 507
28 55 8
28 81 45
28 72 264
28 46 449
28 73 472
28 65 772
28 44 939
28 39 829
28 48 522
28 42 131
28 61 347
28 64 386
28 38 315
28 48 396
28 47 81
28 29 665
28 28 147
28 55 508
28 53 21
28 45 244
28 53 875
28 32 252
28 47 143
28 78 21
28 32 518
29 46 764
29 45 452
29 78 881
29 36 587
29 49 46
29 68 166
29 76 126
29 43 37
29 48 551
29 33 118
29 74 563
29 47 254
29 42 381
29 69 804
29 47 178
29 73 591
29 55 524
29 38 929
29 61 216
29 49 565
29 47 831
29 37 68
29 51 186
29 43 230
29 31 528
29 59 869
29 64 901
29 39 629
29 38 498
29 78 8
29 55 60
29 44 901
29 64 907
29 56 25
29 79 968
29 38 201
29 72 612
29 79 290
29 65 936
30 41 405
30 76 677
30 47 808
30 50 160
30 45 784
30 63 605
30 77 883
30 54 281
30 61 140
30 59 270
30 73 954
30 36 557
30 30 39
30 37 981
30 60 614
30 80 12
30 41 927
30 31 831
30 80 324
30 40 527
30 70 973
30 41 554
30 62 312
30 56 53
30 45 435
30 51 301
30 81 913
30 33 695
30 30 517
30 45 174
30 79 169
30 66 542
30 76 378
31 75 459
31 79 692
31 51 424
31 34 169
31 33 408
31 80 68
31 46 820
31 50 376
31 36 231
31 47 768
31 45 915
31 64 965
31 33 529
31 62 881
31 44 164
31 33 630
31 66 254
31 63 920
31 51 857
31 43 140
31 47 204
31 42 68
31 75 434
31 51 394
31 38 218
31 36 47
31 34 685
31 54 648
31 52 258
31 73 505
31 57 200
31 46 572
31 52 69
31 62 760
31 80 254
31 47 241
31 70 73
31 41 183
31 33 293
31 41 891
31 42 664
31 54 601
31 35 916
31 44 373
31 58 913
32 63 498
32 81 461
32 72 128
32 76 113
32 76 127
32 53 816
32 39 458
32 59 673
32 69 643
32 73 438
32 54 516
32 68 585
32 79 697
32 36 848
32 40 102
32 59 878
32 39 883
32 50 699
32 80 170
32 58 293
32 60 111
32 37 122
32 34 185
32 39 80
32 68 866
32 77 828
32 79 23
33 54 220
33 78 778
33 71 217
33 77 921
33 51 985
33 37 814
33 46 287
33 70 6
33 77 158
33 78 150
33 60 783
33 57 305
33 59 433
33 40 253
33 62 484
33 40 531
33 64 522
33 78 128
33 78 961
33 34 304
33 56 455
33 51 327
33 61 179
33 38 325
33 68 97
33 58 950
33 78 284
33 55 878
33 54 754
33 42 146
33 73 464
33 42 678
33 64 549
33 58 895
33 54 636
33 53 897
33 51 245
33 54 255
33 50 302
33 35 503
33 36 981
33 66 625
34 80 540
34 54 140
34 54 779
34 43 802
34 57 292
34 53 501
34 55 395
34 77 862
34 59 150
34 36 139
34 38 276
34 34 79
34 68 885
34 69 694
34 67 320
34 55 23
34 36 791
34 78 419
34 77 691
34 36 582
34 58 576
34 59 619
34 76 651
34 61 82
34 56 219
34 51 769
34 39 30
34 42 822
34 58 97
34 71 654
34 42 643
34 48 238
34 51 804
34 73 621
34 40 213
34 80 702
34 81 636
34 41 225
34 56 379
35 67 181
35 61 595
35 64 760
35 47 725
35 57 315
35 69 337
35 58 126
35 70 56
35 60 880
35 50 669
35 68 333
35 48 74
35 40 684
35 75 873
35 61 867
35 55 860
35 66 592
35 77 750
35 59 921
35 62 507
35 78 648
35 47 319
35 52 217
35 40 769
35 67 656
35 74 499
35 38 749
35 65 186
35 39 998
35 76 577
35 52 922
35 54 832
35 41 489
35 71 756
35 60 335
35 40 88
35 59 987
35 57 786
35 77 411
36 75 590
36 49 136
36 59 705
36 67 914
36 38 200
36 69 359
36 52 350
36 46 859
36 50 657
36 65 503
36 77 915
36 67 900
36 40 349
36 40 919
36 48 885
36 72 854
36 74 517
36 40 883
36 65 860
36 75 679
36 62 454
36 43 140
36 58 622
36 71 344
36 57 880
36 38 312
36 80 678
37 62 586
37 73 928
37 46 474
37 63 311
37 47 705
37 47 516
37 39 778
37 80 460
37 51 701
37 79 288
37 37 583
37 44 2
37 58 468
37 79 740
37 77 543
37 43 946
37 61 141
37 73 892
37 57 712
37 79 904
37 52 642
37 66 690
37 56 71
37 78 757
37 39 521
37 54 195
37 80 420
37 48 641
37 71 848
37 40 834
37 78 149
37 42 27
37 76 182
37 52 718
37 53 508
37 64 584
37 56 989
37 78 828
38 73 648
38 79 302
38 71 605
38 64 849
38 60 187
38 69 1
38 76 936
38 49 115
38 45 752
38 45 781
38 59 599
38 50 518
38 63 404
38 55 481
38 47 128
38 43 100
38 50 545
38 81 550
38 39 223
38 54 651
38 74 924
38 63 398
38 65 605
38 66 898
38 48 368
38 47 845
38 72 277
38 79 493
38 53 532
38 40 707
38 46 933
39 71 602
39 75 883
39 68 868
39 75 801
39 80 488
39 51 971
39 76 389
39 55 206
39 61 202
39 71 278
39 47 342
39 75 750
39 66 136
39 81 945
39 49 644
39 58 704
39 59 524
39 45 518
39 55 736
39 66 351
39 52 657
39 78 890
39 63 421
39 44 693
39 57 215
39 54 116
39 73 597
39 74 948
39 57 623
39 62 134
40 74 608
40 41 641
40 59 588
40 50 792
40 56 263
40 66 754
40 46 949
40 59 211
40 57 79
40 73 10
40 72 551
40 75 215
40 80 119
40 63 478
40 64 37
40 54 981
40 68 623
40 44 214
40 59 874
40 67 664
40 74 210
40 54 725
40 43 731
40 40 533
40 48 227
40 45 293
40 66 944
40 80 214
40 52 679
40 66 437
40 58 657
41 69 301
41 51 74
41 67 53
41 69 820
41 70 59
41 63 254
41 68 702
41 81 746
41 61 179
41 57 234
41 79 602
41 72 701
41 44 597
41 46 885
41 51 182
41 75 253
41 78 897
41 56 138
41 45 956
41 69 305
41 57 191
41 69 739
41 61 622
41 70 872
41 71 981
42 56 624
42 72 118
42 48 612
42 44 735
42 72 678
42 79 54
42 50 536
42 51 846
42 70 581
42 47 667
42 68 759
42 78 59
42 78 928
42 65 18
42 80 837
42 74 418
42 46 736
42 75 961
42 53 846
42 72 197
42 81 27
42 49 381
42 68 888
42 50 555
42 47 981
42 68 556
42 68 346
42 69 569
42 49 710
42 43 400
42 55 418
42 55 548
42 77 104
43 67 557
43 45 237
43 81 915
43 56 884
43 58 309
43 61 836
43 60 857
43 54 609
43 45 354
43 52 95
43 47 749
43 65 474
43 63 245
43 58 403
43 71 118
43 46 679
43 65 384
43 68 159
43 76 910
43 54 899
43 48 865
43 45 171
43 57 373
43 81 758
44 75 333
44 63 25
44 66 549
44 57 712
44 66 900
44 62 383
44 79 61
44 59 398
44 60 139
44 57 569
44 75 574
44 62 273
44 60 910
44 49 705
44 71 605
44 77 397
44 78 966
44 66 921
44 76 962
44 53 714
44 45 459
44 69 54
44 52 40
44 69 461
44 47 728
44 77 988
44 72 137
44 51 948
44 71 580
45 76 195
45 63 588
45 74 764
45 72 918
45 54 930
45 52 989
45 51 362
45 69 417
45 81 21
45 76 385
45 51 846
45 80 3
45 49 639
45 51 127
45 48 117
45 64 654
45 69 701
45 67 509
45 75 518
45 69 594
45 58 737
45 75 627
45 73 98
45 63 974
45 67 439
45 58 977
45 54 852
45 59 468
45 63 219
45 53 155
45 62 81
45 65 663
45 62 834
45 63 293
45 76 33
45 47 454
46 71 321
46 80 541
46 64 927
46 70 848
46 63 285
46 74 51
46 50 335
46 63 131
46 66 896
46 79 68
46 61 778
46 54 767
46 46 301
46 48 555
46 58 700
46 69 875
46 59 461
46 57 859
46 69 398
46 50 108
46 78 643
46 71 755
46 64 823
46 77 256
46 49 482
46 78 402
46 75 202
46 77 154
46 77 725
46 57 725
47 72 285
47 48 921
47 76 50
47 62 506
47 51 658
47 59 575
47 81 105
47 80 397
47 73 710
47 71 110
47 56 569
47 55 8
47 68 672
47 72 716
47 60 669
47 53 447
47 73 255
47 57 236
47 51 876
47 71 689
47 48 832
47 70 976
47 77 98
48 53 47
48 74 337
48 81 659
48 79 553
48 64 270
48 51 642
48 75 922
48 70 349
48 50 169
48 55 113
48 69 526
48 57 142
48 58 520
48 64 40
48 75 958
48 72 14
48 63 732
48 66 553
48 77 744
48 79 88
48 57 464
48 61 123
48 58 368
49 49 818
49 56 625
49 74 21
49 64 757
49 69 713
49 54 637
49 62 121
49 64 940
49 79 15
49 74 433
49 65 353
49 49 292
49 57 43
49 51 116
49 69 963
49 55 373
49 53 688
49 53 765
49 65 135
49 66 761
49 80 720
49 61 484
49 79 958
49 76 136
49 67 507
49 80 707
49 70 988
49 75 31
49 77 894
50 70 706
50 64 563
50 65 460
50 66 339
50 64 854
50 63 898
50 58 821
50 57 706
50 70 839
50 65 89
50 51 761
50 73 299
50 68 766
50 51 465
50 61 967
50 50 842
50 77 704
50 59 40
50 67 37
50 74 45
50 79 202
51 51 634
51 79 21
51 78 29
51 68 820
51 59 73
51 54 169
51 73 180
51 66 505
51 63 679
51 63 727
51 64 48
51 70 578
51 74 488
51 70 615
51 61 435
51 79 163
51 66 324
51 72 971
51 59 168
51 55 526
51 55 923
51 81 563
51 70 325
51 75 582
51 69 175
51 66 445
52 67 546
52 60 533
52 68 40
52 68 13
52 77 269
52 80 133
52 67 736
52 76 729
52 55 194
52 63 899
52 71 556
52 65 252
52 64 740
52 77 581
52 76 302
52 80 647
52 63 785
52 74 630
52 58 463
52 64 808
52 54 196
52 63 811
52 57 712
52 59 969
52 78 856
52 66 907
52 62 652
52 60 697
53 79 990
53 54 967
53 53 680
53 70 714
53 73 911
53 80 22
53 67 396
53 66 318
53 69 343
53 79 4
53 67 211
53 67 513
53 74 336
53 65 528
53 78 824
54 59 264
54 80 503
54 77 351
54 58 381
54 62 933
54 76 491
54 65 290
54 66 478
54 68 1000
54 70 114
54 57 926
54 80 484
55 64 983
55 67 990
55 81 859
55 65 887
55 76 43
55 65 491
55 72 769
55 80 536
55 61 901
55 63 863
55 58 117
55 56 896
55 77 516
55 77 794
55 55 159
55 80 269
55 65 781
55 59 896
55 76 59
55 77 838
55 79 171
56 71 469
56 68 413
56 58 377
56 59 299
56 62 710
56 64 578
56 64 319
56 73 654
56 71 924
56 67 753
56 65 969
56 68 400
56 66 457
56 62 580
56 66 263
56 70 381
56 61 668
56 64 513
56 72 108
56 63 489
57 65 661
57 68 291
57 70 548
57 60 814
57 80 592
57 65 803
57 63 825
57 78 728
57 75 750
57 78 132
57 64 464
57 66 760
57 77 717
57 80 956
57 73 326
57 59 176
57 71 736
58 73 548
58 77 442
58 73 383
58 61 641
58 76 790
58 75 85
58 68 944
58 64 712
58 63 491
58 71 608
58 76 808
58 68 731
58 65 812
58 73 98
58 64 287
58 73 433
58 70 456
58 60 465
59 76 250
59 72 875
59 63 386
59 74 727
59 75 881
59 77 456
59 72 162
59 73 892
59 66 926
59 81 552
59 70 631
59 79 541
59 66 3
59 67 895
59 75 627
59 74 222
59 76 364
59 74 390
59 71 90
59 74 283
59 71 750
60 63 807
60 64 86
60 63 966
60 80 210
60 73 682
60 76 963
60 62 532
60 62 357
60 63 964
60 66 618
60 68 7
60 75 192
60 66 265
60 77 11
60 80 615
60 69 493
60 63 102
60 68 721
60 80 203
61 78 30
61 81 233
61 80 245
61 67 451
61 66 916
61 71 344
61 81 660
61 63 73
61 79 808
61 70 767
61 75 428
61 61 841
61 63 563
61 72 565
61 81 835
61 72 764
62 65 459
62 64 533
62 63 658
62 69 220
62 63 10
62 68 790
62 65 486
62 74 448
62 78 90
62 80 900
62 70 147
62 67 889
62 81 281
62 67 948
63 67 136
63 79 531
63 77 236
63 71 193
63 72 719
63 74 572
63 70 593
63 76 411
63 68 963
63 69 397
63 72 722
63 64 914
63 80 209
64 80 185
64 67 169
64 75 502
64 73 955
64 74 558
64 78 72
64 77 384
64 72 418
64 74 873
64 74 837
64 72 166
64 70 859
64 73 533
65 66 687
65 66 316
65 73 587
65 72 440
65 65 407
65 72 449
65 65 557
65 75 999
65 67 270
65 78 937
65 81 977
65 68 187
65 73 975
65 73 426
65 80 871
65 68 383
65 66 89
65 66 764
66 81 509
66 79 243
66 72 219
66 78 117
66 77 554
66 79 402
66 69 117
66 79 332
66 77 666
66 68 867
66 66 650
66 73 695
66 77 544
66 70 371
67 78 997
67 69 719
67 77 735
67 81 353
67 81 761
67 80 432
67 74 617
67 81 869
67 70 311
67 81 35
67 67 343
67 71 481
67 67 218
67 71 964
68 72 665
68 71 590
68 68 486
68 77 822
68 80 38
68 80 849
68 75 271
68 77 176
68 77 105
68 78 385
68 72 115
68 70 596
69 74 109
69 77 964
69 72 811
69 81 344
69 81 852
69 80 258
69 72 308
69 76 633
69 76 919
69 79 449
69 71 727
69 70 526
69 74 662
69 78 209
69 71 875
69 79 421
69 78 626
70 75 45
70 81 642
70 74 22
70 76 29
70 76 85
70 73 141
70 79 844
70 81 274
70 73 554
70 71 977
70 71 264
70 79 597
70 81 383
70 71 626
71 81 347
71 80 900
71 71 643
71 79 970
71 76 141
72 79 617
72 81 617
72 73 698
72 76 808
72 73 713
72 74 794
72 73 383
72 79 434
72 74 664
72 73 641
73 81 942
73 78 808
73 79 668
73 81 440
74 79 338
74 80 310
74 81 372
74 75 784
75 78 521
75 79 459
75 75 929
75 76 752
75 77 462
76 76 193
76 79 460
76 79 944
76 77 581
77 81 295
77 79 46
78 81 503
78 79 757
78 81 96
78 78 95
78 79 735
78 81 229
79 79 994
79 81 880
79 79 78
79 80 507
80 81 216
81 81 832
