3
60 1443 55 16 92758717
0 22 629
0 25 317
0 37 564
0 48 839
0 43 523
0 34 346
0 35 269
0 43 197
0 9 888
0 18 319
0 33 932
0 13 601
0 1 450
0 15 608
0 49 150
0 59 94
0 4 763
0 31 807
0 13 617
0 16 182
0 21 29
0 37 310
0 25 595
0 28 208
0 42 274
0 19 654
0 15 942
0 38 884
0 9 382
0 38 638
0 16 681
0 19 639
0 10 96
0 12 376
0 38 345
1 8 891
1 7 817
1 10 742
1 22 683
1 38 827
1 21 85
1 21 785
1 6 233
1 46 351
1 49 525
1 5 423
1 20 12
1 19 340
1 5 844
1 40 292
1 46 984
1 23 524
1 10 589
1 43 849
1 16 281
1 54 188
1 14 999
1 22 355
1 11 792
1 41 419
1 49 384
1 11 880
1 49 416
1 28 683
1 28 453
1 12 128
1 57 123
1 32 819
1 42 474
1 36 672
1 48 664
1 38 318
1 38 785
1 3 783
1 38 948
1 49 670
1 55 47
1 53 588
1 48 480
1 29 873
1 49 746
1 5 425
1 27 845
1 49 237
1 38 983
1 50 83
1 35 870
1 9 517
1 16 614
1 22 851
1 6 719
2 20 102
2 49 704
2 6 105
2 53 353
2 40 793
2 47 219
2 29 892
2 57 759
2 19 570
2 17 37
2 2 898
2 16 253
2 2 258
2 53 359
2 19 163
2 49 246
2 45 779
2 53 648
2 35 969
2 18 597
2 21 566
2 48 171
2 28 2
2 55 237
2 45 373
2 42 218
2 23 826
2 22 255
2 39 649
2 55 385
2 48 1
2 9 600
2 31 152
2 26 407
2 52 840
2 35 847
2 33 259
2 49 497
2 52 422
2 42 816
2 52 355
2 28 684
2 16 481
2 36 355
2 27 575
2 39 142
2 30 318
2 12 590
2 51 155
2 3 30
2 59 300
2 32 680
2 9 501
3 36 858
3 43 629
3 7 484
3 36 819
3 16 563
3 43 570
3 16 615
3 25 549
3 30 617
3 59 591
3 13 772
3 26 172
3 12 845
3 38 710
3 8 202
3 24 575
3 29 350
3 42 55
3 47 501
3 51 462
3 26 758
3 8 219
3 34 214
3 6 451
3 39 652
3 12 452
3 9 851
3 27 626
3 43 677
3 14 27
3 39 601
3 34 571
3 42 788
3 16 807
3 18 999
3 51 445
3 54 778
3 47 929
3 29 509
3 43 455
3 47 526
3 33 246
3 50 711
3 58 717
3 58 197
3 40 475
3 58 583
3 3 528
3 13 943
3 43 220
3 51 751
3 51 61
3 54 446
4 17 239
4 55 659
4 50 540
4 58 522
4 14 471
4 12 50
4 5 724
4 31 128
4 33 823
4 28 194
4 16 194
4 43 621
4 25 916
4 29 204
4 5 873
4 40 803
4 30 753
4 13 237
4 51 954
4 43 526
4 10 427
4 31 542
4 35 501
4 23 915
4 35 387
4 59 343
4 48 184
4 54 704
4 41 929
4 17 318
4 28 859
4 38 42
4 47 274
4 27 260
4 43 352
4 32 185
4 7 800
4 10 78
4 34 200
4 38 688
5 51 279
5 24 24
5 38 119
5 28 33
5 40 704
5 16 463
5 37 625
5 44 998
5 42 200
5 35 863
5 21 113
5 28 701
5 7 487
5 51 487
5 45 548
5 58 998
5 55 484
5 49 665
5 26 882
5 17 235
5 28 893
5 48 495
5 56 506
5 54 864
5 10 752
5 38 553
5 42 198
5 37 734
5 10 764
5 46 133
5 58 114
5 41 458
5 25 431
5 25 417
5 11 154
5 57 832
5 41 575
5 37 251
6 51 590
6 48 755
6 58 172
6 54 142
6 19 866
6 11 291
6 42 497
6 11 6
6 31 713
6 16 686
6 40 194
6 26 103
6 53 490
6 38 981
6 49 19
6 39 401
6 32 197
6 25 11
6 58 117
6 30 849
6 21 539
6 18 405
6 19 518
6 10 735
6 12 871
6 27 52
6 59 900
6 24 684
6 35 879
6 52 864
6 24 835
6 30 42
6 21 177
6 31 560
6 45 377
6 58 684
6 56 586
6 41 382
6 52 937
7 37 991
7 37 242
7 15 830
7 42 341
7 35 727
7 35 43
7 43 578
7 19 407
7 17 731
7 48 525
7 24 262
7 51 686
7 20 533
7 27 619
7 24 261
7 57 394
7 14 887
7 41 215
7 57 295
7 29 330
7 14 669
7 14 640
7 23 999
7 25 880
7 19 414
7 31 44
7 15 400
7 48 114
7 42 451
7 29 933
7 49 584
7 53 235
7 20 441
7 22 20
7 51 233
7 27 894
7 12 588
7 43 596
7 31 256
7 34 987
7 15 6
7 8 632
7 57 13
7 23 959
8 29 656
8 57 414
8 31 183
8 51 721
8 39 566
8 18 477
8 47 374
8 55 739
8 24 958
8 21 502
8 22 531
8 40 540
8 45 605
8 53 741
8 16 780
8 27 178
8 9 188
8 57 523
8 43 974
8 48 358
8 54 955
8 25 166
8 36 185
8 51 475
8 26 946
8 18 711
8 52 103
8 9 403
8 39 561
8 45 620
8 54 470
8 12 20
8 50 472
8 40 360
8 22 357
8 48 569
8 52 672
8 25 48
8 25 988
8 14 287
8 57 747
8 44 415
8 48 13
8 20 1000
8 41 495
8 33 340
8 41 644
8 43 847
8 33 418
8 15 431
8 43 614
8 28 307
8 35 629
9 46 506
9 47 990
9 47 480
9 52 283
9 42 967
9 59 423
9 45 557
9 18 712
9 55 617
9 39 545
9 22 294
9 34 959
9 35 582
9 48 584
9 24 45
9 28 723
9 54 773
9 34 231
9 30 670
9 49 159
9 20 424
9 18 599
9 26 193
9 51 32
9 59 835
9 23 634
9 38 432
9 53 944
9 28 296
9 19 686
9 11 943
9 51 826
9 40 747
9 36 54
9 14 277
9 20 790
9 32 125
9 15 72
9 13 501
9 45 531
9 59 655
9 25 601
9 23 2
9 18 689
10 52 927
10 12 903
10 33 442
10 49 801
10 43 476
10 52 207
10 26 657
10 48 115
10 42 785
10 45 661
10 49 396
10 53 349
10 44 672
10 13 142
10 38 825
10 50 615
10 43 248
10 15 915
10 31 791
10 42 147
10 53 446
10 12 558
10 17 724
10 39 302
10 35 249
10 52 590
10 38 348
10 51 501
10 10 307
10 57 687
10 24 145
10 49 9
10 42 821
10 25 259
10 41 640
10 56 786
10 19 538
10 22 276
10 50 322
10 12 309
10 29 30
10 48 296
10 38 494
10 45 107
10 14 884
11 23 251
11 33 418
11 59 165
11 38 711
11 35 785
11 53 861
11 15 699
11 27 355
11 22 311
11 32 27
11 46 414
11 34 645
11 21 92
11 26 154
11 17 141
11 45 992
11 26 460
11 18 355
11 28 742
11 35 658
11 31 130
11 43 142
11 33 17
11 29 752
11 17 58
11 16 134
11 34 529
11 25 30
11 58 187
11 27 268
11 39 203
11 48 429
11 23 793
11 44 241
11 16 756
11 51 106
11 56 149
11 36 892
11 42 381
11 50 527
11 45 831
11 31 811
11 50 988
11 32 351
11 57 795
11 45 749
11 14 241
12 19 462
12 42 700
12 32 616
12 52 625
12 25 383
12 55 556
12 33 48
12 53 132
12 47 407
12 18 68
12 39 43
12 22 908
12 38 703
12 21 183
12 54 627
12 32 92
12 17 574
12 29 16
12 42 523
12 57 266
12 45 48
12 12 310
12 45 514
12 33 861
12 31 208
12 29 24
12 49 923
12 39 999
12 29 216
12 12 364
12 30 990
12 16 447
12 54 259
12 54 77
12 23 802
12 19 643
12 41 515
12 27 186
12 46 549
12 18 627
12 52 362
13 21 689
13 43 632
13 33 314
13 29 399
13 35 392
13 13 387
13 40 880
13 46 888
13 48 830
13 22 963
13 29 624
13 31 718
13 22 732
13 40 121
13 28 220
13 30 817
13 31 886
13 58 488
13 46 235
13 25 586
13 51 360
13 24 788
13 18 74
13 41 622
13 17 286
13 28 671
13 32 577
13 27 92
13 40 43
14 38 798
14 52 212
14 44 63
14 48 590
14 26 742
14 45 290
14 55 675
14 39 673
14 26 320
14 54 686
14 20 456
14 23 327
14 23 938
14 32 401
14 35 130
14 55 519
14 43 978
14 53 179
14 41 160
14 46 545
14 24 603
14 21 548
14 36 734
14 30 616
14 34 65
14 15 124
14 37 243
14 40 808
14 26 450
14 19 553
14 21 854
14 34 301
14 39 984
14 39 782
14 22 401
15 52 449
15 44 798
15 29 167
15 42 107
15 25 859
15 17 497
15 49 743
15 32 257
15 25 162
15 21 702
15 41 93
15 57 858
15 44 117
15 55 1000
15 59 494
15 22 579
15 36 7
15 18 209
15 29 703
15 50 861
15 25 274
15 42 120
15 25 468
15 46 162
15 51 159
15 37 526
15 23 629
15 46 30
15 54 54
15 19 342
15 46 954
15 42 608
15 52 608
15 59 82
15 50 800
15 36 616
15 16 877
15 55 948
15 34 215
15 48 679
15 55 888
15 38 143
15 49 569
15 48 873
16 17 977
16 19 696
16 39 434
16 38 394
16 54 862
16 32 736
16 34 162
16 30 541
16 17 796
16 21 557
16 31 887
16 38 529
16 41 661
16 25 208
16 56 807
16 52 868
16 40 541
16 42 839
16 47 53
16 54 554
16 28 660
16 47 862
16 18 826
16 50 97
16 49 133
16 37 428
16 25 953
16 18 667
16 52 790
16 59 625
16 33 415
16 16 234
16 21 804
16 18 157
16 49 346
16 39 446
16 49 913
17 35 159
17 30 404
17 38 145
17 39 201
17 40 648
17 43 29
17 53 598
17 24 736
17 58 992
17 37 550
17 53 526
17 37 396
17 22 780
17 34 464
17 44 682
17 38 749
17 27 269
17 32 984
17 52 540
17 39 624
17 38 816
17 27 388
17 54 61
17 35 32
17 20 777
17 57 703
17 44 387
17 36 118
18 47 3
18 51 592
18 41 562
18 51 901
18 22 268
18 33 189
18 41 140
18 25 755
18 49 163
18 42 324
18 42 735
18 55 763
18 32 725
18 53 562
18 47 852
18 20 854
18 53 649
18 18 872
18 21 135
18 54 503
18 28 486
18 51 475
18 29 827
18 52 199
18 48 335
18 27 756
18 20 660
18 40 900
18 43 58
18 27 154
19 28 224
19 58 294
19 33 538
19 49 86
19 55 454
19 40 656
19 25 96
19 49 920
19 34 813
19 23 250
19 35 365
19 52 995
19 56 704
19 32 137
19 54 818
19 57 319
19 41 893
19 25 15
19 47 761
19 56 805
19 40 371
19 31 874
19 26 934
19 28 99
19 56 456
19 39 299
19 35 9
19 36 375
19 33 503
19 56 135
19 56 787
19 52 419
19 34 72
19 44 515
19 41 107
20 37 587
20 45 421
20 22 202
20 38 177
20 46 101
20 51 370
20 29 99
20 46 228
20 57 371
20 43 323
20 48 357
20 24 510
20 45 94
20 43 946
20 36 418
20 52 81
20 36 546
20 38 942
20 39 551
20 39 319
20 25 265
20 39 279
20 50 956
20 32 89
20 53 208
20 30 963
20 35 674
20 42 109
21 51 388
21 40 791
21 54 559
21 49 6
21 36 519
21 28 747
21 44 611
21 40 21
21 52 850
21 27 326
21 44 518
21 47 486
21 33 241
21 55 435
21 22 84
21 55 60
21 47 809
21 44 177
21 50 368
21 40 359
21 39 181
21 22 119
21 38 57
21 53 276
21 21 188
21 52 92
21 38 512
21 35 984
21 23 147
21 37 87
22 28 33
22 49 649
22 40 509
22 23 493
22 45 504
22 39 928
22 44 874
22 51 820
22 44 401
22 43 731
22 47 839
22 44 275
22 27 686
22 29 153
22 51 746
22 41 639
22 38 731
22 45 477
22 54 44
22 31 225
22 37 276
22 45 204
22 41 367
22 54 135
22 59 637
23 31 263
23 26 568
23 29 841
23 59 5
23 41 385
23 33 37
23 42 127
23 25 338
23 46 895
23 24 298
23 48 296
23 53 665
23 34 155
23 33 815
23 30 846
23 24 430
23 25 798
23 42 741
23 56 827
23 42 616
23 36 656
23 25 243
23 57 378
24 39 276
24 54 654
24 33 39
24 57 457
24 29 359
24 38 327
24 46 422
24 25 368
24 50 151
24 36 402
24 30 763
24 28 517
24 29 926
24 25 155
24 58 879
24 36 369
24 37 612
24 44 388
24 51 462
24 34 463
24 54 281
24 56 933
24 48 435
24 36 344
24 46 978
24 34 124
24 47 794
24 41 141
24 34 108
24 39 341
24 31 805
25 57 929
25 26 864
25 28 284
25 55 756
25 37 391
25 44 512
25 37 346
25 49 486
25 51 471
25 37 412
25 40 616
25 53 459
25 28 620
25 53 581
25 25 827
25 59 589
25 31 170
25 29 605
25 33 601
25 51 429
25 40 519
25 33 505
25 34 166
25 34 100
25 46 563
25 36 195
25 28 25
25 32 967
25 57 356
25 47 520
25 33 51
26 58 402
26 35 87
26 51 376
26 57 649
26 57 124
26 46 417
26 35 671
26 59 636
26 28 901
26 27 739
26 41 74
26 52 238
26 38 860
26 46 281
26 39 321
26 26 580
26 30 734
26 30 375
26 30 992
26 39 135
26 36 149
26 36 325
27 56 110
27 49 408
27 58 247
27 58 259
27 58 117
27 50 865
27 47 54
27 54 540
27 46 152
27 41 439
27 31 562
27 39 308
27 40 48
27 39 167
27 44 191
27 31 947
27 29 924
27 57 381
27 27 718
27 35 308
27 37 611
27 49 56
27 51 667
27 29 730
27 57 439
27 49 922
27 56 618
27 48 451
27 53 784
28 53 745
28 33 956
28 28 881
28 54 982
28 48 34
28 45 597
28 41 506
28 28 817
28 59 428
28 56 609
28 57 870
28 36 559
28 56 570
28 43 582
28 55 914
28 33 772
28 44 318
28 34 699
28 43 729
28 39 220
29 53 68
29 58 340
29 48 125
29 36 141
29 53 285
29 44 665
29 59 316
29 41 156
29 52 691
29 38 819
29 57 919
29 31 393
29 54 540
29 37 710
29 54 1000
29 49 297
29 31 706
29 36 579
29 30 857
29 46 552
29 37 610
29 44 665
29 58 270
29 41 534
30 58 171
30 42 938
30 41 686
30 33 433
30 58 85
30 41 560
30 32 648
30 36 42
30 46 465
30 53 55
30 54 435
30 34 119
30 43 51
30 37 335
30 39 698
30 32 479
30 58 265
30 50 3
30 35 45
30 56 91
30 36 208
30 31 71
30 36 9
30 50 69
30 45 756
30 46 807
30 48 529
30 37 309
30 40 740
30 30 496
30 45 222
31 36 698
31 36 706
31 37 668
31 32 506
31 53 975
31 49 928
31 58 521
31 59 676
31 46 564
31 58 81
31 52 564
31 33 773
31 45 433
31 52 705
31 48 971
31 32 283
31 43 289
31 42 427
31 55 59
31 35 955
31 42 118
31 52 280
31 40 255
32 43 877
32 55 204
32 52 852
32 35 616
32 51 235
32 40 460
32 46 199
32 33 387
32 53 986
32 42 8
32 52 750
32 44 922
32 32 421
32 53 168
32 33 967
32 38 857
32 34 25
32 38 404
32 58 575
32 39 107
33 37 465
33 51 578
33 56 681
33 38 999
33 49 683
33 36 470
33 43 94
33 40 177
33 35 177
33 36 218
33 42 66
33 55 495
33 44 834
33 48 38
33 46 234
33 50 898
33 46 745
33 48 556
33 51 200
33 50 185
33 41 619
34 55 360
34 38 359
34 44 767
34 43 263
34 49 273
34 48 431
34 34 316
34 56 407
34 49 972
34 39 661
34 56 186
34 50 733
34 50 830
34 34 758
34 52 444
34 54 526
34 49 554
34 44 795
34 57 24
34 36 662
34 52 103
34 54 598
35 46 681
35 51 878
35 54 445
35 57 243
35 47 443
35 52 638
35 44 18
35 51 248
35 39 506
35 53 740
35 57 298
35 36 916
36 40 904
36 39 436
36 42 193
36 55 169
36 50 793
36 54 570
36 45 756
36 39 155
36 47 940
36 54 18
36 42 654
36 44 722
36 58 301
36 51 420
36 44 401
36 50 898
36 40 840
36 45 363
36 58 276
36 56 419
36 51 886
36 47 122
36 42 1000
37 49 340
37 59 933
37 54 669
37 59 199
37 59 29
37 45 803
37 56 391
37 43 504
37 41 674
37 39 305
37 59 525
37 48 1
37 47 907
38 52 49
38 48 320
38 58 962
38 44 920
38 59 306
38 50 664
38 40 84
38 45 254
38 47 873
38 52 978
38 55 819
38 56 767
38 50 238
38 40 555
38 59 671
38 42 778
38 58 908
38 51 780
38 50 319
38 53 299
38 40 454
38 50 144
38 51 852
38 52 674
38 51 942
38 42 101
39 43 465
39 45 877
39 56 836
39 55 234
39 44 789
39 42 504
39 50 644
39 48 334
39 49 817
39 49 218
39 53 771
39 49 455
39 59 734
39 48 261
39 53 843
39 53 901
39 53 118
39 48 296
40 45 402
40 43 1
40 54 633
40 56 622
40 46 490
40 43 278
40 58 260
40 59 546
40 46 734
40 47 783
40 55 795
40 58 498
40 42 533
40 42 350
40 50 172
40 58 38
40 53 118
40 47 468
41 43 542
41 48 9
41 43 95
41 56 561
41 43 240
41 52 715
41 51 583
41 47 386
41 59 838
41 59 422
41 43 148
41 42 215
41 46 778
42 48 802
42 47 37
42 59 714
42 51 258
42 59 673
42 57 784
42 58 434
42 45 209
42 44 549
42 46 953
42 51 156
42 44 954
42 49 272
42 56 223
42 56 983
43 54 114
43 43 401
43 56 10
43 57 12
43 44 472
43 57 401
43 58 371
43 56 135
43 58 12
43 49 563
43 54 666
43 53 535
43 58 180
43 44 953
44 55 185
44 54 732
44 54 416
44 50 663
44 55 32
44 45 716
44 51 86
44 55 460
44 54 166
44 46 624
45 56 441
45 58 884
45 59 270
45 58 825
45 46 237
45 52 890
45 58 179
45 48 111
46 50 410
46 51 7
46 53 290
46 52 787
46 55 715
46 49 610
46 51 927
47 53 502
47 54 792
47 49 778
47 53 670
47 48 383
48 52 417
48 49 482
48 51 411
48 51 438
48 56 158
48 59 592
48 54 416
48 57 227
48 55 177
48 53 823
49 52 833
49 55 574
49 54 471
49 56 697
49 51 100
49 58 235
49 56 855
49 59 630
49 51 799
50 59 180
50 58 256
50 58 745
51 59 544
51 55 944
51 58 306
51 58 835
51 52 533
51 52 856
51 59 676
51 57 787
51 55 761
52 54 909
52 59 632
52 53 854
52 59 225
52 59 585
52 59 326
52 56 569
53 59 250
53 54 300
53 55 862
54 59 985
54 58 882
54 56 776
54 56 712
54 55 598
54 54 3
54 59 871
55 59 287
55 58 455
55 55 948
55 59 153
56 58 341
57 58 47
59 59 546
53 674 28 1 61023705
0 36 239
0 32 839
0 21 645
0 3 114
0 22 662
0 16 683
0 20 242
0 3 278
0 23 265
0 44 781
0 19 99
0 25 861
0 47 648
0 16 926
0 49 699
0 23 294
0 33 406
0 38 265
0 10 126
0 30 242
0 4 437
0 11 151
0 47 148
0 51 891
0 35 198
1 27 563
1 47 419
1 23 765
1 19 918
1 13 121
1 8 169
1 11 461
1 51 234
1 35 929
1 17 199
1 19 437
1 36 714
1 50 658
1 44 469
1 9 667
1 16 277
1 49 135
1 44 238
1 52 878
2 49 266
2 20 258
2 16 357
2 43 833
2 34 405
2 3 162
2 34 981
2 8 200
2 28 665
2 14 959
2 45 627
2 20 98
2 50 412
2 49 161
2 37 602
2 40 248
2 40 67
2 23 359
2 13 199
2 17 215
2 35 785
3 24 242
3 37 778
3 47 5
3 40 637
3 48 963
3 46 700
3 9 861
3 30 217
3 28 834
3 39 820
3 41 480
3 33 971
3 51 13
3 13 961
3 13 545
3 26 769
3 7 213
3 38 450
3 24 748
3 24 739
3 40 16
3 45 908
3 49 688
4 25 557
4 13 201
4 5 732
4 48 772
4 33 407
4 34 357
4 20 428
4 26 894
4 34 7
4 32 353
4 27 393
4 10 506
4 4 382
4 18 89
4 51 280
4 20 791
4 24 47
4 48 537
4 33 210
4 32 232
5 44 383
5 45 990
5 46 300
5 10 697
5 11 508
5 25 808
5 12 810
5 19 585
5 42 687
5 37 271
5 34 530
5 33 974
5 43 359
5 13 818
5 29 425
5 40 24
5 34 762
5 26 306
5 6 95
5 42 97
5 30 35
6 12 748
6 16 716
6 24 897
6 31 793
6 33 638
6 52 290
6 37 299
6 29 638
6 30 191
6 40 625
6 49 678
6 9 247
6 39 812
6 47 119
6 16 965
6 47 930
6 42 494
6 19 177
6 20 934
7 9 208
7 36 146
7 42 394
7 50 420
7 24 15
7 19 287
7 8 26
7 36 262
7 28 22
7 49 322
7 8 234
7 22 327
7 51 568
7 33 347
7 45 105
7 36 829
7 38 941
7 48 504
7 29 905
7 31 539
7 11 369
7 37 489
7 44 952
7 45 443
7 50 128
7 45 715
8 11 834
8 15 889
8 25 57
8 36 83
8 44 359
8 40 366
8 39 933
8 22 63
8 20 500
8 44 621
8 20 615
8 15 668
8 48 540
8 43 921
9 19 727
9 35 655
9 24 771
9 13 767
9 15 833
9 10 201
9 44 801
9 15 452
9 29 576
9 23 847
9 23 168
9 49 71
9 37 609
9 50 241
9 14 952
9 46 208
9 39 840
9 16 782
9 25 347
9 50 987
9 30 425
9 12 762
9 33 459
9 44 23
9 10 794
9 47 434
9 40 958
9 36 436
9 49 473
9 39 867
9 32 97
9 15 290
10 15 712
10 22 491
10 30 169
10 27 622
10 40 555
10 51 74
10 41 934
10 20 669
10 36 976
10 52 561
10 50 716
10 43 197
10 19 474
10 28 329
11 25 136
11 48 550
11 52 690
11 20 375
11 14 868
11 14 947
11 36 871
11 26 209
11 52 30
11 26 609
11 49 285
11 40 791
11 51 668
11 32 316
11 40 583
11 38 662
11 39 434
11 44 255
11 48 18
11 48 616
11 33 158
11 30 159
12 40 616
12 28 732
12 15 85
12 49 373
12 14 859
12 38 34
12 20 379
12 16 41
12 47 115
12 17 931
12 43 778
12 42 485
12 15 785
12 37 782
12 32 317
13 45 979
13 15 92
13 35 220
13 51 242
13 22 161
13 33 469
13 14 350
13 33 79
13 44 706
13 37 590
13 18 116
13 32 615
13 35 239
13 42 351
13 40 622
13 32 946
13 26 674
13 42 587
13 19 238
13 43 843
13 43 703
13 42 585
13 35 942
13 43 587
14 36 401
14 24 503
14 36 526
14 21 133
14 22 946
14 43 705
14 41 747
14 23 25
14 32 177
14 50 694
14 46 186
14 26 620
14 24 975
14 52 915
14 47 68
14 27 798
14 25 99
15 40 700
15 28 971
15 36 982
15 24 832
15 44 550
15 41 299
15 50 280
15 42 526
15 16 522
15 38 407
16 29 478
16 43 224
16 38 868
16 44 539
16 51 902
16 36 150
16 49 837
16 36 824
16 42 246
16 51 342
16 32 115
16 24 928
16 49 645
16 26 912
16 28 239
16 45 360
16 38 680
17 37 833
17 46 718
17 38 96
17 44 960
17 29 19
17 43 829
17 48 524
17 27 864
17 47 311
17 18 4
17 47 586
17 50 515
17 24 242
17 20 892
17 33 372
17 26 175
17 36 87
18 48 111
18 26 682
18 35 284
18 32 989
18 21 310
18 23 517
18 44 32
18 33 425
18 46 800
18 19 45
18 19 570
18 22 895
18 19 174
18 33 108
18 40 787
18 37 669
18 52 132
18 49 73
18 45 617
19 33 126
19 43 363
19 40 872
19 35 947
19 33 747
19 40 299
19 41 746
19 50 72
19 46 508
19 24 396
19 33 636
19 43 196
19 27 388
19 41 772
19 30 66
19 44 257
20 24 315
20 46 822
20 38 854
20 46 6
20 51 387
20 46 725
20 36 461
20 48 150
20 39 116
20 39 269
20 52 173
20 50 765
20 43 781
20 40 495
20 45 557
20 36 754
20 36 908
20 42 887
21 45 881
21 30 762
21 40 506
21 49 863
21 22 557
21 41 395
21 50 890
21 34 912
21 28 815
21 32 366
21 45 268
21 33 518
21 22 119
22 29 191
22 39 113
22 47 74
22 31 428
22 41 717
22 42 821
22 52 586
22 38 846
22 31 620
22 41 840
22 50 910
22 38 2
22 40 71
22 43 402
22 51 320
22 38 235
22 51 983
23 39 653
23 44 34
23 48 221
23 24 614
23 48 975
23 52 281
23 36 685
23 47 351
23 46 619
23 36 899
23 34 246
23 47 792
23 32 239
23 47 331
23 31 131
23 35 330
23 30 603
24 49 641
24 29 30
24 28 722
24 38 810
24 36 586
24 42 260
24 37 137
24 29 871
24 47 852
24 47 421
24 46 501
24 50 692
24 33 924
24 24 251
24 42 645
24 40 176
24 46 667
25 31 415
25 40 834
25 46 332
25 38 287
25 42 806
25 46 825
25 25 619
25 44 522
25 52 399
25 52 862
25 32 783
25 48 627
25 48 546
25 47 765
25 51 505
25 37 828
25 28 212
25 40 541
25 44 381
25 30 842
25 29 884
25 31 222
25 45 502
26 31 207
26 26 190
26 36 22
26 32 171
26 45 180
26 47 633
26 32 132
26 33 798
26 40 201
26 37 76
26 52 858
26 33 495
26 37 234
26 44 801
27 47 523
27 51 79
27 31 38
27 51 995
27 50 802
27 40 925
27 39 685
27 47 591
27 48 699
27 36 509
27 30 433
27 38 450
27 34 691
27 40 218
28 46 341
28 49 896
28 37 602
28 34 340
28 47 973
28 38 806
28 51 711
28 30 103
28 44 839
28 37 783
28 35 288
29 32 792
29 30 318
29 45 908
29 46 706
29 45 670
29 45 93
30 37 176
30 43 143
30 35 178
30 30 35
30 52 547
30 44 286
30 41 986
30 35 950
30 34 32
30 45 728
30 38 112
30 43 664
30 42 697
31 48 513
31 32 615
31 45 517
31 36 827
31 44 576
31 41 159
31 32 125
32 33 275
32 37 967
32 51 418
32 44 171
32 47 14
32 41 47
32 32 917
32 34 620
32 48 770
32 49 715
32 33 994
32 38 191
33 48 495
33 45 214
33 35 964
33 47 2
33 50 943
33 50 627
33 40 209
33 50 444
33 38 256
33 44 279
34 39 828
34 47 913
34 44 253
34 44 134
35 46 424
35 39 492
35 37 405
35 47 827
35 35 64
35 43 557
35 49 792
35 40 115
35 48 667
36 44 662
36 37 862
36 39 944
36 37 689
36 42 546
36 41 756
36 51 275
36 49 254
37 43 899
37 51 485
37 48 322
37 47 124
37 44 946
37 44 421
37 42 204
37 51 691
37 48 226
37 40 400
37 49 717
37 46 682
38 43 172
38 41 934
38 42 815
38 49 232
38 50 789
38 52 203
38 50 10
38 44 147
38 51 799
38 48 254
38 40 962
38 52 395
38 48 960
38 49 338
39 47 18
39 39 395
40 46 187
40 44 621
40 51 984
40 40 613
40 52 141
40 47 660
41 50 525
41 42 646
41 49 515
41 41 212
41 51 527
41 41 333
42 50 976
42 52 220
42 43 975
42 51 523
42 50 174
43 48 545
43 48 36
43 47 117
43 43 393
43 49 93
43 49 889
43 46 117
43 50 42
44 44 578
44 52 595
44 52 137
44 51 193
44 47 761
45 52 367
45 49 664
45 48 79
46 46 249
46 47 220
46 47 998
46 46 323
47 49 901
49 52 349
50 52 990
51 52 389
51 52 923
32 210 28 22 94183927
0 7 718
0 25 286
0 18 929
0 25 355
0 27 750
0 17 832
0 23 511
0 20 315
0 20 48
0 3 900
0 20 983
0 21 617
0 25 259
0 8 477
0 9 440
0 9 294
1 10 259
1 7 748
1 9 519
1 22 295
1 21 241
1 7 130
1 19 782
1 19 101
1 18 489
2 21 594
2 7 225
2 24 193
2 19 992
2 15 548
2 21 845
2 23 954
2 31 939
2 23 228
2 13 94
2 25 45
2 14 407
2 22 338
3 13 80
3 28 799
3 23 833
3 15 60
3 22 680
3 29 807
3 29 193
3 12 516
4 22 406
4 30 781
4 27 370
4 23 820
4 6 279
4 27 326
4 5 63
4 17 656
5 21 331
5 28 372
5 13 111
5 28 664
5 19 480
5 6 757
5 21 938
5 30 761
5 6 929
6 8 445
6 8 469
6 7 641
6 27 592
6 12 371
6 14 103
6 8 604
6 15 235
6 10 705
6 7 312
6 29 371
6 7 301
6 26 516
6 11 184
6 21 986
6 8 477
6 28 650
7 24 154
7 21 755
7 8 414
7 24 911
7 11 351
7 13 494
7 7 763
8 18 548
8 28 500
8 29 796
8 11 690
8 30 610
8 28 838
8 11 898
8 14 336
8 28 785
9 30 619
9 19 535
9 19 713
9 27 136
9 20 292
9 22 663
9 12 698
9 12 57
9 21 216
9 10 829
9 24 581
9 25 818
9 11 757
9 26 610
10 15 959
10 12 612
10 24 332
10 12 705
10 23 112
11 15 334
11 23 344
11 20 316
11 21 968
11 31 426
11 11 945
11 11 395
11 26 735
11 23 612
12 28 78
12 29 300
12 21 546
12 31 223
12 27 999
12 14 195
13 17 737
13 18 485
13 29 202
13 27 827
13 26 608
14 15 732
14 20 74
14 16 99
14 26 845
14 20 921
14 17 904
14 26 349
14 27 520
15 20 420
15 28 640
15 22 889
15 31 528
15 25 381
15 31 937
15 31 446
16 30 112
16 26 113
16 24 169
16 19 975
16 18 155
17 22 70
17 17 338
17 19 720
17 30 46
17 26 550
17 22 73
17 21 937
17 27 297
18 30 241
18 28 101
18 25 715
18 30 102
18 23 240
18 25 338
19 25 625
19 21 452
19 21 106
19 24 603
19 22 223
19 28 93
20 27 756
20 28 838
20 22 682
20 25 856
21 27 424
21 25 448
21 23 811
21 24 65
21 26 356
21 29 585
22 24 241
22 30 256
22 30 320
22 31 195
22 26 176
23 31 96
23 26 524
23 30 852
23 27 586
23 27 408
24 26 388
24 26 230
24 24 307
24 24 538
25 26 638
25 26 320
26 29 895
26 31 479
27 31 613
27 31 502
28 29 893
28 30 434
28 31 687
29 29 20
29 29 645
