40 300
1 1 1
2 2 0
3 3 0
4 4 1
5 5 0
6 6 1
7 7 1
8 8 1
9 9 0
10 10 0
11 11 0
12 12 0
13 13 1
14 14 1
15 15 1
16 16 1
17 17 0
18 18 1
19 19 1
20 20 0
21 21 0
22 22 0
23 23 1
24 24 0
25 25 0
26 26 1
27 27 0
28 28 0
29 29 1
30 30 1
31 31 1
32 32 0
33 33 1
34 34 1
35 35 0
36 36 0
37 37 1
38 38 0
39 39 1
40 40 0
22 12 0
25 11 1
5 15 1
38 20 0
3 27 1
9 36 1
39 32 0
25 27 1
38 2 0
23 15 0
33 32 1
13 10 1
37 38 1
34 31 0
10 11 0
21 15 0
1 5 0
37 29 1
25 9 1
5 14 1
29 37 1
9 40 1
23 3 1
25 4 0
35 17 1
39 4 1
15 5 1
16 36 1
34 38 0
30 17 0
28 34 0
28 24 1
40 15 1
17 27 0
2 27 0
2 13 1
6 16 1
14 19 1
11 20 1
10 29 1
10 22 0
26 18 1
30 38 1
27 36 0
19 15 1
12 3 1
7 8 0
9 20 1
11 24 0
38 40 0
3 39 1
11 25 0
18 31 1
28 11 0
9 14 1
30 9 0
35 18 1
11 36 1
5 8 0
33 16 1
28 22 0
37 13 0
31 6 0
22 24 0
21 34 0
14 21 1
28 14 0
7 19 0
14 37 0
36 30 0
14 25 0
38 6 0
29 18 1
26 36 1
15 36 1
7 14 1
16 3 1
14 10 1
12 25 1
26 20 0
24 11 0
8 5 1
13 24 1
35 7 0
18 27 0
35 19 1
11 13 0
39 8 0
22 2 1
14 11 0
10 33 0
17 1 0
32 25 0
15 35 0
16 29 0
40 26 0
1 21 0
32 6 0
32 34 1
25 15 0
14 40 0
35 3 1
40 4 1
31 37 0
10 35 0
7 3 0
24 15 0
8 11 0
22 11 0
33 37 1
25 33 0
3 21 1
33 10 0
17 31 1
10 39 1
20 11 1
34 21 1
7 4 1
40 38 0
27 18 1
30 18 1
31 39 1
36 6 0
6 7 0
2 10 1
29 17 0
29 23 1
34 17 1
38 36 0
30 10 0
17 11 0
20 5 0
13 38 1
9 10 1
28 13 0
27 4 1
13 1 0
7 35 0
40 19 0
6 13 1
1 16 0
37 40 0
21 17 0
17 36 1
36 29 1
34 5 0
37 23 0
35 20 1
15 23 0
38 5 0
26 21 0
30 32 0
25 21 0
40 29 0
21 24 0
12 26 1
1 3 1
39 19 1
6 37 0
28 7 0
20 34 0
9 35 0
21 6 0
5 22 1
22 14 0
13 37 0
14 12 0
26 38 0
11 19 1
39 23 1
18 12 0
38 29 1
3 24 1
29 14 1
15 34 1
2 40 1
32 24 0
12 36 1
23 29 1
12 7 1
40 24 0
15 27 0
29 12 1
11 37 0
21 25 1
17 6 1
32 19 1
10 14 1
21 16 0
21 1 0
17 30 0
21 36 0
11 23 1
23 34 0
10 8 0
5 11 0
38 13 0
12 33 1
8 28 0
1 26 0
26 15 1
20 37 0
13 22 0
20 21 0
13 5 1
15 4 0
36 21 1
24 26 0
8 37 0
28 30 1
22 40 0
21 22 1
12 18 1
15 32 1
38 4 0
37 26 0
20 15 0
9 8 1
34 22 0
40 1 0
3 29 0
21 18 1
29 15 1
32 9 1
16 14 1
34 40 0
7 11 1
13 14 0
27 37 1
16 39 1
35 11 1
9 12 0
9 15 1
7 24 1
31 34 0
33 6 1
37 32 0
10 15 1
15 12 1
7 18 1
17 9 0
19 34 0
25 29 1
11 27 1
25 7 0
19 26 0
36 10 0
9 30 1
24 8 1
39 29 0
6 22 1
26 8 1
32 28 1
32 38 0
11 17 0
1 34 0
32 37 1
18 2 1
22 15 1
40 5 1
