100 872
1 1 1
2 2 0
3 3 1
4 4 0
5 5 1
6 6 1
7 7 0
8 8 1
9 9 0
10 10 1
11 11 1
12 12 1
13 13 0
14 14 0
15 15 0
16 16 1
17 17 0
18 18 0
19 19 1
20 20 0
21 21 1
22 22 0
23 23 1
24 24 0
25 25 0
26 26 0
27 27 1
28 28 0
29 29 0
30 30 0
31 31 0
32 32 0
33 33 0
34 34 1
35 35 0
36 36 1
37 37 0
38 38 1
39 39 1
40 40 1
41 41 1
42 42 0
43 43 1
44 44 0
45 45 1
46 46 0
47 47 0
48 48 1
49 49 1
50 50 1
51 51 1
52 52 1
53 53 0
54 54 0
55 55 1
56 56 0
57 57 0
58 58 1
59 59 0
60 60 0
61 61 1
62 62 0
63 63 0
64 64 0
65 65 1
66 66 1
67 67 1
68 68 1
69 69 0
70 70 1
71 71 0
72 72 0
73 73 0
74 74 1
75 75 0
76 76 1
77 77 0
78 78 1
79 79 0
80 80 1
81 81 0
82 82 0
83 83 0
84 84 1
85 85 1
86 86 1
87 87 0
88 88 1
89 89 0
90 90 0
91 91 0
92 92 0
93 93 1
94 94 0
95 95 1
96 96 0
97 97 1
98 98 1
99 99 1
100 100 0
54 68 0
61 67 1
80 26 1
17 78 0
75 62 1
27 58 1
88 32 0
50 71 0
3 75 0
45 81 1
89 43 1
41 20 0
51 24 1
92 75 1
37 1 0
56 1 1
49 93 1
72 91 0
76 3 0
52 40 1
77 92 1
53 11 1
65 30 0
86 27 1
9 55 0
44 10 1
10 93 0
66 14 0
32 68 1
58 51 0
80 18 1
82 99 1
58 73 1
88 49 0
38 86 1
8 48 0
10 27 0
80 58 1
17 42 0
43 64 0
11 80 1
40 1 1
56 71 0
27 71 1
92 66 0
30 10 0
34 83 0
59 93 1
30 69 0
87 83 0
11 29 0
77 74 1
10 40 1
19 21 1
16 52 0
31 21 1
82 22 1
41 84 0
91 100 0
37 6 0
74 81 1
41 24 1
91 15 1
42 38 1
48 40 1
76 64 0
89 52 1
7 18 0
47 96 0
97 45 0
52 57 1
62 24 1
88 92 0
90 72 1
91 99 1
72 56 1
9 63 1
57 16 0
96 31 1
16 45 0
75 42 1
63 33 1
59 84 1
19 22 1
21 10 0
87 12 0
70 49 1
26 16 1
25 76 0
44 36 1
88 66 0
46 39 0
1 88 0
36 5 1
77 47 1
94 1 1
35 90 1
51 49 1
84 70 0
12 86 1
50 49 0
19 33 0
5 13 0
95 10 1
97 89 1
21 87 0
81 45 1
57 52 0
49 74 1
69 5 1
68 79 0
74 58 0
21 62 0
19 52 0
82 18 0
94 23 1
36 75 1
60 48 1
52 81 1
7 57 0
79 57 0
96 63 0
97 41 1
86 95 0
47 5 0
21 66 0
9 52 1
35 26 1
30 83 1
32 10 1
43 34 0
71 84 0
4 39 0
3 71 1
90 73 1
13 20 0
21 93 0
44 74 1
97 78 1
54 84 1
32 6 1
11 12 0
29 1 1
24 97 0
74 46 0
4 73 1
63 77 1
14 80 1
82 74 0
4 66 0
59 43 1
7 25 1
40 83 0
61 6 1
64 8 1
33 14 1
43 77 0
24 39 0
93 91 0
44 31 0
38 37 1
55 59 1
37 60 1
42 37 0
65 4 1
17 70 1
40 33 0
66 48 1
68 94 1
61 90 0
51 87 0
49 9 0
28 22 0
77 38 1
82 65 1
88 53 1
3 14 0
45 84 1
28 56 1
100 67 0
47 15 0
11 17 1
12 83 1
42 67 0
47 34 0
2 37 1
16 61 1
12 53 0
60 11 1
24 36 0
61 47 0
59 76 0
28 40 1
31 79 1
55 8 1
76 90 1
43 78 1
41 6 0
57 82 1
57 5 0
72 97 0
24 31 0
45 27 1
77 84 1
11 13 1
75 70 1
64 7 1
45 41 0
83 62 0
1 62 1
67 6 0
39 58 1
30 94 1
25 56 1
78 100 0
80 19 0
93 56 1
75 92 0
15 55 1
85 16 1
62 81 0
3 88 1
75 21 0
62 31 0
95 16 1
38 89 1
31 39 1
84 82 1
63 72 0
100 6 1
100 50 0
49 43 0
90 2 0
12 74 0
81 42 1
17 53 0
97 79 1
55 97 1
77 60 1
88 72 0
34 73 1
45 46 1
8 28 1
28 70 0
67 24 1
17 40 1
62 14 0
44 73 1
48 29 1
75 68 0
69 61 1
71 47 0
12 16 1
100 91 1
15 50 0
17 54 0
75 96 0
20 22 1
1 22 0
67 71 0
37 39 1
31 63 0
38 5 1
7 50 0
30 97 0
87 37 0
29 88 1
37 46 1
18 56 0
52 89 1
92 43 1
77 62 0
13 87 0
23 60 0
99 77 0
41 32 0
80 76 0
92 29 1
51 90 1
27 29 0
69 32 1
66 89 0
69 38 0
6 4 0
94 39 1
78 99 0
28 23 1
53 12 0
59 70 0
44 27 1
98 49 0
97 24 1
48 39 0
92 44 1
16 59 0
26 52 0
41 4 0
20 95 1
44 100 0
31 83 0
74 2 0
44 57 1
62 79 1
60 84 1
99 54 1
95 84 0
89 76 0
1 52 0
62 93 0
88 23 1
52 97 0
76 39 1
48 65 0
34 31 1
45 65 1
7 42 1
55 34 0
70 9 1
58 34 0
24 38 0
7 55 0
58 23 0
21 39 0
34 47 1
93 72 0
14 22 1
7 90 0
88 51 0
18 42 1
71 99 0
96 42 0
90 38 1
66 81 1
53 50 1
84 5 1
52 18 0
99 21 1
85 14 1
4 49 1
58 37 1
87 47 0
42 90 1
41 48 1
73 4 1
35 7 1
78 54 1
66 55 1
100 94 0
87 58 1
56 16 0
14 35 1
36 70 0
58 46 0
6 58 1
78 32 0
48 27 1
20 25 0
85 47 0
33 39 0
8 41 0
81 90 1
16 79 1
42 29 0
23 17 1
52 99 1
81 57 0
40 20 1
85 7 1
31 1 0
36 33 0
16 37 1
99 18 0
44 33 1
78 25 0
49 64 0
2 88 1
26 45 1
21 57 0
84 8 1
48 56 0
4 81 0
59 1 0
40 46 1
99 74 0
26 38 1
65 7 1
47 46 1
27 43 0
91 80 1
42 83 0
77 53 0
66 63 0
4 57 0
90 13 0
74 42 1
43 23 1
16 22 1
86 84 1
22 46 0
56 29 1
24 5 1
71 40 0
98 31 1
72 20 0
32 24 1
61 3 1
42 58 1
33 13 0
16 92 0
1 63 0
2 86 0
65 57 0
50 16 1
17 84 1
67 20 1
28 78 1
32 18 1
99 55 0
17 75 1
30 68 0
75 58 0
90 64 0
27 36 1
74 61 0
22 8 0
63 42 0
94 84 0
96 34 0
11 77 1
1 6 0
46 33 1
67 1 0
20 54 1
52 36 1
16 51 0
58 52 1
93 21 1
2 40 1
61 93 1
55 9 1
64 5 0
25 9 0
95 7 1
3 17 0
14 71 0
26 94 0
69 37 0
39 71 0
2 77 1
62 22 0
22 53 1
35 66 1
87 86 0
62 30 0
15 56 1
93 7 1
61 31 0
51 22 1
51 96 0
22 39 1
16 96 0
29 91 0
1 72 1
55 52 1
85 80 0
58 30 0
9 62 1
85 92 1
30 66 0
63 73 0
66 96 1
64 76 0
99 13 1
87 40 0
35 50 1
19 27 0
22 98 1
29 43 0
66 97 1
34 43 0
7 58 1
7 97 1
41 59 1
8 90 0
16 72 0
67 59 1
52 1 0
34 16 1
81 48 1
50 2 1
52 19 0
26 96 1
82 57 0
49 13 0
17 38 1
46 92 0
72 83 1
91 3 0
47 80 1
15 14 1
32 73 1
57 90 0
4 31 1
36 25 0
57 21 1
30 32 1
83 95 1
17 46 0
80 13 1
40 91 0
79 69 0
1 49 0
100 85 1
17 13 0
59 74 0
3 20 1
23 13 0
14 87 0
39 5 0
28 29 1
73 98 1
56 73 1
61 20 1
48 53 0
18 27 1
9 74 0
79 74 0
51 45 1
90 51 0
68 17 1
40 76 1
2 65 0
29 100 0
23 11 1
92 87 0
99 73 0
31 66 0
25 83 1
59 85 0
9 100 1
95 60 0
86 65 1
2 92 1
38 99 1
43 58 0
91 30 0
91 10 1
77 69 1
82 61 0
52 15 0
68 33 1
61 13 0
37 43 0
68 42 0
79 25 0
8 100 1
57 96 0
59 78 1
20 58 0
19 99 0
90 9 0
14 94 1
21 95 0
36 7 1
53 47 1
15 25 1
58 28 1
89 54 1
98 57 1
66 88 0
32 43 1
43 63 0
29 90 0
16 38 1
96 49 1
13 63 1
49 35 1
4 83 0
35 64 1
94 77 1
38 40 1
75 66 1
68 8 1
26 25 0
43 75 1
55 86 1
23 87 1
27 9 0
57 7 1
10 48 0
33 18 0
42 47 0
46 20 0
36 59 1
76 72 1
28 15 1
79 55 1
67 10 0
71 48 0
47 84 1
77 97 1
47 94 1
78 68 1
19 36 0
21 37 1
41 100 1
89 30 0
88 46 0
66 44 0
74 23 0
78 64 1
88 85 1
5 57 1
37 66 1
17 72 0
81 17 1
17 16 1
71 8 0
46 21 1
98 90 0
18 34 1
26 30 0
11 49 0
84 43 0
71 91 1
41 66 0
34 49 1
35 33 1
98 55 0
19 80 1
26 50 0
14 47 1
36 19 1
89 13 0
46 40 1
90 43 0
91 88 1
94 21 1
16 88 0
50 91 1
89 8 0
6 70 0
91 70 0
54 34 1
51 32 1
75 59 1
17 19 1
46 26 1
84 54 1
33 35 0
15 91 0
40 66 0
34 36 1
33 29 1
66 84 0
42 27 1
61 42 0
40 89 1
49 70 0
24 61 1
8 86 1
20 79 0
71 9 0
32 52 1
69 33 0
19 18 0
84 14 1
30 90 1
84 51 1
10 49 1
75 65 1
42 85 1
74 6 0
24 89 0
2 96 0
96 73 1
19 8 1
62 95 1
62 10 1
22 16 1
23 19 0
19 87 1
15 80 1
21 11 0
86 5 0
98 53 1
22 26 0
58 84 0
67 42 0
91 23 0
8 9 0
40 6 1
54 14 0
2 26 0
95 86 1
58 81 0
72 71 1
34 69 0
63 6 0
78 1 1
96 19 1
40 63 1
18 30 0
7 63 1
60 35 1
53 35 0
59 56 1
92 73 1
61 86 0
93 63 1
95 4 1
72 36 1
80 23 0
50 32 1
86 43 0
89 20 0
57 24 0
91 41 1
48 99 0
35 15 1
78 55 0
39 47 0
7 49 1
75 93 0
2 10 1
40 80 1
87 36 0
27 2 0
68 99 0
9 6 1
21 98 1
26 67 0
24 12 0
46 98 1
28 87 1
36 41 0
67 100 1
69 66 1
18 75 1
5 48 0
24 83 1
22 87 1
72 81 0
24 11 0
85 45 1
30 65 1
66 92 1
17 43 1
82 43 0
15 12 1
32 100 1
85 100 1
28 4 0
2 11 0
56 86 1
86 18 0
19 34 0
58 68 1
16 33 1
68 87 0
31 36 1
85 86 0
65 77 1
97 83 0
74 36 0
52 68 0
88 5 1
26 18 1
52 94 0
77 35 1
81 20 0
31 51 1
