35 250
1 1 0
2 2 1
3 3 0
4 4 1
5 5 1
6 6 1
7 7 0
8 8 1
9 9 1
10 10 1
11 11 1
12 12 0
13 13 1
14 14 0
15 15 1
16 16 0
17 17 1
18 18 0
19 19 0
20 20 0
21 21 0
22 22 0
23 23 0
24 24 0
25 25 1
26 26 0
27 27 1
28 28 0
29 29 0
30 30 0
31 31 1
32 32 1
33 33 0
34 34 0
35 35 0
3 26 0
30 34 0
30 25 1
24 25 1
29 16 1
34 12 0
23 9 0
28 12 0
7 12 0
26 5 1
27 7 1
11 18 1
12 4 0
27 24 1
30 20 1
18 31 0
3 1 1
15 16 1
15 19 0
2 20 1
34 15 1
24 33 0
19 3 1
16 24 1
9 1 1
31 34 0
2 19 1
18 26 0
16 23 0
30 19 1
20 23 0
8 34 1
12 14 1
25 7 0
20 8 1
29 24 1
19 35 1
27 12 1
25 9 1
1 14 1
19 2 1
31 29 0
33 9 0
12 20 0
23 33 0
19 16 1
10 25 0
11 26 1
30 24 1
12 35 1
26 16 0
16 26 0
22 21 0
20 30 0
2 18 1
29 25 1
21 11 0
11 20 1
8 18 1
20 16 0
20 15 0
34 35 1
23 30 1
24 20 0
20 14 1
35 20 1
6 20 1
4 12 1
17 31 1
24 7 0
27 35 0
9 8 0
8 33 1
26 28 0
33 34 1
30 28 0
23 34 1
14 35 0
15 1 1
11 12 1
31 32 0
18 2 0
6 30 0
35 29 1
16 11 1
27 17 0
9 6 1
19 5 0
4 28 1
15 32 1
9 12 0
23 21 0
25 6 0
24 21 1
8 24 0
4 6 1
20 7 1
6 13 0
35 1 1
19 7 0
18 15 1
16 33 0
5 9 1
12 32 0
28 33 1
15 23 0
8 30 0
24 23 1
27 26 0
10 26 1
34 21 1
17 18 0
15 28 0
5 23 1
34 32 1
5 24 0
35 24 1
7 15 0
18 8 1
11 6 0
13 35 0
28 7 0
13 26 1
34 11 0
31 20 0
12 17 0
26 13 1
22 28 0
6 3 0
33 14 0
33 8 0
33 32 0
20 10 1
2 29 0
10 28 1
27 29 1
21 22 0
5 2 1
3 11 0
28 10 1
28 26 1
2 11 1
31 4 0
4 35 1
18 17 1
23 15 0
5 19 0
30 21 1
11 31 1
18 25 0
22 33 1
21 20 1
16 14 1
13 21 0
5 33 1
14 33 0
27 21 1
26 22 0
29 20 1
33 26 1
1 34 0
27 31 1
10 24 1
29 22 0
10 31 0
24 19 1
8 2 0
11 15 0
4 16 1
5 3 1
16 15 0
25 13 1
17 29 0
1 6 0
25 35 1
18 1 0
4 32 0
9 21 0
6 23 1
19 1 1
29 15 1
25 15 1
3 5 1
8 17 0
17 7 1
35 14 1
33 11 0
2 21 0
26 17 1
4 11 1
26 34 0
31 7 1
2 7 0
4 21 0
10 22 0
32 5 1
8 1 1
17 13 1
18 34 0
11 30 1
35 25 1
20 5 0
33 19 1
35 4 1
29 27 1
29 4 1
14 3 1
12 3 1
1 9 1
21 28 1
25 18 0
21 29 1
3 32 0
32 14 1
13 34 1
