7
999984058 999943264 999912372 999956556 999947021 999956556 999935826 
6
999941929 999897272 999936147 999897272 999929698 999910077 
2
751071435 432580322 
7
999921177 999951039 999968814 999900187 999981612 999901087 999963382 
5
999938376 999900597 999979509 999979509 999969884 
7
999957214 999907362 999945173 999907362 999904426 999907574 999937454 
6
516195329 94410414 857432073 154433714 408863928 220498071 
7
999958940 999935516 999953288 999968048 999976151 999926233 999928362 
7
999999815 999964596 999946175 999898089 999968540 999917335 999942734 
7
710222124 155959005 584447257 138556883 986874649 710513076 803738024 
