9
138693557 805497603 219171484 39986664 651036060 735146846 486937654 89228842 789445940 
11
999908393 999952941 999906183 999940864 999928837 999921483 999995733 999947432 999938859 999965157 999945013 
11
999976754 999940556 999932530 999909541 999985258 999981333 999963325 999967705 999902839 999979380 999908737 
9
438261957 884655873 815602295 340468490 445975928 83016705 670137087 778558935 292641026 
9
578143461 994769034 95529325 231160589 474453268 956951108 313602185 740122648 198360814 
11
500923504 561820159 601396778 694101795 472328644 458249463 693236179 513717732 221658941 635342433 893652043 
8
810490368 80098522 610305668 224291419 25639370 148616317 579396020 938818573 
10
107252309 479785814 960332091 637309602 578459537 560441473 310732345 879060726 745484631 204868419 
10
999934554 999912667 999955696 999925493 999978615 999995466 999907618 999938757 999905070 999911136 
11
505481164 528735527 722875985 275020343 470079665 729988817 902112673 881994037 863778438 337991097 656389305 
