94462
95440
96403
97349
98267
99179
100074
100958
101838
102714
103587
104442
105291
106139
106986
107829
108672
109495
110305
111093
111875
112633
113384
114127
114862
115573
116284
116992
117684
118375
119066
119751
120428
121089
121750
122408
123066
123723
124373
125011
125643
126256
126821
127377
127917
128437
128952
129467
129971
130459
130946
131432
131851
132265
132670
133067
133463
133851
134225
134598
134941
135256
135564
135855
136135
136409
136681
136946
137190
137433
137644
137854
138062
138260
138454
138647
138821
138978
139132
139263
139392
139518
139623
139713
139791
139866
139934
140001
140040
140078
140111
140141
140164
140181
140196
140201
