500 99 41688
17 34
25 -356
62 68
97 330
105 -929
113 -889
120 507
147 141
169 645
198 -497
225 -282
254 542
289 -639
298 -628
308 149
350 -747
370 548
410 725
438 388
485 -396
512 37
558 980
561 865
585 -68
596 395
600 331
637 -408
687 106
694 -778
735 993
777 953
813 46
862 -92
885 872
929 -984
961 621
1003 -520
1009 -215
1042 327
1051 -453
1062 -449
1085 -62
1114 737
1163 66
1182 558
1207 -292
1241 84
1291 -830
1333 -192
1346 -151
1371 463
1411 615
1438 41
1472 880
1520 -398
1538 874
1579 -58
1621 366
1631 -628
1635 758
1662 460
1673 191
1700 653
1715 -741
1717 468
1727 543
1770 -759
1793 566
1822 -228
1871 258
1872 -730
1889 -44
1934 -817
1977 -495
1994 408
2013 -766
2042 845
2077 -344
2098 -746
2130 -788
2179 465
2194 -907
2219 -856
2225 105
2228 238
2244 264
2294 -374
2311 809
2317 -640
2365 571
2384 134
2429 748
2453 -869
2503 269
2536 59
2539 -187
2560 -340
2608 309
2612 -645
2627 -477
2657 -254
2662 856
2704 159
2724 -429
2737 -1
2765 -192
2795 -221
2815 190
2843 866
2845 477
2880 276
2908 -847
2922 -671
2968 -875
2990 -200
3028 -236
3042 639
3087 69
3123 106
3134 798
3181 299
3204 220
3237 14
3249 -875
3267 -807
3283 -69
3315 -190
3324 -371
3345 372
3365 -755
3385 -136
3425 -782
3435 463
3447 -915
3494 710
3504 -134
3532 871
3537 -960
3568 -98
3575 -29
3592 -504
3642 710
3655 -432
3697 -332
3714 -690
3761 202
3764 -314
3800 765
3833 665
3855 603
3891 -36
3927 -584
3932 751
3947 306
3968 -477
3996 577
4002 -563
4012 -83
4059 349
4077 16
4105 501
4145 -876
4194 467
4243 230
4267 487
4298 -888
4300 -758
4311 682
4360 72
4383 -898
4432 -464
4471 -759
4514 -366
4553 -87
4556 -668
4588 962
4627 -232
4639 -21
4681 444
4729 740
4741 171
4785 -777
4788 57
4815 -732
4865 603
4891 771
4922 -620
4944 853
4982 438
4994 -797
5025 -739
5071 119
5072 -351
5083 -390
5104 959
5109 317
5157 -849
5166 -785
5185 -647
5189 -710
5219 -430
5253 -790
5272 179
5321 -893
5349 855
5399 860
5431 227
5477 215
5523 -3
5552 -892
5560 -384
5594 -123
5636 316
5667 504
5670 698
5693 888
5703 -195
5731 -396
5755 762
5787 -555
5837 -211
5854 278
5865 74
5883 450
5900 -26
5945 720
5952 278
5977 580
6003 95
6008 139
6024 -408
6035 -188
6055 772
6068 -545
6088 953
6101 -265
6150 328
6181 -474
6220 -805
6223 -834
6263 -235
6301 -191
6334 -433
6337 -529
6356 -284
6365 -764
6414 -82
6434 -269
6442 -5
6455 574
6460 275
6510 -939
6542 -389
6575 -567
6581 -13
6629 -121
6654 430
6677 -193
6709 -51
6715 -589
6747 -353
6767 -600
6792 877
6794 372
6805 142
6812 232
6851 -641
6865 997
6875 287
6904 -655
6927 649
6937 -447
6954 -466
6968 668
6980 456
7006 -915
7035 -640
7056 -813
7105 471
7150 341
7168 -663
7214 -472
7248 -957
7271 -198
7297 313
7327 -455
7374 552
7378 600
7426 454
7472 193
7481 931
7515 -593
7535 -127
7548 796
7595 -175
7610 518
7631 539
7666 -391
7681 -419
7691 313
7693 464
7707 49
7754 377
7788 -542
7823 -469
7838 530
7841 51
7865 -680
7896 321
7917 549
7959 -710
7973 545
8002 712
8009 -532
8048 593
8088 476
8117 -202
8147 349
8185 -539
8187 -534
8232 -338
8276 -323
8298 -777
8311 -686
8334 -453
8347 168
8362 212
8385 -586
8403 304
8445 -734
8457 833
8462 -851
8506 -864
8515 58
8540 -702
8578 -389
8613 -580
8646 -617
8694 -828
8741 647
8747 -231
8752 230
8783 -203
8793 -706
8834 522
8869 45
8884 -98
8894 564
8904 -999
8921 -498
8933 425
8970 -984
9017 268
9026 739
9046 570
9083 -220
9121 -185
9163 -572
9169 905
9203 591
9227 960
9255 -769
9304 -785
9348 366
9349 -607
9353 -267
9366 720
9407 -434
9417 -481
9463 504
9512 -547
9539 462
9570 -608
9576 -271
9581 -292
9626 -889
9671 650
9696 -327
9724 184
9763 -275
9768 140
9783 615
9810 780
9828 -651
9852 -830
9857 446
9900 137
9908 -908
9954 -381
9991 51
10022 -134
10046 -128
10077 -111
10086 253
10089 375
10109 -369
10111 97
10144 -29
10191 -226
10227 -640
10255 -396
10299 400
10341 -140
10362 107
10383 -771
10399 347
10409 140
10410 -556
10445 -810
10452 684
10464 -600
10505 -897
10518 -328
10547 -37
10592 -123
10639 -861
10643 -253
10657 230
10678 45
10710 123
10726 -664
10735 -63
10749 328
10784 -439
10791 -639
10836 267
10840 -504
10862 635
10889 576
10913 -688
10932 73
10965 468
10971 -46
11015 -513
11024 562
11065 200
11073 922
11079 603
11100 -653
11141 -551
11157 259
11169 536
11213 876
11251 -609
11294 -801
11335 935
11376 672
11418 885
11446 711
11493 598
11507 584
11518 -487
11529 -476
11531 166
11539 707
11588 238
11622 775
11657 88
11678 476
11701 213
11742 -304
11773 574
11805 663
11810 -543
11824 555
11863 -585
11887 273
11900 -698
11947 109
11975 415
12023 600
12049 -905
12090 279
12095 174
12120 344
12129 905
12174 -343
12208 -958
12233 -275
12246 -534
12296 -829
12304 -804
12307 847
12329 601
12356 -933
12402 -784
12418 -621
12446 -920
12486 101
12510 531
12550 -113
12599 455
12616 2
12620 -103
12639 -25
12667 577
12716 -631
12730 284
12747 168
12778 103
