540
00000000000000000000
00000000000000000000
00000000000000000000
00000000000000000000
00000000000000000000
00000000000000000000
00000000000000000000
00000000000000000000
00000000000000000000
00000000000000000000
00000000000000000000
00000000000000000000
00000000000000000000
00000000000000000000
00000000000000000000
00000000000000000000
00000000000000000000
00000000000000000000
00000000000000000000
00000000000000000000
00000000000000000000
00000000000000000000
00000000000000000000
00000000000000000000
00000000000000000000
00000000000000000000
00000111100100000000
00001111101110000000
00001101111110000000
00001100110110000000
00001100110110000000
00001110110110000000
00001111111110000000
00001111111110000000
00001111111100000000
00001100000000000000
00001100000000000000
00000000000000000000
00000000000000000000
00000000000000000000
00000000000000000000
00000000000000000000
00000000000000000000
00000000000000000000
00000000000000000000
00001100000000111000
00001100000000111000
00001111111111111000
00001111111111111000
00001110001110000000
00001100000110000000
00001100000110000000
00001100000110000000
00001100001110000000
00000110001100000000
00000111111100000000
00000011111000000000
00000000000000000000
00000000000000000000
00000000000000000000
00000000000000000000
00000000000000000000
00000000000000000000
00000000000000000000
00000000000000000000
00000000000000000000
00000011111000000000
00000111111100000000
00001110001110000000
00001100000110000000
00001100000110000000
00001100000110000000
00001100000110000000
00001110011110000000
00000110011110000000
00000100011110000000
00000000000000000000
00000000000000000000
00000000000000000000
00000000000000000000
00000000000000000000
00000000000000000000
00000000000000000000
00000000000000000000
00000000000000000000
00000000000000000000
00000011111000000000
00000111111100000000
00001110001110000000
00001100000110000000
00001100000110110000
00001100000110110000
00001110001110110000
00001111111111111000
00001111111111111000
00001100000000000000
00001100000000000000
00000000000000000000
00000000000000000000
00000000000000000000
00000000000000000000
00000000000000000000
00000000000000000000
00000000000000000000
00000000000000000000
00000000000000000000
00000011111000000000
00000111111100000000
00001110111100000000
00001110110110000000
00001100110110000000
00001100110110000000
00001100110110000000
00001110111110000000
00001110111100000000
00000110111000000000
00000000000000000000
00000000000000000000
00000000000000000000
00000000000000000000
00000000000000000000
00000000000000000000
00000000000000000000
00000000000000000000
00000000000000000000
00000000000000000000
00001000000100000000
00001100000110000000
00001100000110000000
00001111111111110000
00001111111111111000
00001100000110011000
00001100000110011000
00001100000110111000
00001100000110111000
00000000000000010000
00000000000000000000
00000000000000000000
00000000000000000000
00000000000000000000
00000000000000000000
00000000000000000000
00000000000000000000
00000000000000000000
00000000000000000000
00000000000000000000
00100011111000000000
01110111111100000000
01101110001110000000
01101100000110000000
01101100000110000000
01101100000110000000
01111110001110000000
00111111111110000000
00111111111110000000
00000000000110000000
00000000000110000000
00000000000000000000
00000000000000000000
00000000000000000000
00000000000000000000
00000000000000000000
00000000000000000000
00000000000000000000
00000000000000000000
00001100000000111000
00001100000000111000
00001111111111111000
00001111111111111000
00001100001110000000
00001100000110000000
00001100000110000000
00001100000110000000
00001111111110000000
00001111111100000000
00001100000000000000
00001100000000000000
00000000000000000000
00000000000000000000
00000000000000000000
00000000000000000000
00000000000000000000
00000000000000000000
00000000000000000000
00000000000000000000
00000000000000000000
00001100000000000000
00001100000110000000
00001100000110000000
00001100000110111000
00001111111110111000
00001111111110111000
00001100000000000000
00001100000000000000
00001100000000000000
00001100000000000000
00000000000000000000
00000000000000000000
00000000000000000000
00000000000000000000
00000000000000000000
00000000000000000000
00000000000000000000
00000000000000000000
00000000000000000000
00000000000000000000
00100000000100000000
01100000000110000000
01100000000110000000
01100000000110000000
01100000000110000000
01110000000110111000
00111111111110111000
00011111111110111000
00000000000000000000
00000000000000000000
00000000000000000000
00000000000000000000
00000000000000000000
00000000000000000000
00000000000000000000
00000000000000000000
00000000000000000000
00000000000000000000
00000000000000000000
00001000000000010000
00001100000000111000
00001111111111111000
00001111111111111000
00000000110000000000
00000000110110000000
00000001111110000000
00001111001110000000
00001110001110000000
00001100000110000000
00001100000110000000
00001100000000000000
00000000000000000000
00000000000000000000
00000000000000000000
00000000000000000000
00000000000000000000
00000000000000000000
00000000000000000000
00000000000000000000
00000000000000000000
00001100000000010000
00001100000000110000
00001100000000110000
00001100000000110000
00001111111111111000
00001111111111111000
00001100000000000000
00001100000000000000
00001100000000000000
00001100000000000000
00000000000000000000
00000000000000000000
00000000000000000000
00000000000000000000
00000000000000000000
00000000000000000000
00000000000000000000
00000000000000000000
00001000000100000000
00001100000110000000
00001111111110000000
00001111111110000000
00001100001110000000
00001000000110000000
00001111111110000000
00001111111110000000
00001100001110000000
00001000000110000000
00001111111110000000
00001111111100000000
00001100000000000000
00001100000000000000
00000000000000000000
00000000000000000000
00000000000000000000
00000000000000000000
00000000000000000000
00000000000000000000
00000000000000000000
00001100000110000000
00001100000110000000
00001111111110000000
00001111111110000000
00001100001110000000
00001100000110000000
00001100000110000000
00001100000110000000
00001111111110000000
00001111111100000000
00001100000000000000
00001100000000000000
00000000000000000000
00000000000000000000
00000000000000000000
00000000000000000000
00000000000000000000
00000000000000000000
00000000000000000000
00000000000000000000
00000000000000000000
00000011111000000000
00000111111100000000
00001110001110000000
00001100000110000000
00001100000110000000
00001100000110000000
00001100000110000000
00001110001110000000
00000111111100000000
00000011111000000000
00000000000000000000
00000000000000000000
00000000000000000000
00000000000000000000
00000000000000000000
00000000000000000000
00000000000000000000
00000000000000000000
00000000000000000000
01100000000110000000
01100000000110000000
01111111111110000000
01111111111110000000
01101110001110000000
01101100000110000000
01101100000110000000
00001100000110000000
00001110001110000000
00000111111100000000
00000011111000000000
00000000000000000000
00000000000000000000
00000000000000000000
00000000000000000000
00000000000000000000
00000000000000000000
00000000000000000000
00000000000000000000
00000000000000000000
00000000000000000000
00000011111000000000
00000111111100000000
00001110001110000000
00001100000110000000
01101100000110000000
01101100000110000000
01101110001110000000
01111111111110000000
01111111111110000000
01100000000110000000
01100000000110000000
00000000000000000000
00000000000000000000
00000000000000000000
00000000000000000000
00000000000000000000
00000000000000000000
00000000000000000000
00000000000000000000
00000000000000000000
00001100000110000000
00001100000110000000
00001111111110000000
00001111111110000000
00001100011100000000
00001100001100000000
00001100001110000000
00001100000110000000
00001000001110000000
00000000001110000000
00000000000100000000
00000000000000000000
00000000000000000000
00000000000000000000
00000000000000000000
00000000000000000000
00000000000000000000
00000000000000000000
00000000000000000000
00000000000000000000
00001000000000000000
00001111011100000000
00001111111110000000
00001101110110000000
00001101110110000000
00001101110110000000
00001101110110000000
00001101111110000000
00000111101110000000
00000111001100000000
00000000000000000000
00000000000000000000
00000000000000000000
00000000000000000000
00000000000000000000
00000000000000000000
00000000000000000000
00000000000000000000
00000000000000000000
00000000000000000000
00000000000110000000
00000111111111100000
00001111111111100000
00001110000110000000
00001100000110000000
00001100000110000000
00001100000110000000
00001110000110000000
00001110000110000000
00000100000000000000
00000000000000000000
00000000000000000000
00000000000000000000
00000000000000000000
00000000000000000000
00000000000000000000
00000000000000000000
00000000000000000000
00000000000000000000
00000000000110000000
00000000000110000000
00000111111110000000
00001111111110000000
00001100000000000000
00001100000000000000
00001100000110000000
00001110000110000000
00001111111110000000
00001111111110000000
00001100000000000000
00001100000000000000
00000000000000000000
00000000000000000000
00000000000000000000
00000000000000000000
00000000000000000000
00000000000000000000
00000000000000000000
00000000000000000000
00000000000110000000
00000000000110000000
00000000011110000000
00000001111110000000
00000111111110000000
00001111000000000000
00001111000110000000
00000111111110000000
00000001111110000000
00000000011110000000
00000000000110000000
00000000000110000000
00000000000000000000
00000000000000000000
00000000000000000000
00000000000000000000
00000000000000000000
00000000000000000000
00000000000000000000
00000000000110000000
00000000000110000000
00000000111110000000
00000111111110000000
00001111100110000000
00001111100000000000
00000011111100000000
00000011111100000000
00001111100000000000
00001111100110000000
00000111111110000000
00000000111110000000
00000000000110000000
00000000000110000000
00000000000000000000
00000000000000000000
00000000000000000000
00000000000000000000
00000000000000000000
00000000000000000000
00000000000000000000
00001100000110000000
00001100000110000000
00001110001110000000
00001111011110000000
00001111111110000000
00000001110000000000
00000001110000000000
00001111111110000000
00001111011110000000
00001110001110000000
00001100000110000000
00001100000110000000
00000000000000000000
00000000000000000000
00000000000000000000
00000000000000000000
00000000000000000000
00000000000000000000
00000000000000000000
00000000000000000000
01100000000110000000
01100000000110000000
01100000011110000000
01100001111110000000
01111111110110000000
01111111000000000000
01101111000000000000
01000011110110000000
00000001111110000000
00000000011110000000
00000000000110000000
00000000000110000000
00000000000000000000
00000000000000000000
00000000000000000000
00000000000000000000
00000000000000000000
00000000000000000000
00000000000000000000
00000000000000000000
00000000000000000000
00001100000000000000
00001110011110000000
00001111011110000000
00001111000110000000
00001101100110000000
00001100110110000000
00001100011110000000
00001111001110000000
00001111000110000000
00000000000000000000
00000000000000000000
00000000000000000000
00000000000000000000
00000000000000000000
38
01010001010101010101
10001000101010100010
00010101000100000100
10101000100010001010
00000000000000000000
10100000000000000000
01000000000110000001
10101111111111100000
01001110000110000001
10101100000110000010
01001100000110000101
10101100000110000000
01001110000110000101
10001110000110000000
01000100000000000101
10101010101010001010
00000000000000000101
10001010101010001000
00010001010000010100
10101010001000100000
01010100010101010001
10100010001000100000
01010101010100010001
10100000000000100010
01010000000110010001
00100000000110100010
01010000011110010001
10100001111110100000
01010111111110000001
10101111000110001000
01010111111110010001
10100001111110100000
01010000011110010101
10100000000110100000
01000000000110010101
10100000000000000010
10100010000000001010
01010101010101010101