100
376 464
841 377
297 521
653 943
727 179
736 369
592 822
864 554
386 634
478 874
519 672
961 659
825 411
756 542
825 717
767 453
517 269
987 397
328 987
357 787
258 313
981 873
514 215
716 525
563 811
792 471
329 777
598 682
679 247
952 864
541 497
733 293
463 832
835 368
526 238
477 727
921 255
653 761
339 765
874 675
477 532
737 329
581 167
983 553
945 293
271 784
581 778
918 291
367 657
914 633
624 964
494 387
584 941
771 328
398 929
541 235
738 922
292 689
344 664
777 497
734 578
861 561
388 937
487 856
494 764
994 316
141 718
885 453
324 965
788 179
542 793
253 311
913 292
724 474
525 643
279 535
758 348
837 459
333 943
979 689
661 955
377 698
477 762
422 671
868 615
497 866
312 722
758 839
675 223
674 986
687 919
537 831
323 753
415 588
745 568
988 665
536 617
169 562
483 855
832 637
