10 19
12 2
8 1
12 4
3 2
7 4
3 3
1 1
4 2
5 4
2 4
10 2
2 1
11 4
4 1
6 1
7 3
6 3
9 2
3 4
12 4
0 1
5 1
9 1
12 1
8 2
8 1
3 1
2 2
11 4
6 2
13 3
3 3
2 1
7 1
1 3
2 4
7 2
13 2
12 2
12 1
3 2
7 2
12 4
4 3
2 2
1 2
8 3
5 3
8 4
6 2
6 3
13 3
4 4
11 2
10 1
11 4
2 4
3 4
12 4
8 2
2 3
11 4
5 4
4 3
4 4
0 1
9 1
13 3
6 2
1 1
8 4
12 2
12 3
0 2
3 1
9 3
3 4
2 4
13 4
5 3
6 3
9 3
7 2
2 3
10 4
12 1
4 2
13 1
9 2
8 4
3 3
1 1
13 2
1 2
7 4
5 4
13 1
1 2
10 2
4 1
8 2
11 4
3 2
9 1
4 3
12 3
5 2
10 3
12 4
5 1
3 1
8 4
10 4
7 1
9 2
6 1
8 4
4 2
10 1
12 4
2 1
7 2
12 3
10 4
12 1
5 3
13 4
4 1
7 4
13 2
8 3
6 4
0 1
11 4
13 4
4 1
3 1
0 1
4 2
9 1
10 2
1 4
12 4
12 3
6 4
2 1
9 3
8 2
4 4
6 3
5 4
3 2
13 1
7 1
3 1
7 2
11 2
6 1
10 1
8 4
7 3
4 4
4 2
12 2
8 3
0 2
4 3
10 3
12 3
1 3
8 1
5 2
11 3
7 1
2 3
10 1
4 2
7 2
12 4
13 2
8 3
8 4
13 3
9 3
9 1
9 4
3 3
4 1
7 4
0 2
