100 3
2 2
9 4
13 4
2 4
11 3
7 3
12 4
2 4
7 1
0 1
3 3
5 4
2 3
9 1
11 2
0 1
10 1
9 4
0 2
8 3
6 3
5 3
6 3
8 2
10 3
1 3
11 3
7 2
7 3
10 1
4 2
2 2
10 4
1 4
4 3
5 1
5 2
13 2
13 4
5 4
4 2
1 4
1 3
9 2
5 1
9 3
1 2
9 4
1 2
8 4
2 1
11 3
6 2
13 3
10 1
6 4
3 2
8 3
7 2
9 2
2 2
8 4
2 3
5 3
5 1
1 2
10 4
4 3
12 3
6 3
4 3
8 1
13 4
8 3
8 2
2 2
1 2
5 3
6 1
7 2
11 4
3 2
7 4
6 2
8 3
2 2
10 4
8 4
5 4
11 1
7 2
9 1
13 1
10 2
11 2
4 1
5 4
12 3
5 3
1 2
13 3
8 4
10 3
2 3
7 2
1 3
1 1
4 2
6 1
12 4
9 1
11 4
2 1
13 2
11 4
2 4
0 2
8 4
13 3
4 1
11 2
13 2
2 4
1 4
4 4
11 4
13 3
6 3
1 4
12 1
9 3
10 2
5 3
2 2
10 2
10 4
13 4
6 4
0 2
2 2
13 4
3 4
10 2
6 2
11 3
13 1
2 2
2 2
7 1
13 4
13 3
5 4
5 2
10 4
6 3
8 1
11 4
1 4
6 3
11 2
13 3
7 4
4 3
9 4
12 2
10 4
1 2
7 2
6 1
11 1
13 1
9 2
10 3
12 2
12 1
11 2
11 1
2 3
9 3
1 3
6 1
3 3
11 2
1 1
7 4
3 2
8 3
5 3
7 2
4 1
5 4
10 1
12 3
0 1
5 2
6 1
6 4
13 1
4 3
10 3
5 3
10 1
13 2
11 2
1 1
4 2
13 4
8 3
2 1
4 2
8 2
9 1
6 3
7 2
11 1
7 3
8 2
5 2
1 2
4 4
6 2
7 4
11 2
11 4
2 2
4 2
4 3
9 3
9 2
4 1
1 2
8 3
12 1
3 2
12 4
9 3
6 4
8 4
4 2
6 4
7 4
6 3
11 1
7 2
2 2
11 1
5 3
6 3
8 3
11 4
9 3
6 2
3 4
3 2
9 2
11 3
9 1
7 1
6 4
12 1
2 4
12 1
3 2
10 2
3 1
2 1
12 3
8 3
5 1
11 2
3 4
10 2
13 4
7 3
5 1
7 4
2 3
9 1
13 3
5 2
13 4
3 3
10 2
4 2
4 3
13 3
2 3
7 1
9 3
11 4
7 4
11 1
10 3
9 4
10 4
8 3
10 2
6 3
0 2
10 2
