70
10000001
001000100
010001111100
110000
0111011
111011001001
0111001
1111100000111
001001
01010001011
100000111110
010001011
00101
10100
00101100100110
011000010
001110110001
10010000010100
00110
00011101
0011000100100
01101
1100011000111
10111101011
1011010011000
01000101010110
00011001001110
10011100111110
11111
111101000
001110
11101
00001001100011
01100100
011111
001110110111
11000001010011
111001101001
010000100
0000011100011
01101010010101
01100011
0011010001
0001100101000
11000
00000
11111001000
11100
0100100101011
0111100
1111101000111
1101011
00000111
010000000
111110
00010100
000100
001101010
1011001001110
111010101
0011010
1100010100100
000101101
010000010
1111010010100
00000100111
1011011011001
10111
00001111001000
01010101
