181
11111111
000000000
010
0110
01110
011110
0111110
01111110
011111110
11011
000010010000
1101011111
00000100100011000
110011101011
00001001000110010000
1110101111001111
0000010010001100100011000
1100111010011101011
0000100100011001000110010000
11101011110011101001111
000001001000110010001100100011000
11001110100111010011101011
000010010001100100011001000110010000
111010111100111010011101001111
00000100100011001000110010001100100011000
110011101001110100111010011101011
00001001000110010001100100011001000110010000
1110101111001110100111010011101001111
0000010010001100100011001000110010001100100011000
1100111010011101001110100111010011101011
0000100100011001000110010001100100011001000110010000
11101011110011101001110100111010011101001111
000001001000110010001100100011001000110010001100100011000
11001110100111010011101001110100111010011101011
000010010001100100011001000110010001100100011001000110010000
111010111100111010011101001110100111010011101001111
00000100100011001000110010001100100011001000110010001100100011000
110011101001110100111010011101001110100111010011101011
00001001000110010001100100011001000110010001100100011001000110010000
1110101111001110100111010011101001110100111010011101001111
0000010010001100100011001000110010001100100011001000110010001100100011000
1100111010011101001110100111010011101001110100111010011101011
0000100100011001000110010001100100011001000110010001100100011001000110010000
11101011110011101001110100111010011101001110100111010011101001111
000001001000110010001100100011001000110010001100100011001000110010001100100011000
11001110100111010011101001110100111010011101001110100111010011101011
000010010001100100011001000110010001100100011001000110010001100100011001000110010000
111010111100111010011101001110100111010011101001110100111010011101001111
00000100100011001000110010001100100011001000110010001100100011001000110010001100100011000
110011101001110100111010011101001110100111010011101001110100111010011101011
00001001000110010001100100011001000110010001100100011001000110010001100100011001000110010000
1110101111001110100111010011101001110100111010011101001110100111010011101001111
0000010010001100100011001000110010001100100011001000110010001100100011001000110010001100100011000
1100111010011101001110100111010011101001110100111010011101001110100111010011101011
0000100100011001000110010001100100011001000110010001100100011001000110010001100100011001000110010000
11101011110011101001110100111010011101001110100111010011101001110100111010011101001111
000001001000110010001100100011001000110010001100100011001000110010001100100011001000110010001100100011000
11001110100111010011101001110100111010011101001110100111010011101001110100111010011101011
000010010001100100011001000110010001100100011001000110010001100100011001000110010001100100011001000110010000
111010111100111010011101001110100111010011101001110100111010011101001110100111010011101001111
00000100100011001000110010001100100011001000110010001100100011001000110010001100100011001000110010001100100011000
110011101001110100111010011101001110100111010011101001110100111010011101001110100111010011101011
00001001000110010001100100011001000110010001100100011001000110010001100100011001000110010001100100011001000110010000
1110101111001110100111010011101001110100111010011101001110100111010011101001110100111010011101001111
0000010010001100100011001000110010001100100011001000110010001100100011001000110010001100100011001000110010001100100011000
1100111010011101001110100111010011101001110100111010011101001110100111010011101001110100111010011101011
0000100100011001000110010001100100011001000110010001100100011001000110010001100100011001000110010001100100011001000110010000
11101011110011101001110100111010011101001110100111010011101001110100111010011101001110100111010011101001111
000001001000110010001100100011001000110010001100100011001000110010001100100011001000110010001100100011001000110010001100100011000
11001110100111010011101001110100111010011101001110100111010011101001110100111010011101001110100111010011101011
000010010001100100011001000110010001100100011001000110010001100100011001000110010001100100011001000110010001100100011001000110010000
111010111100111010011101001110100111010011101001110100111010011101001110100111010011101001110100111010011101001111
00000100100011001000110010001100100011001000110010001100100011001000110010001100100011001000110010001100100011001000110010001100100011000
110011101001110100111010011101001110100111010011101001110100111010011101001110100111010011101001110100111010011101011
00001001000110010001100100011001000110010001100100011001000110010001100100011001000110010001100100011001000110010001100100011001000110010000
1110101111001110100111010011101001110100111010011101001110100111010011101001110100111010011101001110100111010011101001111
0000010010001100100011001000110010001100100011001000110010001100100011001000110010001100100011001000110010001100100011001000110010001100100011000
1100111010011101001110100111010011101001110100111010011101001110100111010011101001110100111010011101001110100111010011101011
0000100100011001000110010001100100011001000110010001100100011001000110010001100100011001000110010001100100011001000110010001100100011001000110010000
11101011110011101001110100111010011101001110100111010011101001110100111010011101001110100111010011101001110100111010011101001111
000001001000110010001100100011001000110010001100100011001000110010001100100011001000110010001100100011001000110010001100100011001000110010001100100011000
11001110100111010011101001110100111010011101001110100111010011101001110100111010011101001110100111010011101001110100111010011101011
000010010001100100011001000110010001100100011001000110010001100100011001000110010001100100011001000110010001100100011001000110010001100100011001000110010000
111010111100111010011101001110100111010011101001110100111010011101001110100111010011101001110100111010011101001110100111010011101001111
00000100100011001000110010001100100011001000110010001100100011001000110010001100100011001000110010001100100011001000110010001100100011001000110010001100100011000
110011101001110100111010011101001110100111010011101001110100111010011101001110100111010011101001110100111010011101001110100111010011101011
00001001000110010001100100011001000110010001100100011001000110010001100100011001000110010001100100011001000110010001100100011001000110010001100100011001000110010000
1110101111001110100111010011101001110100111010011101001110100111010011101001110100111010011101001110100111010011101001110100111010011101001111
0000010010001100100011001000110010001100100011001000110010001100100011001000110010001100100011001000110010001100100011001000110010001100100011001000110010001100100011000
1100111010011101001110100111010011101001110100111010011101001110100111010011101001110100111010011101001110100111010011101001110100111010011101011
0000100100011001000110010001100100011001000110010001100100011001000110010001100100011001000110010001100100011001000110010001100100011001000110010001100100011001000110010000
11101011110011101001110100111010011101001110100111010011101001110100111010011101001110100111010011101001110100111010011101001110100111010011101001111
000001001000110010001100100011001000110010001100100011001000110010001100100011001000110010001100100011001000110010001100100011001000110010001100100011001000110010001100100011000
11001110100111010011101001110100111010011101001110100111010011101001110100111010011101001110100111010011101001110100111010011101001110100111010011101011
000010010001100100011001000110010001100100011001000110010001100100011001000110010001100100011001000110010001100100011001000110010001100100011001000110010001100100011001000110010000
111010111100111010011101001110100111010011101001110100111010011101001110100111010011101001110100111010011101001110100111010011101001110100111010011101001111
00000100100011001000110010001100100011001000110010001100100011001000110010001100100011001000110010001100100011001000110010001100100011001000110010001100100011001000110010001100100011000
110011101001110100111010011101001110100111010011101001110100111010011101001110100111010011101001110100111010011101001110100111010011101001110100111010011101011
00001001000110010001100100011001000110010001100100011001000110010001100100011001000110010001100100011001000110010001100100011001000110010001100100011001000110010001100100011001000110010000
1110101111001110100111010011101001110100111010011101001110100111010011101001110100111010011101001110100111010011101001110100111010011101001110100111010011101001111
0000010010001100100011001000110010001100100011001000110010001100100011001000110010001100100011001000110010001100100011001000110010001100100011001000110010001100100011001000110010001100100011000
1100111010011101001110100111010011101001110100111010011101001110100111010011101001110100111010011101001110100111010011101001110100111010011101001110100111010011101011
0000100100011001000110010001100100011001000110010001100100011001000110010001100100011001000110010001100100011001000110010001100100011001000110010001100100011001000110010001100100011001000110010000
11101011110011101001110100111010011101001110100111010011101001110100111010011101001110100111010011101001110100111010011101001110100111010011101001110100111010011101001111
000001001000110010001100100011001000110010001100100011001000110010001100100011001000110010001100100011001000110010001100100011001000110010001100100011001000110010001100100011001000110010001100100011000
11001110100111010011101001110100111010011101001110100111010011101001110100111010011101001110100111010011101001110100111010011101001110100111010011101001110100111010011101011
000010010001100100011001000110010001100100011001000110010001100100011001000110010001100100011001000110010001100100011001000110010001100100011001000110010001100100011001000110010001100100011001000110010000
111010111100111010011101001110100111010011101001110100111010011101001110100111010011101001110100111010011101001110100111010011101001110100111010011101001110100111010011101001111
00000100100011001000110010001100100011001000110010001100100011001000110010001100100011001000110010001100100011001000110010001100100011001000110010001100100011001000110010001100100011001000110010001100100011000
110011101001110100111010011101001110100111010011101001110100111010011101001110100111010011101001110100111010011101001110100111010011101001110100111010011101001110100111010011101011
00001001000110010001100100011001000110010001100100011001000110010001100100011001000110010001100100011001000110010001100100011001000110010001100100011001000110010001100100011001000110010001100100011001000110010000
1110101111001110100111010011101001110100111010011101001110100111010011101001110100111010011101001110100111010011101001110100111010011101001110100111010011101001110100111010011101001111
0000010010001100100011001000110010001100100011001000110010001100100011001000110010001100100011001000110010001100100011001000110010001100100011001000110010001100100011001000110010001100100011001000110010001100100011000
1100111010011101001110100111010011101001110100111010011101001110100111010011101001110100111010011101001110100111010011101001110100111010011101001110100111010011101001110100111010011101011
0000100100011001000110010001100100011001000110010001100100011001000110010001100100011001000110010001100100011001000110010001100100011001000110010001100100011001000110010001100100011001000110010001100100011001000110010000
11101011110011101001110100111010011101001110100111010011101001110100111010011101001110100111010011101001110100111010011101001110100111010011101001110100111010011101001110100111010011101001111
000001001000110010001100100011001000110010001100100011001000110010001100100011001000110010001100100011001000110010001100100011001000110010001100100011001000110010001100100011001000110010001100100011001000110010001100100011000
11001110100111010011101001110100111010011101001110100111010011101001110100111010011101001110100111010011101001110100111010011101001110100111010011101001110100111010011101001110100111010011101011
000010010001100100011001000110010001100100011001000110010001100100011001000110010001100100011001000110010001100100011001000110010001100100011001000110010001100100011001000110010001100100011001000110010001100100011001000110010000
111010111100111010011101001110100111010011101001110100111010011101001110100111010011101001110100111010011101001110100111010011101001110100111010011101001110100111010011101001110100111010011101001111
00000100100011001000110010001100100011001000110010001100100011001000110010001100100011001000110010001100100011001000110010001100100011001000110010001100100011001000110010001100100011001000110010001100100011001000110010001100100011000
110011101001110100111010011101001110100111010011101001110100111010011101001110100111010011101001110100111010011101001110100111010011101001110100111010011101001110100111010011101001110100111010011101011
00001001000110010001100100011001000110010001100100011001000110010001100100011001000110010001100100011001000110010001100100011001000110010001100100011001000110010001100100011001000110010001100100011001000110010001100100011001000110010000
1110101111001110100111010011101001110100111010011101001110100111010011101001110100111010011101001110100111010011101001110100111010011101001110100111010011101001110100111010011101001110100111010011101001111
0000010010001100100011001000110010001100100011001000110010001100100011001000110010001100100011001000110010001100100011001000110010001100100011001000110010001100100011001000110010001100100011001000110010001100100011001000110010001100100011000
1100111010011101001110100111010011101001110100111010011101001110100111010011101001110100111010011101001110100111010011101001110100111010011101001110100111010011101001110100111010011101001110100111010011101011
0000100100011001000110010001100100011001000110010001100100011001000110010001100100011001000110010001100100011001000110010001100100011001000110010001100100011001000110010001100100011001000110010001100100011001000110010001100100011001000110010000
11101011110011101001110100111010011101001110100111010011101001110100111010011101001110100111010011101001110100111010011101001110100111010011101001110100111010011101001110100111010011101001110100111010011101001111
000001001000110010001100100011001000110010001100100011001000110010001100100011001000110010001100100011001000110010001100100011001000110010001100100011001000110010001100100011001000110010001100100011001000110010001100100011001000110010001100100011000
11001110100111010011101001110100111010011101001110100111010011101001110100111010011101001110100111010011101001110100111010011101001110100111010011101001110100111010011101001110100111010011101001110100111010011101011
000010010001100100011001000110010001100100011001000110010001100100011001000110010001100100011001000110010001100100011001000110010001100100011001000110010001100100011001000110010001100100011001000110010001100100011001000110010001100100011001000110010000
111010111100111010011101001110100111010011101001110100111010011101001110100111010011101001110100111010011101001110100111010011101001110100111010011101001110100111010011101001110100111010011101001110100111010011101001111
00000100100011001000110010001100100011001000110010001100100011001000110010001100100011001000110010001100100011001000110010001100100011001000110010001100100011001000110010001100100011001000110010001100100011001000110010001100100011001000110010001100100011000
110011101001110100111010011101001110100111010011101001110100111010011101001110100111010011101001110100111010011101001110100111010011101001110100111010011101001110100111010011101001110100111010011101001110100111010011101011
00001001000110010001100100011001000110010001100100011001000110010001100100011001000110010001100100011001000110010001100100011001000110010001100100011001000110010001100100011001000110010001100100011001000110010001100100011001000110010001100100011001000110010000
1110101111001110100111010011101001110100111010011101001110100111010011101001110100111010011101001110100111010011101001110100111010011101001110100111010011101001110100111010011101001110100111010011101001110100111010011101001111
0000010010001100100011001000110010001100100011001000110010001100100011001000110010001100100011001000110010001100100011001000110010001100100011001000110010001100100011001000110010001100100011001000110010001100100011001000110010001100100011001000110010001100100011000
1100111010011101001110100111010011101001110100111010011101001110100111010011101001110100111010011101001110100111010011101001110100111010011101001110100111010011101001110100111010011101001110100111010011101001110100111010011101011
0000100100011001000110010001100100011001000110010001100100011001000110010001100100011001000110010001100100011001000110010001100100011001000110010001100100011001000110010001100100011001000110010001100100011001000110010001100100011001000110010001100100011001000110010000
11101011110011101001110100111010011101001110100111010011101001110100111010011101001110100111010011101001110100111010011101001110100111010011101001110100111010011101001110100111010011101001110100111010011101001110100111010011101001111
000001001000110010001100100011001000110010001100100011001000110010001100100011001000110010001100100011001000110010001100100011001000110010001100100011001000110010001100100011001000110010001100100011001000110010001100100011001000110010001100100011001000110010001100100011000
11001110100111010011101001110100111010011101001110100111010011101001110100111010011101001110100111010011101001110100111010011101001110100111010011101001110100111010011101001110100111010011101001110100111010011101001110100111010011101011
000010010001100100011001000110010001100100011001000110010001100100011001000110010001100100011001000110010001100100011001000110010001100100011001000110010001100100011001000110010001100100011001000110010001100100011001000110010001100100011001000110010001100100011001000110010000
111010111100111010011101001110100111010011101001110100111010011101001110100111010011101001110100111010011101001110100111010011101001110100111010011101001110100111010011101001110100111010011101001110100111010011101001110100111010011101001111
00000100100011001000110010001100100011001000110010001100100011001000110010001100100011001000110010001100100011001000110010001100100011001000110010001100100011001000110010001100100011001000110010001100100011001000110010001100100011001000110010001100100011001000110010001100100011000
110011101001110100111010011101001110100111010011101001110100111010011101001110100111010011101001110100111010011101001110100111010011101001110100111010011101001110100111010011101001110100111010011101001110100111010011101001110100111010011101011
00001001000110010001100100011001000110010001100100011001000110010001100100011001000110010001100100011001000110010001100100011001000110010001100100011001000110010001100100011001000110010001100100011001000110010001100100011001000110010001100100011001000110010001100100011001000110010000
1110101111001110100111010011101001110100111010011101001110100111010011101001110100111010011101001110100111010011101001110100111010011101001110100111010011101001110100111010011101001110100111010011101001110100111010011101001110100111010011101001111
0000010010001100100011001000110010001100100011001000110010001100100011001000110010001100100011001000110010001100100011001000110010001100100011001000110010001100100011001000110010001100100011001000110010001100100011001000110010001100100011001000110010001100100011001000110010001100100011000
1100111010011101001110100111010011101001110100111010011101001110100111010011101001110100111010011101001110100111010011101001110100111010011101001110100111010011101001110100111010011101001110100111010011101001110100111010011101001110100111010011101011
0000100100011001000110010001100100011001000110010001100100011001000110010001100100011001000110010001100100011001000110010001100100011001000110010001100100011001000110010001100100011001000110010001100100011001000110010001100100011001000110010001100100011001000110010001100100011001000110010000
11101011110011101001110100111010011101001110100111010011101001110100111010011101001110100111010011101001110100111010011101001110100111010011101001110100111010011101001110100111010011101001110100111010011101001110100111010011101001110100111010011101001111
000001001000110010001100100011001000110010001100100011001000110010001100100011001000110010001100100011001000110010001100100011001000110010001100100011001000110010001100100011001000110010001100100011001000110010001100100011001000110010001100100011001000110010001100100011001000110010001100100011000
11001110100111010011101001110100111010011101001110100111010011101001110100111010011101001110100111010011101001110100111010011101001110100111010011101001110100111010011101001110100111010011101001110100111010011101001110100111010011101001110100111010011101011
000010010001100100011001000110010001100100011001000110010001100100011001000110010001100100011001000110010001100100011001000110010001100100011001000110010001100100011001000110010001100100011001000110010001100100011001000110010001100100011001000110010001100100011001000110010001100100011001000110010000
111010111100111010011101001110100111010011101001110100111010011101001110100111010011101001110100111010011101001110100111010011101001110100111010011101001110100111010011101001110100111010011101001110100111010011101001110100111010011101001110100111010011101001111
00000100100011001000110010001100100011001000110010001100100011001000110010001100100011001000110010001100100011001000110010001100100011001000110010001100100011001000110010001100100011001000110010001100100011001000110010001100100011001000110010001100100011001000110010001100100011001000110010001100100011000
110011101001110100111010011101001110100111010011101001110100111010011101001110100111010011101001110100111010011101001110100111010011101001110100111010011101001110100111010011101001110100111010011101001110100111010011101001110100111010011101001110100111010011101011
00001001000110010001100100011001000110010001100100011001000110010001100100011001000110010001100100011001000110010001100100011001000110010001100100011001000110010001100100011001000110010001100100011001000110010001100100011001000110010001100100011001000110010001100100011001000110010001100100011001000110010000
1110101111001110100111010011101001110100111010011101001110100111010011101001110100111010011101001110100111010011101001110100111010011101001110100111010011101001110100111010011101001110100111010011101001110100111010011101001110100111010011101001110100111010011101001111
0000010010001100100011001000110010001100100011001000110010001100100011001000110010001100100011001000110010001100100011001000110010001100100011001000110010001100100011001000110010001100100011001000110010001100100011001000110010001100100011001000110010001100100011001000110010001100100011001000110010001100100011000
1100111010011101001110100111010011101001110100111010011101001110100111010011101001110100111010011101001110100111010011101001110100111010011101001110100111010011101001110100111010011101001110100111010011101001110100111010011101001110100111010011101001110100111010011101011
0000100100011001000110010001100100011001000110010001100100011001000110010001100100011001000110010001100100011001000110010001100100011001000110010001100100011001000110010001100100011001000110010001100100011001000110010001100100011001000110010001100100011001000110010001100100011001000110010001100100011001000110010000
11101011110011101001110100111010011101001110100111010011101001110100111010011101001110100111010011101001110100111010011101001110100111010011101001110100111010011101001110100111010011101001110100111010011101001110100111010011101001110100111010011101001110100111010011101001111
000001001000110010001100100011001000110010001100100011001000110010001100100011001000110010001100100011001000110010001100100011001000110010001100100011001000110010001100100011001000110010001100100011001000110010001100100011001000110010001100100011001000110010001100100011001000110010001100100011001000110010001100100011000
11001110100111010011101001110100111010011101001110100111010011101001110100111010011101001110100111010011101001110100111010011101001110100111010011101001110100111010011101001110100111010011101001110100111010011101001110100111010011101001110100111010011101001110100111010011101011
000010010001100100011001000110010001100100011001000110010001100100011001000110010001100100011001000110010001100100011001000110010001100100011001000110010001100100011001000110010001100100011001000110010001100100011001000110010001100100011001000110010001100100011001000110010001100100011001000110010001100100011001000110010000
111010111100111010011101001110100111010011101001110100111010011101001110100111010011101001110100111010011101001110100111010011101001110100111010011101001110100111010011101001110100111010011101001110100111010011101001110100111010011101001110100111010011101001110100111010011101001111
00000100100011001000110010001100100011001000110010001100100011001000110010001100100011001000110010001100100011001000110010001100100011001000110010001100100011001000110010001100100011001000110010001100100011001000110010001100100011001000110010001100100011001000110010001100100011001000110010001100100011001000110010001100100011000
110011101001110100111010011101001110100111010011101001110100111010011101001110100111010011101001110100111010011101001110100111010011101001110100111010011101001110100111010011101001110100111010011101001110100111010011101001110100111010011101001110100111010011101001110100111010011101011
00001001000110010001100100011001000110010001100100011001000110010001100100011001000110010001100100011001000110010001100100011001000110010001100100011001000110010001100100011001000110010001100100011001000110010001100100011001000110010001100100011001000110010001100100011001000110010001100100011001000110010001100100011001000110010000
1110101111001110100111010011101001110100111010011101001110100111010011101001110100111010011101001110100111010011101001110100111010011101001110100111010011101001110100111010011101001110100111010011101001110100111010011101001110100111010011101001110100111010011101001110100111010011101001111
0000010010001100100011001000110010001100100011001000110010001100100011001000110010001100100011001000110010001100100011001000110010001100100011001000110010001100100011001000110010001100100011001000110010001100100011001000110010001100100011001000110010001100100011001000110010001100100011001000110010001100100011001000110010001100100011000
1100111010011101001110100111010011101001110100111010011101001110100111010011101001110100111010011101001110100111010011101001110100111010011101001110100111010011101001110100111010011101001110100111010011101001110100111010011101001110100111010011101001110100111010011101001110100111010011101011
0000100100011001000110010001100100011001000110010001100100011001000110010001100100011001000110010001100100011001000110010001100100011001000110010001100100011001000110010001100100011001000110010001100100011001000110010001100100011001000110010001100100011001000110010001100100011001000110010001100100011001000110010001100100011001000110010000
11101011110011101001110100111010011101001110100111010011101001110100111010011101001110100111010011101001110100111010011101001110100111010011101001110100111010011101001110100111010011101001110100111010011101001110100111010011101001110100111010011101001110100111010011101001110100111010011101001111
000001001000110010001100100011001000110010001100100011001000110010001100100011001000110010001100100011001000110010001100100011001000110010001100100011001000110010001100100011001000110010001100100011001000110010001100100011001000110010001100100011001000110010001100100011001000110010001100100011001000110010001100100011001000110010001100100011000
11001110100111010011101001110100111010011101001110100111010011101001110100111010011101001110100111010011101001110100111010011101001110100111010011101001110100111010011101001110100111010011101001110100111010011101001110100111010011101001110100111010011101001110100111010011101001110100111010011101011
000010010001100100011001000110010001100100011001000110010001100100011001000110010001100100011001000110010001100100011001000110010001100100011001000110010001100100011001000110010001100100011001000110010001100100011001000110010001100100011001000110010001100100011001000110010001100100011001000110010001100100011001000110010001100100011001000110010000
111010111100111010011101001110100111010011101001110100111010011101001110100111010011101001110100111010011101001110100111010011101001110100111010011101001110100111010011101001110100111010011101001110100111010011101001110100111010011101001110100111010011101001110100111010011101001110100111010011101001111
00000100100011001000110010001100100011001000110010001100100011001000110010001100100011001000110010001100100011001000110010001100100011001000110010001100100011001000110010001100100011001000110010001100100011001000110010001100100011001000110010001100100011001000110010001100100011001000110010001100100011001000110010001100100011001000110010001100100011000
