1502
11111111111
00000000000
11100010111
11111110111
01001110101
10111101111
11010001110
10101000111
01110000010
10110101100
10001101001
10001110000
00111001001
01011011010
10000100101
11110111011
00111001110
10010000001
11110110101
11100110001
11001100100
01101111011
01111111101
00101000110
11000110000
11101100001
00110111001
00010001100
00000111111
10100101010
11110000101
11111010001
01001001100
00001110011
10000011110
10100001111
00011110110
00010010101
10010000111
01100010100
10100101000
10011000001
01111001001
01011101100
11001001100
01010110001
10010101011
10000001110
10110011111
00101010101
11101100011
01001100011
01100000001
10000001100
00110111110
00111010111
10010010001
10000010101
01011100101
01000101111
00001110101
00001111101
00000100011
00011010100
11001010100
00110010100
11011101110
10001101111
11001000001
11001011010
01100000101
11110111101
01101001011
01111100100
10001111010
11110101001
11011001010
10100011011
01010100101
10111110001
00001011010
11110001111
00011011001
10111001101
10111110101
11110111010
10100111110
00001001001
01111001100
11110100000
01100000110
00111111010
10101010010
00011000000
11011010011
01111101011
10110110000
01011100110
00011011101
00110100011
11010001100
10100000001
10011101000
00111110001
00101000010
11001001001
01111101100
11010011100
00001000001
01000001101
01101010100
01000100101
11111110100
10000011100
01110110001
10011100000
11110111111
10111001111
11111100010
00011001100
10000000011
00101110000
10111101110
10011111101
01101000010
10110000101
10010111100
10101110001
11100011000
01101110000
01010100000
11010101001
11101110010
11101110100
10010011100
10100010110
00000011000
11000011010
00110111011
01100101000
11011000011
10110010100
00111001010
10011101110
00110110110
01000111001
11001110101
10001001001
01110100001
11000111100
10100000110
11100111110
10110011011
10110001100
10101110000
11010001010
10101110110
11100010001
11011101001
10001110111
01101000110
11001010110
01000110001
01001011110
00001001000
11001110001
01100011000
10111000001
11001110110
10010010101
01010111111
00000010011
10001001000
11000101101
00101110010
11111101011
11101110011
10100011110
10001000010
00010000100
10101100101
00110000100
00011000111
10001010100
10000101111
10001000000
11010110010
01001110111
00000000101
11111010000
10010001001
01110110101
11110001000
01000001110
11110010101
00110001011
01001010100
10100001110
01001110000
11110011100
00111000111
00001001110
00011101110
11110010100
01011001101
01000000000
10010111111
10001100100
10011001110
00100111001
10011110011
10101001001
01001111000
11110110001
00011101010
11010000000
00010001110
11110100101
10011010101
01100111010
00001111110
01011101000
11110011010
11110100001
11011001110
11110001101
10011110111
01100100000
11010100010
01110100010
01001000011
01010000001
10000010110
10010111011
11110010010
01001111011
10101011000
10000111010
11000010011
10011010111
11100011111
10101101001
11011011010
10001100110
01011110100
00010110100
10010100100
01011111001
01101000100
00100111101
01001011011
11000001100
01001001111
10101001111
11111000011
10100110101
00101011111
10111010110
11010011111
11000101000
11001010000
01101011000
11001111110
10100001100
00111101100
10110111100
01111011000
00001001100
11101111011
11011001011
11000111001
01010010111
10101011110
11101000100
10001100000
11011001001
01000011011
10110110001
10110101111
01110110011
00001111001
11110000001
11000001111
11000110010
00101111101
10011011101
10110111011
11110000000
01000010111
11010000110
00000010110
10010011010
11101101010
00101000111
00010111000
10101111111
10001010111
00100010101
11000100100
11001000111
00010111110
10001110001
11001000000
11101001111
01011111111
11111011101
11100100100
11010111110
01001000111
11001000011
11011011001
10101101110
10111100000
01111111010
00111000001
11011100010
00010010001
11110110000
11101001110
00011110001
00100000011
00100100101
11000100101
01011000011
01010000010
01010101101
01010101000
01101000011
10101111010
00111111111
11001010001
11001111001
11110110111
00111100100
01110010101
01000000001
10101011101
11111110000
11101011011
11011011000
01001110100
11100000101
00011010111
01100001101
00011111111
00000011011
01101011110
01010101001
10100010011
00110001111
00101110100
10101010100
10111010011
01001001001
11001110011
11111001011
10001010011
01100000011
10000000101
00100011001
10111100001
11100010000
11001100000
01100010111
11101010000
11110010000
10001010010
10101001100
11011011111
11001011111
11001101000
01100101011
11000110001
10000101000
01110000011
01110110111
01100010010
10011111111
10010000010
11011100000
11111110010
00101110011
10100001010
00110101101
00000000001
00010101001
11100110100
10100101110
01011000100
01000101000
10111000000
00011011010
01101111110
10001000110
01110010011
01111001010
00111100011
11101100111
00110000110
11110000111
11010011011
10011001000
00100000010
11101010111
01110001101
10110001110
10111101101
01110010010
01000000101
10001011100
10110111110
01100000111
10100110000
11010011101
00111111110
10001110110
01111100110
11101010100
11111110101
11011010100
00010010000
10010010111
00100111000
10001011001
11100110011
10000010011
00000001011
00100010100
11010010010
01101110111
11001110111
01110011011
10101100011
01100011011
00011110000
01100010001
00001000100
10000100100
00110110111
11111011000
10010111101
01101101011
10100101011
10011000000
00101000100
00111111100
00011001011
00101100001
00100111010
11010100101
00100100001
01011001011
10110100111
10101001010
11001101101
11101101011
01000011001
10000100110
11001000110
10001111000
00100110110
11100001011
01111111001
10110000100
01110101010
11111111100
01010111110
11010001011
10101111011
11011110011
10100100001
01000110011
00010011001
10100111000
11011011101
01100100100
01000111011
10111001001
01001000101
11111100100
10001101000
00111001100
00001111111
11100100110
01101001111
00101100011
00000100100
01111010111
11010000001
11010101000
11110111001
10011111010
10000011001
00100000100
01101111010
01000100010
11101110001
10111110011
01111101111
00010000000
11101011101
01101010101
10000110011
11100001110
01110001000
01011110010
11110011001
00101001100
11101010110
10111000111
01000110110
10100001101
11101000010
10011100010
01100000000
00101110111
00100010001
01001001010
01010001111
11011001101
11101000110
01010010010
10011101101
10111111011
01011110000
01000110000
00010100111
00111001111
10011100011
01011110101
01000010000
10111110000
01010010001
10101000010
00000001010
01110000111
01101111100
10011010100
01110101100
01110001010
11111010011
00000101010
00000001101
00111111101
00101111000
01111011010
01010111010
11000010110
00000110111
11011000101
01000001111
11111101101
01100111101
00010100100
01000100001
11110000110
00100101111
10010011101
10010001101
00100010111
11010100000
11010001000
00111011100
01101011100
01000000100
00011001001
00101000011
00110100110
10111110111
11000011000
01010001000
10000100000
10111011101
01001000010
01000100000
01011110111
10100111111
01110110000
11101000000
01110101001
11000100010
01010110110
01111110111
10010000100
00100100010
00111100101
00011010010
01110101101
01010010110
01101001101
01011011000
00011001110
00111000000
00010110111
00111011000
00011100111
00000110110
01001100111
01010110100
01100011110
01101001010
01110111101
01000001100
01111001000
01101111101
11111111101
01101011001
10101011011
00100100100
00101111001
11000001101
01101010011
10100010010
00000000110
10000111101
10111101011
11010111111
01111111111
10111010010
01001010101
11100001000
10110000111
00101110101
01011110110
11110100100
10000111011
11010111101
01101100100
00010110010
11100010101
00110110011
10011110001
01011001100
00010001011
00010001000
11001000101
10110000001
10000111111
01100100010
01111111000
00110011101
01110000000
00011111000
00110011111
01001101101
01011001000
11011001111
00011010000
01010111011
01001000001
01111000110
00001010111
01110011000
00000100111
00001001010
01000101011
10101000101
11100001101
10000101010
10000001010
10010010100
01100100011
10011101001
01010001101
11001111101
01001101100
00100011101
01011001001
00100101101
10011001011
10100010001
01011101101
10011000011
11100000001
01011010001
10101111100
11101110000
00011111001
11011101010
01011111110
01011010110
00001010011
01001010010
11011001000
00010000101
00100001101
11100100001
10011010011
11110100110
00101110001
00100110000
00001110100
01011010100
11000110100
00010101101
01110010110
11011110111
01110110010
11111001001
11000011001
10111001110
10010111110
00010000001
11010111001
00111110000
01110111100
10010001010
11011011110
10111101010
01101110100
00010010110
11011111101
10110010110
10011001010
11101111110
01111000111
11110111100
11101000001
10011111000
11000000010
11100000111
10011111001
11101100110
10100101101
00100100000
00001011001
00101001000
01101001100
01010010000
01011000111
01100001011
10100000111
10111010000
11101001100
00010011111
00000111010
01111110101
01010010101
11011010010
01001100101
00000110100
00000101101
00001011111
00011001101
01110111000
01111100000
01000010100
01000011100
01111001011
01111010010
11001010010
00001100110
10010101001
10010101111
11101101000
10010010000
10110010000
11111111000
11101000111
01010011110
11001010111
00110100100
00111101111
01111011100
01111011011
01111111011
00100011100
01100101111
11111001101
00100010011
00111110101
01011011101
11101101100
00011101011
11100011001
11011101011
01101000000
11000101011
00011001000
01110010001
00001101011
00000111110
11001101011
10101001000
11100010110
01001001101
11010011000
11111100011
00001001101
10110011010
11100110111
11010110001
00001101100
10000010111
00100000001
00110000101
10011010000
01101100000
01111010011
01011101011
00001000101
00101100000
01111011110
10001100111
01001010011
10111111001
10101101100
01011100011
11010110110
10101001011
10010110110
11000000000
00101101100
11111101001
00011101101
00101101101
01110001111
11110110100
00000011110
10110000011
00100001111
10001011010
01110101111
11011010110
10011100101
01010001010
10010100001
10100100000
11101111101
00111100000
00101011100
00001100001
10110011001
00010110000
10101011100
10011100100
10001010000
11011110010
01101011010
10010101101
00001010110
00011110101
11000010101
11001111100
11100010010
10001001011
11111011001
00110110100
01100111110
11010101010
00110000001
10010010010
00110000010
10000010001
01001111101
01111101010
11000110110
00001111100
11001011011
01100011010
10111011001
00111110110
10011000110
11001101110
11111101111
01111000010
01100001000
10111011111
00000000111
11001100101
11001001011
10110011000
01100111011
01000110111
11001100011
00000100000
01010100111
11100000100
01011101110
11001100111
01111110001
10010101100
10100001000
10000001011
11000111110
10010010110
01011010000
00001011011
10100101001
10010100010
01010111000
01110001100
10010111000
00100000101
10101101010
01100101100
11011011100
00011000100
00000100101
00000011100
00101101111
00101010011
01001111100
00110000011
01111011001
00000000010
00111111001
10001000100
00100000111
01001001110
00100010000
10000000110
00000110001
00001011110
00000011111
00001101101
10000000001
00010110110
00100001010
01101110011
01010110011
11010100001
00101001101
01101001110
11011111100
00100110100
00011001111
10010110100
01110011110
10000101100
10010110011
10101110100
11110101010
01110111110
11100001111
01010001011
10101101101
10101100111
11100110101
10000011010
10110001101
01111111110
01100100110
11101011111
00010001001
00001110110
00001001011
01000010011
00101101010
00100101001
00010001111
01101101100
01000010010
11000001011
00001000010
10001101110
00011010011
00101001010
01100101010
01101101001
10000110101
01011111100
00100011010
11011110001
11110000100
10001101010
00010110101
11000101100
11011000110
10010100011
10111111110
10110110111
00010100001
10110000000
00011100101
10001010101
11000010000
10100100101
00111000010
00001110001
01001101010
01001110011
11101010001
10100100100
01101100011
11010000111
11010001111
10000010010
00110101110
11111011111
11011110000
00101011101
10100011101
10101011010
00110100010
11100110010
01001100000
01000000011
11111000111
00000110010
11110011110
10101010110
01001110001
00111011110
00110111101
00001110111
01000010110
11110010110
00101010001
11000001000
10111011000
11010010100
10011011010
10101100000
01000011000
01001101011
01011001010
00111111011
01000011111
00011011000
01001111010
01001010110
10010001100
00000010100
00010001010
01101010000
00100011000
10011100110
10010110000
01000011010
11101010101
01100101101
11011101111
01111100111
01011100000
11100100101
11001000010
10100000011
10100100011
11111011011
01001111110
11110001001
10001000101
00111010001
00011000110
00111010000
01011010011
00001101000
01000101101
00010111011
01101100101
10000101110
00110011010
00111011011
10111100100
11010100111
11010110100
00001000110
11110001010
00000011010
01110110100
10011101111
01111100011
10001001010
01110010100
11101010011
11110110011
00000011001
11000111111
10010100101
10111111010
10111000011
11101010010
01010101110
00010100110
11001111111
00111000110
10111010100
00000100001
01111000000
11001100010
00100101100
11111101010
00110101000
10010011110
10100001001
11001111011
00000001100
01010001100
10001011000
00010000111
10101000001
11001100110
11001100001
01001111001
10111101000
11111001100
10111011011
00110010000
10101100001
01100100001
10001011111
11010001001
01000101010
01000110101
10111000100
10001110010
11110100111
01101011101
01000010001
11001011100
11100000010
00000001000
11010000011
01011000110
11111111010
01110010111
10001100011
00110010011
01011000101
01000101001
11111110110
11011111001
01100000010
01101101110
11101011001
00101101110
01100111000
10011101010
00000100010
01000011101
00111001011
01110011101
10111100110
00000110101
00100001100
10101110010
01110100111
01110111011
00001010100
10111011010
10001011110
11110101101
01010000101
11010111011
10010111010
00110110000
10000111100
11011000100
11100101000
01110010000
00101100110
10101101011
10101111110
00110111010
00001100100
00111101010
11001101010
00001011100
10111110010
10100011100
00000011101
01111101001
11100101011
10110110011
00010010010
01001110110
01111110000
10010011000
11101111010
01010000100
11100100111
11111111001
10000110001
11100100000
00101011001
01110101000
01111100001
01111110100
10001101011
11110010001
01101001000
00101010110
01001011001
00000101100
01000111101
00110100000
00000111100
01101111001
01010011101
01111001101
10111111100
01111000100
01100100111
00000010101
00101101001
11001010011
00001100111
01111000101
01101111000
00100110001
00001110000
01110000110
01010100100
01001100010
00011011100
00101100100
11000111011
01010100010
11000011011
00110010010
11011111110
10001010110
10000100011
11000100111
10111100101
11110100010
10111010001
01101011111
01110111001
01011111101
01100010011
00010111001
00010010011
10100011010
11011100101
10110101110
01100110101
01011110011
10100111011
00101001001
10001110011
10000011011
10101100010
10001111110
11111111110
00010011011
00000010010
00101010111
01110000100
10111001000
11001000100
10110011110
00110101111
01000101100
00001100011
01010011100
01110111111
10100000100
11000000001
00001010000
00111111000
00000100110
01101101111
01111000011
01110101110
11000110101
00010101110
11001111000
01111001110
11001011110
11011100100
00001000011
01010101111
00001011000
01011000001
01010101010
11111010100
11011110110
11101011100
00111011111
01100011111
10001100101
10010001000
01001001000
11110111000
11010100110
10111111111
11010010011
00011111100
00101010010
01010011000
10010000000
10110111101
11101111111
11001110000
11010010000
10110010101
00111010011
10011001101
01001010000
10011000100
00100001011
11101100100
10110000110
11100011101
01011100111
01101000101
01001001011
11000000011
10010100000
10100011111
00001101110
10100010101
10111000101
10011110110
10001100010
00011101100
10011010110
01010011011
10010000101
01010000110
00001100010
11101000011
01001000100
10001000111
11111110011
11110011011
11111011110
01010110000
00010000110
00110011001
00110000000
10100101111
10000110010
00010000011
01111010100
11010110111
01000000010
11111000001
10110110100
01111010001
01010110111
11101001001
11010011010
01111100010
11000001010
11111011010
00010100101
00010101000
11101011000
10101000000
10001001110
10010011001
11001110010
00110000111
10111011100
11100111001
10110100011
01110011010
01010010100
00011111110
11010011110
11010111010
00011100000
00000101011
11010010110
11101011110
00101111011
11001101100
10111101001
10110100010
01100110110
01011000000
10111100111
11000100000
11101100000
10001111101
10011111100
00101001110
11111100101
01101100111
00010100011
10111000110
01111111100
00111100010
11111111011
01000101110
00101100010
10100110110
01100101110
10000101001
01000000111
11001111010
01101110110
00001111010
10001101100
11010000100
10000000111
10010110010
10010110111
10101010011
00101111010
00100100111
00111010101
01100001110
00011100011
10000100111
11011101101
10011110101
00011011110
10100110111
01101110101
11111000000
10001111111
11100000011
11011110100
01100100101
00101011110
10010001011
10110010011
00100010110
11100011100
10011110000
00110101100
11111001111
01011100100
11011100001
01100110001
10110010001
10110110110
11011000001
11111101110
01001111111
11111101000
11101101001
11101101101
01000100110
01010101100
01001100110
01011111011
01000010101
01110011100
11100011010
00011000010
01110001001
11111000101
00011100010
11011101100
01110100000
00110100101
11000010100
11101111100
10000010000
01100011101
10101110111
11100111010
11010010111
00010011100
00110001000
10011101011
01101010110
11100111011
00100110010
10110001011
11111110001
10001000001
00011000101
10011010001
01000001010
00010101111
01110110110
01011011011
00101110110
01101000111
11000010111
10010100110
11111001010
00111010100
01011111010
00111011001
11101110101
10010000110
11110001011
00101111110
10011000111
11001011101
10101111000
00001101010
00110110001
10110001000
11101101111
01000011110
10100110001
01010100011
00100100011
00011010110
11000111101
11111011100
01000001001
10110100101
00111000011
00111110011
11011111000
10011011100
01000100111
01001011101
01010000000
10010101000
10010110001
11111100001
10011011001
