5 16 61
37496 4
41541 4
23329 5
18624 3
27048 4
34464 4
22732 3
16920 4
40796 1
20912 2
36697 2
16699 5
25587 1
46446 1
10017 1
10620 1
12884 4
16206 5
20620 1
10109 1
35799 4
47883 1
14594 3
16881 1
32381 3
11674 1
44840 1
20969 3
23684 3
25027 4
32767 1
36370 2
15646 1
33982 2
42457 3
42268 4
49865 2
26877 4
35433 3
20389 2
34685 3
10065 1
25810 1
42157 1
40205 2
15077 4
46392 2 4
46164 5
23537 3
34912 1
19969 5
15724 2
19517 4
17629 2
10884 1
29346 3
20875 5
17545 3
22596 4
27489 2 3
30485 4
34498 5
47410 1
44933 5
21464 4
11120 5
25270 2
46090 1
32804 4
42958 4
21639 5
29303 1
44823 1
26718 1 4
23487 1
22064 2
15160 5
