300 699
53 260
53 253
260 53
260 253
253 53
253 260
77 141
77 11
141 77
141 11
11 77
11 141
77 53
236 270
236 114
270 236
270 114
114 236
114 270
236 77
125 101
125 48
101 125
101 48
48 125
48 101
125 77
251 133
251 16
133 251
133 16
16 251
16 133
251 236
52 203
52 128
203 52
203 128
128 52
128 203
52 125
93 191
93 64
191 93
191 64
64 93
64 191
93 236
258 230
258 14
230 258
230 14
14 258
14 230
258 53
38 226
38 138
226 38
226 138
138 38
138 226
38 236
263 61
263 80
61 263
61 80
80 263
80 61
263 77
146 60
146 6
60 146
60 6
6 146
6 60
146 53
140 118
140 181
118 140
118 181
181 140
181 118
140 258
299 195
299 22
195 299
195 22
22 299
22 195
299 38
106 219
106 122
219 106
219 122
122 106
122 219
106 251
168 225
168 180
225 168
225 180
180 168
180 225
168 236
75 211
75 84
211 75
211 84
84 75
84 211
75 125
26 242
26 88
242 26
242 88
88 26
88 242
26 146
119 265
119 286
265 119
265 286
286 119
286 265
119 106
51 120
51 105
120 51
120 105
105 51
105 120
51 119
29 240
29 220
240 29
240 220
220 29
220 240
29 146
20 249
20 95
249 20
249 95
95 20
95 249
20 51
224 252
224 234
252 224
252 234
234 224
234 252
224 75
162 164
162 233
164 162
164 233
233 162
233 164
162 263
63 158
63 198
158 63
158 198
198 63
198 158
63 93
209 277
209 49
277 209
277 49
49 209
49 277
209 146
184 183
184 169
183 184
183 169
169 184
169 183
184 146
108 218
108 153
218 108
218 153
153 108
153 218
108 299
104 175
104 213
175 104
175 213
213 104
213 175
104 224
4 275
4 89
275 4
275 89
89 4
89 275
4 251
115 92
115 8
92 115
92 8
8 115
8 92
115 140
239 250
239 155
250 239
250 155
155 239
155 250
239 106
127 145
127 215
145 127
145 215
215 127
215 145
127 77
7 81
7 13
81 7
81 13
13 7
13 81
7 20
32 296
32 210
296 32
296 210
210 32
210 296
32 4
232 238
232 157
238 232
238 157
157 232
157 238
232 119
90 212
90 78
212 90
212 78
78 90
78 212
90 162
208 94
208 144
94 208
94 144
144 208
144 94
208 125
91 206
91 196
206 91
206 196
196 91
196 206
91 32
19 70
19 244
70 19
70 244
244 19
244 70
19 184
167 231
167 121
231 167
231 121
121 167
121 231
167 75
156 170
156 31
170 156
170 31
31 156
31 170
156 184
193 148
193 202
148 193
148 202
202 193
202 148
193 209
173 154
173 182
154 173
154 182
182 173
182 154
173 115
5 259
5 137
259 5
259 137
137 5
137 259
5 140
254 126
254 46
126 254
126 46
46 254
46 126
254 38
188 72
188 262
72 188
72 262
262 188
262 72
188 224
171 69
171 129
69 171
69 129
129 171
129 69
171 4
73 243
73 110
243 73
243 110
110 73
110 243
73 91
247 272
247 25
272 247
272 25
25 247
25 272
247 146
267 39
267 44
39 267
39 44
44 267
44 39
267 20
28 297
28 293
297 28
297 293
293 28
293 297
28 171
298 55
298 135
55 298
55 135
135 298
135 55
298 108
37 2
37 255
2 37
2 255
255 37
255 2
37 208
178 132
178 113
132 178
132 113
113 178
113 132
178 125
205 87
205 85
87 205
87 85
85 205
85 87
205 298
214 159
214 12
159 214
159 12
12 214
12 159
214 52
111 223
111 261
223 111
223 261
261 111
261 223
111 178
266 54
266 131
54 266
54 131
131 266
131 54
266 258
217 100
217 33
100 217
100 33
33 217
33 100
217 266
50 30
50 221
30 50
30 221
221 50
221 30
50 193
165 194
165 201
194 165
194 201
201 165
201 194
165 108
280 86
280 43
86 280
86 43
43 280
43 86
280 51
139 204
139 300
204 139
204 300
300 139
300 204
139 53
35 174
35 229
174 35
174 229
229 35
229 174
35 106
18 282
18 99
282 18
282 99
99 18
99 282
18 232
207 291
207 68
291 207
291 68
68 207
68 291
207 125
24 117
24 10
117 24
117 10
10 24
10 117
24 263
76 58
76 276
58 76
58 276
276 76
276 58
76 115
283 187
283 124
187 283
187 124
124 283
124 187
283 254
185 271
185 3
271 185
271 3
3 185
3 271
185 119
287 143
287 163
143 287
143 163
163 287
163 143
287 236
228 295
228 235
295 228
295 235
235 228
235 295
228 73
66 279
66 134
279 66
279 134
134 66
134 279
66 162
59 200
59 190
200 59
200 190
190 59
190 200
59 91
147 269
147 273
269 147
269 273
273 147
273 269
147 247
109 23
109 82
23 109
23 82
82 109
82 23
109 207
27 292
27 264
292 27
292 264
264 27
264 292
27 111
241 21
241 57
21 241
21 57
57 241
57 21
241 146
278 285
278 74
285 278
285 74
74 278
74 285
278 217
176 112
176 42
112 176
112 42
42 176
42 112
176 178
289 245
289 227
245 289
245 227
227 289
227 245
289 209
107 197
107 152
197 107
197 152
152 107
152 197
107 176
189 97
189 98
97 189
97 98
98 189
98 97
189 299
172 136
172 161
136 172
136 161
161 172
161 136
172 107
79 15
79 281
15 79
15 281
281 79
281 15
79 254
1 246
1 47
246 1
246 47
47 1
47 246
1 140
294 65
294 41
65 294
65 41
41 294
41 65
294 53
186 103
186 284
103 186
103 284
284 186
284 103
186 147
149 237
149 179
237 149
237 179
179 149
179 237
149 106
248 96
248 142
96 248
96 142
142 248
142 96
248 214
192 222
192 177
222 192
222 177
177 192
177 222
192 258
71 116
71 274
116 71
116 274
274 71
274 116
71 287
62 45
62 102
45 62
45 102
102 62
102 45
62 165
150 83
150 268
83 150
83 268
268 150
268 83
150 51
256 288
256 151
288 256
288 151
151 256
151 288
256 53
123 34
123 199
34 123
34 199
199 123
199 34
123 209
257 130
257 17
130 257
130 17
17 257
17 130
257 32
67 40
67 56
40 67
40 56
56 67
56 40
67 267
36 166
36 160
166 36
166 160
160 36
160 166
36 167
216 9
216 290
9 216
9 290
290 216
290 9
216 266
