1
100 200
7 90
22 42
7 39
85 1
25 2
46 4
89 68
64 11
72 99
93 80
72 68
17 35
93 62
54 4
84 95
40 26
80 96
10 40
4 32
64 80
32 16
66 99
71 4
43 4
77 15
7 8
50 83
6 46
73 20
18 27
40 96
44 87
98 77
40 95
23 88
7 86
49 85
61 80
61 5
87 39
6 36
95 34
44 62
47 43
53 61
79 12
5 90
29 8
98 78
79 4
9 64
14 17
10 96
68 68
98 86
33 84
90 22
24 79
90 79
82 34
51 35
2 75
17 56
49 34
35 93
69 60
8 53
23 87
64 17
8 91
53 59
6 77
74 3
49 57
65 93
74 16
34 96
96 98
64 34
29 1
1 73
8 84
17 38
48 6
21 44
60 80
5 43
87 90
34 8
16 15
97 86
48 44
28 79
94 1
20 1
42 86
95 5
74 93
44 19
64 19
18 99
41 79
86 6
64 17
14 87
7 94
19 79
34 53
15 44
60 79
78 48
2 93
3 54
7 73
60 50
69 17
12 72
63 71
59 82
16 23
25 10
82 5
3 79
44 18
80 35
85 16
80 64
23 3
1 57
40 80
53 99
56 12
14 90
21 82
64 83
24 12
2 72
33 77
62 49
19 38
21 42
82 90
93 71
15 64
96 40
86 36
86 53
5 59
79 14
69 23
11 12
12 93
53 85
35 43
1 24
73 10
12 71
94 94
23 51
19 61
96 24
47 75
27 96
41 6
39 6
12 38
14 77
5 6
74 65
3 98
87 32
5 48
34 41
17 91
98 63
4 18
38 97
1 42
86 35
7 15
89 82
21 16
32 80
4 62
80 26
9 41
39 35
15 90
59 2
5 69
28 3
88 15
5 15
21 2
53 44
7 96
19 66
14 77
35 21
96 84
