2
100 200
10 20
7 14
25 54
100 64
82 10
64 25
22 96
1 89
79 68
79 97
38 93
19 69
100 17
26 24
24 38
10 35
46 60
89 22
46 33
47 64
96 23
13 39
99 6
92 76
23 53
75 46
87 52
12 50
93 28
31 79
68 56
28 7
7 48
48 55
49 10
59 87
95 100
97 64
19 75
95 86
9 62
17 97
95 20
87 51
100 72
36 24
14 4
64 78
30 95
58 100
14 2
34 99
79 68
25 62
49 19
52 52
6 60
72 43
93 64
23 46
65 71
50 49
41 53
99 75
38 18
64 36
83 5
77 48
4 37
53 67
64 4
91 31
90 56
28 68
56 19
94 67
60 67
76 53
2 14
43 22
68 2
85 46
46 15
4 93
99 94
24 47
100 7
97 83
54 12
42 46
29 27
37 78
67 8
51 91
89 100
17 93
34 63
6 25
67 24
38 84
74 79
74 17
17 3
42 3
4 6
87 34
28 82
18 4
39 58
15 93
75 92
62 49
74 28
3 17
20 19
15 89
37 5
79 56
20 77
71 12
13 37
32 23
5 2
91 79
3 18
78 98
6 73
60 15
8 95
98 68
62 4
61 77
43 99
97 74
82 79
1 100
37 45
83 91
95 25
56 6
22 21
5 32
86 74
39 82
52 1
84 64
93 37
77 70
78 54
93 28
52 1
40 38
45 95
63 14
18 42
21 32
14 65
73 38
28 59
70 57
73 95
23 41
68 18
67 34
19 94
46 13
12 5
74 74
53 64
100 52
2 91
53 26
29 39
64 87
57 87
47 29
56 30
32 23
94 40
27 73
24 6
55 85
35 42
48 61
54 13
4 47
2 90
91 99
90 83
5 97
34 62
64 74
25 43
18 28
68 9
62 100
42 34
33 42
6 29
69 90
