100 100
1 55 59
2 71 84
1 60 85
2 54 84
1 42 62
2 39 64
1 30 44
2 6 89
1 27 96
2 38 48
1 79 81
2 48 53
1 39 57
2 83 92
1 8 34
2 9 65
1 3 37
2 83 95
1 14 78
2 87 87
1 47 97
2 80 80
1 46 52
2 68 78
1 12 72
2 58 64
1 15 54
2 76 94
1 11 52
2 42 47
1 19 27
2 73 77
1 22 46
2 14 57
1 2 33
2 15 62
1 23 61
2 39 62
1 90 94
2 45 68
1 36 61
2 44 90
1 10 70
2 6 97
1 65 67
2 17 67
1 21 36
2 13 75
1 32 61
2 33 37
1 4 57
2 44 63
1 95 98
2 11 65
1 21 63
2 16 99
1 58 65
2 26 42
1 47 47
2 25 62
1 16 34
2 11 67
1 32 65
2 14 78
1 20 95
2 37 66
1 2 82
2 10 62
1 67 83
2 10 97
1 87 97
2 47 51
1 6 97
2 45 60
1 2 74
2 4 44
1 28 97
2 12 36
1 30 48
2 12 69
1 32 88
2 42 91
1 7 22
2 56 69
1 57 86
2 27 51
1 52 91
2 10 92
1 9 58
2 28 93
1 1 32
2 67 84
1 14 65
2 71 84
1 27 29
2 19 40
1 55 59
2 2 17
1 37 83
2 1 15
