35 222
29 8 57
3 13 65
8 31 32
8 5 30
34 30 6
14 4 10
1 31 64
34 21 29
20 5 11
10 18 23
1 34 39
3 7 66
19 28 29
31 5 33
29 16 49
9 21 42
3 12 13
4 11 67
23 15 68
1 17 63
4 34 7
2 4 39
12 4 59
9 31 41
20 34 51
13 14 59
30 8 50
6 1 4
5 13 32
15 13 60
20 13 27
31 12 61
24 1 53
35 24 23
15 31 41
33 3 27
15 35 22
20 3 54
12 10 29
18 34 65
10 30 52
8 19 53
15 16 37
19 27 65
31 33 5
18 31 26
6 25 56
33 7 32
19 33 24
27 32 12
16 28 36
6 31 5
2 25 50
10 9 26
23 28 49
23 32 25
1 11 61
1 13 68
17 4 34
22 19 48
34 28 68
33 11 42
20 22 66
22 17 26
12 28 36
29 12 58
33 4 68
16 12 14
2 26 30
29 19 66
7 34 52
10 16 23
18 32 57
28 20 11
35 11 2
14 31 51
22 29 32
30 31 67
4 7 61
3 2 26
28 13 53
3 1 34
6 12 35
24 10 26
1 16 25
5 28 11
35 9 2
25 32 24
1 19 35
12 17 50
10 29 68
25 19 50
4 8 68
32 11 12
34 11 51
31 4 53
23 30 69
32 10 20
14 6 46
35 34 41
27 12 50
32 17 60
13 11 36
35 2 55
17 8 60
14 22 10
3 34 9
6 3 52
29 28 56
25 3 22
3 30 13
34 27 27
25 29 69
28 31 55
7 30 49
5 14 62
24 25 39
16 30 14
22 25 61
7 12 26
20 4 27
17 7 28
15 12 62
8 11 29
4 24 61
27 18 49
35 16 33
1 18 4
30 29 49
17 6 45
21 25 54
28 7 66
18 30 33
2 30 57
29 27 60
15 19 42
14 1 36
29 9 24
16 17 51
33 10 31
13 9 57
12 19 61
12 22 55
22 3 9
30 14 24
17 18 26
2 16 32
13 19 42
4 30 60
14 7 40
22 16 48
31 27 42
16 18 28
25 15 41
18 21 67
16 3 28
34 16 34
14 2 30
35 6 39
3 21 20
16 20 36
3 14 37
35 4 41
11 5 58
9 18 26
2 28 54
20 31 45
26 6 48
34 22 9
4 32 29
7 26 49
18 14 31
21 28 44
26 27 65
34 14 51
17 20 60
14 19 25
24 26 37
35 33 35
5 4 24
14 8 50
5 30 65
35 12 35
34 13 23
11 9 2
9 30 55
8 18 49
25 13 24
3 5 63
2 17 61
6 33 5
4 27 29
30 33 37
2 18 43
24 8 39
14 26 68
5 21 63
24 14 60
32 34 45
31 7 67
13 22 25
21 7 24
14 16 64
11 27 12
24 28 24
9 16 50
4 15 37
28 4 8
28 14 8
7 9 45
6 20 56
18 6 4
10 31 34
19 17 54
14 20 48
29 17 44
13 30 44
29 1 63
30 12 14
21 31 38
22 4 10
20 2 48
