100 5000
89 59 49736
19 65 77055
20 10 88177
89 41 58089
100 96 90551
56 43 46200
40 54 1259
81 55 58802
37 35 16178
45 1 61424
25 13 22648
44 89 72343
18 44 85044
26 85 71113
7 99 91121
36 73 14757
99 63 52079
43 33 39290
4 6 14691
53 59 948
42 28 51234
78 92 71169
97 26 54833
50 25 64682
9 61 86523
16 90 16132
21 11 36320
16 74 58508
22 83 65198
61 86 9769
32 60 42811
60 98 92090
39 3 65815
24 71 23358
51 92 33778
21 60 91951
85 59 57474
82 58 50305
62 64 72352
61 87 51573
14 67 24002
43 3 58980
54 95 63283
62 57 43193
86 85 53529
98 45 47371
55 29 6761
65 22 73149
65 77 14396
55 11 39783
20 83 79352
3 82 78348
16 5 50636
63 52 62916
67 48 75545
1 31 6051
77 53 96564
61 94 89255
42 96 47774
60 67 99795
43 70 22832
12 13 51157
45 52 87448
55 62 75450
24 68 75391
26 17 51814
42 41 21447
11 56 17905
99 38 72736
58 43 10117
52 55 72820
3 52 23063
98 72 48240
11 43 52357
66 87 65320
1 25 69592
28 82 62225
33 91 59234
60 57 77531
81 66 13985
2 68 29892
95 49 33304
99 14 99962
14 88 1357
4 12 91044
7 47 81216
6 1 76174
59 28 90862
16 92 20898
18 17 69849
96 74 87439
67 8 59354
49 15 9369
56 73 318
36 44 45049
24 58 87871
14 100 87681
43 41 22124
51 98 84626
92 79 70406
73 30 47236
6 1 9449
71 33 72214
40 36 73624
24 33 55161
31 50 41787
46 9 89022
71 63 95633
90 16 87558
96 57 75243
77 88 79321
48 78 96807
82 79 91397
31 1 81051
81 29 18496
19 85 91602
56 84 95840
42 1 48727
51 55 64591
75 17 74995
65 72 95428
85 61 10076
8 85 26843
15 4 50828
45 90 65990
62 2 61234
72 89 17479
22 79 29812
93 66 86100
34 10 60196
14 30 33275
13 1 46980
45 43 83752
63 54 34750
32 17 79976
26 19 29975
93 32 3013
21 59 11534
75 79 42740
44 73 88535
92 94 32443
81 61 76187
94 30 58509
59 60 8780
64 16 85974
89 44 36894
75 10 75414
61 87 80622
39 85 13890
64 93 63668
70 23 56471
13 42 49547
59 1 96040
36 67 90809
44 58 64945
45 53 14944
13 96 70271
51 21 87772
19 3 88223
31 15 48191
95 46 49603
22 89 33753
79 35 62840
40 95 25022
91 66 21653
47 22 92378
98 19 15932
30 76 83568
43 58 8041
37 1 64336
87 9 34906
84 26 8934
35 97 98665
34 11 73104
63 3 77120
59 60 39289
41 31 58132
23 22 62788
27 98 93980
92 96 74704
94 43 67659
48 22 35602
76 8 26105
9 3 65978
58 23 67739
34 77 41449
29 31 9316
45 98 2755
4 27 12843
41 93 96294
83 25 69647
32 65 10589
61 89 38211
32 34 23040
88 33 77518
65 98 72719
99 52 74246
39 47 43035
20 2 42324
95 69 84608
17 73 37553
51 11 24136
64 74 86052
3 42 58533
52 71 33955
16 57 67322
89 73 63401
48 85 23408
18 59 41857
36 41 14275
89 94 96114
73 57 67124
93 34 24861
55 54 67377
21 98 11766
21 61 95129
99 83 77287
6 91 97554
49 20 39444
73 97 82204
69 29 39921
61 69 57621
50 25 61362
82 91 2039
40 42 94206
66 79 75033
16 35 9571
78 11 60949
99 50 89920
81 72 76122
18 25 87253
45 69 68849
68 19 78072
37 64 27628
84 79 52373
25 52 18704
1 37 6899
92 68 78574
43 37 56863
60 59 65135
19 5 62390
51 43 41315
97 74 48077
29 41 10424
66 62 72960
17 73 62748
43 76 25425
5 94 48870
37 83 62715
34 25 5679
36 92 95441
4 10 37592
17 61 48059
76 34 88768
64 66 43563
7 47 36353
66 46 13562
88 82 25790
73 100 20894
85 76 66793
54 67 92535
46 78 34487
30 63 32484
19 34 68263
4 24 98374
65 15 34532
23 4 4853
54 19 67898
4 61 68352
90 61 78496
53 49 30047
17 28 16812
68 12 99064
27 14 51132
3 45 18199
48 64 91986
92 57 3662
4 10 36002
68 97 13398
43 73 99598
3 90 63696
68 98 56352
29 16 97594
6 24 7151
71 1 4863
81 26 19118
98 36 42386
41 15 97754
93 90 77265
40 32 42249
70 29 74445
34 38 10418
59 43 7940
58 12 72533
49 23 94775
50 79 19550
67 99 40319
60 75 80667
75 26 90650
47 46 76046
5 11 35655
54 25 84015
62 45 32470
31 87 17639
34 45 98405
10 30 52263
81 28 57842
13 47 65533
93 53 92486
100 60 64447
32 52 42950
21 31 49421
18 88 20191
11 88 87383
98 68 49684
84 86 55979
71 55 92979
94 50 10414
10 15 17538
29 14 91789
6 45 20615
100 21 68899
93 13 66846
55 72 33986
45 23 23368
12 23 71635
84 40 32827
14 83 49791
74 89 61665
4 47 69945
98 55 53822
34 92 10517
43 6 13847
71 65 93595
96 5 38838
86 83 28053
29 89 78098
16 8 61656
63 3 29044
52 99 6261
46 23 21838
70 23 80144
32 87 83926
93 77 94732
47 7 63528
40 8 50160
96 17 52942
76 66 81155
67 25 31423
36 91 72902
60 16 48744
40 4 71501
48 54 17177
1 73 15481
48 3 27951
92 35 52281
1 92 90677
95 15 17651
34 29 7911
8 11 1199
53 84 79018
26 46 18888
66 3 54355
29 12 14003
16 61 21463
94 14 9139
98 44 87253
41 20 50004
50 11 95039
55 75 87740
43 47 52042
10 47 97752
40 74 23039
99 95 71736
32 69 8293
73 79 84586
2 76 58254
65 10 84415
95 82 1974
19 60 97512
20 1 45455
53 6 87967
21 62 1541
98 92 6456
41 56 61781
28 76 51893
38 23 92762
61 86 81172
66 7 22821
47 90 44012
36 84 78697
72 3 51478
13 41 3385
28 13 9802
37 92 25103
36 70 29728
100 60 64140
32 48 39710
78 31 63544
57 12 59879
88 97 18092
19 100 32402
62 59 53621
74 66 69496
90 11 98305
68 83 24843
61 36 83268
82 30 59589
86 32 43003
52 84 11807
98 52 98328
72 30 64235
52 13 68413
52 9 77978
86 56 96973
46 98 75645
78 43 93554
54 64 28882
20 39 53432
61 40 41506
95 90 68813
43 2 45835
59 95 85677
98 54 78500
88 51 71961
20 82 1474
22 2 32068
10 62 58782
21 46 57548
53 51 90032
44 80 30865
70 37 66068
3 57 73642
53 96 71064
47 18 80970
50 60 75750
5 92 52569
41 13 24844
93 15 10236
50 48 18883
100 52 85315
4 86 4217
64 56 98692
11 32 16772
43 35 13154
87 75 54850
16 40 83451
39 28 72404
53 50 73194
65 29 27842
50 76 41192
63 41 11082
36 62 45827
81 2 86004
12 28 9932
20 85 50944
14 82 27998
4 73 86006
11 97 33820
23 20 22247
70 97 22161
92 85 65132
30 96 37489
45 52 23857
43 44 95327
45 1 57258
99 41 18244
28 50 19966
42 33 17079
65 82 55615
86 49 38476
83 77 63076
20 81 68559
37 56 80795
37 22 27699
9 72 59575
60 47 89421
51 6 64738
21 38 66963
13 80 25759
42 36 76695
90 46 67589
93 80 17367
80 57 95586
68 60 96135
49 36 57714
92 57 29193
55 19 57510
31 1 58856
66 42 2197
91 83 10002
68 13 11085
96 8 46266
43 89 77596
28 42 50902
42 32 42546
46 3 44964
19 33 67525
57 73 55887
79 33 45091
41 5 56456
34 91 65322
31 51 21881
1 97 59625
84 22 78339
85 43 24411
49 36 92136
34 50 89511
23 20 22854
21 79 76510
59 6 67266
34 8 26117
72 96 60846
93 7 25257
6 38 87176
12 90 81230
37 56 87290
18 51 89003
85 96 36769
22 59 76641
68 60 80966
66 87 34828
21 83 47009
34 55 43719
18 11 44731
8 81 32653
4 33 38192
22 100 3530
56 60 24918
85 71 35964
46 60 66704
36 42 44806
33 98 66812
48 22 87210
95 35 78135
72 84 63071
31 66 65264
77 1 29545
92 5 79618
14 57 59245
79 62 47888
14 88 23839
54 83 25500
23 74 13649
70 12 24549
45 50 77285
96 37 52577
47 3 81060
69 38 45519
27 70 25361
50 60 27134
35 83 23382
6 92 56009
14 81 87944
40 25 86367
81 65 52475
69 48 75498
43 15 5501
48 33 12597
89 38 88272
31 45 95764
54 29 24137
64 26 54879
30 39 87094
54 58 79091
1 97 84787
15 71 61629
68 95 19604
82 57 27125
30 7 38569
17 16 16822
86 2 74156
57 66 5378
55 6 99048
66 30 44855
38 89 57586
90 84 88829
46 45 23260
73 12 68181
28 99 44706
36 9 87609
41 33 88029
21 19 68997
12 81 55366
7 82 69630
51 37 50656
81 22 29343
52 95 22904
84 3 81237
71 70 22513
1 27 11452
100 15 15401
28 53 99468
54 15 95924
3 85 40078
20 31 20529
59 16 95903
22 29 89998
4 88 60059
73 62 51267
71 59 55282
39 62 31900
98 50 54484
67 34 2902
23 21 45294
91 78 23236
85 18 95129
36 43 25633
63 96 8442
6 80 26322
16 65 41817
20 17 21911
94 26 53849
65 34 77042
99 50 72039
79 77 82212
96 42 28592
18 54 93846
56 14 77557
69 13 94108
92 70 30646
39 66 62390
81 50 35103
42 6 27684
95 20 37720
71 51 3188
94 69 75693
13 66 36095
87 81 64337
63 37 70611
8 93 45822
98 70 31416
63 36 67150
97 82 47923
1 60 15039
87 43 80391
88 90 66840
17 80 23484
74 83 78521
89 91 68456
31 44 69602
87 97 66510
96 38 6291
4 50 7372
32 38 5241
36 9 55077
13 44 59586
62 30 90640
48 78 43825
95 24 48353
48 30 11725
62 43 88050
64 16 88140
88 96 41364
13 69 1531
9 51 17956
1 75 5590
61 25 19084
27 51 12178
16 70 51228
28 43 50540
76 66 54412
92 42 79394
70 53 71307
87 67 86169
33 38 91621
60 43 94972
81 54 93358
11 38 54752
66 60 44136
75 37 64499
55 70 23987
41 44 80104
78 91 17036
80 87 19773
12 92 60290
92 78 26201
16 29 29848
35 57 41744
14 81 68723
26 67 55314
56 27 88279
83 98 83249
83 25 3339
51 24 43934
49 35 78769
79 28 15796
25 34 79833
30 51 6718
75 94 66138
7 71 24552
74 12 29605
29 36 64564
45 21 65916
80 4 50555
10 82 62192
84 7 94473
74 3 71712
89 7 65359
30 42 66146
96 93 96170
33 83 18822
95 67 52824
90 87 57710
11 27 71998
36 17 14077
36 5 70914
37 81 91281
6 66 39832
65 25 44229
4 38 95510
31 87 69540
61 16 81784
58 44 73772
82 51 70750
94 27 39797
32 39 67684
25 100 13812
60 85 94605
22 28 18511
37 70 74488
98 99 98277
92 12 58236
94 77 53165
22 8 30688
67 12 9155
16 9 41120
77 64 59751
60 5 55346
69 20 72576
44 43 44619
70 28 84692
69 82 98073
22 91 62076
69 63 41324
97 98 65621
44 54 77098
30 9 37327
52 74 48602
33 12 63338
45 26 13845
44 20 36357
69 64 63534
54 36 93489
1 61 17121
20 100 5147
62 77 30729
60 4 61834
83 36 29220
77 35 78234
72 4 36847
72 45 42942
68 44 31605
52 30 87072
55 65 17840
36 42 94323
38 84 8699
20 46 27227
84 96 49515
5 10 99183
46 20 36767
81 5 59627
84 72 62597
17 77 5412
80 70 67533
27 6 7215
82 73 80123
50 99 47660
87 6 21675
27 41 90570
27 96 46764
74 18 47253
92 8 16931
67 47 20787
22 45 33917
75 68 16236
15 25 10164
75 27 25761
52 75 20345
6 77 67441
20 66 91886
64 32 21314
15 70 4951
30 55 3808
78 72 18025
97 72 23793
24 51 61679
60 41 33980
53 25 83887
99 45 98383
47 6 77515
2 62 39445
1 50 47972
63 33 641
24 87 90207
54 31 19448
64 81 58099
50 22 93493
99 17 41579
71 22 29939
59 37 85214
91 3 51501
32 55 73893
56 40 42443
50 13 85469
57 55 81972
63 3 92932
67 68 7481
1 97 34210
49 53 83360
13 56 85562
55 25 61545
46 4 27145
57 5 45718
6 55 28407
89 71 78476
93 97 94399
99 9 24375
68 90 32434
63 60 38167
82 49 70574
22 75 70073
70 58 86929
64 1 12315
81 35 23320
36 82 53962
34 39 6217
52 62 18484
88 69 26768
41 6 19900
1 15 76787
4 86 51026
31 98 72152
8 99 34716
2 99 19169
4 73 40024
1 23 1878
46 45 67917
42 18 43377
14 84 91346
9 49 90860
15 81 32651
14 66 46295
12 29 62113
91 15 79610
93 15 41962
98 48 56497
20 15 65644
93 32 80692
2 63 6400
92 41 33510
72 41 77442
86 56 82146
91 47 23721
49 99 95329
75 26 43207
98 93 75097
52 96 70983
77 15 30654
45 82 72411
45 16 57929
48 31 26356
77 11 70186
39 79 39083
56 43 24395
6 38 47890
89 78 59905
86 12 74663
86 10 36842
90 52 26742
3 56 82092
62 46 36009
49 63 17818
95 99 15267
84 94 36461
9 18 16709
15 53 40761
6 21 41589
61 6 12333
76 12 89895
17 79 40784
25 1 33349
74 10 29404
52 7 8417
51 18 11677
24 8 51625
8 99 74404
21 52 54404
43 19 3615
75 93 91033
99 72 36442
100 26 59392
88 20 13497
65 95 73287
32 75 80917
36 91 22877
2 47 2635
43 54 71806
15 23 8045
74 92 56584
27 21 71076
72 57 2053
54 18 42415
32 71 9492
20 23 82920
26 47 42662
89 79 20864
13 62 64795
48 97 11502
89 53 59694
95 66 99382
42 69 71666
75 36 22703
38 42 68230
79 20 17362
50 98 34002
41 14 95742
100 94 37816
10 85 93597
90 24 51589
95 65 86819
89 5 69574
40 77 32891
30 87 12589
45 11 56904
23 22 13568
86 30 10526
97 88 17837
74 83 50530
16 64 43468
16 46 89605
21 2 21128
91 38 498
83 14 54043
45 63 46361
22 48 58587
77 69 8513
43 31 92546
6 83 59967
41 61 61302
8 76 89569
44 19 76336
68 27 70861
29 65 58708
64 34 34414
39 60 80920
84 36 37247
94 91 68277
88 28 75152
94 77 17675
59 33 19991
6 2 13609
12 27 33821
79 66 35436
37 50 85923
25 10 7198
4 2 32024
50 13 53562
100 55 29953
57 67 24547
93 16 2308
80 26 40389
78 39 65109
6 69 39462
29 62 10145
96 26 39063
33 35 86660
28 11 24758
95 27 64097
55 52 1947
85 99 23934
21 69 27111
58 50 21689
23 55 66744
73 1 10254
15 49 32473
63 37 72313
37 28 53649
19 71 36165
12 38 72667
48 95 29897
5 43 8388
88 70 62486
86 30 47037
56 57 10402
13 51 95361
56 52 3379
46 77 90335
92 2 94536
92 90 79621
55 53 27441
44 56 59761
30 48 65681
72 94 20014
73 11 78989
72 78 52106
50 54 61194
49 68 55886
50 41 19908
44 61 46833
73 47 72332
38 55 34698
5 59 71995
26 57 9571
45 86 80051
94 4 71328
48 38 45696
60 80 45570
100 40 77031
74 95 9339
64 43 87252
91 60 50457
32 16 40901
8 74 2753
42 82 12419
94 96 51501
87 62 12582
50 93 47494
65 10 30566
75 76 71480
81 91 58590
96 52 18181
32 27 97747
58 89 86677
46 29 53234
27 58 38876
88 23 90081
40 90 28706
93 31 9972
96 9 74
13 82 53489
42 55 9294
20 98 60239
79 2 69919
80 64 96336
72 42 63400
12 11 60803
47 42 14951
23 99 31525
43 14 34442
85 3 79912
88 10 56387
6 48 93281
68 40 67690
92 80 16183
76 35 55024
68 88 45189
55 93 77017
11 46 78448
17 42 96820
41 97 15697
43 37 78221
90 11 49393
87 36 15255
96 76 25378
33 90 58724
66 100 62099
7 41 88415
80 6 1874
45 60 36710
66 61 33991
68 7 29955
11 41 77890
31 73 31528
4 61 72851
36 58 36600
33 85 48250
98 66 82627
21 47 8336
43 96 89495
48 30 782
8 99 11282
20 7 21314
24 10 16396
35 58 93551
35 2 35736
53 93 39858
4 2 20825
25 93 75010
44 97 580
90 67 84271
37 19 11647
84 61 53884
64 92 46296
19 18 7816
70 1 66128
62 11 39671
16 94 99812
55 31 38702
75 71 88434
12 19 13932
72 92 15902
98 1 65726
100 80 83529
39 45 35255
1 19 34693
48 82 74976
6 49 2288
21 59 59522
43 52 2655
57 58 88971
78 94 9474
14 81 54077
49 50 9550
7 70 26369
34 91 53879
65 89 71005
98 60 53147
29 5 77141
57 77 10428
80 75 16312
3 22 92523
12 78 67809
36 55 4867
14 72 99101
66 60 79436
32 86 523
11 58 55473
17 34 64501
87 38 19787
36 10 16165
39 85 11534
71 8 75198
81 42 57352
53 45 7667
11 57 80793
87 26 6912
24 85 79011
48 21 39108
5 99 25926
72 75 38456
33 71 39225
17 57 62482
9 75 61711
42 49 75247
63 29 66896
24 25 95890
85 30 38444
1 17 52022
68 75 77814
56 43 7966
59 13 20854
12 43 96967
78 9 99544
6 71 1550
55 30 32749
96 55 36431
36 30 10863
34 41 17085
37 19 85230
100 71 33458
17 74 23679
71 60 87214
4 39 25010
50 31 70117
4 70 41164
10 63 69562
51 48 32498
23 86 59420
3 22 76082
59 84 30926
99 31 89127
6 28 84256
58 9 90928
57 52 88656
38 12 18825
18 78 1578
72 88 39447
40 66 77309
80 13 97711
20 76 98999
89 87 77998
8 70 81466
61 6 80373
20 97 95080
7 20 5329
59 31 3300
42 65 23405
35 18 11039
54 73 54685
41 34 53451
72 61 56483
56 37 10415
32 34 85295
100 31 97082
2 3 19395
19 52 83585
65 21 16391
15 73 3713
14 31 83135
51 94 97945
28 81 6994
43 64 27627
42 2 74999
51 56 96810
43 61 55476
99 73 96875
82 25 71957
3 50 97004
38 67 19560
7 68 47713
5 6 53470
21 62 13824
3 4 86408
93 85 18471
38 13 55776
91 77 16516
86 15 57218
7 25 87746
17 64 52144
68 42 63581
44 80 37519
22 26 88668
71 18 44470
89 32 44916
99 55 37191
69 94 41070
54 83 31505
91 42 9455
45 44 10540
96 6 23605
31 87 59375
69 16 61401
14 30 67314
57 81 58792
3 35 51562
74 33 62956
62 90 32060
97 80 60476
20 86 64445
36 81 86782
86 62 4818
14 94 17959
14 15 21120
3 26 28146
79 74 44870
88 81 60409
97 17 29451
12 33 49919
90 20 14483
98 80 45078
80 48 69819
30 96 13548
53 93 60796
29 64 39414
41 28 37859
34 83 59643
19 65 1325
11 5 3046
54 26 74213
59 97 16273
97 34 30973
14 3 56397
41 71 88199
42 82 68700
4 91 75981
23 3 42777
68 42 80641
56 92 28455
2 52 89532
21 93 55946
73 82 4741
96 55 51426
60 53 98934
40 95 22454
42 20 67429
90 50 65140
32 36 79421
42 39 64326
83 31 47933
6 18 84427
96 61 11115
91 33 42206
89 51 61802
64 25 60133
19 1 1513
49 96 79629
61 48 13459
49 38 25258
60 42 72768
93 4 71034
90 50 18991
95 31 56409
38 1 4513
33 93 88166
97 41 6690
85 46 50829
35 96 73249
20 72 11998
88 47 85131
77 11 13569
9 62 56338
17 52 255
32 58 86666
60 39 80470
28 91 640
10 86 59985
74 66 29411
94 15 27151
91 13 41155
46 3 27367
77 55 71817
30 43 32199
62 65 91816
16 50 3391
17 42 54655
79 31 22270
97 44 52544
14 81 52641
95 39 89125
17 22 78124
52 95 44600
69 26 77349
29 1 17218
94 83 34101
27 56 50514
60 2 60522
81 75 76197
43 72 44994
36 79 74903
81 92 13909
41 56 56531
9 80 61584
87 86 40667
27 63 73996
42 22 91501
93 100 65565
49 62 15117
20 24 6601
41 17 46581
82 23 25419
78 30 99121
42 78 95620
74 3 17388
90 32 28273
99 63 4781
58 75 33059
65 52 10822
18 93 87628
88 41 31975
57 65 30927
90 34 60214
34 24 16907
40 12 73360
65 62 27422
39 57 26883
75 7 65972
79 38 27586
98 97 54615
98 44 73078
29 13 51470
30 77 99191
96 56 24089
48 67 78914
78 8 86377
58 82 62819
92 19 55294
70 7 61244
52 63 96610
69 97 89718
100 53 19780
99 67 84559
20 38 56932
79 83 98369
78 10 38499
90 37 29634
44 11 32112
20 32 78903
16 41 53121
34 86 62384
59 31 9882
67 42 4068
27 30 56049
84 79 87388
63 21 78239
99 75 59350
40 39 96550
50 31 35436
14 3 37435
26 62 39139
89 43 5593
69 1 31170
41 50 50644
13 38 2223
20 81 30324
44 51 69572
35 30 79401
64 47 72788
25 89 71060
44 75 6047
25 99 60891
7 59 56027
82 32 76510
4 17 1070
22 87 79572
3 59 72178
75 38 74889
34 61 25985
97 86 70799
57 98 51900
86 73 65225
18 14 68406
40 65 11331
70 85 63724
98 86 5053
98 45 75006
46 33 77268
72 97 7580
77 29 87299
16 25 66079
29 77 4612
21 39 31246
90 60 3916
61 94 38780
21 80 93998
85 60 65463
17 59 97962
50 87 45450
79 13 87577
62 9 31503
62 55 55307
29 32 79571
57 99 86613
31 100 94556
61 35 26442
84 36 14090
100 32 87506
16 39 91468
6 49 45323
48 55 40231
73 97 44819
25 1 3133
94 8 22561
54 48 1308
97 24 21736
80 76 26410
34 75 77934
46 27 51793
84 93 39274
73 67 33066
99 18 565
37 35 59193
32 100 5294
48 84 16237
8 44 94555
59 57 55484
2 57 306
60 65 64315
61 20 61623
89 73 52225
9 2 44711
22 5 8358
1 53 61639
78 58 63989
31 97 74968
9 98 87659
49 31 12726
10 66 62535
83 49 71687
64 99 73476
41 98 39078
31 59 22515
90 42 7899
18 55 60328
100 88 34263
40 41 88710
77 52 67050
86 58 51343
14 54 17711
39 5 25404
70 98 38732
81 19 77872
1 44 50889
80 25 70778
50 95 32061
34 59 26401
70 4 75113
89 10 4469
22 11 72448
28 3 77921
82 79 38380
37 69 17897
20 46 41545
33 24 48216
46 64 91912
62 96 61480
51 55 10226
32 52 86539
96 88 19543
38 6 58531
99 53 19028
90 19 26786
89 57 30587
26 33 6095
82 9 85410
50 11 23864
5 28 15855
86 65 45491
5 77 34642
72 51 27078
27 56 11381
74 92 66403
73 25 23321
62 38 64338
58 94 14888
45 78 42156
34 30 98071
23 76 38969
95 28 24091
39 20 51123
2 97 29003
69 93 13958
59 86 32643
85 76 99387
88 16 53204
75 23 96535
21 71 98982
37 48 19434
48 96 95695
93 46 78507
53 90 98902
45 16 42238
33 1 34375
75 18 5811
97 11 72949
22 54 12356
100 3 13477
99 95 52001
78 59 18861
20 98 96006
55 6 39217
76 84 82225
8 63 10729
47 14 14066
67 35 62599
90 51 39009
42 24 67902
53 72 90450
16 84 31190
75 15 2982
75 54 96661
37 93 34119
8 4 74215
17 65 60053
21 81 42109
32 34 88312
73 100 71214
75 34 23881
15 95 42356
74 34 28828
75 37 69573
31 93 40270
18 51 41473
25 12 84659
40 16 21595
30 14 24224
29 76 31542
35 96 44387
69 37 32052
82 17 99259
50 75 53635
2 15 54708
73 2 65877
88 32 1206
10 89 69715
55 63 73082
23 100 177
4 73 84630
79 93 32985
53 64 57577
7 90 44817
38 99 22262
32 76 53929
85 63 54320
49 82 64189
17 4 55130
33 3 73189
22 10 85780
25 15 4299
98 39 64597
58 85 61847
91 67 91322
90 13 68516
50 4 42914
90 77 24047
84 55 40815
81 18 96938
31 33 35782
14 63 32964
79 73 81499
78 18 76577
67 40 23792
66 17 3262
33 46 94354
3 76 35658
37 79 38064
91 40 95378
56 85 19041
4 72 54871
14 68 91549
54 40 52563
62 51 15669
100 44 89903
9 26 12884
67 11 42176
14 52 43724
63 25 88946
9 65 98226
35 14 23117
7 73 10542
81 63 75908
5 62 76243
36 38 2254
88 79 65078
28 79 17645
72 75 30877
32 59 84162
76 30 23002
97 73 39265
88 82 62631
100 90 7333
88 26 51834
82 75 59742
34 21 44952
11 43 88512
90 61 22393
27 52 83094
76 17 64763
50 99 69840
52 100 39034
77 61 11083
70 59 19029
25 93 2451
4 90 50504
73 32 48996
33 59 44864
93 74 6004
97 44 62155
75 11 84008
69 72 28344
3 8 17153
61 66 26575
42 33 96395
43 58 66239
33 60 36663
70 40 41783
69 26 96318
38 46 84427
52 64 83029
41 63 10526
35 71 82370
52 31 12459
78 2 90563
7 38 74714
95 13 71542
99 21 59514
57 6 79650
65 72 34611
79 87 3495
45 89 61528
19 99 15753
32 38 1766
20 54 5855
37 98 51063
86 80 20055
97 27 83252
56 66 6842
33 60 27085
21 32 36804
6 67 60949
11 97 15749
16 81 12944
69 95 81108
29 59 79879
11 36 70831
36 63 64450
63 61 92926
15 81 3328
48 9 94988
26 95 95254
64 68 46481
46 39 55325
42 36 58684
68 48 11790
6 71 31616
81 90 27060
98 67 71178
90 61 57564
46 21 80080
18 81 92764
46 71 63114
23 2 2981
23 49 17910
20 35 33868
94 35 64285
17 2 10793
44 55 20088
94 71 89776
33 3 75770
43 81 6873
88 15 99997
14 58 9381
23 50 48928
57 9 19703
13 45 25280
82 51 75477
36 85 80179
26 28 5439
72 45 37658
89 100 86657
13 40 45356
1 25 87694
27 40 59964
16 54 54862
4 29 32821
98 100 69682
14 92 34070
39 47 30188
53 3 96236
18 75 3327
59 40 71015
60 38 31227
55 73 55436
64 71 24189
58 9 52792
87 27 95043
56 18 74973
28 42 80878
46 36 72155
81 17 14791
69 98 11643
70 5 87165
80 74 13349
71 3 15210
16 70 17921
76 7 94739
8 34 54431
1 40 54964
30 15 34841
51 19 98404
40 54 58394
23 4 40480
81 39 59170
82 72 36929
97 1 14084
51 37 14973
39 79 21875
33 77 78990
23 77 9024
19 12 6798
6 32 48036
54 83 74881
83 17 58286
58 35 48980
89 27 42748
43 90 11251
5 23 35285
84 88 50243
76 13 57912
43 12 31788
34 57 40430
40 76 67250
7 48 12367
66 35 95420
12 17 68186
90 85 89147
26 58 38220
83 86 55357
29 76 47435
46 47 81617
63 40 53606
4 85 60094
76 5 63490
99 10 17399
99 27 80601
62 14 35988
46 48 73218
40 41 54069
66 14 1389
5 11 85830
94 17 28794
4 60 80837
88 2 10433
53 3 42989
90 13 32996
23 74 23965
9 83 13817
68 24 57376
84 69 4773
30 95 44422
81 8 44750
36 54 34779
20 49 94312
14 91 51405
100 46 18463
79 63 32728
77 97 86758
70 58 28611
51 48 64621
100 61 21315
44 56 37391
16 21 32954
75 25 23607
22 57 71825
12 93 72708
66 49 71499
55 63 72005
54 67 89784
23 45 73905
18 8 65354
21 92 25806
49 3 42196
49 96 24871
39 89 64933
60 47 47035
29 65 35499
81 59 35029
10 32 85380
59 6 68003
91 12 85719
1 17 44493
38 48 80449
51 92 13760
43 92 64570
92 81 81161
23 10 31067
25 5 97851
79 24 43989
100 92 30713
33 24 25029
75 71 28040
27 8 24919
77 80 44813
67 78 29099
64 3 37532
90 31 23149
48 40 26169
59 45 1798
55 7 56015
87 11 27415
88 86 6605
57 22 28292
62 97 74138
85 22 19498
1 38 8160
55 94 37454
32 74 65341
46 7 99233
9 28 68231
40 69 32330
86 27 93466
79 93 95374
21 5 71086
10 22 38499
39 77 71914
9 5 53146
91 69 70621
95 64 80117
34 67 86392
63 47 34760
41 16 37099
11 46 56016
19 26 80849
42 99 45454
83 60 86313
94 46 85902
96 77 95592
91 34 24720
66 14 33990
38 1 36703
95 19 53822
23 49 86139
36 27 7940
27 32 90089
74 49 66307
26 48 64449
69 65 52033
77 63 17097
79 62 15459
73 10 93647
6 55 28311
25 58 14984
12 85 77308
29 91 19553
45 9 73267
30 4 18527
14 35 87013
36 67 95874
17 50 855
77 12 24421
1 65 58572
77 15 81554
54 21 7475
35 5 33288
24 42 10400
11 57 64825
19 11 48243
8 43 68377
82 60 64017
38 72 32081
17 4 71661
42 77 17368
6 10 43934
56 53 88542
92 46 65272
90 31 13709
7 92 16196
69 45 39789
31 64 86572
46 26 55341
15 94 58584
28 78 58645
46 15 79435
93 2 46659
25 86 10274
44 96 7310
5 90 2940
77 74 66531
64 56 29877
97 81 6890
20 34 92793
63 51 90756
22 80 25736
62 68 28932
81 55 69308
10 30 98346
48 22 16476
56 31 4920
3 68 64048
49 35 8548
66 89 35633
75 71 47947
94 53 5394
14 63 82375
12 7 51312
79 91 98424
63 98 50935
93 4 54867
55 52 43859
66 34 48108
22 39 59329
10 21 32414
23 19 65307
6 32 26651
12 45 19163
61 10 48690
49 61 43798
54 28 41768
47 44 4193
83 91 74017
64 98 18584
90 26 2830
21 30 71300
26 38 8202
4 76 92414
74 77 62983
67 4 1290
14 48 20025
19 70 10252
50 45 50119
75 41 14339
55 44 36317
99 10 58927
96 46 50623
34 2 27873
68 84 3699
3 18 3742
80 79 8984
48 21 64655
59 17 29142
99 48 79277
78 52 35834
79 80 91382
65 12 69713
39 26 70795
77 59 29435
22 55 97146
62 45 50530
19 34 97616
25 73 5518
40 97 25170
75 10 97707
31 58 70449
70 69 36665
75 61 28220
73 66 16309
14 58 54012
91 71 25740
24 92 58754
14 87 45159
64 25 98276
88 30 71826
82 94 44455
16 88 71707
6 42 36065
16 91 26851
88 21 51346
83 63 7080
91 82 650
82 35 76459
86 51 81971
23 1 1479
1 85 38482
5 35 52722
48 88 18996
27 88 25378
49 17 33125
84 51 48532
11 53 42778
33 85 1435
75 3 12783
9 77 73753
29 27 14169
74 19 43597
68 77 42574
39 23 38650
35 26 35548
58 89 60284
86 49 46263
9 83 71834
38 69 40112
80 39 38799
10 56 29553
38 64 91354
27 97 13611
71 13 16208
70 46 92631
53 2 48386
20 38 59556
16 34 93374
88 19 52335
97 93 95355
87 37 99543
33 70 41241
1 40 59337
19 35 92183
70 42 2118
62 56 35549
90 57 77336
1 24 17936
51 84 55220
29 1 93126
19 57 631
66 63 1250
53 26 26971
2 54 55672
4 81 32851
93 3 64496
18 22 97043
42 63 84251
50 10 50103
4 13 87478
95 52 10445
19 3 72917
27 86 52659
25 73 38190
87 23 43808
95 93 77845
40 3 45605
34 84 64237
81 42 58122
15 34 99486
32 92 7213
37 22 45747
63 98 14186
48 18 56437
85 31 50983
10 71 32205
11 54 48068
94 99 57501
42 68 52060
62 21 18496
81 70 94777
40 49 12015
44 61 14952
23 51 36556
84 52 32015
13 89 24326
53 84 22049
21 9 67132
14 72 37102
30 80 48960
10 58 16931
89 92 48574
100 61 22286
99 65 85862
43 14 27819
25 77 6977
14 8 36111
87 54 72331
85 81 77301
93 21 92175
61 93 1311
78 90 1923
14 20 3582
22 84 93073
47 43 38739
23 43 74657
93 31 2799
46 13 63197
63 94 53888
3 47 33067
52 40 56533
53 71 9138
59 67 20099
69 45 73561
4 16 57762
4 9 58934
5 87 46537
96 46 12521
51 20 41735
1 36 81699
65 13 53327
67 75 35245
97 3 52326
55 9 94809
27 80 32779
65 74 78705
67 30 55633
23 43 80818
87 28 32247
99 52 88590
23 73 7146
50 30 82512
61 17 15913
20 93 17920
10 85 91781
86 42 38026
24 82 32016
54 83 6228
88 86 63390
93 15 6479
13 70 68584
85 58 9140
33 40 93903
58 67 10952
89 32 57184
24 84 69406
16 42 61975
42 19 76596
36 79 62555
24 52 13011
67 99 88590
4 73 25130
86 20 85576
23 25 13659
42 43 43116
18 8 57732
55 84 19670
17 40 41261
45 9 61262
12 82 13538
94 51 19257
24 58 88697
84 43 97501
46 81 40710
42 41 82241
42 94 2728
79 87 38838
96 87 28383
55 97 84638
17 85 84253
18 64 59449
80 78 36098
31 28 44941
54 93 54344
51 92 41888
11 29 27165
15 20 99148
11 31 32400
75 24 14458
61 31 11911
5 45 1209
70 79 63472
14 63 60973
60 12 3170
42 95 53736
77 87 77462
75 12 63211
92 27 19650
94 46 17505
40 46 40245
28 3 98682
11 38 12648
26 28 52879
79 36 59665
21 88 41126
68 7 64841
19 40 56327
42 32 99095
60 37 50636
66 15 42812
6 21 31517
6 23 53319
8 91 84991
78 95 85349
54 14 41772
45 91 78417
39 87 42735
17 81 17471
29 94 57735
54 81 56847
14 77 82132
56 28 37365
73 31 46679
38 29 97075
77 87 23599
65 3 92330
81 52 26378
21 28 21802
87 58 4542
38 54 67345
99 27 67420
56 25 22664
18 17 42866
13 45 35576
69 40 27996
57 47 57920
94 73 57175
36 15 48216
33 63 16533
47 34 98734
93 76 86417
7 24 47274
90 82 90653
63 32 74976
29 6 16138
32 81 53099
33 87 19995
70 15 30596
33 68 90926
43 5 71692
21 2 69095
22 98 62437
5 19 48851
94 80 25881
74 89 64593
58 31 88291
4 34 49341
90 14 18717
76 25 31671
4 10 49576
90 2 11743
28 42 93973
8 45 8202
11 29 34250
38 71 56586
50 6 8661
95 62 98454
13 45 22646
53 52 29676
1 24 12151
42 23 58119
43 17 20709
74 47 50090
52 44 82241
81 97 78854
72 54 28781
14 49 52538
79 49 43933
52 80 51900
68 62 50890
54 77 58930
36 33 3089
25 75 49988
62 19 8797
2 28 55128
40 67 91613
15 39 62591
99 31 17089
30 83 72620
63 11 204
71 40 37502
89 70 70104
24 10 35298
74 27 88913
40 79 6105
44 61 35713
65 92 91580
48 94 64314
22 90 15929
76 27 69916
54 52 52915
21 52 4723
64 84 20624
63 70 52562
56 4 55866
100 6 64268
77 69 97794
29 33 60607
74 15 9298
75 94 19226
91 94 62873
9 69 70760
12 100 79314
15 5 20037
97 45 11635
87 61 94910
83 38 85435
40 45 65854
58 51 40915
80 58 90506
74 44 55718
52 62 13802
98 24 23329
99 35 66133
6 31 27591
43 77 87704
70 47 7665
76 73 31195
11 51 34772
4 61 18054
87 23 97593
36 65 81027
86 80 26336
2 87 73305
74 51 71185
49 76 51814
99 6 54840
89 55 79388
53 100 46800
10 92 80689
78 29 65047
1 96 41234
76 87 73882
37 67 79610
89 41 79772
99 57 11340
24 87 48040
43 25 99864
45 32 77661
86 5 96987
4 9 54998
97 30 9704
93 97 19328
76 20 84454
32 57 27501
13 31 35693
35 44 45844
48 5 60673
33 76 54774
86 8 91388
4 87 34217
51 13 20407
14 24 35903
50 67 76211
41 73 51311
19 52 61995
22 63 95039
41 31 81869
25 3 73143
5 10 34626
12 58 98865
67 76 24674
92 16 87768
6 87 12599
94 26 2363
16 39 9382
63 99 96140
35 58 60241
23 33 85906
58 32 13704
52 60 50987
89 6 37657
17 55 19238
18 12 50717
89 84 16783
74 79 49079
54 23 63453
57 35 92196
67 96 45774
74 78 94816
71 46 437
93 51 71580
61 70 24543
43 35 15003
57 81 10302
70 73 39443
32 47 16732
60 82 42407
3 19 61186
64 26 40032
85 82 64179
20 34 60519
13 7 50675
100 44 66759
95 65 68726
31 15 30739
51 63 26615
70 7 2852
76 11 27862
60 89 95320
65 16 85854
2 51 47871
31 66 76469
94 1 81370
27 11 71218
42 77 52784
72 68 94248
16 23 28760
98 86 10139
23 33 83250
91 58 36461
63 35 39381
74 57 55546
46 17 54119
61 79 8459
18 95 91665
99 66 63684
60 25 76711
37 44 39292
95 47 73388
3 42 78582
97 42 90639
60 49 18829
73 93 18767
86 70 50502
63 46 71110
18 14 20459
31 81 77889
6 57 72236
42 5 20386
47 91 11602
93 15 70846
28 80 88731
71 26 52692
78 60 92299
58 15 21706
24 81 99192
45 48 72160
29 33 64076
62 83 62330
52 70 45036
34 10 74342
97 68 5594
65 42 19652
22 18 37304
61 95 54281
19 68 24442
67 93 40543
98 75 5190
4 68 13187
66 78 40500
14 58 62207
94 6 92807
3 14 59798
41 25 8637
2 1 66443
95 14 45334
6 38 50548
26 70 50799
6 21 5031
17 41 43371
5 14 93367
18 22 2114
74 15 23037
58 89 60192
32 14 52538
72 41 99465
2 10 21407
44 42 97364
99 58 31891
4 67 34116
39 85 83598
16 62 2918
73 88 71119
17 93 93942
98 61 16572
31 70 30237
92 10 22304
95 47 8378
96 13 6778
62 3 66385
99 16 52427
58 82 36981
99 29 54729
87 70 93413
85 41 81625
97 49 7197
45 42 48677
19 40 76700
26 49 87261
65 15 67195
37 23 47160
39 25 83961
1 80 86754
10 62 8081
16 47 2600
54 82 20697
42 32 60778
40 27 47638
27 52 10598
66 82 74416
40 64 95661
87 34 44426
32 17 14872
49 28 8891
47 96 69691
71 15 18537
5 89 55332
64 28 24766
42 65 49718
100 15 92802
4 61 21815
10 97 792
62 58 63929
35 94 75569
85 83 90759
81 71 29052
85 78 52138
8 28 83778
95 82 73711
41 54 43686
16 17 11276
33 49 53980
16 80 59512
17 50 70936
65 29 24528
39 75 92633
60 34 59573
41 49 31272
65 72 90475
91 27 19797
77 57 86179
7 28 56004
44 50 65711
95 46 46197
47 72 57599
55 74 59638
90 86 14620
56 81 31733
43 30 34203
17 43 98636
6 88 87375
51 85 4767
70 87 34395
60 11 23114
41 82 39970
39 78 66779
66 90 41242
79 92 66752
56 87 19430
89 76 52099
23 79 73957
4 40 1664
57 81 21774
42 2 85874
95 54 40676
74 63 55753
17 7 27490
35 16 81165
84 14 37907
36 24 15445
6 11 20686
48 5 69653
47 80 4997
57 40 89213
33 76 68218
87 6 46406
84 94 85292
48 100 68507
36 20 52161
41 78 95790
20 61 27818
97 6 25905
62 72 53171
98 23 44711
10 90 74430
49 69 31534
7 54 99134
3 71 40198
73 39 86694
36 45 21591
6 69 6898
15 74 101
44 2 59635
11 62 5755
2 6 40271
74 36 64815
98 16 10049
94 4 94826
90 35 58292
51 69 65036
48 4 59782
74 34 72823
61 90 61050
70 35 1203
4 49 92191
3 6 96722
83 67 23813
96 84 65346
25 95 30372
25 80 71988
69 88 88548
10 80 21021
97 44 93869
6 70 70762
7 67 90797
1 10 8616
31 22 11410
57 75 97533
54 27 97948
97 5 81178
80 72 46293
93 54 14486
15 24 77775
67 30 47445
29 6 46207
43 65 12252
88 87 61567
53 45 37745
58 5 62527
73 92 69889
64 83 75874
51 17 24654
8 52 59996
37 54 88124
11 79 18268
45 22 31010
93 35 25163
42 62 92016
21 29 81064
3 88 75257
75 22 42563
4 83 10494
94 71 74531
99 6 25261
84 65 80055
7 21 10129
69 55 16985
4 2 81053
13 60 8996
80 24 48051
16 29 26847
25 58 80969
13 93 88553
67 38 35164
63 96 51386
75 45 18869
33 32 161
98 39 68832
84 54 48801
1 24 33228
77 25 3101
86 34 71435
43 17 98924
34 39 73702
49 30 19309
53 33 62808
59 80 79222
89 93 24907
13 90 34010
37 72 87342
48 66 63049
45 76 97331
81 34 47166
61 83 41503
96 24 94988
48 30 20797
55 65 32306
79 22 66455
12 93 86399
17 22 75776
77 27 3936
82 25 64435
76 65 45738
12 72 92330
31 1 72894
93 86 43459
27 38 94517
53 22 29413
39 81 31398
35 28 96150
95 51 52415
71 18 80560
14 97 79913
28 11 53136
29 8 40196
42 61 87927
44 59 85229
89 50 35383
42 31 29391
33 56 6428
61 57 31706
47 79 90469
27 92 64899
20 17 54721
77 85 86605
27 68 30878
13 92 22132
49 67 96362
22 64 84415
75 89 34300
60 39 49325
64 32 44178
68 56 90395
3 20 35697
51 39 7248
63 35 25708
33 51 82890
84 58 26439
60 78 13468
61 83 80974
10 52 6575
84 96 49778
3 98 76108
22 30 18742
59 62 96201
64 52 34647
57 83 79314
13 69 4109
78 49 91705
96 62 90281
80 1 21268
76 63 11847
87 8 9632
32 45 70933
65 82 43371
29 89 97213
16 3 26957
64 13 64338
38 51 91225
76 86 50122
33 8 5680
44 53 16712
83 2 76958
1 94 36840
31 85 41330
39 93 50245
40 34 17746
49 100 73716
41 20 39778
77 61 29590
46 69 58952
88 98 49998
90 46 84998
96 4 51905
72 98 23536
82 49 79116
48 74 72328
3 70 36624
93 27 21542
24 89 16419
62 10 74428
36 64 42281
81 29 62271
77 43 86631
30 90 827
32 46 23866
8 92 72483
78 41 21003
7 59 41796
36 38 50404
67 2 18551
91 88 31173
2 50 62975
2 48 98481
11 69 72550
91 55 84059
92 84 21875
100 45 47431
79 25 91536
59 7 84929
7 99 98945
18 99 19331
27 84 30337
75 43 3091
35 2 30043
50 24 65488
59 92 43592
63 32 91750
55 39 17714
6 68 7173
84 12 15909
69 31 87173
13 7 29741
27 55 83622
61 56 68625
19 44 91480
80 24 17579
1 5 68942
34 21 55642
88 2 37110
11 34 13493
1 79 92697
43 56 91907
47 85 46174
51 44 30814
10 29 1350
95 69 89485
14 58 17326
39 26 64203
70 46 43027
87 18 17306
19 76 27645
68 94 94435
91 19 82635
10 13 22866
71 77 56174
15 86 77343
97 100 22036
71 32 94076
34 39 55248
80 71 98201
98 78 7780
98 61 37987
52 84 72020
45 60 2407
27 72 55954
62 26 91915
7 91 35310
57 34 78917
11 87 78346
22 37 21608
79 89 19902
77 68 71678
80 15 31023
59 35 46597
50 41 44179
92 29 21873
83 88 94405
39 20 76184
30 91 36586
95 69 1280
43 47 26986
3 85 62423
77 57 40181
100 77 47045
15 82 53891
97 22 81334
78 82 78778
88 13 33416
73 95 50999
36 97 29984
53 80 81120
68 42 11054
32 28 12778
50 15 88131
29 89 55861
46 36 44103
28 88 60243
45 85 89552
40 37 94302
55 28 23944
93 57 6840
51 60 52608
24 15 59214
2 35 64430
40 10 99997
51 58 69552
81 71 50060
22 88 34647
89 85 70674
89 86 17446
100 22 87521
22 76 81974
18 17 71609
18 6 41361
33 56 60425
3 19 11057
76 4 28260
77 23 99369
32 42 47909
68 39 21956
62 37 24951
32 83 31040
31 25 30631
84 8 15282
41 6 8743
44 20 99025
87 12 32398
60 63 17517
75 72 50683
31 98 67631
29 82 5364
91 66 86344
3 71 10901
16 36 39468
93 95 10472
93 63 89744
33 91 93238
52 54 2406
35 67 5678
93 39 23264
73 62 47819
77 35 48519
4 19 79982
41 95 3070
57 14 87872
31 53 69942
5 98 51954
15 81 80419
5 27 84186
87 62 73047
55 86 99604
73 8 98035
22 64 88690
99 38 57136
86 92 65984
20 46 47866
76 22 6269
50 40 82878
26 65 72873
64 48 22966
9 38 68808
16 85 49064
56 70 18809
90 5 51110
95 11 98043
90 10 72498
43 18 26543
27 78 60476
46 74 23113
36 86 37112
61 2 97141
88 86 65624
37 26 26750
18 96 19264
23 63 33813
92 19 511
81 85 2563
80 75 95735
1 58 91310
19 69 78802
27 94 75634
81 21 77166
93 89 96514
30 78 65795
43 6 16283
19 23 56050
53 39 55975
18 34 69102
79 54 40908
87 58 16952
18 93 49946
21 5 26918
10 97 94463
25 49 19773
1 48 4121
92 12 20059
48 29 64792
94 68 57415
39 27 86534
81 86 93788
1 57 51891
15 83 52597
7 61 8047
96 22 81493
33 31 73280
76 1 45735
55 98 91761
26 32 37304
7 38 63821
99 68 76801
54 21 22739
32 44 13296
11 24 68156
37 2 57432
77 91 12056
56 84 94614
28 7 58099
34 78 33692
16 37 32850
84 99 87508
56 89 63537
49 59 88552
62 14 90533
97 44 27872
30 66 62020
4 47 3036
90 33 27400
65 85 64965
90 28 40720
75 56 76052
71 50 58339
43 3 47106
32 43 32133
59 22 28927
64 23 11560
1 60 82122
97 47 86090
31 76 52477
78 58 39226
64 27 96199
11 99 390
93 94 997
76 82 23998
34 59 82053
49 29 76301
94 11 18575
4 55 26856
14 100 1229
33 5 80338
14 81 756
3 10 72692
9 82 10941
25 84 6310
26 80 47148
6 82 67015
38 85 36137
56 93 32479
30 40 49988
31 67 70430
11 68 19699
6 8 29239
60 83 10961
61 82 98666
45 37 88457
20 37 71062
50 76 3613
36 38 3825
23 62 52768
29 49 47341
18 63 70147
60 50 36211
25 100 55180
50 97 47691
12 50 55730
92 2 64797
92 77 57585
31 95 99822
65 57 84909
67 17 81134
19 57 70698
10 61 82642
91 94 52121
14 38 47918
92 62 91156
8 74 4344
23 78 36757
34 4 55664
57 18 19238
68 97 94359
2 66 67306
74 26 68622
51 15 59627
35 99 27852
80 22 5424
98 20 58441
79 30 58681
55 15 35975
76 74 75144
3 77 57777
37 56 53076
88 86 22925
13 97 14788
51 72 56543
93 34 24745
92 98 16671
49 12 27835
42 86 25391
51 14 98371
65 17 94085
74 16 36068
95 50 29262
76 14 78026
17 63 6867
85 8 9741
60 91 51641
63 91 32328
4 71 1085
14 100 62376
48 52 8480
29 14 74521
6 76 78524
97 15 45303
91 99 33159
46 98 735
98 75 63041
35 1 44099
55 92 29871
95 72 23834
74 51 46019
44 23 92699
92 74 24737
41 8 75810
4 91 18214
54 11 1737
25 14 75477
33 68 43499
77 36 96985
98 43 29872
27 31 36624
19 41 37594
70 32 30763
28 11 36831
90 32 29613
33 43 9346
44 21 95876
61 19 71684
31 53 72794
58 15 41159
5 66 2062
53 21 188
59 27 487
60 49 76270
31 37 93059
48 57 69337
80 9 71052
77 93 45136
30 2 82646
15 18 88099
67 82 60845
87 49 25803
35 85 51155
12 68 49403
65 94 14482
73 7 60142
73 97 22470
27 45 54341
13 38 46856
95 25 66774
4 63 35109
79 93 23192
5 99 88786
99 60 60205
99 72 87447
56 4 393
85 40 92785
27 81 11453
83 28 42512
86 59 81732
36 62 1907
14 91 9089
15 34 538
63 87 95135
13 4 4362
82 67 93412
40 20 24257
2 93 17222
2 43 13164
10 4 98872
5 84 88758
71 1 33638
30 9 39424
92 27 15927
73 35 34474
62 40 89401
87 19 37549
39 53 57926
97 58 9197
35 88 29265
82 15 83373
1 5 19401
79 66 91018
28 75 76245
58 72 41727
88 9 29404
91 5 46501
24 3 61752
25 51 38163
67 82 42129
63 67 26016
29 8 81148
66 25 23822
66 100 62249
37 52 80822
63 85 20083
13 55 4966
76 3 80118
13 86 75061
79 14 42145
16 99 83619
22 16 18705
23 3 27390
85 8 22415
50 41 8827
34 76 97232
40 88 62881
11 81 71728
89 62 65862
13 49 11945
67 30 42510
32 60 5527
36 72 22826
13 88 53883
30 42 26122
4 60 63515
44 71 16233
84 45 10691
61 15 49277
52 7 71118
92 100 94039
40 53 66335
32 70 36000
89 34 28065
30 46 97185
34 20 24234
9 61 82743
88 74 79429
60 11 34169
42 33 87579
61 94 43187
34 97 76850
29 65 94919
12 72 95465
12 21 87561
40 26 26271
47 90 86822
48 19 44017
36 45 70187
39 48 918
31 90 59636
94 97 23884
13 74 93822
77 17 33554
97 29 79733
20 72 81125
77 45 76284
10 62 75078
91 31 88750
95 38 71584
47 51 56197
21 78 73864
3 33 42446
84 12 53561
30 92 28836
78 21 61424
26 97 40228
74 31 19202
28 19 49619
67 36 438
45 15 56312
76 81 98926
54 95 25687
94 54 15853
2 16 26853
21 43 32765
15 83 63120
58 35 19715
93 7 740
43 89 97006
56 18 23536
4 84 4272
35 65 58678
7 80 23359
45 57 94362
10 74 36885
80 28 85073
59 20 51345
21 80 54119
45 44 23067
3 89 49230
18 95 28239
53 12 24027
94 66 66812
36 83 55269
65 28 1793
7 21 58794
88 67 77072
64 32 53940
58 32 79898
78 26 413
22 46 70656
51 91 5384
26 17 93868
96 3 48328
20 74 17292
22 99 49069
85 67 75014
37 26 30669
89 85 70542
20 38 31662
60 62 11617
43 90 70604
9 34 86704
62 100 65042
42 4 76926
5 95 56010
37 21 65286
10 92 74011
25 94 95036
20 72 93206
60 55 2841
9 43 59365
8 3 58747
86 93 24378
33 70 48026
9 65 90400
41 25 74342
17 33 89138
26 8 21183
77 5 84733
60 95 76014
70 38 896
40 77 34927
27 96 85639
90 78 75862
37 44 50400
14 23 9438
59 80 46821
37 63 33394
94 29 59257
55 9 81765
72 73 44542
36 74 52248
17 18 77391
10 15 44806
44 11 55832
76 92 18683
76 41 35294
6 54 13033
74 38 5453
35 29 32906
41 2 1335
28 18 19151
54 29 15692
13 51 64189
6 16 1818
12 76 65681
69 7 83676
80 54 35494
38 100 16533
76 67 55703
25 70 92064
28 39 25198
9 97 24367
91 97 14191
33 62 74014
40 85 45736
24 7 25444
26 93 34677
79 56 95474
76 69 20349
38 19 84205
56 59 88700
52 2 12127
76 48 3081
96 7 85882
85 41 41048
6 62 71166
44 10 21152
99 75 37923
22 71 297
29 50 98838
36 89 62952
21 97 37824
75 30 63680
72 17 82948
99 7 70478
47 83 20157
95 26 68302
96 72 69290
60 13 50225
14 61 73170
82 64 74243
33 87 34249
89 27 65062
33 26 83869
79 34 22068
76 47 16850
58 12 48028
56 28 32052
59 35 63675
51 54 38527
74 23 25606
80 63 66495
79 98 4037
8 50 84132
5 85 33214
55 79 94185
9 35 6600
64 37 622
94 100 95731
54 35 75659
40 7 4114
7 25 64546
32 16 17328
7 92 29753
17 31 3178
53 36 67216
4 14 78897
99 67 81125
32 9 68292
30 51 48807
38 48 53533
10 4 60083
61 90 76659
30 18 71954
42 12 87036
78 20 72297
72 59 51045
20 86 64773
2 29 71726
15 80 66205
91 81 70362
4 33 80972
50 65 88904
51 49 93176
40 74 18391
100 43 93954
20 40 77253
13 74 96715
65 3 10235
78 3 85484
22 61 99995
94 78 8198
45 71 91376
62 99 7954
6 35 70978
31 65 16320
82 89 90302
2 31 10513
36 6 59270
66 63 14210
51 99 43689
91 37 32155
97 18 85652
76 90 43169
10 51 69243
88 75 14097
63 69 49131
56 19 46056
63 95 13497
36 37 30598
8 86 87031
4 87 96214
36 10 62875
47 38 32899
91 54 30085
40 70 42846
38 96 84735
48 27 79124
98 6 11520
76 90 40682
39 60 97332
12 94 56850
100 49 1058
3 100 88555
90 77 24595
36 15 7169
27 31 36713
54 81 88953
80 93 29504
73 55 1105
93 57 77956
26 93 4917
89 4 38367
68 28 16180
92 54 37226
78 77 5502
24 93 25019
1 3 11432
69 99 13606
81 63 11663
90 16 49374
77 53 12948
16 74 67035
60 6 4730
79 92 49897
75 87 47741
17 27 84261
36 28 51671
68 53 66073
20 56 1243
46 60 66570
38 71 52348
73 22 20593
11 35 33299
81 55 26853
40 20 83106
49 24 4861
2 18 71701
30 81 49366
82 45 32099
20 80 77345
50 9 73693
99 74 26324
19 69 51706
75 20 49560
45 35 40370
20 78 93995
24 92 24456
30 10 88731
17 29 20468
18 10 30936
37 97 81127
95 49 40176
78 41 45128
2 91 98248
58 61 67288
93 77 89897
56 74 37658
45 73 52576
75 20 1932
33 71 50577
59 1 41389
85 95 51621
60 88 89959
9 35 83426
14 38 62582
4 2 10165
86 39 92382
49 27 45658
77 87 82566
19 44 61757
82 40 38825
97 59 91387
93 87 42311
20 27 44025
70 36 22341
63 31 53779
11 30 23320
77 6 94431
86 52 51221
5 80 50384
34 96 41407
60 17 22784
52 40 84486
12 71 69516
6 60 57074
32 96 6317
59 62 74094
27 81 84451
77 90 53684
33 10 37299
60 52 44744
85 59 4162
58 65 78287
90 51 26378
20 70 99402
55 90 97629
16 59 99214
43 8 3384
53 22 81220
23 81 33554
41 55 20429
72 81 57497
7 56 55057
84 46 86042
43 52 15505
57 34 89250
10 90 25481
13 57 20303
5 60 87184
9 37 28113
49 82 10188
49 16 88584
55 31 9815
8 33 82098
69 93 78487
100 29 12062
20 53 27153
4 77 92869
39 46 99954
23 14 56779
22 90 27000
13 97 17844
97 94 81045
30 42 40552
41 73 68622
95 50 11792
57 28 93754
92 25 99770
57 43 21
83 25 72088
73 7 73190
68 85 57310
82 54 78113
80 4 45848
74 40 53334
21 18 50243
49 81 85403
23 41 33811
97 34 62
78 17 41697
79 95 21883
24 19 82917
32 50 39982
3 67 32567
57 73 75436
42 1 31645
93 69 1148
62 52 61998
77 57 9847
53 60 90321
98 15 54705
26 24 2213
100 51 91673
76 27 93046
80 24 50658
37 3 95888
32 11 38244
70 1 26185
40 81 42569
48 35 73677
37 17 99720
48 53 82972
24 2 71819
30 5 25078
55 35 51257
23 9 81110
9 53 28243
4 75 21990
40 62 43492
73 90 26480
46 69 29819
87 79 99011
54 33 95058
19 44 98153
57 58 76165
36 91 99767
87 96 55630
53 26 19925
98 15 20799
89 26 80389
40 61 74044
91 100 91527
21 84 91520
69 61 42571
75 65 66661
9 13 41369
88 79 65561
79 9 75880
82 40 12525
64 73 33581
86 20 86249
90 78 9424
55 22 40644
19 37 40174
61 52 24799
89 95 82673
29 33 76978
86 29 8334
6 53 93744
89 72 79620
97 64 7690
7 57 60904
10 77 18257
50 45 32847
64 47 70467
60 2 80389
24 32 26299
3 28 6273
8 94 63416
68 22 81554
86 16 16029
25 53 72741
95 85 71685
37 25 96388
68 99 96634
37 59 83299
59 10 45567
64 24 70751
82 95 64998
33 88 41409
15 93 21384
34 91 76701
29 32 32483
26 47 69538
38 79 19247
80 70 84442
68 40 14269
5 12 29342
77 46 30031
85 90 36808
71 24 5173
31 4 5132
14 27 83453
58 61 52241
97 68 81634
16 4 41219
25 33 62136
87 75 73329
89 19 41919
97 63 29797
3 55 27638
85 63 5399
73 11 14826
52 82 14372
3 46 95783
75 48 29743
43 72 88343
19 84 86961
3 57 92061
20 37 84825
77 52 92041
46 87 20143
12 6 38986
67 69 41182
80 40 96047
73 50 59117
32 80 28375
5 10 28351
12 80 8733
41 54 95812
48 63 78270
32 86 68542
7 77 92723
27 23 46318
14 55 29924
18 76 55452
63 65 93047
55 93 83044
19 17 72103
52 98 84914
1 80 68270
68 81 29653
33 71 57433
85 69 88667
33 85 12608
17 51 36088
49 98 47048
36 9 94502
33 74 37090
63 39 59521
85 74 48597
55 69 1987
1 76 77200
34 26 7953
12 54 63974
34 24 97062
70 93 4338
50 1 18315
24 15 46026
23 65 22445
2 44 3772
68 23 15188
20 4 61895
53 33 29450
86 10 70364
44 1 69739
46 20 51500
100 45 61058
70 5 58944
7 89 14055
37 87 46703
55 95 8756
28 39 89309
79 4 66773
11 99 45407
66 54 67581
51 80 86913
18 67 82388
54 61 89207
82 53 84084
63 31 28867
95 26 45024
65 7 94239
32 82 97817
23 42 18010
54 41 25504
83 25 59337
43 21 23569
74 29 7458
38 58 74185
5 42 37589
24 14 79780
49 81 85747
14 78 89277
64 93 81560
15 87 82162
18 75 77986
52 41 41198
25 38 85076
56 39 30689
90 59 30663
90 76 64032
25 23 78511
36 71 99581
61 3 84026
92 76 96102
6 83 16036
29 84 32493
87 29 63120
40 90 15548
86 11 82102
82 45 72439
77 51 6815
9 69 55587
42 43 61489
31 42 24799
5 28 96001
13 69 91881
53 51 87252
67 56 76495
39 18 87321
10 81 53758
77 48 99136
49 24 66332
93 19 99363
92 73 2054
26 36 52910
7 71 58505
20 5 98814
87 48 43730
91 69 94810
89 22 97189
42 30 28679
64 12 71598
49 10 27885
81 79 87535
2 21 31112
87 89 22040
80 31 55033
44 52 3824
7 2 62328
79 81 40324
3 47 78565
27 74 94640
7 46 46345
23 84 39938
37 20 97520
71 51 58068
18 89 98644
69 76 7819
99 89 87814
43 92 63000
88 11 15201
94 73 24095
81 70 37899
17 22 13512
95 85 53623
57 60 22890
89 91 6811
56 99 53519
70 58 80772
1 44 29265
61 26 35207
19 69 11886
25 64 85955
4 71 88866
57 45 6171
52 88 59892
68 71 4188
25 13 99993
86 24 45651
61 76 89917
45 2 2493
54 83 14302
85 55 82334
69 43 39388
77 88 5467
89 39 13196
74 26 38140
55 53 50528
80 25 65410
29 58 25242
57 67 35498
89 34 72942
44 66 57139
31 38 89193
12 84 13668
93 97 93497
22 62 21066
4 68 33170
31 39 19961
98 82 63585
65 21 17926
64 15 19512
36 55 53891
32 69 79960
6 87 92375
23 83 43272
92 69 64732
23 77 36722
97 80 50931
48 7 7076
91 66 44328
80 98 28506
70 6 84034
90 35 60560
3 63 49260
25 44 29362
25 64 86695
51 36 50562
6 20 78997
59 53 38234
88 68 90578
12 38 48654
24 48 92312
36 67 77196
16 77 76318
49 40 63078
79 89 80914
18 60 32925
53 1 32438
46 78 55226
54 55 59237
8 49 4501
84 33 90880
24 72 52575
62 64 88911
37 58 93422
88 1 66697
31 16 66910
39 55 62645
53 73 59327
19 53 30184
5 96 52207
98 19 91381
38 95 84452
9 94 82461
100 46 37848
74 42 8177
33 71 61603
31 7 51001
18 28 13853
22 47 649
22 28 79406
34 81 4265
72 90 5760
56 65 90568
23 29 60498
45 51 74287
11 88 77175
62 60 79639
89 5 54892
23 4 58325
82 99 78233
31 6 67689
77 59 42290
79 61 31381
59 10 79068
86 91 39463
15 5 32976
85 93 85293
93 90 41097
78 58 40476
15 28 12501
27 8 21819
97 40 15590
41 25 9516
7 1 99171
1 28 1672
80 69 59432
72 89 63912
74 46 10326
38 45 38570
64 93 86499
47 78 40030
33 69 86359
28 15 6760
39 58 19469
8 91 90885
39 96 40278
85 8 21169
88 5 76157
23 32 8551
67 23 87192
86 69 14689
43 57 71524
40 69 5328
65 77 15224
63 7 26390
72 60 37202
69 82 70840
22 94 14612
78 3 65969
73 17 50148
97 56 38293
99 16 49119
33 81 73806
59 14 57876
20 38 75283
56 52 98954
44 4 67708
76 44 23685
74 24 71162
61 2 10831
59 40 61914
39 97 35426
36 51 64913
51 60 85940
92 29 13266
39 9 96906
54 76 94069
18 14 82809
82 57 2449
37 38 66958
70 71 27647
26 63 11033
73 86 80162
22 42 49685
67 46 60006
74 87 71939
95 7 80404
52 83 56266
78 34 21370
3 34 29137
78 27 66537
54 84 24258
72 9 22876
11 22 42781
24 98 94662
72 58 1097
26 27 91740
91 41 81865
14 89 27328
46 6 23461
31 26 51115
21 65 34684
38 16 41976
8 39 80453
45 25 3640
67 59 91388
22 59 5518
64 53 78906
85 100 93326
20 12 76128
17 86 42681
72 99 43662
98 37 15399
87 49 43301
74 28 94239
90 19 79369
13 79 73472
81 60 35805
74 37 20904
45 48 83776
31 4 52983
30 4 64477
7 61 38426
37 52 3860
36 2 38476
50 16 48331
30 12 81724
96 6 48683
48 61 64854
89 2 77075
9 77 44731
76 91 52624
18 24 3740
23 38 40110
45 53 56588
6 53 39154
26 60 77742
1 31 78012
32 44 69857
24 15 61646
49 4 47355
49 28 15921
38 52 84479
80 52 66380
90 17 18203
90 77 94807
96 42 22458
29 75 1812
77 59 58652
88 36 93667
10 34 6728
87 10 95349
36 31 79013
4 68 47870
69 16 33506
30 98 18437
76 88 6204
2 88 34331
45 32 17087
37 44 93435
85 71 43328
72 64 40263
68 10 47413
39 70 57673
90 60 56363
47 62 23339
55 86 60397
44 10 84012
97 30 69679
94 2 89933
64 51 44503
34 72 41130
2 61 5255
5 91 95162
97 77 13215
7 99 19059
51 70 75773
69 8 52739
44 49 24986
72 49 49304
95 59 76676
93 36 64176
53 4 61572
97 81 78245
43 40 57287
55 19 68087
94 93 40053
86 25 32951
73 26 26109
63 16 72218
97 8 18310
86 45 55245
55 100 85917
37 68 49714
37 67 57904
55 45 85065
99 13 65459
76 91 14469
65 17 99841
70 46 64467
64 46 75197
43 40 88100
78 60 15397
68 31 75131
61 41 33072
18 84 60197
79 94 79880
42 40 31614
22 37 96091
40 95 62209
81 74 88839
88 71 75649
29 4 59775
67 73 28544
99 48 88574
47 58 38956
65 19 17435
26 10 41624
37 29 65784
41 39 34045
50 55 76301
85 28 67829
63 52 7050
13 2 48361
86 88 3640
78 83 92513
28 16 43258
8 10 34238
80 60 98177
86 53 24173
7 1 51853
2 13 80321
57 50 57220
23 48 3262
99 71 36545
63 22 9922
99 37 73317
97 25 18408
4 67 21341
72 5 41558
41 62 62720
98 64 41133
70 20 32892
79 89 33516
90 80 61895
52 27 10223
88 12 65799
90 80 74301
92 91 84285
2 29 88399
70 4 11269
53 11 99314
64 18 35309
20 29 55907
99 49 74122
75 46 36309
77 71 89572
71 73 43866
20 27 10934
89 11 63143
35 79 35535
15 50 52405
35 82 76711
47 48 86969
80 39 25476
35 21 52848
9 95 74747
40 42 38356
83 77 33583
67 81 74865
89 33 93720
41 12 11577
100 22 40529
65 5 84376
50 88 90692
8 70 56049
67 99 52397
86 92 31362
38 27 88168
82 4 43909
19 89 30955
77 62 36293
71 68 19734
49 77 80275
20 42 53627
34 66 98555
36 72 37676
43 15 96589
34 46 57120
78 99 80317
45 94 70041
5 78 6881
57 73 19071
52 77 78337
20 3 13895
70 87 89407
93 95 57443
33 81 34665
34 55 26695
79 13 72823
70 78 88532
39 36 38427
20 3 80539
34 12 92388
94 35 70372
95 68 98180
81 53 85455
7 100 58057
44 2 45355
40 4 98372
84 69 42683
14 28 92251
1 98 786
96 14 58200
80 59 95977
38 5 23668
75 8 57693
16 6 30340
22 86 86564
55 21 70633
2 87 35158
11 59 48908
45 93 65256
40 30 71292
48 76 20429
38 99 88622
79 69 21679
91 2 79592
74 37 69371
75 49 54529
61 69 12895
23 53 77594
65 36 54169
42 5 52788
71 27 25968
57 67 38681
35 89 58640
66 81 63432
31 29 73476
56 3 4182
37 84 55270
83 57 1547
52 48 5406
64 5 77614
99 38 14050
55 48 96137
75 88 15791
4 61 43369
45 89 22397
28 86 37649
100 68 22524
72 83 97353
18 11 37022
40 51 60324
27 46 26374
38 32 3326
69 49 49216
19 39 88855
85 67 22548
34 15 77732
21 40 49781
72 76 40357
9 51 57143
87 35 43770
48 40 21695
81 51 75986
21 84 31725
22 87 58290
85 21 8498
62 28 61551
10 83 23105
89 62 96695
68 35 15488
54 23 16496
58 76 33148
57 5 48821
38 88 55802
95 55 51636
96 55 23440
34 67 35799
91 52 82113
1 91 94126
30 86 33960
35 63 63303
69 33 68454
3 1 30371
21 47 99857
37 82 68824
87 25 47276
44 12 22059
49 80 39590
39 88 87028
84 95 28325
17 18 87379
3 15 75833
2 82 69211
78 100 37836
72 11 70379
51 89 27010
73 84 72211
42 50 74046
52 73 11896
66 85 11377
84 12 71548
86 97 29372
99 88 839
90 3 66773
1 17 62719
92 43 35726
2 94 45192
2 3 63500
67 96 24306
42 38 64612
88 21 26801
1 15 2096
79 78 70898
25 13 59772
61 70 40945
12 27 73181
86 42 41774
66 79 95896
79 3 6001
78 49 53067
12 93 60635
52 25 44113
44 10 40874
17 89 29297
25 80 64101
88 78 99966
98 21 49713
38 9 10654
62 23 42146
26 16 19749
23 62 9606
46 60 746
54 40 78647
81 82 91377
87 93 45626
100 64 58983
26 50 57361
21 2 71666
40 98 15824
65 14 1929
54 43 33451
28 76 59964
92 54 54207
16 49 14812
27 1 38169
61 91 66104
13 10 12338
56 73 66677
42 29 46071
42 11 94233
14 64 23825
57 45 28107
46 50 7202
55 54 52290
6 23 41627
52 50 30072
36 55 26797
30 47 92696
12 60 57095
41 47 6098
5 51 68557
91 62 68049
74 88 19499
91 17 69236
81 1 93236
42 34 84963
35 22 79913
57 56 98930
88 11 33218
33 5 62862
66 17 25247
9 41 80817
84 86 87090
93 33 89993
11 63 81090
43 77 45687
34 9 80442
3 93 43409
59 83 4640
29 18 27558
60 32 5650
23 92 90619
10 77 93036
17 43 41351
76 18 11119
63 77 70149
43 40 39030
84 57 53528
29 66 95843
37 18 66061
59 86 51423
5 4 17827
3 9 73493
31 2 34725
74 28 30370
46 40 63144
70 21 93237
24 55 30860
100 45 61358
73 84 63641
69 95 28633
78 14 35363
46 77 47562
74 66 69332
83 84 26656
93 82 95099
87 4 49407
67 27 79816
6 84 79840
93 58 69814
91 42 32670
63 3 751
78 37 22346
34 19 3570
20 87 63308
59 71 53449
43 20 30555
59 7 46216
44 23 43948
80 77 34154
96 38 22772
82 31 98732
75 5 14448
74 87 658
79 66 59595
77 20 17606
66 98 77224
28 62 90583
51 72 57581
36 93 96459
30 40 88642
84 68 42646
13 94 22750
99 45 71194
73 64 91567
86 60 37961
57 79 48204
69 66 12847
59 79 49312
100 71 77450
97 67 33976
10 9 10180
83 16 92159
72 38 12122
30 11 63094
74 91 60811
82 67 81342
79 62 91487
9 60 84916
52 75 66492
35 13 84872
99 87 43088
10 2 69019
80 98 61426
62 28 39066
57 22 11581
27 40 18156
95 99 17231
81 56 87604
22 72 16501
91 9 62457
37 73 76579
67 59 74669
45 75 68672
25 32 80553
36 57 48049
78 13 35532
26 77 75809
69 91 17128
28 95 13429
42 79 5270
25 31 32133
99 12 94858
6 40 35292
29 34 60065
53 70 52268
84 38 12384
88 48 28373
75 91 49966
51 99 6044
44 92 38635
95 49 62252
91 99 19996
9 8 16873
8 74 15624
45 97 12109
12 43 96479
69 77 90343
9 76 37420
54 43 74536
2 50 18891
30 19 70471
97 88 51081
68 52 63503
3 34 68930
97 65 35481
87 83 75966
41 62 30483
79 45 72881
82 66 52916
26 90 86788
31 19 76988
46 16 36022
6 71 54797
92 80 32232
84 69 11918
57 32 55539
80 67 42851
20 80 95594
80 44 26542
43 54 60279
68 62 71273
90 20 61757
54 33 48096
54 44 61947
8 1 92526
27 37 49201
49 88 72598
19 39 35989
15 24 16891
87 54 10724
36 66 83448
62 9 40036
52 58 41791
71 51 57415
9 86 87467
1 38 54622
10 5 96697
3 9 27754
53 80 5268
26 13 94823
21 3 96018
60 33 50817
56 18 74529
75 58 62735
88 72 5734
4 26 29419
94 76 12475
9 75 52866
56 77 4631
39 97 39143
9 47 75467
48 34 1742
66 73 5529
59 54 22817
30 90 62385
87 18 92166
9 87 48812
76 60 47465
83 85 49476
59 39 70613
59 64 597
65 32 37375
24 10 50682
87 35 94984
89 96 29069
23 19 28547
7 9 39218
81 4 68189
15 55 26417
6 55 87360
71 19 39274
16 30 16656
33 1 9506
44 7 80061
37 52 44047
23 71 87678
60 7 72793
8 38 95110
53 44 76305
13 2 82663
89 11 67507
43 69 86964
75 74 65279
8 13 56777
68 60 1205
43 88 59345
58 36 20272
1 16 12598
31 90 14826
79 95 99196
13 51 48490
12 14 65128
61 55 12896
52 87 2134
96 57 64008
13 49 82523
81 13 69000
67 56 91807
82 48 57491
40 66 54151
98 28 89709
97 1 23065
29 77 36511
59 100 68622
47 13 97692
36 76 45599
20 40 27719
32 65 42627
48 84 71776
79 57 37664
73 19 25760
38 52 46074
27 67 95622
74 66 12935
22 60 63837
20 49 63449
49 34 35164
54 40 60330
57 54 91373
71 86 82981
40 39 7264
20 48 9245
96 62 26676
32 27 39964
38 21 71762
23 84 43268
45 78 8981
34 70 67039
80 16 63602
77 45 23027
10 84 99933
98 88 7954
78 23 93747
76 8 19150
14 9 50911
30 34 98879
14 73 53835
41 20 10741
65 71 97588
88 70 31359
62 82 3991
46 22 59861
70 94 67928
89 50 28282
41 84 81998
13 99 75933
85 2 54497
75 9 7768
4 69 31114
62 98 71641
35 68 72610
45 23 28111
90 42 26868
2 73 40549
42 72 6044
20 56 97554
3 47 96567
56 81 64592
84 64 21390
15 86 30076
53 57 30075
84 89 95776
87 4 81212
85 82 57496
31 49 37412
5 69 63960
35 93 63052
98 85 97893
67 28 83478
17 79 28577
80 63 10461
33 98 69611
75 19 87847
28 72 4088
58 59 53927
18 40 72838
51 58 87008
90 41 15783
53 97 30018
18 31 20482
78 21 63246
33 36 15242
43 50 90024
6 82 43242
86 49 32220
25 85 87576
55 72 80716
62 30 7792
30 12 99506
52 33 71183
84 69 49956
85 77 74053
34 77 70285
4 63 92374
29 90 50100
91 3 86029
80 85 25918
56 30 98679
29 89 69404
48 38 34378
94 80 39415
61 75 21785
100 19 46054
33 9 23370
64 27 23830
14 15 43692
7 99 36674
74 77 68443
77 23 68870
95 97 96393
68 75 85490
63 19 98508
8 1 43761
67 87 81566
68 12 35433
63 27 29450
75 46 63603
77 98 906
55 46 65182
36 12 167
41 96 51771
2 73 66883
69 66 78395
65 31 46073
48 82 35337
31 92 6551
88 11 38588
1 57 80026
93 57 32266
28 29 38726
61 11 55513
28 95 27998
52 31 5544
29 23 2584
98 34 73939
92 58 34108
75 59 33338
11 28 83285
72 27 99117
8 1 21881
90 33 47780
10 71 19755
55 42 34189
21 56 13829
3 18 10501
75 86 77331
29 49 75419
32 94 60948
50 49 9366
48 90 5701
89 88 22346
80 19 59019
13 18 21762
79 55 29946
78 98 37242
85 3 31391
82 15 21927
27 7 65520
13 14 37027
29 18 68143
29 44 27854
68 7 55817
56 22 966
84 26 49908
48 72 53013
8 89 4891
99 54 17109
7 38 9706
45 66 61169
53 22 38376
83 3 986
93 23 49683
99 85 67884
14 72 51507
98 39 90931
22 2 27896
22 93 12210
42 82 54909
72 55 38290
54 82 30820
24 87 46250
98 44 86829
56 52 69824
39 19 59468
15 50 39590
99 5 70789
31 91 52995
60 72 97427
17 1 32520
82 68 22814
68 38 38840
15 57 37916
38 56 10648
34 99 80812
50 35 70008
49 87 39716
84 43 55926
87 4 24068
92 22 61441
35 37 81953
43 21 93245
72 64 3091
52 46 84334
52 82 22795
17 65 47615
42 6 96649
50 93 11949
90 45 89255
80 43 48738
8 87 93883
65 17 8904
30 85 7208
75 93 5326
87 19 43192
90 84 42167
26 30 63337
60 35 54141
82 12 35179
75 83 59710
89 66 56910
60 26 82529
89 40 70968
69 3 42307
71 14 43061
67 20 45473
10 4 59486
61 100 2097
90 37 35624
18 13 79379
27 83 98584
35 54 40466
62 32 59500
13 46 1950
38 71 99613
78 64 78909
94 11 51484
1 60 4717
98 36 77048
3 52 42098
63 69 73960
92 4 77001
68 20 18282
79 50 20498
11 68 54752
6 16 49121
100 90 39930
100 76 94600
31 88 2517
94 80 61399
42 50 47735
23 85 53944
35 32 60077
62 93 98104
30 8 5563
97 57 81260
83 24 44503
88 98 60246
17 39 46711
60 50 89923
22 10 63458
88 23 81973
36 38 72742
1 29 63302
37 96 45934
82 44 61372
19 65 19019
35 99 91917
28 34 46984
75 16 44856
20 50 24598
69 92 35643
19 23 85988
29 88 32696
23 92 46809
68 87 32942
97 37 64413
67 12 21023
39 18 39092
33 20 15711
90 10 55009
93 55 87530
16 86 16901
10 45 68574
71 89 76113
51 7 68615
89 58 92597
47 97 4334
16 72 1188
57 20 6125
20 80 97285
42 89 61975
61 76 22439
40 10 89467
4 51 57087
10 79 24699
53 52 8325
46 44 53414
79 94 99451
50 38 13658
61 93 5866
63 47 69596
85 92 43415
60 18 98111
49 14 52517
26 83 95018
54 6 81998
11 10 44081
74 47 71729
16 95 32618
72 94 67553
27 20 28932
48 73 21365
58 14 50203
15 88 88617
74 59 63454
44 8 12236
87 77 730
30 28 38916
53 77 98248
97 99 6393
19 48 56805
73 13 26390
66 38 92980
60 55 67805
70 58 28443
37 93 79806
22 51 82839
52 71 9236
25 61 487
57 80 98485
32 53 69830
13 70 76688
80 99 78192
18 59 6204
84 70 5680
31 29 36879
29 9 36370
62 24 22326
85 47 52162
5 56 87663
98 34 33074
44 83 39483
68 37 46532
10 21 69484
12 75 73926
98 51 49132
78 55 7331
70 39 39804
65 58 19379
94 87 42257
58 59 68206
12 7 62671
85 69 37810
77 39 495
29 13 37643
57 81 54162
3 14 61365
10 14 74078
94 20 54013
56 63 91957
12 4 70460
76 100 23736
50 33 97626
11 16 95701
98 83 10688
94 27 86245
29 42 34429
89 41 78663
46 60 13574
90 25 91094
21 61 69762
63 73 41186
60 82 93066
57 20 52527
82 63 31010
78 93 18680
8 42 60162
71 82 6399
76 17 78439
11 34 69558
73 26 35151
4 10 59469
34 11 61725
33 65 64092
23 50 98965
55 7 5418
94 2 17023
36 65 27681
51 19 35596
93 35 80506
60 65 67040
24 51 42298
35 88 28175
75 98 42212
83 5 32678
89 2 11470
55 73 93615
32 7 76273
50 48 8225
38 6 55885
76 79 73575
2 48 44646
83 57 63792
47 85 98874
54 42 58352
52 25 3163
93 12 34863
79 25 38637
16 53 9259
1 35 7443
72 65 57666
11 90 53349
22 63 76816
87 68 69150
20 75 12827
79 78 71085
