78 360 10 247
47 294 118 93
43 81 86 280
168 22 242 164
129 312 37 246
75 276 190 340
187 321 320 25
252 238 353 244
238 191 97 24
174 160 168 254
307 265 206 73
31 277 89 207
178 83 292 256
329 202 291 223
204 223 194 310
139 120 155 339
256 291 249 126
215 187 323 340
114 162 154 15
155 357 188 325
341 240 78 253
7 308 176 32
339 2 44 285
17 276 238 150
180 335 47 253
355 320 289 293
355 303 28 327
273 216 48 328
168 157 212 64
97 74 308 211
296 318 217 143
120 325 197 72
288 322 109 312
192 328 141 301
278 13 37 270
281 217 279 78
322 263 187 20
249 313 227 154
9 299 32 68
332 274 21 358
207 161 238 4
6 196 154 282
138 251 116 22
179 9 225 265
273 338 119 93
276 179 358 281
203 132 39 228
271 320 46 283
136 85 135 113
222 143 68 34
29 231 117 111
324 189 309 167
47 138 23 30
308 183 100 156
0 276 318 29
88 359 246 272
333 65 172 272
308 365 336 139
107 222 153 109
292 274 250 256
135 46 241 147
81 100 275 303
48 225 306 153
270 114 254 261
16 29 56 339
268 47 342 199
239 37 279 154
170 18 135 324
139 51 62 338
185 287 73 262
124 353 92 176
307 58 75 91
97 184 340 116
9 201 179 233
113 201 273 159
186 100 229 259
258 59 181 141
85 237 345 188
64 191 242 174
243 170 60 64
255 326 30 125
188 222 166 143
57 223 3 24
350 314 90 194
14 296 112 330
314 2 118 115
279 347 119 236
244 59 222 147
52 183 52 144
289 280 61 96
70 302 158 198
253 301 184 339
89 189 18 53
236 193 229 151
353 50 298 244
61 132 17 228
166 326 151 305
332 178 339 161
13 203 271 167
363 89 54 70
294 348 304 60
307 214 101 134
82 141 151 46
341 232 25 272
276 6 358 146
67 341 229 289
343 165 329 162
22 287 197 283
305 286 66 357
7 198 42 126
49 105 87 232
24 95 269 123
76 221 232 334
168 73 237 139
136 14 24 207
181 102 359 330
51 137 103 206
253 299 192 307
164 91 219 66
46 188 46 64
51 265 179 191
158 229 330 173
138 53 82 98
275 355 289 156
204 161 36 126
-1 -1 -1 -1
