0 0 0 0
0 0 0 15
0 0 0 30
0 0 0 45
0 0 0 60
0 0 0 75
0 0 0 90
0 0 0 105
0 0 0 120
0 0 0 135
0 0 0 150
0 0 0 165
0 0 0 180
0 0 0 195
0 0 0 210
0 0 0 225
0 0 0 240
0 0 0 255
0 0 0 270
0 0 0 285
0 0 0 300
0 0 0 315
0 0 0 330
0 0 0 345
0 0 0 360
15 0 0 0
15 0 0 15
15 0 0 30
15 0 0 45
15 0 0 60
15 0 0 75
15 0 0 90
15 0 0 105
15 0 0 120
15 0 0 135
15 0 0 150
15 0 0 165
15 0 0 180
15 0 0 195
15 0 0 210
15 0 0 225
15 0 0 240
15 0 0 255
15 0 0 270
15 0 0 285
15 0 0 300
15 0 0 315
15 0 0 330
15 0 0 345
15 0 0 360
30 0 0 0
30 0 0 15
30 0 0 30
30 0 0 45
30 0 0 60
30 0 0 75
30 0 0 90
30 0 0 105
30 0 0 120
30 0 0 135
30 0 0 150
30 0 0 165
30 0 0 180
30 0 0 195
30 0 0 210
30 0 0 225
30 0 0 240
30 0 0 255
30 0 0 270
30 0 0 285
30 0 0 300
30 0 0 315
30 0 0 330
30 0 0 345
30 0 0 360
45 0 0 0
45 0 0 15
45 0 0 30
45 0 0 45
45 0 0 60
45 0 0 75
45 0 0 90
45 0 0 105
45 0 0 120
45 0 0 135
45 0 0 150
45 0 0 165
45 0 0 180
45 0 0 195
45 0 0 210
45 0 0 225
45 0 0 240
45 0 0 255
45 0 0 270
45 0 0 285
45 0 0 300
45 0 0 315
45 0 0 330
45 0 0 345
45 0 0 360
60 0 0 0
60 0 0 15
60 0 0 30
60 0 0 45
60 0 0 60
60 0 0 75
60 0 0 90
60 0 0 105
60 0 0 120
60 0 0 135
60 0 0 150
60 0 0 165
60 0 0 180
60 0 0 195
60 0 0 210
60 0 0 225
60 0 0 240
60 0 0 255
60 0 0 270
60 0 0 285
60 0 0 300
60 0 0 315
60 0 0 330
60 0 0 345
60 0 0 360
75 0 0 0
75 0 0 15
75 0 0 30
75 0 0 45
75 0 0 60
75 0 0 75
75 0 0 90
75 0 0 105
75 0 0 120
75 0 0 135
75 0 0 150
75 0 0 165
75 0 0 180
75 0 0 195
75 0 0 210
75 0 0 225
75 0 0 240
75 0 0 255
75 0 0 270
75 0 0 285
75 0 0 300
75 0 0 315
75 0 0 330
75 0 0 345
75 0 0 360
90 0 0 0
90 0 0 15
90 0 0 30
90 0 0 45
90 0 0 60
90 0 0 75
90 0 0 90
90 0 0 105
90 0 0 120
90 0 0 135
90 0 0 150
90 0 0 165
90 0 0 180
90 0 0 195
90 0 0 210
90 0 0 225
90 0 0 240
90 0 0 255
90 0 0 270
90 0 0 285
90 0 0 300
90 0 0 315
90 0 0 330
90 0 0 345
90 0 0 360
-1 -1 -1 -1
