0 0 0 0
0 0 0 15
0 0 0 30
0 0 0 45
0 0 0 60
0 0 0 75
0 0 0 90
0 0 0 105
0 0 0 120
0 0 0 135
0 0 0 150
0 0 0 165
0 0 0 180
0 0 0 195
0 0 0 210
0 0 0 225
0 0 0 240
0 0 0 255
0 0 0 270
0 0 0 285
0 0 0 300
0 0 0 315
0 0 0 330
0 0 0 345
0 0 0 360
0 15 0 0
0 15 0 15
0 15 0 30
0 15 0 45
0 15 0 60
0 15 0 75
0 15 0 90
0 15 0 105
0 15 0 120
0 15 0 135
0 15 0 150
0 15 0 165
0 15 0 180
0 15 0 195
0 15 0 210
0 15 0 225
0 15 0 240
0 15 0 255
0 15 0 270
0 15 0 285
0 15 0 300
0 15 0 315
0 15 0 330
0 15 0 345
0 15 0 360
0 30 0 0
0 30 0 15
0 30 0 30
0 30 0 45
0 30 0 60
0 30 0 75
0 30 0 90
0 30 0 105
0 30 0 120
0 30 0 135
0 30 0 150
0 30 0 165
0 30 0 180
0 30 0 195
0 30 0 210
0 30 0 225
0 30 0 240
0 30 0 255
0 30 0 270
0 30 0 285
0 30 0 300
0 30 0 315
0 30 0 330
0 30 0 345
0 30 0 360
0 45 0 0
0 45 0 15
0 45 0 30
0 45 0 45
0 45 0 60
0 45 0 75
0 45 0 90
0 45 0 105
0 45 0 120
0 45 0 135
0 45 0 150
0 45 0 165
0 45 0 180
0 45 0 195
0 45 0 210
0 45 0 225
0 45 0 240
0 45 0 255
0 45 0 270
0 45 0 285
0 45 0 300
0 45 0 315
0 45 0 330
0 45 0 345
0 45 0 360
0 60 0 0
0 60 0 15
0 60 0 30
0 60 0 45
0 60 0 60
0 60 0 75
0 60 0 90
0 60 0 105
0 60 0 120
0 60 0 135
0 60 0 150
0 60 0 165
0 60 0 180
0 60 0 195
0 60 0 210
0 60 0 225
0 60 0 240
0 60 0 255
0 60 0 270
0 60 0 285
0 60 0 300
0 60 0 315
0 60 0 330
0 60 0 345
0 60 0 360
0 75 0 0
0 75 0 15
0 75 0 30
0 75 0 45
0 75 0 60
0 75 0 75
0 75 0 90
0 75 0 105
0 75 0 120
0 75 0 135
0 75 0 150
0 75 0 165
0 75 0 180
0 75 0 195
0 75 0 210
0 75 0 225
0 75 0 240
0 75 0 255
0 75 0 270
0 75 0 285
0 75 0 300
0 75 0 315
0 75 0 330
0 75 0 345
0 75 0 360
-1 -1 -1 -1
