0 0 90 0
0 0 90 15
0 0 90 30
0 0 90 45
0 0 90 60
0 0 90 75
0 0 90 90
0 0 90 105
0 0 90 120
0 0 90 135
0 0 90 150
0 0 90 165
0 0 90 180
0 0 90 195
0 0 90 210
0 0 90 225
0 0 90 240
0 0 90 255
0 0 90 270
0 0 90 285
0 0 90 300
0 0 90 315
0 0 90 330
0 0 90 345
0 0 90 360
0 0 105 0
0 0 105 15
0 0 105 30
0 0 105 45
0 0 105 60
0 0 105 75
0 0 105 90
0 0 105 105
0 0 105 120
0 0 105 135
0 0 105 150
0 0 105 165
0 0 105 180
0 0 105 195
0 0 105 210
0 0 105 225
0 0 105 240
0 0 105 255
0 0 105 270
0 0 105 285
0 0 105 300
0 0 105 315
0 0 105 330
0 0 105 345
0 0 105 360
0 0 120 0
0 0 120 15
0 0 120 30
0 0 120 45
0 0 120 60
0 0 120 75
0 0 120 90
0 0 120 105
0 0 120 120
0 0 120 135
0 0 120 150
0 0 120 165
0 0 120 180
0 0 120 195
0 0 120 210
0 0 120 225
0 0 120 240
0 0 120 255
0 0 120 270
0 0 120 285
0 0 120 300
0 0 120 315
0 0 120 330
0 0 120 345
0 0 120 360
0 0 135 0
0 0 135 15
0 0 135 30
0 0 135 45
0 0 135 60
0 0 135 75
0 0 135 90
0 0 135 105
0 0 135 120
0 0 135 135
0 0 135 150
0 0 135 165
0 0 135 180
0 0 135 195
0 0 135 210
0 0 135 225
0 0 135 240
0 0 135 255
0 0 135 270
0 0 135 285
0 0 135 300
0 0 135 315
0 0 135 330
0 0 135 345
0 0 135 360
0 0 150 0
0 0 150 15
0 0 150 30
0 0 150 45
0 0 150 60
0 0 150 75
0 0 150 90
0 0 150 105
0 0 150 120
0 0 150 135
0 0 150 150
0 0 150 165
0 0 150 180
0 0 150 195
0 0 150 210
0 0 150 225
0 0 150 240
0 0 150 255
0 0 150 270
0 0 150 285
0 0 150 300
0 0 150 315
0 0 150 330
0 0 150 345
0 0 150 360
0 0 165 0
0 0 165 15
0 0 165 30
0 0 165 45
0 0 165 60
0 0 165 75
0 0 165 90
0 0 165 105
0 0 165 120
0 0 165 135
0 0 165 150
0 0 165 165
0 0 165 180
0 0 165 195
0 0 165 210
0 0 165 225
0 0 165 240
0 0 165 255
0 0 165 270
0 0 165 285
0 0 165 300
0 0 165 315
0 0 165 330
0 0 165 345
0 0 165 360
-1 -1 -1 -1
