119 173 91 333
119 106 16 172
264 233 192 160
25 145 12 94
191 202 148 56
122 291 78 116
301 292 84 24
273 11 124 65
227 49 190 201
175 32 41 194
293 224 192 115
288 225 106 73
5 33 101 279
16 261 166 133
62 180 101 166
218 12 341 119
259 303 303 248
148 41 37 123
340 42 211 1
109 161 105 326
221 249 248 167
364 264 168 121
141 362 140 258
311 285 183 59
332 52 152 355
200 226 256 277
197 336 15 256
177 324 237 130
142 306 25 210
348 8 81 155
115 78 308 356
325 192 76 278
30 185 179 351
365 343 121 126
151 207 49 170
61 161 51 259
102 111 170 138
94 3 21 4
53 99 137 82
32 364 325 104
95 22 82 15
326 319 30 272
56 97 35 275
318 224 243 85
23 227 245 341
141 180 327 202
325 41 54 319
195 172 64 219
320 264 257 27
351 113 92 109
87 234 28 344
63 355 360 305
304 226 210 106
116 110 339 269
161 337 129 265
109 278 305 262
261 68 206 89
188 27 339 355
138 356 262 270
237 186 344 211
346 311 163 132
60 120 177 102
162 52 10 166
17 253 114 81
291 316 279 45
335 198 273 132
82 121 208 285
210 303 39 229
243 64 211 337
222 349 61 239
158 166 281 241
202 15 113 142
200 193 297 80
67 227 74 254
240 199 249 33
83 193 95 134
215 232 42 223
144 207 87 134
82 310 28 291
43 67 270 238
76 224 222 329
287 88 317 127
352 105 177 34
342 63 159 272
221 40 277 212
118 34 62 247
363 32 327 262
79 164 63 196
117 141 23 165
310 271 212 122
72 324 179 220
71 142 105 147
327 93 211 267
304 345 60 321
92 67 46 244
94 86 145 268
281 132 1 182
219 46 332 302
275 357 365 280
15 103 72 200
18 357 56 343
133 25 208 349
298 316 42 105
131 326 144 204
115 108 82 237
294 303 10 54
333 182 339 67
7 12 295 49
347 324 8 345
193 158 188 17
112 81 259 223
230 307 150 178
350 288 154 284
123 124 336 72
259 39 186 139
315 285 332 59
107 354 38 326
168 1 275 339
259 195 65 23
300 187 111 228
35 31 312 275
23 211 81 204
196 279 176 56
299 68 177 306
219 317 321 283
-1 -1 -1 -1
