101 58 342 280
303 27 38 244
26 4 28 333
286 358 134 95
101 179 39 128
58 86 63 342
28 215 195 18
160 72 97 299
319 343 291 38
165 48 97 342
182 174 136 19
5 7 295 227
140 175 271 95
224 186 27 287
313 303 49 91
124 155 190 124
319 228 27 255
140 234 240 98
39 279 206 191
215 316 289 33
26 363 43 65
9 65 334 172
363 236 342 263
81 117 64 5
29 303 262 243
262 161 98 316
308 330 17 331
220 320 60 182
80 59 345 201
87 275 3 263
314 323 291 94
39 79 211 183
142 97 198 259
333 66 249 336
335 31 251 77
213 103 305 291
312 102 56 195
318 26 289 100
354 200 169 162
184 281 90 170
4 98 240 356
147 177 44 258
268 242 36 16
9 65 126 155
92 288 183 216
59 158 251 299
35 316 353 205
156 185 82 19
89 318 190 262
42 116 123 166
139 30 97 333
146 41 280 282
116 259 54 331
269 191 280 62
59 11 79 75
289 148 224 177
257 69 151 208
325 184 241 338
50 175 355 9
198 157 103 301
290 294 8 352
234 134 228 17
126 195 154 82
349 112 55 362
226 362 158 126
192 312 174 326
8 33 326 314
140 149 50 19
360 343 145 180
329 160 356 104
354 347 219 278
86 336 40 102
347 86 182 81
97 162 106 248
266 307 146 64
63 110 56 344
358 198 132 197
12 199 234 248
30 177 239 248
167 144 318 220
144 172 342 208
138 126 71 28
244 79 316 169
259 40 78 358
199 292 131 116
171 347 332 182
348 357 89 53
127 278 123 275
288 145 282 193
163 177 118 329
171 148 302 17
257 300 113 266
237 166 45 328
24 91 285 55
204 348 334 212
24 135 196 344
82 318 163 5
224 239 149 8
327 98 281 158
111 100 8 63
168 152 269 211
69 157 86 341
208 182 201 41
101 205 220 361
176 309 79 265
361 36 84 296
184 263 169 352
229 262 166 329
322 102 230 334
231 171 142 270
114 169 101 88
28 3 72 88
20 354 57 47
192 318 249 209
364 322 352 85
275 285 301 161
177 76 19 84
232 28 142 345
142 264 227 64
1 111 13 347
218 187 59 322
98 172 91 103
121 357 78 199
267 351 170 148
17 20 200 61
-1 -1 -1 -1
