10
100
87 2796 -4359
14 4617 3016
28 3698 4434
10 1598 -217
66 -4044 -3542
29 1786 241
84 -1327 -1350
27 1908 -3702
23 647 -2526
7 -3781 -3210
12 3571 1741
99 -337 4644
46 -917 2161
97 -3955 -3896
50 2218 2802
54 4814 2933
3 95 -4040
66 -408 -4215
24 -4216 2400
38 -2630 -4956
74 -1207 -4027
86 -2896 -2478
67 -3953 -1305
12 1825 -3416
66 1250 2817
28 2697 -2491
77 4021 4673
60 -3933 -3743
77 -1617 407
49 -1369 212
6 -3210 -4118
38 -4469 4796
85 50 -1481
68 -406 -4334
52 -1041 -3283
67 -769 -4681
25 -943 3883
29 2441 -4696
12 -2120 -3472
43 -854 -2270
71 -1131 649
56 2318 -3493
27 1682 -1054
63 3961 3975
72 -1883 1242
73 1234 -4851
32 4786 -4749
26 -2156 -1092
95 596 409
80 2778 2224
65 1805 1348
39 2319 -1513
100 633 3039
79 -958 -4189
34 2645 -4400
77 114 -1456
12 -4259 -2530
12 -1017 1654
94 -1373 -4262
12 1460 -2002
72 1979 -212
46 458 -2320
95 309 -2535
33 2366 4187
18 4707 2530
51 1747 -4924
9 -406 1265
77 1023 -2999
82 -4000 3908
66 -3485 -3216
72 4476 -2094
43 -3829 -2230
64 -3524 4195
16 -1969 -2874
81 -3123 -1306
98 1448 4667
60 -4256 -2303
69 -663 -882
44 4693 -1546
60 -2789 -2783
20 -2624 -4732
52 -1392 -836
33 188 1965
43 -2128 -4505
89 3206 -4834
91 3434 2926
51 -925 -3727
57 -3752 1686
51 -3730 -1558
44 -400 -2390
20 -4616 4510
77 2791 -3162
27 -2365 -1797
77 4090 -4314
84 -358 4741
64 -4802 4757
60 3209 4626
75 -2740 -2105
20 -2822 3461
55 4758 4982
100
9 -2070 4910
55 1312 1806
0 -3149 3880
63 -3715 12
88 4500 4056
43 4309 -4096
78 -4069 4160
76 2629 -4681
82 -1933 -4354
100 -3592 -1114
64 -1334 -2574
50 -1542 -4194
96 -2132 4511
21 1842 -2027
92 -1445 -1901
57 755 -2307
8 458 -440
20 2433 -3010
37 1586 4850
54 -2947 4577
88 -1523 3390
80 -3382 -2872
83 732 -3755
95 -4108 -3533
83 -3824 3293
20 4047 -3059
41 -4243 3848
56 1170 -1422
54 3977 -353
4 -1603 4675
36 -2922 82
10 -3892 1284
9 -1177 -3232
39 3832 -3283
11 806 -2839
56 2602 766
42 -4041 4065
23 -2886 4625
85 -588 -1783
79 3127 -3598
99 -441 1786
50 -3495 699
67 4681 -2271
53 -1367 -1895
93 -1281 2773
5 -4985 2850
25 4483 4990
24 2818 274
90 1933 -3993
41 -4880 -2967
51 2760 4314
16 856 2346
59 -2783 -446
37 959 329
72 -632 1431
33 -3823 4140
10 2953 -263
54 81 2302
23 4262 -232
37 1699 3210
89 -883 4786
23 -2035 3263
1 4616 2064
51 -1366 -1891
2 -4514 -4670
5 -4765 -1230
40 -3218 1007
64 -4103 -4326
29 -2453 405
80 4020 -1024
44 1679 665
71 -4618 3030
26 292 476
60 -3230 -4443
72 1515 -71
26 -2015 1340
76 -4206 2571
27 1209 -1941
50 -660 2037
100 -3435 4140
72 1703 1955
36 -2499 -3160
52 894 -1806
38 4721 -4393
90 3795 2060
3 1317 -4299
54 -2990 -3589
12 4184 -1640
10 4455 2647
39 -3897 -2624
92 3709 -274
39 -3065 2773
84 -4515 -3182
37 -2379 -2892
63 -2793 -4425
51 -4521 -473
18 3095 3484
81 -856 -24
93 -2911 3680
33 -3245 -1369
100
65 -4824 4380
74 -2388 4710
16 -186 2696
86 -1973 -3974
58 -2367 -4116
56 -421 3677
48 3654 -3790
63 -3431 3758
33 1405 -3989
89 -418 -3767
89 3823 -3359
32 1314 -2395
48 -2257 -2574
37 -1952 3874
36 3389 563
15 4449 1537
32 1498 -1610
11 -3068 3491
57 3171 2763
46 -4432 1201
15 1 4175
95 -2582 -3012
43 -1013 -2974
85 -1464 -356
30 -3615 -4056
0 1261 2490
59 523 943
22 4907 -212
53 1356 4551
36 576 1557
45 -247 -4939
69 -1041 4557
12 3975 -354
12 -679 -2358
97 224 -2034
6 3741 -2986
27 86 2611
93 -2994 -1045
52 -2541 998
83 -2359 1862
58 4311 316
27 -161 -2700
39 -4190 2059
42 4275 -4685
74 2557 110
68 3859 4815
13 2283 -3966
49 4575 32
85 -2705 3911
30 -4106 -2149
44 -4380 -3779
48 -4430 -2322
98 -1024 2442
98 1794 2409
76 694 3819
11 -3106 -2779
77 -3968 1947
92 -1139 1288
20 -4276 2655
44 -4161 -4990
38 3874 -1110
13 -221 -4351
85 -868 38
21 565 -3373
62 1056 -2252
39 -1643 4725
15 -2427 -2942
58 -1372 -1135
74 685 -4936
24 2514 38
94 -3302 3100
85 -4038 -4050
0 -4743 598
87 4995 -445
75 -4721 -3224
12 -2224 4864
14 -2982 4735
44 -2740 -1671
64 -4670 -4694
41 1140 3085
46 2905 3576
78 1297 2999
81 3147 -3318
95 -4379 -2553
51 -3637 -2929
93 -3305 -1408
27 -4233 1731
59 -4400 2697
20 1698 -269
91 -755 -4554
35 3298 2129
65 -3222 4259
89 -3980 -4402
68 2857 -859
82 -236 -422
89 -4402 1811
49 -2790 -4651
20 4470 -2561
62 -2451 -2515
29 -1624 789
100
17 -3637 -4685
47 -3506 -745
66 2548 3563
26 -4973 -2659
13 -3030 1554
87 -4156 1359
33 4924 -2093
70 2031 -1517
74 -2402 4763
62 1973 -3242
35 3849 -382
55 -1082 2638
89 3729 224
95 2319 -4020
24 -1662 -727
93 -1567 2036
22 -21 -3578
98 977 776
46 1319 4000
46 -1946 1521
25 -3968 -680
60 708 -4723
75 -3547 -3989
72 -1420 166
52 -2936 -3031
12 3914 -1863
20 3591 -2037
30 -3183 -1900
55 -4787 1466
40 -3738 -4369
18 4096 920
53 3794 2169
0 -4181 -1987
72 4571 -1851
32 -1945 -3252
80 -2932 -4389
64 323 -1465
29 2024 -560
84 -3229 3331
60 4074 -4188
49 -1936 -372
6 4180 -2802
1 2103 753
30 4191 -35
29 4382 4583
83 1446 3909
24 4800 516
38 2910 -4083
65 3240 -2408
30 -4041 -421
95 4636 1643
76 856 -2605
61 -3566 3091
67 -4069 -4379
52 -2275 -3194
32 -4475 3843
59 -3658 -4890
44 -1555 -4812
8 4431 -2753
47 1254 4510
44 1523 3001
6 -2662 1981
56 -2281 -1272
55 809 1494
61 4418 -4532
92 993 249
67 -3555 -4137
97 -1411 -3104
77 3707 -3522
21 -1816 589
45 -1669 1247
15 4360 1130
57 -2215 3033
59 -1311 -2342
95 1766 -3424
34 1975 1824
56 -4071 4197
10 -1057 -4969
32 -1140 3857
29 4773 -4566
28 -3143 -3588
23 4355 366
18 -656 1756
27 4879 585
98 3983 4075
99 2602 2453
45 2371 -4982
24 -4058 -4494
19 3255 2554
58 -1125 -3473
24 -3725 -4433
5 4677 -1687
72 4577 3677
60 -2611 2002
95 1640 4744
42 470 -4270
72 -3477 2571
47 -297 2762
71 2812 -876
42 -705 -2716
100
81 -805 -1795
2 588 4430
25 -4628 3392
19 -2606 591
57 4496 4651
44 -1690 -4638
38 3613 2727
70 -3980 -1231
59 4186 -2733
52 1153 -2339
92 -1056 -327
69 397 -1197
54 2679 -4245
90 -1429 491
74 -2455 -790
40 4193 -3158
76 -2720 4888
38 1721 1814
7 2205 -226
66 1582 2779
35 -4429 -1121
54 92 -4095
2 -2245 -1165
0 -3945 574
7 -734 3403
93 -3354 -3194
58 -4356 -4113
32 -1057 2646
17 396 -897
90 4343 2113
15 2430 -1942
43 -4071 -2272
18 843 -1106
96 -2260 3420
37 -4243 4590
64 -3361 3290
28 3230 -1575
3 4474 -4947
61 4132 926
54 -3952 -393
73 -1352 -2888
58 4966 173
37 -1037 3572
3 2975 -47
95 2617 1691
91 3480 -1782
44 4913 -2273
14 -87 1245
41 3068 -3965
57 -2400 -1888
98 -2700 2668
54 3782 694
92 -1647 -3140
68 -4392 755
74 -3393 1811
58 -3069 3379
22 2460 -3859
75 1420 -2432
49 -3924 2612
82 -2482 1258
31 4365 -2574
55 -57 3941
39 2442 3043
1 -4332 1898
78 -3614 1608
25 -3008 -4385
86 1768 -2335
42 -3161 195
100 4619 1499
47 1076 2387
55 3379 668
38 4354 -3063
62 -1972 -596
74 -2188 -3457
8 1085 4250
45 -879 -854
7 -1352 -970
54 -4655 -3438
26 63 497
83 -3652 -1172
37 2844 -2397
66 -2137 3049
22 1521 -550
43 -1003 -3845
37 -2198 -3687
84 4167 4956
23 1815 -2970
82 3745 -2927
59 -2521 -726
26 3033 1065
86 -3538 1232
73 2603 4151
39 2360 331
24 -3232 -4128
7 -2601 -3307
94 -4506 4491
18 -4456 1764
83 3471 1902
21 3316 4065
93 3394 -3086
100
25 -642 -4711
97 -3827 -530
56 -110 -2469
92 -4637 -2847
92 -2515 2168
94 -4028 -883
78 -3194 1170
43 -4962 -409
20 3883 4083
25 4592 -548
98 -3749 -2135
49 4852 -3282
25 4551 -2432
21 -2091 3932
21 4218 -4431
81 4339 -990
73 181 -2514
65 -4095 4373
51 395 -2427
34 -4486 -4208
92 4092 -230
100 1651 -3095
8 -340 523
11 -2579 4083
23 -4398 -2350
46 -3526 -793
42 2031 473
98 -4407 1227
44 -2745 -2871
80 -1613 -1230
87 265 469
14 -407 2000
83 2047 2716
91 4749 3155
97 -1463 401
26 -1158 -3402
16 -3068 4083
31 -2034 4764
80 -2426 2422
3 4811 -3631
94 -4037 4667
17 -3125 -1664
49 4141 -4817
53 -2792 -773
68 -4650 1794
59 1987 895
83 1305 633
38 968 -4557
22 -949 -2332
67 3421 -1450
37 611 -167
36 -1083 4697
38 4051 -282
43 -4782 -2474
19 2316 3421
27 4156 3991
71 -3546 -4816
86 -2355 4468
61 -2599 -3609
68 -2347 1619
89 -3100 -3873
48 722 2770
15 -3729 4950
99 -4461 -2429
99 -3721 2667
68 1484 1213
94 -2864 -4057
15 2223 3712
31 4424 3413
97 3930 -1274
82 -3067 -4212
39 2114 1966
71 3664 -2667
45 -757 -1659
86 3500 -4421
92 2241 -1701
41 -3919 -1502
9 -647 2443
56 -3052 -3287
12 3469 118
2 4643 2883
82 708 4550
32 -2937 -952
0 443 4434
45 2787 -3675
82 528 -1797
9 3800 2558
33 -3728 -1316
49 4569 -2532
21 -1439 4159
68 3053 -234
45 2096 3433
17 -3686 -465
100 -1692 3287
2 -3985 2508
48 1993 -3004
67 2318 -2
6 -2015 -1070
30 -4625 1365
67 2747 2423
100
64 -1694 3543
1 -3760 -925
43 1147 -1251
59 -1494 -3720
88 3057 4601
93 -1560 1043
92 -190 -3436
23 -2490 3062
26 -2129 -4521
36 -4657 1607
67 -891 4507
70 -3991 -1500
53 -3818 -4879
3 4222 350
100 1759 2698
98 2546 4981
77 485 -849
89 -3388 2574
18 39 4725
8 658 -2391
93 -4794 543
2 -2803 1696
16 2099 3696
92 852 -1769
67 2079 -2288
7 3987 -4695
76 735 3375
2 2065 -2788
87 2187 -626
30 2789 -4726
6 -2417 -4509
3 -1916 451
56 -2166 -4256
81 1655 2251
27 273 177
72 667 1077
59 -1417 -3968
74 906 3
25 422 2356
38 3775 -796
15 -2776 3962
52 -1396 -212
46 -1533 -2827
26 3412 -2701
52 -3204 648
40 -2653 373
86 -3116 -2887
46 -3580 -968
54 1008 1181
76 -1419 1576
34 -2016 -3589
15 3784 -2379
29 1987 -817
90 2922 -1987
64 3363 123
41 4585 -4173
89 1691 1674
68 -3322 -3361
55 1624 3639
71 -3243 -4671
57 1815 -1342
74 -1407 -4338
2 -4506 2152
50 -4283 -3460
9 1479 -3592
20 -824 -3548
90 -4611 1407
93 397 -4465
13 -2487 1617
44 1705 -2003
52 4561 1553
44 1604 3437
93 2630 1986
93 -1670 -3247
73 -2202 336
39 -2681 -3204
58 -3092 1695
13 2090 -3436
92 -740 -3605
22 4760 -1387
15 -2563 -555
44 396 4512
77 -4387 3800
52 13 218
79 3064 -330
92 4800 4961
47 4773 -4000
16 2693 -2937
22 4631 -2443
69 -1388 3473
21 -3566 1851
44 -3347 -4132
95 4425 4450
2 -2213 4726
53 1021 -4275
22 787 2154
84 -3070 -1256
26 -3349 -3447
31 -1400 705
91 1849 -995
100
95 4416 1156
30 1132 1480
68 1625 3300
95 4766 3497
25 -2674 -1753
55 -2977 -3201
1 -4635 -4524
18 2793 216
5 -1921 1999
15 1229 1778
1 4817 3497
38 -3769 -1533
41 -701 1634
31 1025 -4785
75 3621 4468
30 -1178 -161
30 4958 4252
53 -1177 -862
16 4434 -2873
58 -3918 3802
38 2363 -1686
47 -202 3752
89 -522 -971
94 -2545 -4778
71 -1158 -2377
35 -309 -919
35 -2051 -3334
98 -4520 3621
53 1090 2150
23 4168 -816
1 -4197 493
75 -2937 2711
3 -2237 -2351
29 -3588 1661
35 -4345 1749
45 -1468 -4624
26 -1765 3793
59 4964 -179
8 -2310 2073
98 1714 2654
85 3628 -3202
52 3394 -1912
13 -4807 3611
33 1000 -103
29 3643 -2215
10 2748 -3044
42 -2432 -4313
42 -723 -2740
8 -2979 -553
67 679 825
93 2320 4312
83 4391 1700
92 -2738 -4144
18 -3676 -676
64 -4982 2043
1 -4475 -4506
6 3954 2248
52 3323 1792
24 4700 1511
52 -3749 -2778
80 80 77
46 -3801 2114
99 -4388 124
20 429 2517
33 -2213 -4399
96 -3839 659
87 867 -101
100 4143 1627
9 -1277 4793
17 -1487 4084
42 -4916 -1770
21 3851 2149
36 780 4535
30 2450 2318
49 3902 777
23 -3725 -4767
35 -4339 -4172
47 -1612 -3536
58 2966 4424
3 -1671 -3799
75 -3028 -2255
5 -2553 -483
77 -1416 -22
35 -4003 4669
12 -776 608
91 4822 2100
11 -584 -4234
46 -3193 2355
1 -2984 -563
0 -911 2370
32 -124 -3732
10 -2780 3027
0 3699 -606
34 4991 -4058
97 3205 1414
86 -1307 1695
13 -4145 -4517
99 1459 -4653
82 -2186 1296
19 -123 288
100
6 4142 -3002
76 110 -2084
73 1651 1748
86 4091 3079
6 -3178 -2081
84 885 -565
44 -3674 2347
85 4161 2290
16 -240 506
55 -382 2674
64 -881 1808
56 3587 -515
70 4292 3138
90 1440 -3306
28 787 1559
95 779 -2356
30 -3709 -3584
8 2467 -3175
21 -1018 -3539
72 2363 1655
83 -4651 -3729
56 -137 2312
75 1180 4096
1 2316 -2330
63 -3500 3791
63 569 -1435
31 -2452 -2429
53 -746 3693
97 -1064 4807
75 -2454 -3723
34 -4474 26
14 -2784 425
47 -3707 -415
88 4434 2476
90 -3016 2892
87 -326 -5
68 -893 3936
17 -3582 -841
61 795 3448
55 2105 -4556
45 -2131 2756
27 3119 -3717
77 -877 3128
81 3938 2883
74 -404 -1648
64 3595 -2482
73 2823 -2971
0 -2647 -3413
93 1252 -4982
5 2517 1075
54 -3410 -2678
94 1147 2185
66 1872 -1435
24 2675 -439
4 2027 397
11 -1334 -2267
6 -518 379
100 -963 -986
87 -4133 -1270
85 -903 3831
30 -1474 4286
78 -643 -1248
98 -3395 -3742
52 1912 -2340
35 -3808 4080
73 -4986 1757
88 -2767 548
26 -1503 -2375
28 586 2769
21 931 3196
86 -2492 -4711
13 -4781 -2673
95 59 328
93 -1119 -3645
45 -2902 -1099
22 -2770 4032
87 1869 389
31 -2691 -870
35 -2930 -4019
82 3071 -1519
32 -3882 4966
10 -1230 -1975
50 1671 1235
18 -1074 -3695
6 -430 3639
67 4253 -1490
85 2171 -3351
62 438 -870
41 -2674 319
91 -2957 -3614
80 873 260
69 -4140 -699
85 -2744 -3865
62 -4010 1756
39 -639 -2064
35 2915 339
19 4070 -1171
53 1458 -1882
63 1271 -1164
48 -1961 2568
100
76 2580 3338
85 3230 4159
62 1305 -378
35 2887 1595
55 1155 -3904
28 -4256 -751
12 2653 3810
56 -4641 -4787
4 1854 -3320
65 -4319 2357
25 2238 246
38 -3210 4103
70 -657 -4534
88 -1661 3683
96 840 -4751
67 -2339 4855
69 -206 -2451
74 -4513 -1697
52 4307 2109
46 2233 -1205
78 2232 961
32 83 -4624
32 -2627 -3846
63 1234 3007
67 -2177 -3157
5 -997 723
81 1212 -3685
38 -1013 -3868
5 -3392 -1632
46 2846 -1552
50 -2702 3270
48 900 -3934
79 937 -3932
85 -3716 3883
15 -2799 -4025
63 -4002 -4304
17 2428 820
91 -2442 -4770
68 -814 3926
77 878 4418
90 1432 1698
52 430 -4459
90 -2783 506
5 -3899 -3053
11 -1401 2544
91 -3888 -3110
69 -4421 -1124
40 -3873 2243
83 3961 -4912
19 -3041 -3773
66 3003 4881
90 2922 1922
45 4543 -3525
9 3124 -4791
58 -2639 2866
61 3096 4189
20 -1478 -3904
4 -1419 -4166
40 -3020 -1267
68 -3448 -4567
61 -299 4047
32 -4590 3538
29 4539 -944
45 2032 3998
98 2640 -1578
22 -1707 -1050
86 -2378 -4508
75 4175 2567
31 1599 -2389
86 1481 -3679
3 3890 -2216
19 -4078 439
66 2547 -1351
81 -1493 2402
48 -4466 -4785
20 101 -4626
80 -4761 -1584
56 288 -3450
9 87 3020
19 -4548 1357
28 -3682 -4681
35 -3817 -142
0 235 3612
36 -4351 1958
13 -644 -3851
90 -4480 1781
16 -2308 -1756
81 -3856 -4969
12 4946 -4912
65 2907 956
36 4435 -2468
5 4608 -4807
64 -1538 2340
13 4853 1477
26 2168 -4437
28 -188 -4812
62 4738 -4472
73 -3920 -376
81 -1441 -2907
66 3011 -1066
