400 40 1000
188 201 3787
43 69 8218
140 211 21796
170 323 45706
198 313 34181
56 277 66677
65 195 39367
77 194 35535
287 389 30545
194 349 46710
213 369 46646
146 383 71325
185 341 46571
19 206 57256
289 337 14329
273 347 22137
225 284 17167
112 114 591
44 200 47581
75 358 85433
294 362 20766
113 162 15170
58 381 97020
28 236 64112
223 324 29543
303 345 13091
126 351 68228
136 285 44945
90 285 58825
107 274 50863
290 305 4144
307 346 12243
213 357 43190
22 190 51378
138 343 61788
56 99 12826
234 275 11930
295 387 27797
85 136 15199
119 393 82594
24 260 72013
5 14 3132
66 246 54855
153 381 68244
54 394 102023
249 255 1857
47 270 67751
7 231 68912
170 389 65610
9 126 35590
176 223 14612
160 353 58175
272 359 26019
148 213 19973
168 347 53825
130 170 12346
271 373 30256
273 299 7227
97 395 89560
226 310 24223
81 349 80897
231 364 39306
226 237 3397
155 272 35387
279 333 15850
168 314 43457
231 347 34332
1 125 37813
256 344 25983
84 168 25471
326 389 18927
187 264 23271
171 199 8442
145 195 15370
70 256 56561
13 367 107060
50 58 2521
309 317 2481
24 71 14745
209 245 11024
158 307 44317
249 327 22761
222 332 32186
41 57 5306
130 281 45693
136 202 20171
333 335 593
116 300 55344
90 316 67897
131 204 22594
60 89 8544
46 400 106556
19 388 111372
52 252 60878
29 390 109379
32 358 99014
252 267 4414
25 133 32973
212 308 28197
71 183 33871
117 186 21373
10 100 27486
65 189 37646
53 63 2985
67 140 22005
111 183 22174
58 97 11453
10 145 41004
28 213 56896
73 208 41222
262 339 22380
158 262 31706
17 310 88260
222 354 39395
207 338 38874
310 387 23426
49 294 73666
44 301 77436
184 331 43746
138 233 29391
12 340 98968
236 344 31926
50 207 47744
89 329 72191
209 350 42154
52 380 98644
190 385 58299
162 348 56041
154 303 44394
297 354 17628
102 264 49431
11 358 105041
48 157 33251
24 133 33251
116 342 68158
193 340 43777
308 321 4001
335 349 4727
360 393 9498
76 396 96123
132 151 5943
143 347 61608
136 372 71058
107 220 34800
159 200 12378
73 98 7509
264 340 22183
224 322 28581
334 397 18808
41 385 104000
186 191 1406
311 351 12726
250 335 24750
334 337 906
24 50 8279
11 222 64609
17 322 91999
51 188 41726
107 188 24905
152 300 44140
26 166 43124
10 243 71267
56 85 8711
241 255 4090
242 367 36962
53 127 22115
80 286 62093
108 138 9089
241 394 45007
250 366 34316
107 357 75596
368 398 8664
165 323 47066
200 309 32112
73 130 17089
327 361 10569
307 371 19587
360 364 1108
267 299 8873
26 87 18960
140 391 75336
137 264 38702
10 297 86669
173 315 42458
119 316 59447
46 245 60856
380 381 255
79 220 42955
120 345 68247
44 268 68196
166 339 51558
195 275 24134
24 122 29682
20 261 73417
106 232 38772
10 208 60574
89 90 277
63 211 45006
255 280 7057
64 279 64950
73 364 87720
217 242 7631
81 100 5507
184 217 10168
121 285 49681
206 326 35514
122 236 35275
162 261 30094
155 241 26393
48 210 49390
89 155 20140
138 168 9262
209 232 7186
23 196 52759
15 48 10147
110 378 80793
91 250 48504
2 300 90230
64 185 36834
175 309 39824
12 202 57843
320 390 21110
45 390 103985
130 193 19413
140 308 50239
130 333 61049
133 242 33599
232 263 9071
23 241 66868
268 377 32162
289 377 26323
70 386 95043
247 321 21390
2 20 5840
126 282 47188
194 346 45610
54 345 87719
266 281 4084
96 233 42141
206 318 32986
17 264 75337
43 124 24466
343 371 8419
302 343 12625
280 290 2923
270 288 4939
222 396 51450
104 339 70765
16 236 67381
86 290 61462
9 292 85688
163 388 67405
161 222 18763
2 47 14123
67 329 78767
254 323 19955
125 396 81537
54 383 98912
313 333 6079
3 154 46410
273 322 14111
217 368 44952
1 15 4485
210 227 5384
155 345 57145
150 229 24363
131 320 56915
25 241 66305
16 334 96065
50 237 57057
184 398 63847
114 127 3960
250 379 38036
132 375 73097
75 211 41428
95 153 17713
22 242 67334
215 230 4772
71 259 57031
89 219 39815
60 302 72424
219 238 5868
2 188 57155
120 339 66098
110 276 50532
176 236 18445
55 360 91790
269 388 35174
57 61 1225
206 321 33964
114 276 49189
113 196 25365
115 324 62885
42 74 10061
65 369 91541
13 377 109840
25 110 25834
79 100 6110
180 240 18566
38 276 72538
92 238 44862
113 251 42360
303 360 17513
4 88 26037
136 196 18259
19 389 111681
22 143 36836
213 310 28399
180 311 38792
269 287 4941
381 397 4651
227 281 15632
168 229 18718
88 293 61627
86 234 45247
229 356 37844
83 89 1610
122 298 53049
130 218 27221
164 180 4805
92 324 69733
143 271 38910
113 265 46487
121 288 50575
212 344 39418
41 382 102928
168 232 19812
193 389 58531
160 166 1847
213 394 53794
63 312 74655
364 383 5570
180 208 8692
220 243 6900
315 371 17046
137 207 21466
34 400 110506
288 387 29667
387 394 1916
226 275 14381
30 335 92392
256 396 41271
262 367 31046
77 209 40213
153 168 4532
310 333 7073
92 396 91370
89 297 62505
193 321 38017
8 101 28432
116 350 70910
309 346 11675
69 264 59208
20 92 21904
113 221 33380
226 253 8050
122 315 58227
107 332 67603
54 356 91117
75 286 63666
13 105 27977
85 378 87867
31 373 103661
120 196 23390
110 248 42456
315 351 11307
132 393 78427
152 298 43551
247 384 40428
146 219 22610
71 231 48806
263 358 28127
169 231 19227
227 265 11293
66 275 63148
19 210 58346
103 151 14693
41 157 35588
274 364 26730
184 355 51440
2 108 32583
4 189 56812
238 327 25836
221 279 16935
108 267 48512
41 377 101440
134 335 60439
151 293 42560
97 352 77201
26 200 53325
34 218 56605
138 244 32620
107 168 18735
206 333 37535
248 266 5293
88 91 847
1 317 95572
69 384 94710
63 85 6736
254 324 20252
352 364 3360
283 325 12278
168 265 29512
159 348 56911
130 205 23204
213 353 42073
66 155 26946
240 331 26433
33 227 59736
10 317 92600
364 370 1825
153 165 3693
125 178 16489
204 386 54267
5 260 78048
15 171 47535
54 368 94592
305 346 12795
280 328 14127
165 280 34491
21 254 71069
213 388 52113
36 390 107070
179 306 37574
32 389 108075
49 105 16782
320 385 19697
281 320 11449
105 245 42992
105 394 86843
36 97 18819
108 369 78718
275 344 20586
229 372 42381
186 268 24760
21 22 190
29 254 69136
35 121 26262
182 239 17705
180 356 52980
11 193 55547
272 338 19378
169 186 5315
131 356 68156
109 251 43622
4 110 32346
13 276 79852
257 274 5008
137 171 10340
64 132 20399
332 365 10153
93 257 49951
259 327 19731
283 398 34227
318 379 18419
167 286 35592
71 286 64735
131 369 71863
321 331 2987
15 109 28475
31 358 99297
148 283 40788
223 377 45492
163 276 34114
74 324 75012
51 264 64755
153 366 63914
246 354 32091
212 338 37421
109 335 68051
209 256 14191
21 361 102853
80 240 48903
196 373 53059
292 311 5332
112 354 73306
140 176 11027
189 291 30371
212 307 27838
19 66 14635
38 100 19167
373 398 7265
280 343 18822
242 360 34917
275 359 25208
62 150 26429
243 397 45385
1 141 42821
18 284 80635
32 207 53859
103 202 30248
17 357 103001
65 262 59855
186 323 40645
24 362 102380
235 278 12437
389 392 804
200 361 48359
79 326 74128
75 82 2338
225 322 28242
201 236 10919
86 226 42735
9 263 77581
98 247 45582
216 383 49711
60 105 13280
64 122 17196
247 387 41337
174 247 22550
124 209 26344
164 253 27086
137 393 76737
118 378 78353
148 157 2983
2 314 94508
92 375 85141
142 218 23568
134 300 49830
253 360 31730
99 215 35349
197 209 3877
188 370 54484
174 293 35628
50 51 228
167 387 65727
72 142 20943
346 358 3543
7 300 88664
263 265 527
163 345 54802
262 319 16301
191 386 58285
248 272 7003
38 312 82753
217 345 38088
112 321 62849
279 365 25673
13 383 111746
182 262 24378
55 141 25728
107 358 75832
238 335 28161
211 344 39707
338 362 7406
93 373 84359
125 138 4092
73 352 84357
109 157 14899
219 229 3000
80 328 74490
44 169 38044
172 334 48392
22 373 106057
78 338 78109
374 379 1369
34 60 8509
114 150 11016
119 371 76220
48 116 20462
186 385 59462
34 209 53809
46 134 26571
205 331 37234
102 312 63042
174 180 1955
105 397 87751
20 350 99948
177 247 21493
286 302 4392
210 284 21883
2 60 18332
34 177 43893
228 394 49013
227 307 23040
291 356 19733
202 325 36518
128 365 71376
78 156 23690
301 357 17214
204 246 12904
16 263 75438
91 334 73011
159 301 42291
156 301 43172
299 320 6373
140 350 63435
67 344 83516
148 229 25023
174 389 64495
216 349 39884
54 270 65440
293 330 11094
242 394 44756
22 288 80479
341 387 13775
47 331 85483
1 88 26907
102 273 51991
264 361 28833
153 294 42029
96 102 1743
105 208 31685
55 60 1461
58 149 27316
368 397 8278
167 279 33548
294 389 28629
228 294 19012
269 399 38373
35 84 15474
39 50 3815
23 138 35080
40 247 63482
167 297 38599
288 350 18900
202 379 52811
303 391 26555
264 391 37480
148 380 69722
97 154 17446
239 398 46747
24 157 40775
16 381 110247
239 329 26078
32 309 83758
14 127 34223
72 220 45202
97 326 68958
142 241 30612
3 79 23758
70 337 80233
216 298 23913
184 222 11749
10 70 18530
45 318 82137
122 232 34225
60 178 35723
284 384 29938
140 299 47608
53 224 52083
195 397 60230
135 194 18152
115 313 59464
85 222 41730
245 344 29198
57 89 9505
10 74 19764
66 214 44992
135 182 14511
297 357 18416
54 312 77296
292 342 14984
96 288 57920
101 385 85667
168 372 61138
247 331 24416
42 110 20582
16 83 20764
134 161 8486
49 268 66528
177 277 30068
31 295 79953
55 88 9790
183 319 40427
197 253 17202
279 316 10752
14 61 14563
5 313 93238
48 139 27552
138 278 42395
47 83 11108
156 328 51372
206 278 21447
257 261 1209
136 376 72162
236 376 41341
182 306 36674
26 114 26938
193 392 59365
108 136 8507
84 316 69567
83 88 1364
79 120 11849
109 161 16080
48 341 88342
145 227 25467
331 374 13036
246 378 38796
173 298 37273
192 304 33108
93 358 79986
89 365 83098
64 134 20986
219 246 8184
78 118 11654
307 392 25671
62 283 66546
204 205 312
51 212 48950
62 357 88925
68 313 73517
180 340 47791
4 69 20319
13 328 95097
141 253 34310
161 242 24850
236 337 29590
123 231 33504
300 338 11586
2 254 77221
74 326 75719
167 190 6936
329 398 20637
65 229 49955
111 269 48280
104 317 64007
349 397 13776
59 137 23335
88 355 80662
118 135 5302
17 256 72975
224 377 45264
53 315 78680
1 100 30432
21 169 45040
235 386 44675
266 325 17015
297 378 24339
25 187 49736
191 260 20899
18 104 26179
128 293 49677
78 189 33688
178 249 21584
185 390 61243
243 307 18277
108 210 31227
200 390 56784
226 286 17530
39 354 95674
293 310 4790
256 273 4862
97 374 83440
302 382 24199
90 265 53262
32 110 23912
280 360 24052
160 301 41999
11 98 26571
60 363 91175
11 393 115191
39 267 69715
160 329 50499
17 362 104417
237 249 3402
115 297 54765
210 325 33977
36 363 99130
26 204 54682
92 399 92262
297 327 9023
83 385 90759
105 343 71824
133 305 51579
13 178 50407
5 59 17216
147 273 38331
73 210 41710
48 217 51635
155 195 12036
216 250 10331
156 305 44305
61 385 97427
223 367 42692
240 253 3689
300 315 4603
242 316 21337
130 226 29640
18 126 32865
126 332 61890
12 100 26764
21 65 13567
126 297 51421
261 329 19802
151 176 7659
95 268 52605
83 256 52535
59 104 13183
9 360 106351
219 236 5131
171 233 19289
297 377 24074
117 360 73494
366 392 7546
104 190 26440
159 195 10788
131 235 32215
102 369 80573
205 264 17777
63 101 11269
238 281 12215
222 372 44500
301 375 22298
103 184 24866
28 374 104865
316 380 19329
141 192 15627
352 367 4237
149 199 15208
43 305 78938
315 370 16790
110 334 67559
130 354 67877
54 57 868
88 230 43440
63 267 61941
133 314 54332
92 241 45707
5 232 69955
235 395 47136
81 267 56423
227 373 43237
53 85 9745
4 11 2389
20 135 34867
139 290 45565
55 324 80662
221 249 8275
218 383 48972
237 388 44568
62 336 82186
156 385 68629
144 207 19488
211 384 51522
159 282 36856
278 389 32993
192 232 12532
209 376 49619
116 317 60405
7 398 118179
144 166 7003
28 59 10267
4 123 36356
235 274 11395
133 317 55176
127 137 3156
255 343 25880
88 361 82361
199 220 6764
49 107 17376
59 242 55613
109 400 87554
150 392 72597
2 70 21267
20 151 39893
93 300 62146
23 187 50285
12 64 15918
238 267 8447
10 218 63703
20 379 108263
129 207 24103
79 235 47552
84 141 17075
16 170 47041
169 258 27164
177 274 29328
112 192 24503
52 103 15206
21 338 95660
242 277 10027
111 233 37729
197 245 14897
98 281 55249
35 137 31448
210 235 7811
143 252 33407
95 176 24673
162 368 61912
24 370 104748
101 341 72340
104 286 55108
76 159 25257
199 334 40242
45 48 900
193 232 12216
26 99 22589
212 287 22183
64 397 99987
5 296 88191
163 292 38639
19 360 103243
103 217 35073
152 185 10143
164 213 14873
111 313 60737
91 213 37143
152 336 55051
152 196 13294
44 106 18874
18 241 68344
138 245 32934
91 355 79806
184 395 62891
77 368 87667
287 294 1855
99 345 74261
36 46 3376
65 143 23434
151 165 4369
163 297 39973
227 289 17966
313 314 354
98 337 71913
122 312 57153
58 212 46640
225 327 29878
364 372 2312
118 376 77857
149 168 5924
38 361 98023
159 360 60368
342 382 11901
58 373 94685
104 380 83169
154 381 67987
15 204 57736
235 383 43764
381 394 3763
103 273 51672
102 392 87210
35 324 87491
53 301 74457
57 238 55221
129 151 6875
11 158 44891
92 354 79270
76 297 66403
296 318 6555
24 245 67743
42 161 36483
89 357 80927
224 265 12259
72 124 15358
54 265 64024
66 75 2588
31 127 29490
298 303 1462
19 152 40606
140 245 32288
147 393 73829
5 318 94801
299 382 25017
3 243 73705
202 292 26774
90 397 92133
145 297 45682
146 205 18260
293 299 1662
129 254 38378
95 106 3281
289 392 30773
148 391 72966
175 276 30497
6 125 36376
277 318 11862
263 274 3100
61 235 53012
228 300 20747
259 379 35353
41 285 73943
191 280 26593
164 243 24164
40 343 91730
335 379 13248
272 293 5805
35 342 93071
20 284 79890
17 254 72362
239 336 28131
29 47 6020
178 242 19667
114 154 12380
226 238 3778
58 274 65289
158 368 63130
86 224 42127
115 268 46698
55 168 34111
10 245 71942
168 223 16994
31 73 13279
138 210 22107
21 281 78719
193 309 34222
300 317 5077
14 323 93158
107 257 45780
50 195 43918
140 195 16744
178 351 52090
261 277 4498
102 174 21886
120 177 17735
33 89 17417
49 347 90044
113 380 80433
205 378 51387
15 350 101516
77 293 64922
31 44 4312
4 149 44439
151 361 63270
183 262 24087
148 349 60860
72 135 18819
99 182 25266
192 390 59190
76 342 80049
174 319 43306
192 219 8446
72 333 78347
91 376 85741
17 162 44293
9 59 15748
64 289 67794
238 366 37724
98 304 61772
197 362 49536
178 183 1461
152 277 37701
154 220 20338
194 398 60830
185 271 25907
168 338 50839
136 269 40543
228 330 29933
7 57 15832
101 318 65272
