600 1500 40
85 324 70290
93 525 126575
171 399 66612
122 349 66222
89 163 21968
55 577 154599
345 594 73412
116 117 344
140 492 102660
330 535 60000
372 379 2226
10 429 124041
189 403 62862
249 564 92331
428 515 25391
126 438 91209
43 312 80043
236 330 27385
121 463 99959
206 524 92704
219 296 23108
92 543 132112
411 432 6203
79 124 14126
115 410 86513
104 165 18275
34 269 70351
212 362 43671
122 164 12191
305 309 1038
272 287 4489
340 568 67328
433 548 33992
327 447 35292
19 192 51815
73 272 59294
203 263 17470
88 255 49501
416 587 50324
111 254 42405
137 199 18114
345 395 14568
274 542 78197
137 202 19203
97 194 28590
116 460 100790
88 129 12511
307 318 2967
231 348 34176
227 479 73402
354 448 27796
358 571 62861
100 215 34088
386 412 7597
104 490 113289
349 412 18605
66 481 122467
322 551 67523
42 65 6800
260 535 80377
486 549 18811
45 531 143291
228 467 69890
208 441 68037
179 236 16989
55 162 32663
141 416 80367
209 335 36729
228 235 2038
197 217 5785
345 418 21423
436 503 19674
40 503 136674
145 428 82489
254 596 100578
193 343 44264
197 377 52539
121 228 31425
136 316 52491
428 470 12437
322 570 73385
213 550 98815
316 351 10050
59 585 155679
186 234 14357
50 305 75995
93 237 42533
409 550 41567
92 534 129529
79 500 124002
409 453 13001
1 362 106988
68 198 39223
148 498 102163
13 45 9674
328 575 72753
167 334 49050
532 580 14601
316 400 24753
231 334 30320
433 472 11561
564 589 7447
193 339 43104
271 311 11769
147 407 75673
93 407 92171
231 586 104323
187 296 32566
26 361 99324
143 243 29116
278 566 84811
383 472 26185
127 383 74749
138 381 70889
133 545 120512
243 267 6999
216 266 14882
65 157 28206
48 526 140870
345 468 35922
307 376 19930
405 469 18789
203 554 102859
146 254 31485
45 282 70709
473 477 1112
312 532 64297
359 432 21577
92 285 56915
236 500 77194
335 355 5624
287 594 90340
121 458 98727
144 367 64784
205 296 26850
128 398 78980
54 340 84982
91 467 110360
45 557 151386
10 170 48481
113 574 135619
281 355 21435
72 389 93813
506 521 4407
129 288 46721
2 378 111343
187 211 7383
306 503 57465
17 45 8436
261 353 26657
269 453 53848
127 408 82017
137 291 45108
75 256 53970
239 578 99459
98 306 61364
42 292 74678
24 494 138734
377 472 28105
343 563 64751
336 504 49019
434 534 29318
245 254 2723
424 455 9260
308 534 65946
244 319 21673
365 455 26769
147 180 9183
463 558 28280
123 445 94201
289 293 1222
395 441 13544
491 592 30257
218 334 34207
154 472 93153
95 536 129478
169 546 110477
19 555 158709
105 599 145617
28 506 141096
46 362 93513
144 552 119381
169 407 69631
14 343 97665
362 563 59318
80 427 102267
21 315 87382
192 576 113126
545 587 12578
260 288 8414
353 530 51778
304 314 2687
179 424 71955
70 269 59372
16 484 138079
30 49 5950
88 334 72619
88 476 114035
334 356 6266
52 509 134849
456 493 10597
471 490 5324
272 578 89855
422 438 4587
111 127 5247
198 423 65962
231 527 86459
414 575 47466
154 203 14589
92 479 113263
359 382 6785
93 161 20205
116 434 93110
381 445 18797
371 466 27965
229 476 72209
105 379 80583
194 533 99394
311 548 69509
271 423 44490
379 533 45116
249 492 70791
212 226 4109
553 591 11474
106 272 49245
173 213 11795
27 211 55252
367 412 13380
198 257 17358
243 557 92066
155 316 47012
1 101 30234
141 498 104266
254 303 14388
556 597 12149
202 406 59449
56 167 33833
72 351 82312
137 301 48173
91 571 141260
96 310 63220
237 284 13942
164 399 68804
169 281 32973
122 519 115848
164 260 28142
46 85 12033
25 476 133218
13 543 156438
102 584 141938
139 421 82479
268 364 27706
41 392 104088
208 510 88072
260 395 39567
313 389 22376
10 553 160749
456 520 18373
234 380 42501
288 557 78907
17 370 104399
370 592 65865
57 391 99076
195 508 91703
19 473 134342
265 496 67335
243 307 18677
41 535 145786
260 266 1957
58 369 92090
29 374 102245
341 399 17039
448 550 29996
112 590 140788
10 131 37111
208 349 40868
304 448 42118
274 351 22011
18 390 110276
315 455 41227
328 393 19041
135 205 20674
319 354 10261
74 515 129750
280 290 3030
255 278 6667
219 437 63854
183 190 2120
2 37 10320
14 197 54910
147 430 82336
232 350 34291
129 171 12391
98 416 93558
334 451 34193
287 543 74632
33 210 53457
163 313 43984
73 253 53779
29 343 93307
107 544 128413
248 530 82140
27 577 162691
253 417 48005
330 424 27675
5 314 91663
363 555 56805
30 475 131777
234 296 18505
31 355 96103
48 429 112496
286 475 55137
353 474 35643
160 343 53576
220 495 80331
334 411 22406
33 294 78205
9 422 122464
36 384 103256
121 423 88484
17 594 170870
214 482 78256
51 164 34239
182 552 108718
24 135 33865
326 583 75695
379 497 34587
227 369 41217
34 537 148637
336 452 34055
284 535 73133
146 477 96476
36 257 66219
182 207 7723
226 440 62600
204 510 89314
82 547 136949
474 527 15301
268 533 77357
510 574 19219
315 580 78088
343 449 31122
379 436 16647
25 547 154246
113 530 122144
201 580 111239
531 557 8133
576 597 6248
506 527 6149
87 140 16333
118 227 32147
347 571 65998
4 270 79192
519 598 23953
430 439 2778
147 582 127329
31 366 99227
498 591 27820
457 476 5451
105 561 134261
238 543 89015
201 324 35635
348 534 54461
118 542 124162
40 315 81779
15 302 85648
120 520 116923
297 446 43201
98 243 43041
534 555 6649
30 52 6628
387 592 60600
58 68 3104
11 151 42716
256 465 61089
46 134 27012
77 244 49935
154 514 105263
20 599 171379
503 554 15425
211 308 28405
259 521 76554
199 320 35197
467 495 8060
10 182 51726
129 496 107280
98 333 69237
315 453 40503
73 540 137661
426 512 24952
91 462 108778
321 378 16768
283 420 40169
421 431 2697
182 206 7401
270 316 13365
79 446 108205
48 286 71054
222 398 51506
120 174 15864
159 586 125379
365 585 64929
10 179 50869
273 422 43599
176 534 104782
62 109 14812
125 145 6037
249 282 9572
27 543 152173
66 502 128677
217 399 53387
418 527 31574
237 316 22995
119 578 134861
159 573 121467
46 288 72163
343 403 17642
72 434 106770
162 503 99700
184 371 54804
268 292 7097
113 235 36094
184 556 109593
112 196 24828
211 266 16170
307 534 66213
44 148 32040
258 419 47334
111 197 25516
414 535 35224
350 465 33883
69 583 151918
10 554 161113
337 511 50818
212 415 59375
363 439 22427
267 364 28015
234 410 51316
161 174 3878
239 518 81192
148 313 48024
197 382 54061
140 491 102364
232 327 27708
291 549 75568
136 342 60131
276 412 39578
192 222 9146
363 417 16210
96 104 2398
473 600 37676
537 569 9943
135 565 126271
75 544 138177
112 579 137380
3 128 38070
162 268 31250
183 252 20678
172 364 55951
107 462 104265
119 516 116119
279 451 50282
277 437 46622
133 313 52533
158 257 29102
207 541 97597
120 272 44640
119 290 50341
71 207 41043
206 536 96364
307 469 47380
261 339 22775
29 236 62045
16 94 23813
2 484 142287
3 98 28806
277 517 69914
7 75 20340
134 402 78358
16 142 38524
138 294 45787
114 343 67286
276 386 31986
355 465 32312
117 212 28118
120 433 91588
243 534 84889
129 509 111033
223 244 6201
297 487 55034
89 401 91701
154 455 88317
232 254 6593
149 330 52563
22 241 65477
115 241 37262
404 457 15587
377 518 41250
472 488 4538
342 574 68377
315 384 20236
189 491 88456
320 494 50998
394 518 36040
29 567 159403
227 373 42420
257 321 18481
326 575 73405
21 330 91691
148 458 90524
207 308 29509
57 162 32050
183 345 47729
550 590 12058
336 506 49585
240 258 5163
450 543 27038
345 518 50267
370 521 44359
27 32 1264
328 367 11323
92 471 111319
8 509 147852
125 531 118565
163 448 83625
142 192 14140
357 538 53157
535 539 1369
37 443 120226
222 501 81536
72 152 24469
202 398 57134
375 442 19720
163 487 94757
239 456 63514
79 406 96561
70 265 58270
302 501 57938
188 510 94335
225 306 23801
269 508 69766
59 313 75713
200 224 7056
358 565 61164
8 64 16580
313 325 3431
134 332 57925
485 491 1864
129 150 6392
87 127 12366
227 326 28742
243 546 88654
25 293 79928
79 204 37560
354 463 31951
21 472 133434
245 286 12194
41 192 45325
208 274 19288
102 376 80503
555 562 1914
398 403 1488
27 542 151975
234 458 65519
488 515 7877
49 165 35076
237 569 97673
513 521 2388
262 417 45510
99 278 52871
109 154 13596
439 583 42517
420 585 48519
235 453 63833
27 556 156519
389 591 59628
190 437 72377
399 544 42464
71 375 89945
441 523 23813
424 505 23590
33 287 75998
334 565 67979
157 181 6843
197 255 17210
512 585 21963
370 451 24113
70 582 151302
77 277 59559
258 447 55375
12 17 1632
53 200 44438
151 249 28840
322 425 30535
59 335 82289
75 288 63448
440 446 1738
114 267 45228
75 197 36572
209 406 57391
204 443 69776
447 572 36918
263 441 52073
135 275 41114
185 572 113777
414 451 10883
521 567 14216
1 514 151472
288 310 6400
229 371 41286
212 426 62523
187 248 18288
291 421 38084
396 481 24706
439 449 3072
11 231 66011
92 127 10631
86 451 107389
464 552 26066
237 552 92395
497 538 12101
1 462 136237
247 348 29349
480 492 3649
247 516 78417
79 235 46521
51 136 26239
109 568 135304
79 573 145758
127 515 113259
379 593 63307
113 486 109369
215 227 3694
329 570 71238
52 432 112532
96 318 65310
5 594 174327
63 307 72898
246 418 50452
217 484 78069
297 442 42072
118 421 88945
507 598 27343
445 470 7434
140 189 13929
278 435 45814
30 306 82374
466 558 27373
261 475 62584
519 532 4083
133 382 72597
135 148 4062
22 565 160683
371 475 30745
469 595 37377
97 114 5134
228 480 73460
41 150 33504
148 407 75473
69 553 143040
376 393 5067
213 600 113690
73 490 122859
85 116 9475
3 329 96624
22 60 11125
92 519 124899
70 544 139771
37 423 114417
360 474 33510
337 417 23624
152 328 51345
144 310 48440
115 175 17772
9 574 167204
15 82 20372
154 388 68504
184 483 87482
33 433 118464
416 516 29049
535 543 2395
523 542 5709
263 302 11576
380 545 48509
193 501 90422
48 182 40165
205 280 21821
84 272 55792
109 477 108018
511 551 12096
65 264 59749
34 402 109194
58 296 71388
105 423 93607
188 448 76440
314 408 27529
8 33 7281
38 108 21483
398 438 11674
100 533 127112
202 424 64786
110 152 12749
285 551 77923
65 257 57507
324 519 57032
2 548 161471
400 544 42122
122 449 95722
508 576 20527
349 505 45756
5 305 89314
173 483 90491
325 403 23059
202 386 53599
138 595 134091
367 417 15091
282 514 67648
141 556 121691
54 316 77811
20 27 2225
290 451 47011
56 508 133471
195 371 51509
571 593 6612
214 538 94870
128 515 113034
107 596 144256
21 170 45034
208 461 73659
88 467 111379
341 419 23131
207 309 29737
96 490 115659
161 587 125055
52 352 88868
287 313 7441
98 578 141281
73 455 112941
246 268 6566
19 322 89857
345 404 17290
294 391 28056
210 241 9011
135 589 133279
22 99 23448
155 499 100745
182 532 102552
269 564 86677
10 530 153528
134 427 85637
142 241 28818
82 222 41681
174 201 8107
9 295 85611
589 594 1647
402 443 11960
344 512 48887
400 490 26196
17 441 125557
48 135 26696
130 240 32344
122 303 53111
271 342 20584
159 277 34649
186 367 52934
49 576 155809
114 226 33215
58 61 892
400 542 41524
26 352 96506
184 342 46432
211 380 49224
450 501 14749
16 373 105611
445 484 11209
441 444 736
231 439 60873
38 475 129360
347 429 23891
362 500 40501
131 175 12733
131 510 110701
324 589 78280
311 449 40364
278 281 1010
194 491 87088
33 191 47569
2 246 72936
119 281 47677
156 561 118903
290 595 89674
19 511 145276
30 265 70409
265 310 13164
509 582 22001
237 485 72388
15 41 7674
159 429 78829
151 287 39861
13 351 100064
117 365 72594
302 391 25811
2 9 2054
37 426 115263
60 397 99942
29 413 113728
361 447 25290
280 484 59442
83 311 67437
289 570 82567
236 383 42936
17 305 85868
371 550 52866
91 477 113242
296 333 10527
93 128 10687
92 235 42181
197 592 116225
65 412 102753
137 308 50065
8 216 62230
269 344 21949
459 464 1455
151 261 32187
282 557 80706
167 233 19461
33 421 115200
83 578 145883
355 444 26117
303 570 78531
95 364 78973
98 292 57385
104 437 97842
186 369 53513
190 220 8978
439 534 27784
310 435 36386
200 599 117244
259 547 84539
158 511 103247
117 452 98355
286 431 42147
132 401 78654
74 272 58923
300 342 11843
60 361 89320
209 366 45511
209 457 72444
228 509 81993
142 410 78077
172 455 83037
157 361 59616
98 412 92255
195 590 116352
97 578 141612
422 442 5793
410 436 7573
194 274 23899
58 189 39499
112 193 23742
127 245 34473
119 436 92712
438 589 44720
468 554 25526
7 578 168870
330 496 48585
97 522 124679
75 81 2086
399 421 6651
355 557 59601
304 453 43488
26 183 47071
87 249 48188
99 531 126643
359 528 49393
144 591 131131
139 282 41800
585 589 1324
176 440 77463
410 542 38725
257 387 38021
309 400 26649
366 552 54904
318 551 68570
242 385 41744
271 526 74418
140 267 37064
118 354 69021
83 162 23703
292 373 23302
90 458 108224
95 511 122092
59 437 111917
95 193 28836
93 387 86353
164 244 23601
523 565 12932
15 460 131562
334 469 39470
36 368 98295
2 494 145300
202 478 80371
79 232 45665
252 468 62982
72 471 117892
121 513 114573
219 332 33240
116 166 14829
450 552 30017
229 372 41503
67 138 22154
90 237 43503
7 187 53827
132 566 127500
135 249 33555
30 340 92218
412 472 17710
277 459 53134
394 451 16765
369 458 26361
511 581 21098
68 433 107925
295 448 44543
13 224 63299
231 393 47307
112 339 66761
172 180 2234
100 201 30206
202 246 12708
282 358 22064
146 586 128882
17 24 2129
45 377 98112
567 591 7061
459 500 11994
32 149 36023
59 418 106605
4 156 45739
154 254 29418
368 453 25243
169 207 11318
291 399 31479
26 359 98666
163 495 97050
75 573 146988
346 457 32630
120 173 15575
567 584 4890
287 309 6325
440 512 20835
106 332 66734
117 208 27034
90 503 121183
492 595 30806
50 315 78711
20 542 154147
199 543 100486
298 339 11639
276 497 64435
216 263 14010
286 298 3712
215 413 57944
1 585 172738
451 544 27145
21 375 104921
459 556 28860
184 497 91832
187 397 61682
326 483 45861
368 429 18027
56 315 77117
44 485 130153
338 414 22406
229 442 62286
99 598 146942
462 525 18461
122 323 58531
300 587 84004
278 523 71503
161 310 43776
280 592 91820
140 477 98262
327 577 73778
34 437 119311
155 177 6393
331 342 3139
182 539 104716
138 156 5031
344 345 353
77 476 117691
342 484 41456
182 184 552
221 266 13317
469 520 14626
74 544 138371
384 458 21808
162 170 2435
115 589 139489
347 582 69232
380 489 31921
194 288 27970
248 590 100474
463 536 21463
75 567 145447
490 517 7839
459 483 6799
64 414 103761
350 475 36908
418 537 34675
185 530 100922
191 249 17450
9 114 31959
142 315 50350
214 219 1364
106 562 134250
86 171 25509
136 500 106450
393 426 9814
294 359 18569
67 405 100112
82 533 132596
1 573 169179
212 222 2847
121 229 31738
121 367 71786
230 403 50605
114 418 89414
63 595 157597
498 585 25870
354 412 17100
480 577 29120
133 469 98328
159 219 17424
107 143 11446
210 396 54249
348 385 11005
292 427 39298
377 380 1017
59 483 125212
42 118 23436
61 203 43110
72 196 37181
66 107 12766
11 399 115125
30 590 165907
227 259 9206
297 415 34254
344 398 15796
179 407 66917
266 415 43580
332 539 60573
87 357 79395
451 454 971
116 333 63781
262 574 91627
173 256 24399
463 559 28555
42 379 99797
180 427 72386
136 212 22306
22 339 94080
88 352 77522
124 323 57889
21 46 7544
57 462 119728
173 328 45274
73 250 52975
154 589 127772
318 559 70963
227 556 96608
245 302 16884
323 519 57343
289 595 89938
179 277 29023
158 356 57949
291 493 58902
45 391 102432
427 521 27392
198 592 115895
190 337 43197
135 317 53184
202 216 3789
20 285 79138
11 168 47555
119 407 84344
144 424 81732
206 394 54855
25 591 167453
332 598 78323
301 434 38539
146 315 49134
81 504 124265
130 157 7903
267 440 50573
83 537 133463
76 556 141752
406 553 43277
118 470 103169
76 550 139817
107 374 78556
357 446 26193
67 537 138681
403 598 57568
232 437 59877
357 473 34100
191 438 72453
64 349 84526
126 184 16657
2 268 79476
419 600 53297
230 596 107641
87 566 141282
494 548 16188
284 383 28784
52 402 103734
465 597 39176
108 522 121431
22 65 12604
350 412 18371
216 581 107355
302 432 37839
334 445 32369
256 481 65613
435 496 17829
127 341 62448
129 316 54595
16 300 84801
301 335 9827
142 421 81562
153 334 53046
204 475 79234
289 347 16758
348 554 60747
529 576 14454
468 568 29845
53 225 51708
128 565 128280
35 76 12521
104 567 136524
361 381 5883
36 109 22483
333 585 74032
430 544 33498
119 141 6764
181 424 71340
32 472 130292
233 481 72265
94 273 52879
137 191 15514
72 237 49320
289 569 82267
275 530 74208
137 351 62169
551 588 10991
272 441 49454
117 143 8154
107 305 58645
100 587 143329
286 390 30235
14 498 143034
265 572 90097
79 368 85091
222 564 100439
301 532 67265
163 471 90370
27 463 128692
334 406 20970
97 302 60662
30 520 144686
31 162 39744
165 167 630
347 491 42110
29 470 130510
337 503 48515
4 417 122374
458 576 34966
219 330 32515
15 141 38497
307 411 30304
246 414 49178
187 506 93448
85 579 145568
118 121 954
181 401 64577
90 128 11664
513 568 16869
343 485 41404
460 549 26371
168 531 106145
145 534 113516
38 196 47532
251 518 77740
396 426 8852
467 473 1830
392 413 6169
15 123 33061
216 425 61356
73 208 40709
24 108 25494
264 523 75433
202 526 94418
79 416 99532
215 514 87426
160 592 127007
440 480 11456
354 540 54649
218 454 69334
197 315 34568
252 508 74565
412 522 32150
143 253 32056
131 434 88451
427 591 48636
11 488 141119
197 523 95335
286 478 55837
21 470 132840
121 361 70238
218 594 110804
27 335 91542
48 302 75766
260 291 9225
126 204 22897
462 593 39057
373 570 58397
174 316 41443
200 215 4310
551 579 8375
324 444 35322
25 529 148557
73 482 120437
325 502 51802
244 467 65140
172 484 91104
286 518 67379
206 444 69441
78 229 45158
510 539 8608
374 427 15622
175 259 24616
131 541 119887
290 510 64140
226 565 99575
371 599 67474
134 346 61993
486 535 14371
10 322 92661
35 178 43137
184 438 74570
75 212 41146
212 492 81753
17 268 75030
322 465 42096
115 424 90758
340 459 34844
249 304 16020
141 461 93261
136 266 38123
90 534 130285
97 144 14468
17 369 104146
518 536 5531
156 334 52302
66 89 7607
235 458 65288
331 339 2385
218 504 83653
329 391 18326
424 481 16446
126 327 58664
179 588 120319
12 352 100826
527 559 9840
212 579 107665
199 579 111527
280 375 27678
200 574 109756
157 432 80516
348 430 23970
51 379 97144
71 487 122628
89 435 101535
464 494 8725
418 541 35887
75 344 79731
485 542 16883
370 585 63639
67 430 107241
231 237 1803
215 557 100468
8 385 111811
370 468 29040
252 273 6030
62 435 110495
163 569 119431
137 434 86661
95 221 37391
153 555 117996
127 131 1186
110 366 75064
22 500 141151
267 568 88531
15 104 27039
79 213 40098
62 257 58585
325 486 47160
249 510 76023
483 600 35032
263 462 58009
463 465 738
215 436 64545
238 576 99249
236 423 54762
212 484 79255
104 108 1209
123 409 83636
284 588 89181
31 354 95783
156 172 4786
176 230 16016
83 143 18545
274 446 50171
35 578 160732
244 396 44338
425 459 9845
39 458 124052
208 596 113933
71 129 18047
101 368 78344
14 106 27843
109 377 78617
333 419 25312
283 342 17072
444 521 22466
67 163 29177
495 507 3540
178 550 109262
282 348 19107
334 531 57399
122 598 139785
173 182 2483
9 397 115043
172 279 31470
195 293 29166
425 439 3971
297 406 31498
362 406 13008
175 344 49585
247 407 46669
107 307 59180
175 272 28570
168 568 117653
195 489 86149
93 487 115478
333 535 58881
297 362 18532
405 492 25360
270 506 68936
378 564 55029
178 307 38010
177 320 41780
322 594 80524
276 498 64764
106 497 114917
307 557 73408
116 574 134568
456 491 9974
84 437 103843
319 475 45897
74 231 46833
252 289 10827
134 279 42511
129 477 101757
153 454 88152
19 156 41474
131 548 122152
146 187 11518
183 349 48633
33 454 124826
119 484 106687
152 292 41158
108 212 31026
202 587 112755
374 440 19532
112 322 61559
92 392 88021
275 456 52989
234 342 31399
282 328 13261
437 591 45751
397 447 14721
52 279 67894
97 464 107762
257 389 38671
208 454 71875
409 567 46826
28 259 68918
14 418 119772
410 500 26441
256 482 65922
223 250 8110
195 435 70381
378 571 57116
23 296 81609
270 464 56746
103 561 134827
22 58 10550
308 415 31335
482 536 15963
45 114 21141
409 506 28294
98 342 71698
411 548 40353
227 426 58144
237 318 23538
180 254 21961
241 449 60867
20 450 127354
133 502 107702
31 483 133418
554 574 5885
105 361 75365
196 502 89553
381 472 26749
124 128 1194
196 360 48076
60 518 135048
52 299 73941
82 426 101338
95 451 104721
261 480 63814
87 597 150318
136 290 45177
243 257 4008
28 369 100929
76 96 6269
296 467 49602
66 74 2732
129 299 50101
289 358 19912
91 290 58758
124 535 120038
200 376 51294
480 593 33874
137 304 48952
20 48 8496
394 539 42475
161 401 70320
70 564 146016
246 487 70329
67 365 88225
247 595 102258
388 467 23118
57 270 63688
52 140 27385
81 139 17843
152 465 91534
412 518 30818
293 526 67814
93 562 137863
402 588 54821
17 335 94606
230 300 20753
281 331 14483
244 522 81125
148 261 32887
95 317 65423
283 359 22035
490 599 32576
63 578 152490
192 458 78192
168 219 14858
325 415 26644
43 308 78963
195 349 45107
297 301 1063
445 456 3458
91 487 116062
502 524 6412
49 186 41063
236 509 79655
528 573 13779
285 492 60361
10 452 131081
336 529 56223
418 508 26076
143 175 8951
262 292 8984
231 248 5164
383 573 55989
31 279 74136
226 315 25895
212 531 93092
189 313 36449
384 443 17299
377 558 53519
294 316 6000
364 368 1105
182 493 91148
195 214 5797
127 173 13266
133 190 16350
115 418 89026
29 45 4871
387 541 45046
87 181 27792
177 361 53808
40 375 99257
299 534 68287
360 543 53469
177 333 45796
385 471 25218
334 442 31465
160 489 96145
244 429 53795
518 572 16416
493 590 29016
381 387 1758
295 409 32881
105 308 59986
264 582 93218
88 477 114197
48 560 151218
113 498 112929
306 451 42383
412 508 27965
520 578 17565
35 243 62379
392 557 48629
508 543 10268
125 392 77976
437 473 10630
3 411 120703
99 574 139687
362 473 32593
331 456 36741
143 373 66718
99 466 107612
355 384 8517
111 361 73465
