10000
17
92772
424561
1192450
609941
1581384
893395
1820371
966805
214429
1391134
2095772
130095
613347
1542228
1042159
2018106
1823939
1881007
1067079
90720
339914
702584
1811150
1778082
402132
1931493
569034
1132289
1910155
479182
1227538
2021946
1242731
67366
514527
116338
869510
160266
1913458
1615013
827282
1648727
178133
1124309
1189246
1507226
707366
813493
662279
1825595
1963463
1869006
1618592
805834
323026
259818
1817357
1454921
1670461
1651895
1361176
1327703
1026546
894317
1148343
958480
631649
322406
118802
27797
1081286
1436810
1145010
855052
2079142
555871
444751
738818
1549248
1494960
647827
1917703
634869
1518489
818988
1134696
945004
399339
131489
1970160
1472604
168116
756783
1267575
1283040
1657054
71717
885309
1236019
580022
858132
1659870
1315239
278851
1713714
51906
1602256
1146954
1021529
744942
1382954
358114
30962
1318928
944557
1723511
1487431
1318830
661153
48660
2047859
1907279
118297
302050
235650
1980031
1519738
1543351
283890
521882
67679
56454
577045
1831983
468810
1812655
290984
405983
800886
273135
181498
454558
73780
471523
1370899
1239861
1188905
132090
1334824
185557
1122008
1243060
870601
1015227
1533641
1178126
1870114
844961
1824703
1182206
1620667
1622518
758354
1531353
1061118
2069426
1870919
488848
1426439
1271464
1438235
969356
1681140
1030454
1155084
1645611
1586498
774450
630532
1279383
1358443
441590
169944
1087485
1551686
259435
1479965
1876452
1355392
1783023
1061390
596636
708475
496893
1276628
2086548
1522968
483952
346260
1521540
352164
1922628
117155
1440061
1955689
1769143
339009
363025
357164
598695
1312825
723873
1856518
247563
1714632
993020
1173489
1195124
247336
1166574
146027
407642
845861
969048
151696
1932350
723217
48762
1694730
1960531
1265800
502539
2000436
665016
1760079
822268
944855
1767938
765889
1767629
1707996
1950735
961569
116555
15698
1045487
2015534
709026
364332
622028
143709
911257
290837
110006
611107
1688026
418488
1134630
1407636
1408046
201951
556837
1324250
240004
1748429
1810921
1107394
230054
1908513
1067738
466396
1769078
390593
892363
42361
774314
1654281
181850
605937
219584
1606846
1492040
362639
557360
840719
356786
535687
1065129
1688077
795908
2011975
546101
801791
1224336
250528
1906993
1290210
1159070
1440255
1177590
232327
1271519
270913
80390
1293991
920598
2002267
923313
983876
1880807
206936
1115652
730572
223903
1812465
1588192
23625
1240801
1850927
721710
979470
375556
716150
286194
1319730
1159197
1508178
1957168
915784
310141
1321834
1380744
1069226
1444245
708861
148307
582586
1986319
404289
806709
1789818
430094
1922826
1151486
948952
756583
935445
965812
1089556
1215925
332379
1062833
1338775
1633845
1993163
2058664
936353
2086198
1985733
1099137
1751604
1583627
1785796
520152
805002
1877084
480896
170773
1961352
1571508
1189127
976616
338565
591403
2009357
859678
1206218
815380
1876974
826264
854050
599168
238505
421208
1627876
1058437
1908560
1833597
658390
1046821
37170
163588
1185340
313261
417584
1285698
1554056
1035894
698264
367331
959484
1533665
372454
61791
1315229
1834871
700617
1253300
777188
722429
867534
873303
786049
354162
462103
2065452
468883
640960
158577
209267
1168312
1634580
900910
1737593
349267
1783978
1688625
1508097
2062182
374021
209269
1336631
147045
1843030
1063803
399629
1779548
923659
25859
1003759
1245645
1197144
1537641
733597
794277
350367
1128966
1809685
1761441
1352086
1098231
1490542
149649
1637388
623024
788863
593614
1993000
1600427
446258
667971
232203
887205
1889639
758638
86960
601023
560966
1860537
265697
1102051
1482976
1666953
632377
348369
1787638
877916
1292279
1283635
264666
801385
286611
1662223
1757235
1670921
1127159
913423
2028695
1532771
1441067
1164511
356047
1934241
1505642
1908246
552874
84260
935788
229133
2030654
246798
1061076
902127
795510
1595004
234904
857722
87758
155864
1930060
245180
1981731
1332393
1964326
1830211
1573987
1976618
1636511
409091
1099039
664358
1622170
483696
1243317
1783647
495331
1893656
741658
918773
2015720
1671968
683785
1735444
119452
1081871
1966465
1487723
253002
199733
1820529
1663146
2037329
535842
1489527
616061
1843611
1984893
1398661
2016859
616877
93088
886872
852619
988987
697698
1384095
1470144
12312
527705
729005
1612716
228963
1082388
806298
1188066
833235
1602440
1730736
491131
1971203
205109
496138
1942978
670359
1896770
263743
1240674
768034
1842952
660730
578405
52396
1897823
51297
510311
879796
1210134
1514794
54628
1083275
1748456
1964604
278903
1743865
1342561
1328325
516851
557812
120067
1866643
2087729
792156
1220366
1847973
1086065
194447
1070940
103874
1434166
14279
958863
509704
1571442
1966598
492566
1997883
33520
435337
585552
109520
1036363
423325
1734196
92286
571874
3497
771301
407614
2077726
536152
1337220
1130907
346226
1862856
1694130
2070573
1759848
1397388
1547534
180009
1630004
10105
801565
1844945
1917706
1307651
1809660
260036
1420730
1477153
1116466
716014
1682902
2064529
1531403
609035
165850
1444432
181464
1585816
1539229
619065
663668
1349398
1298561
1622173
1433460
1184880
1422008
175807
1810518
1943930
23034
625157
15388
724058
1982998
1377997
1200551
1104829
1076153
278722
283200
1990079
710087
1197192
284061
445274
1777068
359596
1024470
546120
1198600
1849776
907672
400693
1849605
281363
141574
1199127
786897
474426
1937300
933021
183939
937497
1739607
24197
805342
1476719
913423
1574342
963138
1880977
563803
1885792
1243453
1041284
521591
478147
593157
1471323
913369
706721
1802072
135607
1179929
1452551
1716994
1197373
1722747
1648303
1281924
1535215
1284487
1118555
1372206
572994
1529338
1704728
1284620
794834
1880714
557149
358923
329108
1942471
1321419
672441
1930598
339593
743295
538353
37082
1204541
1027031
132325
366889
2050427
702588
166620
1333267
1285703
900773
1979650
1399471
1940812
1466714
907703
520431
2015118
642742
167847
1786304
1273806
946916
1765160
328113
185127
1029597
951837
358384
1833506
1413797
654301
1276808
1472188
66813
751721
651454
1792423
1857636
612440
68713
982843
1134914
199900
1982764
1170020
849700
212282
1325165
1872382
1012962
578842
431843
19187
790937
1614093
625326
1367932
2077521
1601705
81605
133616
1157676
1928086
1527202
1847153
1618183
2055421
1190672
490723
728687
11932
1194741
159370
208564
2073346
1042681
106668
335391
1938484
758506
1043862
686080
954924
1144260
1401711
691613
1421968
2034480
229931
1668548
571645
1729381
1275906
1262572
1013065
329029
637142
938954
674584
48282
1528533
758828
805931
1801294
1755336
1878534
1123525
399494
1441891
758419
282498
1448563
1243392
268628
236550
1789389
754969
197871
1640933
255421
2041589
1002416
872219
275763
1799879
847518
202626
1504368
1908423
1918969
1646739
977845
2064261
763914
1362667
1612009
1406183
330020
364758
1049637
293417
1864104
132961
1209591
1741126
1132802
435505
1251400
1890345
2060911
1278113
1238203
2006013
28274
2002020
862576
1376525
2036184
102446
1126657
1571709
167719
798889
1851547
1858393
1023323
577568
1308956
1184826
1930457
321350
1949193
1814267
928102
43885
1721411
915924
824845
290199
182367
1544499
1285596
1184696
371312
1884615
62022
1336215
543551
231939
2022932
167066
132276
206741
1229256
160752
1439077
1090328
457805
1948783
333084
1847923
321746
1202565
370242
528441
1337524
1946276
2004485
1477748
532057
979582
1227547
565552
920535
529280
991489
932660
1685062
1282262
961440
240952
1391783
809330
1727784
682504
524080
1882210
1467917
1845225
1671665
351197
451839
849317
1319834
359012
121539
1085345
1773403
1461089
1856459
485712
1539755
827025
337766
1992054
60895
1135533
911988
990600
21616
1231265
1626485
1302171
1425355
791236
1981403
1058865
515476
1626456
1867885
687954
790581
1840590
413883
314948
1152668
1797652
370526
741203
1646081
756578
570114
1910517
1163941
2062808
626186
219068
201300
809812
1495214
565350
463262
1567962
1059201
1383035
889494
381948
861738
1643980
88582
313226
1782847
1684282
1940971
990471
565286
1910561
1922597
6694
718276
676300
1812015
2006980
1418488
1409612
742603
285116
534960
1097240
578678
824553
1521015
970191
314765
864961
1603173
234885
682241
1894374
169299
1041650
182394
657682
58141
1634792
1844929
1744814
649973
1185136
1378656
1004938
1555846
10732
571981
326915
935643
2035360
519810
659718
351971
1661697
1379428
294466
1016435
1454632
1372887
941302
1130659
486602
1667043
1308848
943731
63007
508868
1087848
1495168
2047491
1153863
2094918
1280191
264387
1038937
923793
1799192
1878769
1727906
1347324
741817
58781
296973
40925
1911820
793935
130846
514195
366887
101426
1009402
910971
1001117
1922487
1981685
344039
346762
919597
2039192
1720676
1610178
1711761
577773
1300661
688376
1145612
1205756
1813740
294090
104570
1143894
518379
2067071
1726283
1656975
25548
1481077
970807
151172
383089
1000187
490768
1604176
1192880
912531
1527324
114381
1226359
603763
1697879
577162
1425215
228892
1330937
684547
296000
1440503
565408
1747988
1760683
891086
1005190
45937
1733998
1847804
1743384
1275405
608187
993608
1100625
1698134
1791441
1351987
1062982
579605
705110
1617065
1395751
1649892
935084
643822
795193
779789
652947
1973929
1339138
1174969
1570186
1945074
1120304
261966
1255232
218934
629108
1020122
1877633
881884
1080012
484714
1700850
1984398
1417876
981811
1899527
695542
734133
882278
1923470
820960
1437287
325522
1700404
1895575
831435
293493
1646680
1547875
1290963
1730590
136089
20734
891600
193845
649083
99571
1316354
1389401
9601
973742
1182868
1731178
2031130
1096241
1562197
1236124
1669576
350025
1890209
2065982
735705
1143065
2042827
505869
5660
975853
1550698
628982
1833702
2046498
824050
240161
1237201
133905
1420273
1660468
1281421
564440
471375
746135
1835819
1555167
1857785
313265
1710397
1839355
230220
197359
1290537
170257
274093
1336184
937238
771862
2032546
1384558
231119
728397
587216
734627
1374711
1290401
97351
987540
1878776
1237761
477544
134552
1886727
735127
1880282
1668890
583580
2073278
724966
761538
83394
660886
594575
127085
1370014
803605
1611227
361681
939656
375418
273817
1633197
510491
1863925
2095640
531313
1799843
701049
1802263
1343781
1194802
864131
1088357
1382796
769753
1276864
1337986
1526346
1393231
1757047
538535
1236993
1442163
1850251
518550
533558
1504765
1228283
2059405
1076195
926414
1098437
969152
1428897
1131821
367363
1788348
1825843
2023267
1069605
66570
1003621
1902083
788269
1156221
228124
1650516
36294
1111173
534128
1145379
956697
1301734
473779
1341304
462916
1120823
854600
424059
2058823
1688711
955692
1095658
2035034
1642631
1860355
1928338
1158005
808600
311453
124943
1995774
291367
211907
744273
1683573
1438114
730676
110632
1835002
808322
898739
1318227
1958801
246445
3322
1749082
371467
135849
519045
1900203
2035809
659948
354310
1475900
1371514
1573562
1712489
1242165
1865256
205030
112706
899553
802366
714963
1660046
1480289
1446321
412199
192928
972648
475791
308344
1242907
1446268
888494
1774184
1659866
508418
335113
1527170
581035
1260419
282765
1170237
927406
1217413
1199176
1317258
18252
655204
1245913
1173313
543126
1909618
1411326
715479
1372407
85462
1384727
1204158
2000651
1600643
70549
67782
992399
443292
58908
1706977
367416
1245113
516425
1507769
635739
734551
135921
485727
1433151
1553638
1317060
1701509
183299
807116
785704
579235
1212910
2083001
1723960
200536
39949
885686
1397947
1212027
676608
1939530
192255
903722
44247
1595407
921963
374083
1568215
1780263
85172
1299110
1502227
1209820
1963924
227219
1398452
1946847
899024
201626
1003462
883321
1582225
637543
320893
1397520
1448390
569822
1246656
709990
922261
81103
2061549
1447150
1474207
1155267
7835
252562
689158
494361
378202
892757
589332
491518
1090613
1849895
1754714
451453
66283
2000978
1733679
1471255
1837997
1773016
703602
1289289
810838
41263
1014114
959054
783072
1878954
1450105
863119
1027868
1793535
199205
1709327
727395
355905
1011005
340045
64070
363180
413203
366041
230655
1286829
1761034
1596702
1110173
753022
454274
85931
967088
314294
1702922
443490
1323373
1242927
2059430
251121
601373
1600167
136222
165355
612025
647279
1238821
16367
474519
1080729
1452092
1056298
635902
201972
1294138
400557
1684626
385858
1747273
1709787
47208
1731590
1215819
511077
1813670
1889344
1539701
2083118
1303703
994953
1103115
660076
1274630
1810913
1753881
844152
1262545
1714830
1108240
359072
1907837
1829495
830483
873564
1595590
1741910
1732083
543057
247277
291612
197789
1537397
486855
713960
584939
894132
1863752
1038082
45746
778119
1390726
321046
1566186
305095
223243
1719359
766688
1105448
49486
1186829
1954102
528064
731199
409112
129965
1378540
2063809
1817692
360584
863484
1681648
2047182
1292396
704528
495381
221831
1265573
1498215
2033964
1393385
478110
1325737
1184719
242191
103551
2037352
1999996
307203
624841
1955406
1932540
923132
1949387
1042000
1090531
1169688
693722
677957
382708
1101293
890658
681285
1284699
1494606
386044
1757229
1504655
424099
134554
28587
834762
1537601
1159159
117805
685029
412684
1771490
771094
787848
405204
1079817
1543836
1144712
142029
1941216
1260462
1086290
1647477
1893703
718131
1582915
1427283
1850316
1362978
1774541
428272
421490
1098161
2016592
1117
918731
1114897
592251
1306297
1272411
1635343
1203484
1426181
1116429
1747703
122176
1758645
1751991
1566246
1897597
1265232
1088615
1264023
830291
1752202
372865
1497311
1257584
496695
479855
206826
1293254
446826
554708
369373
1269076
678965
1181980
103303
562806
1276252
1939783
864425
1559208
306004
488155
526739
631442
1957132
979655
558686
813639
558517
364593
1112876
1589646
1944341
1346039
1045205
369440
736672
297173
580435
1856934
475087
1033224
533589
280438
753677
1856588
1975898
9171
1729174
483098
839350
40605
151218
565764
201424
1933648
1034397
435216
1348374
291377
1316751
1339632
1678315
212107
888115
16374
1169664
659158
858616
1361576
562549
504237
53141
1258708
1722650
272499
674084
1570303
1997116
752266
1091126
938512
301393
37358
384055
845090
826869
1911336
1349517
828488
1202818
374887
1358797
246582
755634
1901490
968800
216236
96170
1626615
1572104
499057
2032071
892154
3984
1519581
464529
569318
1808925
934837
1487417
810098
139111
977993
1804788
468079
1153116
1698992
906921
1753770
652385
1280003
329012
584694
969663
395637
1235648
1011529
702841
1066534
1360254
1182149
288760
1489050
358430
1298829
479734
5033
1066107
165963
495350
18641
4032
95299
1489079
1375169
424059
363732
920825
1719047
453874
2086214
1402109
267193
1459743
1224392
1929752
996351
1974709
1161338
1303738
1986131
1204102
2064997
2079057
1658221
830642
976454
580698
1877662
1305852
870141
437522
1586836
1677474
1394069
171026
266838
1297184
829617
1915208
824416
1426743
672076
686759
240575
526998
2065834
1825511
135428
723343
1272139
140737
885504
614702
960219
744700
1018643
1007642
1785573
1644467
558849
670870
1530937
1512241
1233952
52235
335072
942788
1570246
992894
191608
377313
749270
1353791
76524
590339
1229898
1976907
510023
418718
1424535
724908
2051237
450442
224731
60480
160010
1309761
395927
1904460
916490
1622099
432889
1778219
131866
633204
61047
151948
2097018
1525115
1904559
1908111
1201023
1450173
811618
1110833
125749
1258261
217456
5970
1806635
1297165
1249451
12747
1465935
1649779
2061426
2092264
1923510
44490
1130210
1876896
1960755
1512945
1278091
786176
1651100
479579
51323
174354
1940381
478276
56719
975279
937977
2086196
1546463
1689491
327703
1827139
472871
1216028
1486274
418149
660751
1154572
178929
1707575
477234
837038
215170
1713567
58558
467658
292545
789408
1047965
349877
231579
923079
1018605
2022124
866400
360074
1728707
914071
1161977
693249
1523205
441164
1768546
830289
1489221
607614
822871
1390646
2060151
1598188
167954
1089011
743017
327552
1278963
648488
750293
1728228
1480181
686038
225268
1081167
672722
416506
1225839
337866
1877435
1970971
691848
2084452
1361012
2062138
2027374
1476771
96197
273253
977791
1089192
800278
873074
1168243
270155
723996
1981476
211013
850342
1745261
1141551
1149360
239203
1424620
672872
1457463
872752
1649117
1052307
1673602
374970
1518725
172068
1359870
106895
1762109
798297
732309
376383
1048273
796418
532843
1004848
1846028
709736
1536631
1553000
216660
704680
139987
1546700
1865010
1663965
1663929
160797
1625256
695946
279275
2086682
1473592
513939
1475722
1789739
1867382
150322
991777
1832691
1623303
1977911
1623763
1928999
1901300
507661
286336
12038
943651
668619
1272787
1960928
1529571
567994
218883
392189
1442407
1628345
148794
204619
852743
796368
476789
1441329
1238846
280156
1099206
783595
1025573
1702192
730576
944076
1195623
1433868
1331553
1696448
1755776
1679308
1426962
240766
803624
1140650
212153
1457076
194258
1134840
954784
2040484
1534735
1335469
1043548
1149826
977611
205105
1664284
345590
1143340
722094
885594
109609
1963788
1867372
1437639
1264563
1063633
1169010
102746
607443
811171
143587
1903448
637002
1732806
1120375
274490
1663552
1359878
1642846
1342297
2074251
1433614
1396738
917802
252089
1788817
107775
1016838
28750
487198
1967530
1145159
1777524
1965441
1232531
1099942
1796260
961687
1176416
1764792
152965
1213805
1426775
2089319
1267582
1368201
1953794
1101642
1450054
587081
1802568
202940
91868
1413417
1632352
755085
1905480
1579483
1690865
770104
340346
1338126
46544
1726830
1331643
421563
1322161
101608
107257
163055
1221168
581459
1251677
1088974
707468
1534773
809355
177885
76155
1462457
386786
1866306
2071925
1194550
1784100
761090
1542353
935247
517092
1402632
1566491
515735
122910
1187288
1387265
1063825
478797
1906900
1465139
1776877
1486189
1539050
666
1138918
493891
631703
2096455
1485719
1902662
146189
196980
133433
1673108
1557368
1309184
519189
1612107
1573149
253372
1984026
606117
414039
1352945
1555434
1254716
1858105
1135742
986451
317655
1954498
1428454
1953011
309531
413823
72120
2055946
541308
1381749
1740718
587076
1300448
837446
697822
449372
1958971
1164884
193126
1369736
612766
1542623
135402
604022
727041
1176553
2050889
244951
1682486
1113548
797416
524852
335210
1666142
1429495
1037590
730494
157823
1769986
141370
1128112
780026
1860420
547537
464620
1226899
1574409
1746836
1613589
715038
2021764
589211
611015
901771
1505669
1958607
2034383
1857213
2089559
1785314
512721
516366
188480
1770391
1073268
826975
1624050
901460
1192048
2091167
793424
318671
23526
880789
1192943
794293
958045
1007327
1368741
769075
1886914
2093820
403863
2068796
5073
451909
1002517
2071406
1643078
482995
1140144
2032498
481582
182104
1445862
532669
2076354
981597
1070020
1237388
1484332
1154163
2046684
1957634
1858692
1859478
1689843
992067
1409414
1371383
1965508
935273
1546815
1375223
2077756
261434
1610278
1166095
2017923
1158781
144636
769419
1307720
240077
1511887
1396456
2027162
1638088
1412485
1694415
361146
1685882
889164
2025070
1497918
1458926
1263441
1287724
9461
940724
245273
1075334
281303
113993
1380587
1596662
971374
919873
1104273
1170384
1537047
1757957
210409
647652
1507445
791833
37273
319706
1866367
149690
961100
480013
1639296
1339582
2091725
1159140
1068142
605837
1130355
1272680
1553914
2045723
2092074
367129
401070
940997
1880711
1941442
2069644
1464544
113725
589385
1619322
39408
476259
1238846
1802219
1827162
384973
41256
1616660
1908597
690947
597840
1791012
1917652
1985031
1857801
2024391
1808823
994418
391993
427366
1972848
585259
195866
24441
1738415
406319
1076994
717393
187268
1999541
1673246
1480886
1760776
1485856
624121
924607
119415
468495
1138351
368954
1608122
802300
1545391
1896978
2027290
824503
1550576
2042880
728615
1665588
1881710
813055
1361543
499950
896981
1553610
1589688
403299
2065981
1243867
736380
826340
11733
1635634
2044918
623928
1770325
1663077
1721398
24673
99114
1234738
189482
1247715
1610017
1477142
1386703
372471
1621390
136498
1443702
948479
328376
77288
1625367
1608615
353143
1685394
695921
1225729
2073052
1508517
1397493
1264915
389839
1220536
285253
1205281
1057137
1043891
629308
2034982
1901365
1724573
741705
728520
1993598
600159
329487
1518401
2030518
1058006
1733407
1420668
1391271
709288
130997
888808
19467
1450528
207950
15945
421670
2088334
627196
221679
661841
1088113
1943902
68019
1445710
960221
962575
1039648
609868
379516
1780088
1458459
2024319
1468535
881880
1374832
1703708
304581
905339
909488
1154473
765218
1630167
498085
2035836
1048615
1534110
1448921
1932355
260818
2062463
1498241
266879
83172
951179
1905443
2054346
1499768
870678
287603
1392331
781103
486135
820136
135611
1090893
1024265
334784
494163
55351
807107
1318914
606223
565147
1904339
544559
1620631
450230
929429
1786544
862267
239885
131405
566580
1928797
1281019
1426677
1616393
1889958
39545
1081492
1099169
68077
356982
1714666
1371552
612265
207148
1011295
216266
620240
1515973
22290
154937
719625
477112
245214
1818937
2008839
1571902
337732
1767725
2069237
1915964
791315
277204
248782
924159
1127335
1782875
958081
302132
342449
93069
1978319
1730932
1310801
1453969
937889
1203650
779128
1882506
1287398
933224
125025
401020
1203366
274046
925198
1710807
1602905
1538193
932253
99854
1805626
1654716
1896542
877195
1230997
2000536
1634186
263280
848604
2013278
823154
569209
486251
479912
359951
2052714
1686748
1309724
1022673
240730
1174472
1862521
924555
994897
825302
63570
1560665
86395
1570807
99550
326257
1106034
1542321
960074
305053
2086883
1438040
34511
1237608
329982
602902
520972
410813
298505
1090206
1726963
39142
550777
1211248
2047141
1651401
1785334
395659
1745328
1476936
1461151
1406057
693495
1922454
447735
336942
234423
1842290
876503
296929
2030082
557853
457928
176536
1907981
1978347
1408286
445294
570291
1258584
1857087
972323
558230
138358
735341
290902
1378092
1818013
1770871
1938211
1030951
572466
1825197
802574
1535892
1736312
81791
131624
1935629
188466
158750
1117747
691298
2062603
887172
672699
117018
1484188
1873988
795908
193831
1032424
1464701
1577366
1761586
1251906
1308501
2062694
8924
1519978
706649
2090082
1288277
893124
2002978
47446
1941165
56215
656805
433395
1763887
164899
2043268
266222
1877573
433015
343234
237828
1030176
1059557
1326665
759257
1340829
410867
367496
1792884
1292231
154028
650912
941398
878146
579631
1452662
1314814
696085
62806
666372
1575344
70694
404839
1517149
1372794
265680
1291414
736424
1040954
1030122
886861
428941
881047
193702
667919
241506
282828
1107626
1671903
1016449
1090839
768439
1427445
1061149
375744
1828683
1294281
1596937
2019209
1591965
47652
1972922
633707
1690948
709696
842488
320392
478207
785341
1266312
1911582
624875
1759579
545103
523383
1152663
1778502
1194023
1791388
1318211
464113
624363
47803
471489
1304639
1985017
720154
338757
76278
2085804
1602423
719752
1352006
799756
1334969
1180333
1589334
476969
533449
1715757
209323
915589
905603
1009735
562254
1015763
464777
193338
1300114
1171855
811242
803260
122192
975784
340860
209928
344972
1109189
1262268
1922778
1637460
649820
1757980
2021325
884406
1007647
727207
1857636
1532351
1845508
403914
1220396
1109072
1587291
1568049
1203290
1612470
1494853
1841039
2018616
1767901
139503
1236021
1834955
292353
935421
24919
1756683
907454
1221998
1726174
744985
1192033
1482610
474284
1641159
1882190
1723514
1700646
134606
2037873
1345787
1056501
1579819
126846
674859
1619662
1266401
72191
945710
1556526
1344667
34289
690175
708061
1357443
1810665
1015179
868646
276139
2002070
1869892
1154201
1651823
1786745
1326761
288059
1766701
243144
1972996
204039
601521
1745986
1993184
839575
843708
367848
282227
2062307
2052344
1112951
1290617
275433
1722058
601463
881878
641313
567386
571343
1125461
486053
392745
2005430
975349
458723
1834151
1746652
201243
1333436
875800
1790142
594437
1296887
1228337
529639
1472743
1874651
990159
1270815
1239569
1080024
238364
808012
50290
1500197
278159
1166586
1229290
1039906
1387300
1842265
1996478
721009
278054
852128
124816
255380
1325294
470951
1118789
158211
237056
1262760
1920034
1122952
1110227
965110
638371
1401549
1187766
537236
789060
2095860
1707306
54668
1333442
1736996
1295378
711395
685586
1083871
317462
501772
1880968
827396
379298
1701813
943748
269156
391890
1607383
890367
598724
1497280
630498
2058339
1913898
1397371
889574
1001989
1473625
1019168
1827738
232108
332895
850527
1195044
1136245
1108492
2002140
776060
488580
1287736
637894
597069
1121239
610747
1137918
1596215
947359
313323
594751
1022282
1376902
1061779
1647503
1715877
1915437
1302826
1506159
114443
1698401
1351498
1083167
962657
1566535
308256
1289559
2015458
1477622
859358
908246
2014446
1191129
940525
1017383
823908
1997613
948433
183804
466249
1450001
744097
1131138
1509311
1342323
156643
47622
390409
817481
2085051
1097554
322971
120170
1955404
975395
958461
1502323
1345568
421904
1804404
941583
337536
1421641
225092
1264389
1312925
375438
453492
1761133
1688419
1588155
1226219
270183
293853
944200
1808082
365250
1802759
732446
1217803
94684
483051
1531179
249261
416817
1404652
939006
1374047
1730287
1437479
705509
594792
1472491
1839797
260828
732263
1468257
2048712
122800
540805
1919193
1120875
1523389
955137
688529
1768664
308124
1875714
129229
938805
1610544
115586
1946734
1150121
503645
818742
498219
518548
893919
1812824
1889243
583899
1544597
2076203
2063124
252961
508826
785441
308898
1226191
1683363
414331
219669
1216967
661730
428106
1007070
444328
1889005
1342636
994384
164736
2013172
46889
1492452
192455
842669
1375755
1582378
1501585
1038936
706202
397492
1508805
1136954
1302795
307062
1530951
1074155
794651
1554912
1186800
1394650
2030109
985123
1857584
1369451
540521
361468
1298246
795655
1638414
141924
693722
1330307
1022105
1363847
1221363
1999680
1678307
441696
1910030
1929561
1961399
1051482
1464140
1991251
1237047
1815387
801675
307607
361440
257681
1256523
1661226
1218576
1854054
829252
182521
305120
1911802
65417
1369110
1301830
1777285
1168409
1316695
62029
610045
1521086
1503899
1271380
2096480
677143
1934388
113441
225804
286649
1239996
1506234
1846127
1892657
1191880
77017
1801869
428768
612297
1475803
969376
1684349
729484
616209
828998
1518889
1990568
1252433
1643149
147184
1582151
1122462
1951307
760982
86434
433106
526878
1516952
458648
604457
811879
1638963
1399730
1314693
2060986
680797
1326853
698960
585737
1620112
109386
2064610
1545461
105528
964229
1198141
1117104
1574334
336552
1149198
368311
163314
849036
1425861
1731546
794828
2085787
596660
803563
1123676
643479
1789953
466539
1143489
1732561
1831779
1591978
1472275
1264953
1803631
120220
721689
646820
271468
1230823
1203121
845990
1223814
453991
327616
206949
1516345
1612190
774035
1879744
337373
318064
741520
649002
53551
848250
2012688
1055137
1586620
307831
1254988
1666326
1764099
166663
1400885
1836459
2011454
1146430
292123
2019369
1527710
1918041
636675
1106446
1506030
1770744
1985158
1051530
1150578
1296445
1571112
1199834
1425119
1491252
2027249
157267
1715545
2030047
1768511
1529991
1498698
503626
443035
1593310
792051
709117
1565065
950532
785065
1811781
1754647
1368464
1743487
155022
863785
1492543
1970263
1238099
1687112
1652261
295477
1478126
472803
1365556
1413285
824236
320479
378492
1477929
363148
642900
106619
1731453
1627393
724566
1047526
384929
930839
863409
357709
1800313
1516136
1264235
1189868
574707
100648
1698816
582169
700290
894406
1166366
1184161
1194464
629868
1977305
1735559
1679593
801215
11306
1067114
1224307
248916
240028
2016523
2071816
1295388
2089221
552010
1994585
1174592
1888817
1402351
1112920
39357
1827673
39860
1582784
790314
833092
1367004
848145
1874945
814592
1849036
1828017
173009
1823229
1301227
354117
245684
903554
1845312
335598
430697
1677378
887595
147579
765306
594704
844680
530507
1248194
1618286
250803
2063822
338875
1830654
1591482
1384333
1751543
122256
1631019
242565
1311250
1709765
499155
1709511
666
485924
992728
671025
1586
1159798
1559940
1354799
395870
1125203
1366313
1745226
524889
617917
1579899
379267
928327
452779
1469633
300103
337210
1914972
97845
1345248
1803857
863583
581893
1444674
1289063
827941
708163
865309
1865119
1469440
1266473
2018825
1798719
1819253
1309467
447404
2059303
1598904
1369783
1243332
1647704
1415990
1602914
1539568
2037212
247052
1719458
1826060
962415
845650
982713
1973277
1528668
646159
763852
307847
504784
410808
1249031
387731
1755165
685606
1265429
952069
302402
305617
655176
406202
436757
1158464
1076454
1367581
333174
2037377
797143
2010206
1606377
1815188
187455
684103
1081330
1339551
1060922
980618
1020570
162521
1057599
1276280
77691
31733
824941
366566
623534
474633
1649461
67392
1901826
187832
1696690
63120
1056988
1555093
906790
964198
796690
1514375
1407193
1750909
1293371
1911847
106976
151552
297145
689636
1788942
1307982
1308654
1107419
1738880
701973
449271
720437
178722
1490612
2007116
32765
609921
1675187
1031078
1542203
40285
2051140
1197966
1673538
1076808
1123472
372458
628495
448964
1924569
1594108
174985
1364271
1955875
1222684
1836448
1019624
1847150
1059227
1455120
624144
1094721
1952563
174767
1580850
1930618
734290
2092854
1942868
947001
6068
1275976
408749
1167562
2056093
935861
627325
293230
1355037
1054401
469845
1518049
1822391
1349982
969523
1257081
743632
846643
1009887
222160
1142851
698195
1274831
1779133
662909
31099
1501706
2086550
468092
206279
1626469
1607305
1074196
1315248
269672
1573113
1516766
83768
123222
1450930
1345066
1882404
910248
1827297
1662294
212265
1392215
2077356
1729004
1130205
1224039
1337658
288489
367713
1803005
1610284
501636
27537
1633911
421959
1364963
1152165
1137101
1740864
36875
1588515
202417
2009478
1080706
1436663
1731267
1974252
1945072
1908130
1523770
2029577
99108
1617230
1594978
749124
1148648
1967549
1098579
237137
699120
1931989
2027069
1165070
1746776
31431
516006
1356969
1889283
684963
1366789
47318
319297
874544
1157903
1464072
1780253
236799
385046
1861774
153773
1397888
1078760
522854
117453
179986
126077
296109
735130
1192403
185562
88474
560155
2073898
1714574
214982
1602406
1542615
1409059
1665467
103606
700789
210662
1571492
1350076
1320264
1194084
116212
1668512
635962
1688574
943595
207616
1232615
1827055
2032356
292185
1373847
1881906
1221424
344120
1544703
1965968
285053
703627
26814
397905
966037
535166
283736
774619
1513818
726071
713646
115880
1937894
1096676
1948601
75767
1856159
1172831
1797748
1546892
1859125
1829352
1527520
865516
1124179
535094
161505
1276520
159991
1276251
1819137
361578
799807
262342
191946
859976
288669
1795022
1334978
1394203
295236
692001
1390275
426213
421043
173694
30643
1252972
1599808
1632525
252762
923954
2024828
535235
1824592
1944794
846176
1025836
1044949
538473
589578
686071
72312
1374139
1820676
188332
1648492
1609874
297696
2023140
190059
1895823
328471
1454191
1269255
1785236
2005768
1232563
322119
732104
1439212
1215164
118135
1201857
1854899
849
760833
1587992
1484440
618600
1939510
220381
2046037
146789
499941
160058
764628
2052736
1819551
1417136
1630783
209841
1036685
436293
1643601
1884539
1344430
1626639
48828
1535495
706916
588656
1103001
794335
1821239
1112936
1971884
833968
1503642
1948001
1378410
1015923
592295
1767117
1397153
1107802
915366
1620987
1350292
29926
1710911
1224580
396925
1933954
958271
2053545
437838
1137152
735435
1723151
359306
1782371
384986
984103
475420
914505
784869
1536184
1990167
1406047
1981858
71891
1405987
2029624
476333
1171106
1980824
1925102
675324
624243
1174793
1717472
139782
1342542
1377851
9222
874360
328840
1687118
987161
222546
531115
714507
1830412
1244504
47124
1591085
328748
268205
1380771
872328
256572
1369731
1806825
555761
511747
1480363
977700
1247426
658839
1789958
1544822
1834969
197329
22162
215982
1345019
743756
1276689
467726
1873262
1353792
1062936
1787998
1308858
83883
321134
1619130
1716831
303644
614812
1333882
955503
70279
1852290
1627266
1460706
1344126
560101
794749
946571
1540908
1119941
1631545
1747083
98684
1552990
1055910
1212446
1440707
1635265
2010825
546987
1590609
1185487
1614079
2095599
748100
607373
1503999
589353
11274
559260
792812
967711
644318
1477832
1783770
727523
640691
253823
1957941
12348
2043876
923671
1111889
1025156
1193475
1153478
1169302
888038
929082
1377312
1991844
880867
1251462
1347084
255688
1701350
1684800
366083
456488
837089
1882698
106618
564234
1102792
1816896
1166173
1567373
1810370
1979918
1993596
1186101
1604350
397141
5821
189619
1640713
341993
379908
1736256
1989238
1181663
341925
1765614
1309396
332153
278850
721232
10679
617573
794113
1966296
1586365
1757071
790497
844870
1279614
1677323
706857
729752
97325
655705
989376
489413
750044
481655
1118807
1809587
766784
1302801
1725238
285635
1645774
20032
807592
728914
1324829
1084967
1891014
601490
226396
813017
578710
1129237
2029010
1575147
1212509
775024
974130
543231
524530
281944
1026994
958399
1560336
1873294
822975
1520288
1062756
1315334
374832
949694
1799255
1520800
458193
72526
606818
2782
457273
920296
981962
142822
2016943
1557540
415410
257091
271381
576977
446041
1662137
624309
219193
822882
671626
2029246
1474251
484622
1517978
136561
1923974
1232707
748225
1627325
130194
761667
358073
1543489
430677
396522
1396221
924808
1561209
1977443
1407492
430954
692780
710181
894504
47710
655380
915747
1291442
413625
633914
204287
1533259
1204639
832103
1282110
211024
1082267
516418
864310
1650777
843182
1416848
745141
92493
667838
364294
2015543
1651326
1370695
896499
1493892
618245
1064742
821048
854431
1603048
131937
699366
266980
295243
627408
147423
56626
913942
1285251
828639
709893
672634
1966280
1428808
240986
1540002
1716136
42779
1656905
679167
1020875
415087
26402
844172
562068
1086674
1834753
950114
1151070
306415
72879
1512456
2484
899035
1585322
1706453
1484907
1625448
27202
266442
488312
640732
1996454
162369
904801
1693040
1279665
342225
1842994
1575926
650363
1170382
202698
868863
2092897
1872820
564332
1465584
893838
1729267
1580906
528727
1941445
1250412
788429
234724
23135
1599233
349917
1212274
1360984
529314
1719915
999274
288580
1435948
1292208
1379314
1300762
12155
1796272
1320259
1558182
1628443
1852412
1800580
598926
1032419
1002670
1403529
408767
1787634
1623686
30423
1603632
1250905
1497090
1830486
359120
176863
1000024
1745150
1325945
1877052
282923
1547251
1128420
109093
2064862
626530
953941
1530517
1089641
941445
732423
319911
1586563
497966
366111
1134694
1187863
548918
1107207
196088
1511882
721974
1822754
1635445
1008776
1006050
479144
1849569
1400044
478569
1794192
848788
420708
1867843
657513
857204
23542
342714
1133825
1377395
2007682
1499551
1720506
871315
1773409
943754
1806956
1034474
1717828
642803
1523130
667644
306992
980123
1246888
1569987
1644405
67483
1595763
107991
1922700
1450098
521570
1632775
1976485
1988228
948119
1633475
20193
283982
1468574
64203
328449
151764
56761
26207
617079
1802120
330926
1409147
1360564
517658
483083
756312
1629842
804748
1023924
194729
1723072
1602036
1166237
1718258
462089
58937
777369
1660753
1208411
261952
1741585
431386
1551721
803541
381324
1752752
687564
1010886
1084128
43757
1688968
658039
2003451
1625223
1801412
1057638
1165328
1503172
2089386
159984
406548
1223915
178237
1248703
2063473
61123
1702934
674619
1575355
1843856
1566165
1212770
51036
1522914
1606711
1979240
918794
767128
2057897
313721
1599980
1698685
1963317
1926661
931916
274905
1380274
1245938
2051770
1878105
158737
985358
221561
244142
649635
916017
251164
375610
699715
167000
2060593
1604161
874559
1882678
1822684
200932
1182166
119676
1375545
1135703
1579325
425294
337784
951215
300031
1169729
167545
1479838
887452
2076472
2035679
1085841
332610
294029
1620594
848502
370823
504026
1294760
438184
1583108
272079
1177666
1770559
1061544
724326
1615571
551751
790191
523239
74009
2054435
2058510
250120
1633024
1869957
1208906
344985
625720
1796196
446592
1552660
810802
347715
2080405
1621108
112240
886314
1601118
1684911
696579
77757
90536
559165
1008918
658888
584702
1774845
1602918
1246102
1731851
352738
1717384
1700239
70018
1896396
1787616
1767519
1312341
1559773
2064931
1761303
67643
1744832
833350
2061992
857926
781864
41409
1257228
1561728
673537
1455351
1777804
1224035
1359523
1199797
113528
1013517
1528165
689048
1777336
555286
345858
149575
520081
796126
38682
75859
977662
449604
300348
1444272
138756
1772683
643287
371088
51290
1177708
465777
1281429
1598147
721953
1445252
1741360
268420
732230
1976413
1248518
538957
504453
448873
1976398
1883895
1863896
1321278
436725
1898621
885065
116438
837493
1622403
1771031
1205571
1242423
222168
711693
264275
708194
742993
1892100
1237622
81917
1737298
75351
1166410
921658
954230
1719618
468013
174289
1698466
1431794
1378868
833866
447484
1240122
160494
578579
1815817
145096
356675
366403
1660526
822193
1859042
475121
934559
919872
1648784
242930
1882341
1923557
402878
1975272
526879
2085912
266438
866689
69266
1371434
1294639
1952703
891445
716995
1128273
1801010
158414
1199368
2042567
2055679
1048904
131393
535299
538006
994720
1366739
1222759
1965556
2083525
1190530
1434183
643922
81360
1276361
834606
604454
442862
624186
1499851
441169
2056299
222895
1470179
1552470
1092131
605252
416426
1413511
1170903
1453803
697313
977914
72880
111482
1825561
940844
762971
1324831
1255042
216121
703513
1395215
484501
1996406
2037801
1524044
401679
66662
1174756
1836403
95372
2053588
770288
418403
1355048
1905151
1786856
43429
705674
1961647
525536
1234795
77234
1777443
1825302
894999
1927912
969633
8510
1255960
1712705
213143
1553862
1988102
1510643
1618482
1675371
1578213
1844230
1081145
1079686
449111
643738
904216
3442
1349304
244796
990464
1869921
213746
510877
1655789
1533201
1091060
1950737
1017211
1363885
1847712
161331
1394031
214091
1831709
720402
55751
1926746
888933
1972028
741691
799854
1321712
1153307
1312781
209337
1686878
2003946
971784
2028705
1058815
1920190
1465987
2015179
1154586
1670380
1044837
1663219
2065359
1359668
35297
165644
1575546
2030364
1208819
923362
784242
1107141
323423
1096641
327433
1133996
181538
1967978
523173
592051
1462836
715457
722652
559565
1115759
1910416
1316970
798638
898191
231874
2051306
412642
521754
878703
152613
426932
287764
1027366
181482
199207
251240
1129412
1913400
1538440
336344
856903
580528
309468
1775198
831992
1421599
221079
349660
439618
1449736
1339383
1625849
165038
1685516
1115752
343563
1576259
1002768
967243
1499120
1059022
1205249
668293
264373
344657
998167
1078837
1294058
139026
500849
1804266
182921
1337755
1573880
479176
906304
1028625
300887
1482476
2048021
658755
1175031
1350778
1858610
217547
1447124
2028205
1919679
75947
555033
1388625
768939
703671
1759820
1071360
268610
838208
1310469
558218
1128565
9804
1754367
1291226
125866
494279
1861983
1484746
1574141
1280782
1608743
1870906
1532623
723495
2050975
1748938
1544070
1139226
1010327
1066651
1657684
2073015
127860
1924222
1115375
1694773
796624
1941723
381981
687114
1428124
1154248
2094821
1171539
979106
1124774
1581139
1458746
1278273
697501
1578408
849319
94025
1663335
1254618
560819
1011669
607416
1568065
346923
692996
1258673
704848
808323
499822
275390
431679
855216
489270
1933356
1156
1012258
651168
1374450
18934
1717609
973310
1592829
1281148
494271
963806
1648732
248374
266229
168534
1735866
2028006
555277
156240
1941623
35982
2069485
1078703
950222
1322779
813197
1477685
1014107
1284352
1954032
138505
846186
1045144
252510
1099704
1332587
986178
366381
1636756
1142255
1690876
1687172
774482
1164162
1453434
1543537
1190089
856281
1780354
905912
1927846
1139355
395129
124083
751624
1977136
264190
1930929
1138646
1406720
1078644
2021663
67506
1899372
152408
599538
533608
1548534
1938246
995489
1637829
1142505
2025355
1754901
358300
1139945
1409320
1566452
1095675
840908
70686
458905
1671243
1324309
158445
14125
1895778
535158
499743
1688363
839744
1879223
574144
209604
798586
897385
1325220
1325426
1425176
1223861
106334
1971749
1653459
1736378
1325762
1592672
1805466
920012
1125844
1739446
1607461
701433
2083082
1307382
637590
1932346
75447
657003
689901
594335
1449096
1337497
1314368
1278189
1390312
1931465
1705613
37624
786748
2071765
633100
187436
1919941
1734009
793313
1360786
1011222
518576
1288456
1732038
1553136
330833
331618
753191
1124469
284019
1687740
1443515
195971
753375
246717
1623305
1270559
887031
341636
2093162
890575
1508215
1239282
222223
673983
1420141
1620842
316732
2031256
1754560
888303
2034687
614881
480179
1149317
113361
300754
1070268
1207211
2004861
444016
900885
276948
1686955
1701083
437849
2056386
469364
723628
1998241
377242
474714
1222200
2037878
822421
1234181
1234861
1229809
984889
143401
1661137
587641
1866208
1539824
1384283
1348213
491151
1784137
415405
250450
1362138
829569
973801
1696320
81107
1135741
1918252
308233
1099983
1102846
215767
1967958
979951
894024
1054665
1186512
1929535
1389201
889702
2062453
1721693
1517461
1254989
2073734
797301
1854387
968858
1977443
2022531
1441768
1857172
567497
513449
1986074
1128114
834746
835726
260356
1395138
2027650
1410197
768550
519208
1867313
1199569
918046
1473796
1620716
544921
857545
2059818
179821
804509
1067140
1002952
2048038
901457
285175
166038
743242
1600415
1876936
840060
1368380
1454769
1755535
272761
182182
330684
66419
2060488
13746
1747622
778698
866310
1573295
1440622
626216
865869
2041491
2068014
267301
1791768
794287
1401758
8791
835804
1787643
1156596
1046987
754472
1845335
317440
1108069
1231159
956962
1630829
2011271
1670094
468874
74994
108123
666442
1963756
1724276
4394
714938
567470
607444
1017103
1860328
276719
42855
880506
731696
1434991
1502438
849618
1993734
2060038
62912
1151902
705799
115734
1384870
2060186
259707
472918
964917
695560
219682
121931
2048678
171697
580916
620768
1111376
425700
989546
307561
1113584
1890783
971001
43656
500622
50689
1089619
2052674
891611
1468951
1779363
841639
979960
940094
1455051
953972
199788
747936
964826
954895
773444
646522
1131971
1962285
736046
1434567
2084177
1638814
719980
1671671
603680
1880445
784016
1304067
781699
409927
1737676
836175
1982271
2017309
1310147
1258153
369388
997790
162237
1503451
2063852
1989310
1150994
1197332
1050312
1976550
59060
1123490
328929
502997
1897663
808783
529742
592023
660186
1327553
846786
1033704
1010275
792901
636010
1507444
832300
117595
543124
785748
1895875
444780
810494
661262
1533457
1584899
1247937
1481632
346164
483055
89497
1855443
1765246
1391016
2069133
180552
972143
1537372
758197
1402525
173196
1009153
858136
1557253
1798388
1681872
1482867
1333433
1734294
1356924
896722
142236
391905
989601
102358
1960822
1576405
244900
977538
2003752
1369169
504460
2011522
1531953
1729404
1681426
396982
1604587
799541
197729
1626611
689632
1133396
1427159
965066
877714
486836
869422
1809216
415774
1858774
1666409
1637210
1720330
122115
667883
727886
351159
961484
1100814
1164871
1016514
1152966
362918
286100
1632439
180328
1535944
2010668
1963393
1557477
443697
985172
954864
540386
1121473
1302623
294316
425966
768843
1437013
1759755
1224340
1421881
1656938
1903378
1762287
1306445
687650
681491
970903
1361903
118791
1891131
494033
797784
332742
1105278
128475
1815823
371359
1196593
658742
1057535
129539
174014
1361098
962717
2006080
10447
258770
1947761
601623
1881930
581211
768866
1256483
880778
878410
1816363
1884399
1282601
1495735
1311574
766619
1338559
1459600
1806621
1559785
1624063
1037648
1994895
1716893
1352063
513212
254812
1437452
1836444
1876092
1837995
782005
2029528
1551724
1534795
603081
194051
1112212
1895867
633219
694182
1717914
1187142
1206064
598266
605840
682418
1671610
1480412
76289
1838287
1947826
980755
360991
1122126
219544
1224271
1085423
1562173
1286747
1391418
1278794
1812360
440804
2040836
1221290
1587684
1835918
1571264
1512329
297594
2039916
662267
1116485
956609
2056000
1195240
1984097
798417
109052
424062
1563136
656041
11701
634610
844164
357044
853982
954086
316452
296436
1323452
1530280
556135
1154613
1224919
1752559
213338
159910
1294699
1618792
835427
679736
933276
669822
1240721
865055
193115
666035
864846
1998562
909528
1187825
1485901
1676358
432484
153909
526999
786567
1895072
1909993
312976
976691
331225
1778519
747748
547343
1001331
1826198
1172523
717404
41027
774469
816685
882153
1764020
1835395
834978
276548
504990
881787
905303
536181
1709223
1227491
2038661
1200545
290838
1619158
1095250
717549
2057198
1850717
429129
657677
256576
146457
680882
869845
1221250
578134
1393065
59442
1757658
1109759
1379279
443622
1785395
363199
624000
1173105
1799427
2040770
1172575
1731191
744608
312929
538149
190739
2039035
919084
1027983
833645
817846
49319
309829
1098997
1224027
547102
472484
359591
1869739
545516
2022467
881073
292564
509343
1908245
253668
1600377
1842247
1899792
138825
2043240
386920
1480743
1140791
2025691
1588950
462475
841561
782890
1591024
803591
439279
314057
1893003
312666
1535678
221303
815350
312683
1735170
85365
1944949
2060869
742596
233140
1006478
2000039
1680123
504517
1466768
389911
791247
979590
84143
912209
857445
1110607
1626129
994038
530317
399509
874044
1290070
1567929
423127
1987117
1405501
1410203
1843135
1174418
821145
2017734
838474
1898348
224735
1486263
1304542
1914004
1687824
978081
1790264
1481070
572988
522599
123899
1497653
9055
116751
1813205
918845
718210
2020137
1867791
403591
1610995
2080369
1707631
289300
345476
483102
1247808
1692228
781983
702513
1919343
1523120
480541
1351475
1118102
819675
1142457
2048941
749777
837143
109828
1882578
138306
1533950
342963
61092
929060
1276135
797741
70153
1560398
1701803
681530
821535
1544705
942115
1110950
516410
143843
1310651
645840
1114595
1470733
2012284
276974
1245764
1589760
348651
1946348
1412182
1513584
1105182
1013204
368179
1876150
1845097
1463694
1687538
1797331
591101
1331414
1075814
1594340
1143521
317283
155945
216797
95648
643319
141377
1280887
544777
1313374
754649
801836
190318
1321502
5717
154144
1818796
1551570
2012979
1907669
1374073
1418996
1049358
610707
1828662
1517586
1174312
75356
1766090
1382714
241885
782918
1175233
1527433
1687382
186674
468782
1327534
1784807
319142
1560735
297305
2091891
386484
321922
958301
1716528
1425880
468840
1893750
1339706
854943
1016188
1513095
1115972
711158
1589128
1536064
1460181
446228
142076
581367
174183
1840583
38211
283557
1454284
653841
220371
1976800
1293887
243195
1437772
2040244
1861231
1628523
230677
1896247
1535744
1073646
1133768
704448
2085826
1058126
1927900
545429
1260569
434138
180702
811260
230888
1344821
1861023
200587
1684063
1286298
1938882
1638545
1378067
2072425
170484
875907
105402
85732
1683267
445248
807661
1811451
2059235
441115
352847
627204
1938643
1173628
1315969
672578
1857199
1708290
1856815
1356826
1714457
135942
449968
131030
1858080
1612882
360065
1891284
1529077
1863943
1312785
1756169
11605
397420
113452
2001323
446227
727984
323434
1106667
1533706
1466454
50185
788639
536820
116306
79248
1232059
1887080
1810326
710794
508531
2066810
324863
1490906
1933038
1175372
27276
1489638
1533800
1416437
1520288
1056269
1542050
287003
607826
110024
1038716
983725
898708
658118
668833
1869575
1402902
336761
510754
1921010
780749
2012515
370136
811740
1397748
773771
852352
229538
211819
230775
703317
682832
770901
902154
404011
1887547
1225942
1836974
249540
1747659
737994
89888
1651812
728675
2080095
701503
206952
1987509
63336
1349192
1842641
544246
2063702
933587
794522
1571392
1768355
553462
271036
746897
413866
8180
1693380
566200
1491884
939207
1393103
592543
1095940
985082
295645
2087753
129355
836903
131917
804836
1523555
1436532
1322597
982098
1457979
1534081
1668047
1762441
1881399
1464597
1959903
385578
1461258
778222
1000069
948393
279806
182561
1461202
1387889
1100910
734808
1569513
94043
1753698
759384
1202750
544475
752937
888879
70147
337474
1878480
479332
1935265
2066298
1502300
1297553
1793825
809620
16281
1382337
1702248
528013
610925
51188
1759252
725929
605834
1946412
908790
429256
1897050
651352
2005228
211719
624139
1969808
970775
1973541
815514
1366764
32563
725485
1062842
775022
669187
1311531
366457
1936192
1736875
1094752
439430
707277
1543125
411326
582642
465901
1942919
1300916
1632590
1030308
1018248
91497
683532
1996994
300588
328349
285432
1269958
1119351
1526059
424373
1890929
1682536
1000631
483857
1992016
715860
1029312
1717536
1946555
1472559
517012
525801
1879696
983972
21875
986527
114714
1091545
1369928
517933
855160
160705
1092194
330754
2024431
1459166
1171571
1616387
508292
719950
258387
436334
167471
601614
1051087
151464
1877801
589370
1657080
951742
1198987
1561682
325435
716683
1022913
1761847
538815
361563
1850142
2033382
1114697
868328
2091510
1366711
1429023
1940635
988316
975379
1877061
613862
874926
389484
1343329
782493
1535994
1751920
126407
1656112
1284728
1134655
1508333
165281
392859
656023
871357
1074965
1750902
1095116
1331736
529642
550397
918888
1493493
774433
83149
197987
1110637
680980
289763
952257
721705
1463098
718476
1565313
1562746
365813
730117
859834
1109648
136507
282907
1525704
192798
1629431
2084663
868195
1030882
1510418
1188647
1182084
628307
2036722
1317912
1896701
911085
1293914
620813
1455005
71800
2067083
96575
529083
1623961
1820793
1227205
1061659
1150243
628750
862434
926968
1682297
888890
40274
1030943
1512295
741326
706057
34296
1297364
1480683
634026
1398109
1949091
1166841
1502003
1905184
1850164
1827061
1637155
1805851
1855694
2067453
633481
464821
1245550
642558
1100128
1878956
526657
207965
427908
953879
1742132
1897600
2081211
254315
1152261
1519123
1417755
229499
58139
1265129
1015350
454201
1143711
1111909
1557361
105517
201256
1259571
1640414
1250935
2091867
239688
850942
905795
734689
1291777
1179586
420227
705560
1647672
754494
916704
1908178
1007167
729429
1852084
1111956
115604
690393
1079280
1929887
617272
2018913
128470
165690
1645692
698195
499038
1331340
678198
1332334
1480487
1615723
1856299
763960
726231
167818
1541277
170932
446159
1077324
811476
346562
2025217
1501380
472967
192383
239585
541713
1361919
2012685
934970
403882
1087199
692258
84693
1448650
856419
416702
1437393
2073727
1367807
507489
1610627
189357
631874
1169457
538823
855649
1925067
323675
1340064
863204
935751
1286947
165125
195289
501835
1761270
133819
735962
1232610
1715170
1719325
1909988
1528266
8913
555189
1758210
549408
1185779
1385601
1553795
186994
719782
1783748
183851
771852
742212
986694
833472
982885
5438
528615
45123
992904
434645
1884760
1239619
656988
972507
1017320
1213354
243626
1532642
664892
1121879
1468098
131619
305110
199673
639641
734613
2063690
1004664
1196622
1133195
2050304
1348692
748262
995117
511079
312928
466213
431685
1669746
1868334
307563
1069737
11589
1576595
738668
1022124
2049265
1564062
1645990
1767929
402460
1875306
1858160
1734192
363896
1507106
1408659
188584
578279
961439
1598263
139711
726320
1348339
1717006
229381
983327
318041
1631396
1385397
1344754
139723
551334
945362
1173241
307385
1140494
490056
160830
675636
706562
222834
1748000
1910503
1104735
410478
940986
2030931
1042869
1296270
2001396
28312
217006
647249
615211
2065974
730786
1640520
229696
796964
1008476
606775
391926
1653405
921808
786916
365438
342791
584370
1511660
209174
1726023
727501
1090550
159628
158966
1061367
1530548
2011548
367040
1036164
1035017
2064877
1509990
1265684
163248
25258
702889
204959
2025680
809088
306585
325800
1047247
35822
1954698
1185886
1781201
1132994
1141036
1719722
647737
1538465
1972245
1278452
255121
544644
1408800
2011268
1018169
1280766
1170174
582502
372284
787757
644455
807595
1325482
40003
1325114
81892
938200
1489265
1464306
1230272
821990
1686570
425686
4517
444140
1672078
1407034
1518377
201773
793830
889147
584518
1523885
85004
1571406
1319726
1255571
12448
1665793
929953
2016939
899313
671581
2055061
937071
778607
719924
2053934
929275
781703
1195463
1580479
1512514
2020570
166438
1121756
1838567
1379728
1267361
19520
138534
502478
1492405
1584239
878358
1995782
1784008
2048000
1298106
2041889
706335
821849
1354807
1543508
1114474
783573
1545869
1326213
991045
679194
973876
2049303
1427985
1701278
1264905
119820
1060478
155160
810454
587604
1823794
161760
2061284
353313
651488
686078
1658101
1496375
1016376
71395
1244676
1778689
1011724
1899414
2025764
1944914
216588
1678922
1528050
1237181
658041
1236007
1955293
1312595
388393
1725495
2043843
1989810
704581
222031
449578
1868611
2085407
799452
81796
535173
1947001
1166432
1957334
617540
736166
33184
1889575
1045408
399836
997181
1616405
356039
1048870
605625
1424622
1514032
2008637
1401523
1139633
1794640
150727
508483
1682262
1484443
1105725
1875543
665784
333484
1667830
1777637
526215
356483
740764
877540
371620
1512622
661370
1414114
1752891
226110
1367046
788499
1994252
868974
315384
2002625
1365039
867795
1149535
1766138
806091
678657
1078276
309854
86793
552566
173709
905189
921008
666040
871083
94092
1270730
534915
178886
402615
1220265
1341659
279934
854835
1975223
1473531
1270109
1032383
243307
828387
1800483
103141
63684
1939841
601609
1143579
1672869
507194
2032473
465151
724611
1697235
1563832
293008
339879
79733
233100
217157
2010253
768459
1504724
200934
370063
1311246
1942235
245500
202352
906197
858134
1878982
46838
788898
2028711
1573254
1680668
222191
399306
1842452
2090267
1182640
57503
1019009
1100233
2007843
926628
673996
1490319
110029
1656139
810592
1419885
976517
139011
1422943
1992035
510058
846360
1708166
722846
1252782
1794502
359309
1574352
1365255
566245
1488871
1186821
1813686
1248654
1830594
903783
1929204
26382
1639711
1582405
1348020
993429
758000
1056955
1105293
620281
1905679
83563
2016695
110064
2006769
1239438
1802996
1762079
2054909
1012696
903492
1557345
1030747
1330043
1655373
1409439
731433
661678
805966
869538
1055203
1890084
633468
694080
9456
1123771
1630647
971824
1421618
961757
387680
941318
1063268
801252
1683018
696726
639049
2053083
423823
1676089
1401704
824340
1311543
398653
932438
1962713
1333392
1266164
1887822
1998503
185358
299443
947220
891468
1049243
1197868
176112
844882
1374267
96890
887207
86025
375507
1741379
1594449
2080407
665606
1421396
191476
887925
1403647
1273102
772275
265641
1287432
1487630
1279362
579886
121292
381541
431671
1182173
753198
1284301
1304277
1786170
603781
741932
1506296
802450
220976
658135
1960517
148145
1501264
672481
1382567
1588900
1694609
227301
147297
1372647
823528
1212584
1274791
1548878
1254677
44009
1854919
1703453
930525
256468
546215
917151
7622
1047901
843649
477098
748366
1951993
1794242
427618
832870
16397
1966817
571303
896803
810097
55321
1180808
1868404
1617255
1086428
1181979
97229
2075502
657133
1826841
689824
1307203
1170665
340904
1993598
841857
1062718
1759645
986830
1217071
1425240
1910709
7401
1122730
1943527
537095
1875597
970816
1037106
1215519
1039993
245219
1438263
912163
1234710
1199446
257685
1453404
855314
1689641
1920783
184706
1329606
232432
296078
183857
1054283
1402892
1846144
1114085
1713693
1542514
1264502
920023
1183273
1009594
1735906
625705
963380
630004
1481421
391083
1099868
26504
803956
921011
361664
1166223
1306777
999509
1402108
319235
438904
2010463
1465225
508453
1969725
1922172
1130689
859000
1267917
93925
893291
1483952
203994
292075
1259716
27648
1367307
1926094
1274058
1827599
346408
736318
340410
1092369
956962
686040
1578904
82767
411348
481809
1036973
1136004
2007409
1869542
198088
1593719
797530
1519532
1073977
1793827
1543015
1469549
989008
1271000
266337
1048106
1752396
1897654
362397
1555549
862625
944854
322969
1988139
1000029
678799
531569
1955215
1305767
1025842
1251862
1865979
1754153
1777301
525859
1506735
1171267
2005467
189740
547651
282866
1358031
959857
800428
288579
342582
1488585
588080
1758006
1699188
159154
818590
324839
374764
1255254
1616932
161009
785778
639605
664376
729557
323893
98060
1061341
1029717
60030
1291417
60849
1096600
2084517
1510616
1316131
796677
522141
265963
111663
1223069
1553526
1426608
796664
964821
759603
1974851
402358
1547949
1587543
1611123
1228605
2066179
1439371
508190
1400209
1279465
938677
1828420
1007585
861427
1267432
1825467
532289
826186
2041482
1092452
1478033
475503
222222
140728
74726
1384341
176806
426644
944860
41820
47179
2050602
1339180
1742817
1866108
1525480
1956583
551165
1818123
981823
1978809
1673355
156783
1870891
1168531
1604265
1842909
1536085
1046295
1219509
1575839
1405367
694061
336140
1175553
241049
52511
795459
1741617
81105
553111
503520
1428598
1051681
1250536
1631829
1003039
1125001
1426678
798251
855171
1208713
568624
731715
1922688
1173775
1181662
1573113
1919685
370447
271946
583452
1067865
731284
481020
877975
1074873
1916976
1814410
268191
1598438
1160103
1730116
1953365
13516
360641
552495
529591
1181796
425741
683421
720058
1510371
1094286
191954
1764472
1384547
1777950
1886220
315463
548968
1137268
219728
2073757
149132
1188003
1438816
2078893
1744086
2014463
144180
1333376
1708528
1018675
501598
899981
1140678
2040452
1845417
1385111
42194
803593
106350
1179061
1935228
1133247
119265
1753459
372983
1864805
1632712
1359830
889583
819180
126208
1697848
2040174
1548906
2050331
769736
1089624
833895
186510
1452702
1743324
965490
683455
1632062
1188157
1981893
390749
619621
2095948
1746162
1093469
1002760
793599
1717359
1419257
982106
1384055
765651
456732
1856972
193251
235203
300177
959182
586642
24141
1151313
67397
1304736
1175723
714852
1289104
145304
524354
2064802
1403129
1413737
1401020
1326513
508785
257816
1274656
928954
1960318
2058109
1918927
1498906
1655094
1037953
1349686
1631348
571179
237101
596001
1250201
102940
325614
711826
1973123
1506399
1869423
570348
2040808
967120
956015
1657186
649633
257845
299491
1035139
706923
69099
892633
35783
1806651
632003
407910
1944305
702114
1799407
1887761
1401914
112283
1152983
454678
1632017
190736
1323205
376022
650592
981142
840498
414694
1858092
816293
3252
1245455
1976942
957113
1945411
52133
1105941
1669300
100065
103574
675069
454896
725859
1753739
868807
2092625
1224012
635268
1253997
1916090
207509
1028422
1294460
1704011
960070
873471
1513660
1354699
97211
1451141
176204
1088653
906356
1085828
19173
534594
1725784
2093318
758347
716560
1410629
1439153
394425
305742
1801419
1295645
138786
226886
663797
988311
405055
1031005
4359
1263558
1223467
614659
46848
492159
1904268
776902
233684
1504558
878863
1762797
1767975
418107
2086436
1209337
914568
2025663
1169375
738408
424166
1618673
1859791
71206
52036
902316
257973
859902
399217
828006
2006779
1940846
1788849
1631999
1206217
2088781
1750067
1831113
1709718
1768841
1656889
990241
1281301
316277
911303
1685761
1305449
941559
2029254
851690
1841258
439554
1036403
899194
515829
669612
1145852
800298
1143824
280920
448809
1920366
47056
1778744
666104
1097657
1499360
1362848
1993727
1596082
1736831
527990
25222
882942
1239778
184370
1015849
1458435
200146
1930425
1314022
988414
564583
20868
783229
335313
736450
1141874
1085182
1224679
1959590
1873556
237413
229260
1660876
1316711
932382
208926
432857
697043
530786
1228656
725965
408146
400184
959687
624342
843668
134919
405709
1283164
1418519
1711772
1757653
1245742
44790
1650034
611803
2090922
334956
96054
1448340
422088
694352
1934411
870909
682460
750852
1521992
1569718
1975293
638493
1004606
233878
229349
1806397
1513641
1712604
461619
2051434
1063160
163660
1317350
846413
146043
643496
238586
1873598
1482404
351963
1862917
158187
1313391
384066
2070953
1081483
684772
1086814
1004751
1253754
1901434
1397609
1803383
1245973
337
1566490
576527
2011580
482325
1543166
1456155
1269218
1305459
1774285
1830188
1900023
1541624
316942
1511909
1291939
1649729
193144
1239559
2023842
553302
856673
1750617
184739
1578776
2052523
1665873
1808277
1147799
1529217
110161
693169
737852
1812816
509806
819889
1192345
1820750
1987473
1047947
1395921
1503485
229582
2033678
863590
456194
1932520
479436
1601625
46517
490438
666277
726901
767938
219596
331352
445869
1287744
285681
1808511
697187
2026919
1305972
1736264
1074557
1819886
489738
1431902
1187887
931148
1874292
1208659
109641
814824
1366856
2051821
283641
1625563
1189853
584639
1288668
26872
2010936
505445
564025
514454
1361105
1993160
1872973
1319387
172316
1039298
277377
1649890
612265
880017
1955446
23048
1281992
339559
1104308
383706
1420168
984714
1733106
1138938
1312504
583503
656324
241491
710525
66147
961690
858118
258354
28855
1687022
1492589
480796
423794
1046911
1043097
127265
1228618
1704822
1995164
1588379
88226
658789
2026514
2019949
1854670
994020
2005560
2031982
639710
1838790
215810
2064924
615503
859580
1888642
2048611
898047
446787
1657346
523884
815052
480191
1982009
1440318
645940
724138
1240566
503340
784225
1671590
628638
1676756
1192690
294763
299489
1937312
655862
322393
417286
22696
463966
1895578
495660
569042
821096
805300
557281
557321
1668154
2090342
1388914
1528697
1352759
406456
893514
1809321
457038
413206
1183951
349772
1588914
785235
469008
292541
1875033
2002567
1582507
1576421
1559969
1633681
150086
861336
1343865
286248
238339
279320
1044596
1828447
1396553
1605063
637722
596851
1891386
564432
821483
731077
992593
561837
173662
1810155
1007457
324463
591431
1598626
1870204
97439
1609996
817561
1340675
1375140
1020403
1109734
781400
1441407
612606
1675014
865654
1226955
970158
260434
1000434
615640
374022
1702585
1991584
206535
250683
1498290
1112926
1054079
1365858
1126705
1457480
887650
1844621
1921174
470985
1457829
792995
1985633
1732832
1826593
1655662
1673108
420605
1185151
2056730
684974
1206481
48553
363440
1449729
723829
332886
1372869
479082
1580104
1920404
1057498
1692201
428515
895022
872891
1865679
1021313
2068434
756300
188692
1297472
572889
1440532
1101694
1793428
1017474
1087732
400056
767574
40601
232542
702837
1703360
2073423
886135
1800894
600011
298042
1448318
1055379
968247
1240396
963033
1067704
104368
167084
1071909
1906318
920170
609870
1370288
308958
884107
1758500
1074871
1472624
1770198
30670
1227722
575053
1161187
148656
2006967
702101
1803345
1429308
1094748
1746623
1122381
482910
889528
164390
1817809
1298916
1967277
1457097
228598
733901
747969
1036820
1189310
1269828
1665860
1302937
327602
1943887
764481
1595799
646074
1532137
259985
152366
492165
694406
1436789
416292
1018863
469710
1400857
1418261
307635
204411
801880
1622257
1255131
665396
1022504
1260969
414533
829504
119820
1671147
428186
334593
1401586
1101769
1039390
1906949
57289
987698
1525428
1542042
879179
664855
688766
622780
260934
793627
1561449
1413953
118475
2083511
720406
709165
923814
923301
140922
1632496
1153916
1997699
1975695
1706136
1147111
652920
1317756
65459
1046278
1916625
2070935
208080
1875399
1293923
1815962
1653127
1225821
928421
1289581
829907
605497
1830226
2062570
1657269
1570027
768374
1293551
942315
1113673
767953
330036
1200814
1084476
1745763
1187876
1174855
1021838
1506565
933439
1649511
185641
404212
1109062
1279768
108305
583463
1760672
1850420
2074761
707923
1880660
1635886
1358781
1976191
1255935
1139494
599381
1132039
1207063
1180688
215112
900582
1406955
413668
1112667
644661
901301
1301919
1912738
998329
1505314
1820428
1696104
376664
1238453
2020393
236254
1798751
1959770
1195272
916464
1761660
1911187
1830414
313504
1211708
1135510
800882
115010
748798
1145543
1947351
689673
5938
1091302
584680
77356
1677253
656978
900816
1311008
338844
1779647
1537902
714283
1918463
402635
932395
1680580
1807051
368319
82249
194071
2070109
2082027
1388438
2076177
1501695
1200634
513623
845903
934350
1934230
304727
142162
1275621
1410505
1098223
186978
442046
958829
82926
726120
1181333
439061
1559869
345151
464845
1312210
444713
601275
899082
1352482
1971740
336096
26128
1015677
1564358
286368
434720
565465
683379
1058933
1367755
553599
303500
1196107
673040
1765273
879888
838670
1664171
730070
89577
1274425
1095533
1095552
1684742
1680078
35974
1954419
322315
558872
1277597
1152824
2015367
653454
198035
1887689
267648
1254714
1114840
1641279
1229379
2043407
480553
309721
1935695
1970555
1937058
1956538
1439807
301733
1627642
536765
502676
840624
1100234
2079165
1566518
1679202
781006
258485
1037213
1680531
827362
86293
322929
1809346
1791168
1756592
1594247
939310
557629
711577
40230
488408
1613052
1605982
49242
712648
1701227
493810
1003091
1071097
1540597
1092789
125343
1200718
88630
382440
1005595
1015271
677928
333826
323719
1884739
1040922
1641008
24989
1473409
1265236
1341044
1764989
1243692
630600
1051572
1391193
1307371
1869110
579110
1612614
2003064
1351706
767845
698882
16444
1501896
1240492
1532574
2037743
1312278
1372030
1812451
907431
903416
1406755
1792340
1776030
1837157
560988
616883
2034477
718826
1689780
1802721
624706
1692112
357565
768505
578243
1418157
1890985
512141
1465652
1583680
2018967
1836513
1075713
234879
1698549
417538
724693
1563572
713053
758427
1527885
192643
912960
2047852
626812
49857
1863886
1264184
1011849
1069565
327282
810776
953311
1997454
720704
626693
1513786
1787156
1636034
59529
1410048
627788
266862
560230
161339
588294
1994048
1676571
2068892
805431
1420736
876594
1981412
1257707
1260002
351771
223506
2072080
1585691
1486738
1913782
1001451
1555213
1310050
1268177
774936
1299242
455771
547467
1531134
1181607
1420660
784197
340877
1298990
853990
999485
1930025
1064605
1415454
269124
790951
1027652
1266805
1857750
2001716
1385457
1469065
1896951
324624
555575
1318407
1503033
1679341
1063752
1468896
1490759
777703
952264
1004215
158033
1865184
1609715
2005864
1379785
1286708
1677436
1856152
1084858
405139
1530494
1985818
194348
1061611
1295335
1056530
162542
888643
373688
1213376
931363
1629026
869240
942524
1703924
453409
1475907
1488790
1421776
1922642
349127
1686200
198279
1286413
1828766
1724510
930483
1486672
678749
1427089
179908
1252560
859571
1331457
389394
712651
624389
740247
15448
1788891
548317
828075
1420524
530309
1837970
1900215
13610
816514
104574
1077092
1310555
696465
1457459
1658844
1282438
157368
355329
326704
365960
937682
1223734
1289672
1998286
1237323
882284
684710
722198
1731311
620378
897393
241053
1523359
1651819
1968659
1239560
329945
1704858
1482974
360573
865771
1351130
589837
1900086
1620413
215417
375168
1357835
570871
765908
512151
55857
1411464
1894346
1159697
683946
2015825
5180
1252795
1118133
1325023
1649668
386030
1115560
2049044
792266
1160865
1658256
40093
933893
1281014
370160
114201
1316761
1650225
1850641
927691
1748325
1807074
140848
1496251
1944368
28975
1820916
1535267
1009216
740642
320396
2005262
1677329
379856
1867215
502531
2065279
303676
1200581
1148829
254402
511711
1750008
1785074
780455
527270
1174501
1583783
1249626
951380
930553
1173910
1506598
1366815
931439
1789914
387982
25455
2031224
1834034
174876
1194130
361223
311692
1360958
1864792
1309858
1644962
1102760
1132393
2041245
1471358
106364
1119032
665112
901335
1337525
1500019
2018081
791313
1593374
312022
585567
157395
1530951
1664311
1417636
584454
377799
294578
957379
859685
1021250
1891797
1507852
133816
240755
588964
1386957
1358307
1251771
1456738
1854269
172251
767874
151028
1476904
678956
1154756
1818306
630469
1472946
1802823
1527801
1886735
286747
1027508
477189
732937
1347796
556051
285746
1111612
1281867
1412855
837186
577263
1156702
1631680
174055
82767
1675984
1714774
351734
1274637
1099703
859835
2081598
1920701
1413040
527561
893147
1463380
1424327
1732501
698335
856890
646886
1098684
1265225
1795128
737975
950796
1689353
870314
774358
1621472
854799
1622627
1906985
571030
755505
120711
1862735
1827190
1343697
189402
1289974
821105
41248
1385678
1513732
67608
1660129
334769
885099
403753
904330
50030
1123723
561162
91807
537901
2307
1087657
11312
155188
1251539
1585922
574801
1363833
1583781
149191
911734
357683
180008
1856118
1166722
338638
7260
1806668
683907
1090994
189096
846182
1301980
5918
2010522
539011
1291740
732058
1810242
1725356
1381254
1881154
1172205
1771588
789121
1395808
803380
1841858
1670654
1356710
1365310
53123
1166213
1334130
1418499
1177620
1063542
1100660
967821
1964373
294960
1640480
1700858
1916105
321201
68415
1527344
2086020
311702
828684
1888291
970510
1694555
1622579
636550
52886
1729205
1579286
1883336
1830116
892396
763580
996927
1362778
673810
1911235
837736
124013
784892
1044406
1456909
575989
220882
53038
221499
1503667
602661
986902
1739752
1509229
533338
737652
83238
1864188
243805
1359385
1065156
446134
1582951
552859
97598
1875085
450000
1182445
1146324
337469
1771438
1675268
1135806
1306876
453184
1054687
1892927
1673972
803059
948820
1915786
1870588
854750
1326086
39518
1042655
349354
228063
885794
494500
493736
1914224
1836411
459039
109841
413591
1830182
444482
1095232
466124
1040138
552318
1421514
720501
1631822
2027168
1901905
641690
187238
356732
1078779
2045288
360679
1068758
2012003
744914
960525
641243
1934567
1106877
1375183
1735314
753210
431122
1523549
762792
1710603
179472
1497840
1370599
970675
697165
1867723
1441741
1005497
1004980
1604159
841108
1102109
17650
259751
36885
55094
100512
1772594
947927
1627672
369308
446035
1990848
1902932
972509
586693
1432756
1019634
1627194
1953790
158091
1758864
421998
223725
1672897
225917
958401
1272036
998714
913068
890560
1007256
1504630
1036144
1649233
1155846
1902248
1652684
526484
1475883
2056180
324933
543463
1048938
1508177
314642
1124205
2063484
1621845
910477
1257091
1257427
502624
1768634
1082998
918090
1924982
915156
64988
1996288
46902
898485
1741559
664130
1713474
978426
799875
319078
143997
251079
1312315
1790066
113282
1432333
154006
1441902
1690798
770339
1364219
1204043
53027
1264808
510440
1072687
628511
968834
864336
737561
1417225
79055
869296
1131947
1794195
2009798
1416217
1934596
193365
2029127
713649
533899
1826365
1361170
1588970
32645
834100
1706359
1721323
83291
971351
1592424
567160
1445482
165930
1026242
1010627
643398
221219
2033601
287619
1894473
1183712
1176674
1458607
1911121
376192
1702320
1913924
1664902
1168748
1637829
11879
1664025
94706
1927542
1281113
1163462
673312
404074
1286538
455949
1921837
1162147
919345
562417
1664472
1990201
1386447
878123
1077027
1608243
35316
970410
213439
1924453
508590
1905981
332687
1010725
1818103
1293136
1530019
185795
536976
255123
1385219
1563804
234655
544627
600251
1540010
842869
1101631
59249
635255
1148117
1607383
1053432
443977
1708071
1593555
1544760
1282416
864748
774124
1622987
485260
15326
1675420
2005425
711095
797712
750281
545143
752494
2089077
1196125
1778746
680718
1014322
1827757
475098
938717
1368335
1908365
1487044
1939044
1809779
258293
39352
1351186
1107269
330769
928987
1261810
900624
703645
1527689
1133165
1211603
304504
1091637
1152984
1487311
225593
658374
2066387
832707
1593275
579008
187191
691177
762482
1289392
25993
1625627
1484915
166438
1050829
1664634
1001730
824228
554639
1164805
1132952
1271781
1904148
791912
1264175
457181
519550
2056062
905407
256206
1567194
357074
1407689
1473227
1417185
1859204
1382865
783644
666975
980219
2035108
590804
221460
631995
302412
800761
1723635
1916344
1334678
874921
9376
384928
1827325
221582
536590
2052954
1770225
1663757
677909
489523
913979
1345163
946413
1127191
1909887
1599779
1238117
1864737
836770
642360
1031089
1076479
2028545
2063673
1001156
1702002
1214550
1349629
1424632
1538397
607784
1848340
1519874
728499
1754292
154991
331770
685996
1717778
517821
532839
1361317
736408
1269213
498725
395007
1754180
2074828
483852
664167
1738003
1467997
840247
452586
418090
1516596
1630142
1285923
1064874
184658
1915103
464887
2052881
1215121
2050131
1038903
583695
2094209
1882323
1250951
1632162
642033
1564810
1859814
1385826
2043030
1382514
838
942303
869153
164198
1694848
1740518
243251
5849
1132053
757150
1705851
273672
352528
644165
623738
431751
159860
1703304
136238
1092369
429447
801092
1197341
542578
1050735
1294481
161039
367733
1584489
1594629
1425893
1917094
2092301
696823
1550561
2062047
1510391
787649
577475
63843
1049654
52925
1468705
972680
567517
1540611
260949
1315252
1565220
1955749
329559
1219992
1146463
1281125
598779
23184
1055309
1638064
495579
1653756
1607937
693964
1912412
560500
1567185
2080790
451111
635588
1818806
714789
70517
729981
1567587
886470
1109661
1220612
2044813
368543
743716
1948679
427189
1539167
412121
1824808
422360
822374
1656629
295625
1621351
1926316
2049403
1373653
916448
968932
324588
460141
1060723
1995938
573040
1659205
24840
133496
220948
125105
1884435
2036954
970945
2084641
573569
1347253
248456
1240322
972854
1736591
106720
718557
678766
1157915
2064450
1749652
1881956
600599
1469042
770199
714905
1100888
2045412
896258
242735
1239524
1901721
494191
219545
1374205
1129926
767594
1308445
1164536
1575876
1025381
1098108
1092545
112001
1290758
1799445
1596908
1827066
1501622
331003
1052985
1827324
437836
709194
1895264
962213
1032887
1915936
1668371
1173751
784006
1367718
1551106
1680094
1778223
576881
127448
1972246
361456
1006521
1163264
1150778
969526
1313442
146975
452977
147030
113699
1010958
1252883
1533073
845499
364113
325020
1670187
1346688
956887
314714
1622666
7622
1735138
820
1651242
1717717
37893
450269
841811
1197566
1823755
943084
934511
1034619
1309618
1011223
2080986
1999477
1402890
1560344
809747
1738380
1166188
449400
347946
689991
1476825
1239481
1627211
837837
1993644
965941
169543
368447
1205361
699404
1703424
200988
1950164
1279379
252041
942856
1837693
971920
675054
1038172
469677
2035376
1396341
53720
1709726
563350
841534
1234400
282719
1588181
1258784
1342363
1830437
180814
2003109
1998423
248814
1171515
234499
1600669
557386
683088
1947130
1329209
1475128
72539
666206
35516
819183
232107
2021465
428210
1879154
613051
324623
1971214
1831383
160109
325563
1344526
1408029
143672
1947121
192273
598631
1149106
1056018
1796263
1198732
1127376
1769909
1408083
53210
24114
1303529
1893196
1852376
527347
1646913
39331
626182
1000518
353144
130356
621919
847692
1137037
1148601
1199249
44669
911177
455525
812992
634124
1307898
1792868
651443
1014687
911182
178081
1477720
1278137
1541424
1949492
520812
2055489
1683327
182994
1410619
1301112
1952896
1217193
1830213
1215691
1517302
1712376
2041525
1068247
835252
801244
529544
392711
140940
507539
1029438
380960
1575288
1325231
1604350
737069
1756913
2080653
736000
101148
1414189
2084978
1515053
865902
2051662
489387
51658
1528165
1402695
1462040
697616
191744
1082717
1793142
1879699
788274
1272619
704474
1819222
628652
2030596
1796263
294768
6815
1535627
1092972
731675
1379541
1807733
43282
390420
1852028
1434687
1680801
1051432
1824778
357320
303893
1015757
1618585
116900
994970
326572
1710864
817941
607364
1542137
849297
1973879
187766
1526136
1862764
1958932
1445135
346637
826390
1798959
1326711
1744318
1696623
937525
336182
1850885
717247
776926
1195698
1107017
1737159
1229118
63152
1636970
1435471
1430407
247612
288315
1911428
1576554
1657432
1868488
942729
819198
604626
2122
415400
393469
1839003
1110444
1713011
1157699
950026
2071674
1488693
1691241
330080
28193
93993
261470
742905
14171
2028724
79331
1883257
351402
45093
1697467
1414503
424129
1817666
1949572
355210
572350
801806
495365
986737
2013191
1788450
1411809
1756281
1153990
1732353
809603
2015423
590788
238015
1383723
993112
1483417
1985631
155894
725033
1107210
435010
237255
1478352
1084020
1234199
543983
1092582
2020899
470678
587885
1499665
1739899
869238
1839794
1562422
2055372
558073
212930
1656888
1812147
154734
1765007
1033107
636911
1511942
451446
2086211
109948
67173
1645243
1944660
1970403
1040706
198365
526451
333969
1725826
109745
1270756
73764
118055
97552
578626
1735552
343413
854540
459364
603539
1686191
1561474
57287
301482
137414
1729763
746974
2004014
64611
1891363
1028520
525754
1586594
1486755
996333
2036048
725990
1320695
1733761
998567
1939491
1669230
920812
190311
393470
2022197
197845
1846315
991776
1973240
368797
961593
1461796
2056162
1964149
