500
17
5935
14085
16817
18164
8549
4248
14145
3422
16814
10499
7438
11659
4413
7474
11556
9864
9382
11939
4150
17675
18433
15755
15862
13565
6678
21335
16305
17417
12451
21211
6166
19807
11713
7912
15543
15229
11815
13627
20658
12420
14042
21141
16062
7163
17527
19998
18990
9930
19959
15014
318
5291
10909
21269
19290
18042
3883
11088
13032
10339
17222
9554
19203
16518
2932
10885
22220
14547
18691
3415
6135
16245
11782
22876
15739
7435
7820
12856
1978
8405
6126
11320
6906
23069
15866
19886
2700
19812
11034
13760
22258
17385
17694
21442
1719
8188
2416
22207
6958
20826
20162
22437
15500
10326
16835
11249
18568
18197
15880
18191
5614
8809
17247
13372
3150
1144
4759
10853
7091
1103
14245
17024
1911
11750
5531
11247
7463
1117
8589
11295
19534
22929
5844
12661
19023
6166
4258
7837
2521
6451
6911
2280
21396
15741
6779
15735
261
1695
11500
20067
13015
4616
17091
7041
2569
2810
4620
15972
23180
9698
22514
20188
20464
3932
17481
16698
22025
18098
15582
13496
15396
23223
5092
14780
14871
22465
7080
13849
16864
4343
19246
6152
19236
22011
18889
22130
19540
15104
5884
9185
18913
12602
22497
17928
14769
15843
13555
14254
10314
22059
12791
16361
2517
2958
12207
6444
6188
16876
7101
18281
5668
8369
3153
14698
6297
10786
13257
20566
5467
17450
1229
15638
13623
23023
9172
19562
6924
12073
14853
18782
6803
23257
17674
5841
19124
10026
3603
8418
20434
4690
22488
7114
8652
16970
3329
13592
12815
23280
2140
17217
14722
15775
14484
187
16112
6834
8623
3653
9341
6448
4282
364
17093
18363
19216
15741
22597
3122
13996
22345
3683
7191
21269
14324
2810
13690
15448
10017
20116
12323
7525
10188
2574
19475
10825
13004
9931
10206
8726
20873
18662
15317
3751
7984
11467
22470
14876
7641
19806
15370
19605
3758
22972
21462
17845
11788
15800
13296
18443
9751
14349
20892
4463
19976
18956
22133
1695
3997
20265
12139
4747
6023
5117
16068
21020
21444
11652
6794
7492
16453
10987
18983
16732
20176
8735
6866
13605
19925
20260
980
18378
20817
17812
17647
5975
10973
16517
12106
5022
7409
9026
23017
14082
566
4793
6748
11817
2807
10629
9575
20666
14791
15934
22599
3280
9192
7895
22525
11999
9100
22374
10433
20588
16636
21335
2888
23043
17518
13994
957
4539
15188
10382
6779
3562
6554
10090
3701
17161
22793
16470
8966
22919
15102
19407
20126
4017
14086
8975
22698
21094
15542
17796
24
6316
9508
21593
20758
714
20841
8377
14587
21735
22331
7605
5909
5969
3730
15419
16997
11615
2407
16118
20811
12408
17829
5074
12886
744
15658
17788
15914
15196
12399
9143
9048
1850
23087
13900
2558
5213
4617
3560
13189
10880
14707
9275
11032
1225
15519
20744
1055
9701
5834
12388
8011
9371
18252
9499
15051
11596
19102
13753
3159
12394
2134
1093
13938
2175
10655
13371
21437
2454
4793
5082
11224
21474
9202
15232
2840
9100
10165
20698
8854
1363
6176
10190
17668
12745
21763
14304
7268
17183
2340
138
2775
7293
15839
5945
