5
50 200 10
24 13 3455
41 28 9213
17 20 4261
28 50 8775
23 10 8265
26 34 3549
21 31 8862
31 36 8163
16 1 9613
34 25 6725
13 35 2848
8 33 495
28 23 5392
11 39 9790
19 11 6355
7 41 4439
49 26 4719
5 50 2155
18 39 4372
21 30 3390
49 44 7815
37 16 2027
30 48 9879
50 31 259
43 29 3936
26 48 5743
13 20 5863
5 18 6820
37 1 5421
25 47 7048
47 11 1946
40 14 8191
7 37 7521
29 35 9082
8 39 2635
9 13 1259
1 3 2351
35 3 582
29 8 3286
39 4 6796
3 17 9403
40 42 4214
46 21 9556
18 4 4086
30 37 9264
5 38 8277
33 6 6000
22 13 841
24 30 6035
41 12 188
11 21 4109
28 43 4199
37 22 9367
22 39 2028
40 19 1676
17 31 4743
15 1 3906
27 37 6301
48 30 7482
7 42 8582
2 31 4550
16 40 7304
23 15 6547
40 46 6363
34 13 4482
47 32 5719
44 44 9214
16 31 6896
37 13 4800
42 38 6147
49 39 5878
47 29 5219
8 26 3256
18 17 786
7 2 1211
47 14 5629
27 46 2105
12 10 9416
9 26 5825
49 14 3677
25 38 4966
17 6 7690
10 47 6301
36 8 2120
50 13 9405
31 44 4486
46 5 5201
13 43 8933
25 22 3566
16 31 7507
44 15 3414
25 15 9387
20 32 1841
11 35 4485
29 27 469
18 30 8192
13 38 6136
5 38 8985
30 2 3896
44 11 5225
40 26 9020
20 23 6839
17 25 2646
35 5 4281
24 29 8835
38 1 5623
42 26 7576
41 8 3635
20 36 229
40 34 2210
40 49 5015
31 27 3898
5 19 2108
33 4 7469
49 6 574
6 22 9796
19 40 8715
1 23 3101
36 5 8301
10 3 110
27 17 6562
32 12 3501
45 33 3597
29 27 6191
48 48 1608
12 49 7513
3 32 4703
7 48 4967
22 12 1496
42 6 3078
12 5 1095
2 35 4765
23 5 2053
42 18 5380
14 45 4108
33 43 9693
36 1 6168
27 6 5669
50 6 3918
19 48 8049
30 49 461
17 25 1004
29 27 9024
23 38 1497
46 13 9035
39 6 3034
37 32 7116
35 1 8048
30 23 3714
9 32 6129
21 15 503
16 4 6979
19 14 6780
48 5 2330
48 24 6115
9 23 7263
28 3 7187
38 45 1631
42 20 8367
39 25 2952
12 3 5031
45 41 565
19 11 340
15 12 8590
32 50 8779
7 28 4765
43 20 5680
16 32 4769
46 7 6693
15 34 9913
18 45 3393
48 19 9014
38 3 4666
16 37 8529
42 26 3692
37 13 6226
17 49 1001
41 16 1704
13 31 6723
7 13 8943
2 41 7188
49 9 3062
18 18 5526
35 47 7938
6 5 3304
13 4 9096
13 4 7099
9 38 8439
46 44 6668
28 14 2290
28 24 1846
28 41 3659
14 2 603
6 17 8492
26 34 5099
42 13 3873
26 9 497
6 18 9651
5 4 5113
15 16 516
45 16 261
2 8 515
11 42 465
34 48 931
27 22 1192
26 12 1859
30 19 572
30 6 1229
29 23 1687
3 24 1405
50 200 10
9 26 8461
8 37 2727
42 20 2562
6 48 6510
28 4 3811
47 19 4765
42 48 6563
49 7 9879
11 31 9353
50 6 2164
49 5 2236
27 32 986
32 19 4770
10 49 6841
17 26 4346
33 9 4721
13 39 8487
3 40 8827
36 42 4823
14 43 5528
41 8 2222
27 2 9191
3 4 8235
41 15 5341
8 45 4969
17 7 1089
33 39 9096
19 35 8436
24 42 9176
4 1 3780
33 48 8674
3 42 8096
3 42 5526
49 12 44
28 2 124
24 34 4554
24 34 4195
36 34 499
22 5 9035
29 26 5939
41 43 2975
22 30 4656
45 35 6188
25 5 1010
34 41 5843
44 32 282
26 35 6471
36 30 1434
30 29 3059
35 45 5791
45 34 494
30 18 7392
30 18 6135
42 33 1049
44 13 1503
48 14 1098
19 13 1332
29 16 8321
43 18 5084
4 34 6694
13 48 2552
18 48 3981
44 10 1097
28 24 3590
30 28 2697
42 22 9520
37 14 5557
8 41 1517
38 29 542
48 27 6005
39 24 8350
38 49 9195
21 21 2337
32 1 8186
9 40 7574
11 15 8470
35 38 5272
7 12 7334
44 23 7017
30 33 175
49 14 2556
8 24 2162
26 45 8489
11 23 9388
33 13 2587
1 39 4171
36 41 3967
8 9 6870
15 21 7130
2 21 728
29 14 6474
25 21 8637
9 47 6695
50 36 9089
18 26 2323
15 29 4518
20 33 8929
15 18 9322
34 15 6093
49 38 9690
7 49 7980
42 24 5636
43 14 2776
1 3 5774
32 22 1058
3 22 6492
13 1 8611
30 12 8174
40 38 4097
21 15 5332
24 48 916
50 36 9956
7 2 2651
8 48 5320
43 9 5735
27 18 8926
40 49 961
37 31 4270
28 4 5130
35 13 9567
10 14 908
3 2 8337
49 22 1995
50 20 3985
36 27 2948
16 49 5417
34 24 3589
32 47 3126
46 46 5530
31 32 7069
4 1 5990
22 25 7139
48 14 6436
39 39 239
13 7 6934
18 25 5657
43 49 22
33 21 4804
12 44 2123
48 2 2469
35 47 4700
13 34 2191
43 5 6591
2 16 5521
27 34 1420
9 43 8405
49 26 7435
50 22 5913
6 11 9952
20 13 1649
47 24 379
18 10 6372
14 22 1454
15 19 4954
36 6 6985
21 38 6894
31 7 3520
19 46 9148
23 7 9029
42 50 8621
50 1 5471
11 2 1582
44 15 9089
6 33 2377
44 1 477
1 13 3478
38 38 5574
36 22 7387
15 41 8447
18 23 5325
23 5 7529
23 48 7318
41 21 9625
10 23 9837
1 44 5213
16 8 8346
35 47 7515
46 23 3358
44 21 6021
33 34 9647
10 1 1808
36 5 9525
29 1 1778
46 11 4307
12 19 6915
6 38 4863
33 44 5325
16 43 2606
14 11 682
34 12 6771
32 22 1624
6 27 864
49 31 4155
17 17 6128
21 11 1215
23 5 6559
31 5 9742
21 25 1211
38 20 4582
10 27 4771
45 1 1890
50 27 1733
11 40 770
45 29 257
1 23 697
19 5 694
23 47 1485
28 25 107
35 39 1930
20 43 489
50 200 10
5 20 199
44 16 1203
22 7 9992
23 27 7227
23 45 3385
49 14 8986
37 50 671
8 44 7227
30 21 4480
33 31 6394
31 49 4976
43 44 7638
5 38 4483
13 19 1957
16 45 3545
8 16 9464
50 36 8178
1 13 6552
1 21 6958
44 28 2029
10 1 3153
37 23 765
39 1 6431
37 10 8373
47 40 4954
31 5 8221
23 50 933
4 31 1077
49 3 2460
14 22 7360
43 49 4926
12 16 4755
3 26 9139
46 4 3973
30 47 479
49 37 9777
21 20 176
16 8 5032
28 11 8996
38 28 8939
46 20 8540
22 13 1933
2 13 5474
42 6 158
21 7 699
44 48 9828
47 12 101
11 33 3274
5 2 8730
28 40 1430
1 27 2549
47 33 8588
32 27 8199
6 32 3050
24 19 3021
30 40 6700
20 31 6431
41 46 8872
22 9 9459
44 10 8720
43 7 6550
32 2 3575
44 44 2969
24 11 1095
25 39 9976
31 34 3850
39 2 9772
25 26 4553
30 35 2020
19 2 762
2 32 7831
39 6 188
28 46 6649
9 49 5154
14 10 4095
13 15 9474
19 7 4597
16 1 67
14 21 5593
43 30 7963
22 49 826
8 25 8586
29 30 4458
17 9 3241
43 45 4083
33 37 9030
50 24 8541
36 8 2694
24 5 1022
5 2 7381
50 5 2847
8 11 5232
10 17 7434
38 37 262
29 3 9790
6 42 9529
34 6 8298
35 31 7923
39 30 1351
5 33 8531
16 5 6240
30 36 7616
6 32 1802
1 29 8090
30 19 657
34 18 6130
19 4 1367
32 42 2043
28 10 3720
28 3 7558
20 45 4898
19 44 4334
43 22 9585
20 28 7287
5 26 5029
27 3 1236
7 24 5812
10 13 7489
32 20 9251
2 2 6542
19 16 545
5 19 8159
11 39 6282
28 6 9469
11 8 1245
7 4 8625
44 18 1705
35 48 555
33 36 8552
49 33 9665
49 11 7670
36 4 7503
32 6 1188
18 2 7991
40 30 1872
23 49 5232
3 34 701
26 7 6952
24 32 8728
9 50 2258
32 45 4487
10 15 1334
39 42 6186
20 34 408
18 38 3682
35 8 5856
11 43 44
12 6 8781
34 28 6325
12 3 2872
48 21 5939
13 2 1537
17 24 2993
9 47 9071
14 18 1137
1 35 7871
16 29 5571
26 20 8735
28 27 6053
3 21 6498
16 38 2564
18 1 441
4 43 7282
19 14 1853
9 26 539
36 31 2781
37 17 2061
50 1 7659
45 9 4743
30 35 2590
26 3 9778
4 43 2621
23 21 2777
22 41 9704
46 3 3148
44 7 8333
15 21 1006
12 25 566
26 6 1510
11 47 1813
11 27 7638
31 9 4825
26 19 2798
41 42 3404
46 1 5031
20 26 7137
46 28 614
19 37 78
48 19 6705
1 50 5334
26 9 2045
5 50 675
38 33 271
42 45 4203
44 7 7969
22 48 9326
2 16 4676
42 42 8769
48 9 660
43 27 9144
13 33 1585
36 1 104
1 19 302
33 44 464
46 32 122
12 29 67
37 49 1779
34 12 105
47 10 1614
1 20 937
50 200 10
6 30 2124
2 44 5467
42 11 4722
18 2 1811
22 27 8394
50 32 2234
6 45 8796
34 12 3327
1 23 9990
8 35 8659
29 19 4830
25 44 8252
38 46 1053
16 36 145
31 29 6251
7 5 1722
20 46 8299
41 29 1954
42 46 7659
9 3 7026
38 40 3817
45 38 6274
12 36 4743
39 22 5555
31 19 8111
32 6 5062
3 25 5576
34 16 5243
31 24 8414
38 21 218
50 29 7290
28 40 9765
43 49 420
1 46 4816
8 42 935
21 15 3989
46 2 3864
40 32 9672
13 40 4426
44 17 642
2 30 4977
50 24 3894
46 1 3215
11 44 1417
3 37 5279
17 20 7136
31 1 3465
28 10 4040
29 14 8231
36 11 5128
20 27 8158
37 20 6124
26 11 2189
23 32 7558
30 31 1953
28 25 8455
36 20 559
43 14 1203
38 6 4736
27 39 696
50 46 4068
7 6 5259
34 38 8542
36 18 5314
18 1 9829
22 7 5796
26 9 1315
2 7 7020
12 20 7196
13 1 897
24 15 3513
37 40 8148
36 19 1383
22 37 6624
32 37 344
39 2 3313
4 48 799
44 14 6246
32 48 4138
34 43 2984
45 32 6843
18 28 3027
7 8 3802
26 47 2399
18 18 3958
16 48 5537
25 48 8765
43 43 8419
27 12 8501
42 40 1543
33 18 9232
26 5 4001
32 3 6513
44 8 7751
18 34 865
7 22 6181
40 30 3351
36 10 1480
27 46 1331
40 47 7398
19 20 1690
15 3 7699
38 5 1651
12 30 546
14 1 1574
46 49 3880
13 21 8351
19 15 3835
39 26 3225
46 49 8982
41 49 3792
44 45 5995
28 32 5937
41 29 7552
38 21 7868
46 26 9849
31 31 5142
10 17 5357
9 45 68
40 10 7971
50 19 3793
30 15 8409
35 46 9180
42 14 3675
1 45 881
36 28 3732
11 20 2501
37 23 5041
26 44 4481
10 49 860
26 14 1331
34 4 5555
15 48 5413
4 2 554
17 5 1362
33 47 8643
37 42 14
24 45 8678
26 28 3834
14 6 4846
6 23 1718
16 45 869
28 21 9291
31 23 3108
24 12 1213
11 40 8658
17 42 4642
37 5 7704
8 44 384
2 47 5720
42 5 9744
22 19 4849
9 15 8481
49 44 9026
38 24 6010
32 49 5660
12 6 7984
12 12 2709
9 29 4315
12 17 8120
46 19 1514
49 21 7055
37 50 3329
17 11 6384
16 46 8959
16 7 4929
36 43 6398
12 5 2355
20 44 5934
47 22 68
39 38 6444
47 22 4784
17 1 7860
29 27 1862
9 34 2205
16 17 4022
42 10 8857
31 21 4023
32 13 2920
30 1 714
42 34 5847
37 12 3199
10 50 4187
6 40 3206
12 43 5925
50 27 8315
48 28 2111
42 6 5707
6 1 1159
39 31 560
33 14 1941
23 1 5133
3 40 7498
44 23 6579
50 35 3755
18 21 5211
1 27 1964
38 38 3381
14 45 6017
47 28 2140
17 12 580
41 43 313
17 4 551
33 17 1503
46 30 285
5 2 876
19 37 1273
12 27 1312
10 18 1421
21 16 464
50 200 10
36 5 5885
25 43 301
3 9 4111
49 39 9356
42 1 7165
39 17 4942
7 23 827
37 26 8298
45 21 1024
46 16 7551
13 8 2547
33 32 6135
3 11 6227
38 48 9137
24 26 1447
16 1 471
49 26 1901
30 13 9922
21 32 7312
36 13 1490
10 19 6436
9 4 745
11 43 7059
45 49 4878
40 20 6208
37 28 920
37 11 4587
37 19 5587
16 6 3082
30 44 1339
23 5 5497
17 19 5439
11 39 5996
33 9 8929
11 37 5292
39 5 9916
31 30 9343
4 3 1249
35 35 3668
14 7 650
26 2 6963
21 21 2877
42 45 9359
22 18 7056
31 6 1784
20 26 2247
20 44 4730
41 12 4092
24 21 3798
29 45 7141
38 7 8462
12 50 1781
46 21 1025
33 21 1186
3 39 5734
34 8 9642
40 16 6604
12 42 8972
23 39 139
7 8 1350
48 16 3928
35 5 8243
20 29 7277
4 42 5907
13 19 4900
39 20 290
46 42 3199
19 2 3516
39 13 5212
20 16 7500
48 6 4510
45 1 7217
9 43 9052
8 17 2987
25 14 5446
29 8 7887
24 42 7059
8 5 8802
2 32 8104
23 7 5569
41 13 1361
30 4 4929
6 25 4680
44 34 153
18 36 784
22 1 4
12 47 5823
39 8 6278
12 14 453
18 44 4215
34 48 3848
20 40 9501
33 40 6033
4 20 4956
38 28 5757
8 14 6299
15 29 4162
8 12 8624
42 43 2781
36 2 1992
5 13 5067
30 24 9655
34 35 4377
42 40 2360
40 40 5298
44 35 1808
29 2 3332
13 6 5096
6 6 3863
39 45 9602
4 19 58
33 20 8056
14 35 1021
43 30 4628
8 20 802
23 33 9916
47 34 4906
15 27 8055
3 43 1244
4 28 6107
1 14 5040
43 49 5999
9 1 6701
37 13 1676
5 23 1576
23 19 7801
35 38 2543
37 3 9688
4 5 6131
5 44 696
22 18 2249
23 18 9052
43 27 6567
45 47 6397
9 13 4708
1 40 1816
13 47 9785
1 7 146
20 6 243
19 22 8606
29 7 6117
30 28 5740
1 9 6135
10 24 4592
46 34 7206
35 30 2428
10 19 6432
24 18 8632
41 46 8506
35 10 9783
28 31 3516
48 45 5168
24 3 3028
11 37 1325
38 16 149
15 10 7448
24 46 3405
6 20 7883
18 40 2476
36 37 6396
28 26 628
12 33 6457
5 13 5878
28 3 9845
36 44 1049
25 22 5864
8 38 6606
16 19 1224
23 4 7559
16 37 5304
25 12 8591
20 35 7864
22 36 3982
26 38 336
29 41 2726
44 45 2747
10 27 3002
37 2 4089
45 12 9877
19 2 7724
4 45 8120
18 34 6060
28 43 1567
5 1 7469
2 18 3781
50 41 3732
31 42 9659
50 1 1268
9 4 7698
28 44 5398
17 5 7659
45 8 6565
15 17 9331
1 17 7329
20 20 4791
15 5 3118
15 49 6169
12 27 4003
22 20 6742
14 34 9729
50 9 892
31 42 1759
12 7 1187
27 14 840
9 4 1434
17 48 531
12 42 1742
43 48 592
7 34 1737
30 16 1438
