5
1000 4928 258
-7744 9886 3739
2325 7894 4178
5520 6510 3780
-1886 -5269 142
1301 8784 2122
-6921 4233 1360
2028 -5960 528
-7472 7210 2806
7481 -929 4234
4440 5988 2469
-8830 -685 616
2624 2226 1722
388 3060 1189
9281 -3664 4598
5393 -2642 712
7788 -3950 2806
6295 -3556 2482
4557 2582 4753
-3789 -6725 1628
8256 -6610 3502
5192 -3841 1422
2915 9844 4752
7396 5730 292
6860 3283 1764
2680 -4665 2888
1420 910 4384
-2500 9748 3740
4080 -6653 1728
-656 1244 2394
3834 4355 4532
-6040 5884 1260
7122 -1610 3422
-4850 -8560 1316
-2102 -5679 621
-8603 4004 3704
-4672 -7730 2223
5452 1786 280
-6608 -9932 1136
-518 -1928 207
9232 3520 2144
-9014 9522 1321
5856 -3992 4444
-4122 3104 3236
-5004 5079 3093
-6025 -9307 2884
-1413 -3238 2394
-4031 6792 3030
6634 -5150 1234
8362 5036 2602
4688 470 1538
8540 3136 1276
-3028 7531 1935
2623 -6650 3954
2520 -5836 2728
-3828 4118 3784
-7640 -9191 3595
1985 -3462 976
3115 8719 2128
9946 -8677 3140
-7922 -8094 247
1280 -5276 4492
-4878 2445 2826
-6858 -9013 2598
-1040 -5088 224
320 -6894 1072
-4051 -7465 4326
400 3100 4758
-5532 8266 2115
6418 6904 3931
3553 7150 3648
3520 -8200 2626
-4320 -9640 2104
-5804 488 3656
9286 -9180 1956
-2018 -6068 4596
9035 -5425 2475
1607 9816 1144
-5449 -975 4916
-2460 -479 3928
1748 -2182 2376
-5850 4712 1783
-1250 -22 608
-7125 7276 1379
-8339 -3416 2192
1503 -9656 480
5050 8686 4792
-5064 7942 4060
2000 518 3300
-2483 7160 3512
-166 -6912 4639
8989 -6816 3640
-7425 -2630 1113
-3257 5028 4474
-2710 2860 4310
9186 -9376 4914
-8215 -6604 2954
5462 2369 2508
2140 6086 4816
-4375 -9400 1764
7552 -8000 224
566 -4488 16
8219 -6900 1728
7272 6744 3864
3370 85 4240
5853 3740 2112
1640 -2809 3078
-2166 -1883 3720
1708 -9930 776
-698 -4872 3152
8904 -6056 764
-552 -800 1496
6544 5794 3195
-776 -254 3864
9070 2016 2008
4976 2603 4241
-6904 1288 2332
6928 -2000 3629
-3125 -6002 4720
6589 8434 2310
-6090 -9346 8
-6208 4718 3651
-2104 -7060 2790
9305 4932 1509
615 -6673 1618
8686 -3452 4424
2551 8517 1408
1280 4181 2138
-7730 -4094 3325
-1275 -2244 3473
-3896 612 4788
-1400 -5012 728
3341 2200 2964
8180 -7725 952
8856 67 4560
-1662 9672 3972
-6000 3705 2208
50 -9196 4149
6132 4960 973
3254 4325 2849
-8216 -3507 836
9352 4136 184
-9062 -9235 3530
-5185 9299 912
5080 7652 2336
816 -5600 2272
-6920 672 4617
8341 -8382 4596
2089 -7412 3144
4026 -240 4422
-4804 970 2832
-4515 3898 376
6141 -5441 1946
7442 -3290 4866
-6103 1400 1016
3317 -7302 3720
-2620 2052 4387
-4623 7260 352
-6139 8132 1232
6720 -860 1032
-1356 4643 1232
-5620 -7567 2743
9020 -3112 4829
7067 -1350 2257
1580 -489 3928
4846 -3790 1412
-5250 8467 4592
7844 7144 4349
498 -6605 2503
-2255 -1508 3298
1148 540 298
2242 -8630 472
-4315 -5941 1012
-3904 -8600 212
-1026 -6790 3350
8360 -8880 856
-1094 4865 3972
4157 4161 3304
8049 -4648 504
-2300 -6256 3614
4888 -880 800
656 -6500 2348
-2972 4584 3924
6400 9678 471
-7377 2901 4544
320 -6907 1696
-4394 5148 550
-2865 -9677 3515
-1146 9300 2992
4656 -4777 1537
-280 8862 814
6784 7277 2604
-5500 9768 687
2785 1885 1004
-9190 -2600 4636
-4824 8598 539
-2084 -6718 360
7502 -7552 692
-4968 -2539 4160
-407 9224 3164
8944 5758 1594
-1202 1640 658
-7928 -6840 512
6250 -352 2394
4901 -4592 312
1064 7459 924
6668 -7828 3320
7968 3455 2776
-3122 -8500 4364
-3510 -8683 3744
-3518 -1658 3180
1773 -5850 4925
7340 9755 4525
8968 -8819 4538
4952 -6548 3892
4022 -7150 2032
-1117 -8664 2598
-7440 -6960 415
-8240 3631 2714
-1581 8870 1822
9350 5861 1596
-8816 1110 3725
2792 6942 34
-5856 -7584 2124
-8173 6022 3332
3198 6948 1072
455 5520 884
2615 4453 2266
-9418 5631 944
1924 -3939 4166
-4973 9922 2112
-1130 3940 901
-9876 9020 3125
4644 2290 4513
-4080 -2500 3048
9390 460 4172
-9192 3480 2442
-879 -60 2176
-8084 5824 2792
9438 -5240 4290
-3271 -9460 2816
-7039 -710 3719
7880 146 4864
-5984 8863 1888
-6351 -6950 2609
824 -3622 2196
6223 4916 288
-3716 -1642 1344
5217 -1552 569
-976 7376 1946
-5635 -126 624
-9145 -2640 2816
5236 8166 4766
3034 -2272 105
3868 8780 2388
-999 8765 3157
-4860 -718 2564
-998 -5108 3064
-8000 -2760 1342
6816 1010 1522
4096 -7968 2132
1277 -8102 1892
76 -7000 1680
6416 9434 3003
6260 -4915 4569
5058 -6353 1006
-4734 1229 4445
-9348 -8245 1144
-6326 8636 2016
3920 9525 320
-9664 2689 958
9849 -2280 2680
-7080 -3560 3291
7300 517 3378
-6336 2553 745
-8973 7904 3092
-9412 3865 572
9958 -7465 1412
-1952 -6997 616
1070 -5698 3773
-200 6272 874
4548 220 4228
-2050 -5790 3548
-6165 9344 406
-460 4134 176
-4450 1638 1402
-200 608 1356
-2105 6822 1065
-9669 -5520 2764
-9360 -920 4453
-7646 -160 3253
-4827 -5264 3651
1633 7562 1403
8145 -1920 4207
4556 2490 3440
-7210 -7884 1648
-3138 9451 2408
-5776 -7040 0
-1636 7480 4576
-6172 -7580 1197
3380 2680 3357
-3905 -8938 1427
1302 868 4466
-9598 9044 4670
-5115 4520 32
1780 2036 429
-1260 -1783 4575
8748 4388 4466
4861 -8784 4136
3116 4125 1092
-1716 8385 4732
-7470 -1286 1740
8660 -7526 3983
1706 -6000 1259
-5188 368 1956
4801 5341 1310
2317 -3465 2212
1331 -7200 4604
3600 8695 946
-40 -3888 1893
2048 -7404 2764
4044 9760 3670
176 392 3322
7104 -9336 2772
7950 -1152 4774
1870 -7150 2640
-5171 -5004 3328
6707 -6810 4567
3451 -3088 4598
-764 -4036 1226
-7076 -2030 132
-2500 612 1376
4800 3336 2639
3988 2840 783
1028 625 2460
-8700 -390 408
-8370 6504 4181
-5244 -8600 4264
5718 -880 2080
-9141 -8992 3446
5400 -8934 4468
1403 1336 2457
-3145 -4565 1452
-1200 -1030 3528
-900 -6322 2940
-8135 -7216 310
9055 5190 4264
1149 -9055 4723
4154 -4295 4169
-8801 -2213 2279
7256 6100 3662
7900 2896 2222
1260 3350 3528
6239 -3904 987
-8385 7555 3920
-2007 -6101 3688
-880 -8753 2065
5052 -2840 307
-9628 2794 1408
7741 -52 3108
-3883 -6324 3626
3046 9684 3300
-3964 -7876 3920
-8796 -7830 3498
-1768 3776 3222
-9648 5962 155
-984 4039 1204
-5240 4918 1838
-9958 6910 4015
-7664 -968 4914
-4825 4140 4280
7168 -1932 1516
2660 2708 2464
163 9750 2232
8140 9174 2856
7010 -4466 3692
1359 2980 2988
-684 8032 4564
2252 -2055 1378
2057 1700 4592
-7576 -6476 2644
3040 638 31
-6440 7860 3784
1555 -3678 1002
4046 7751 2453
-4452 -8184 3168
1692 -5057 1904
-5672 696 1684
-5092 4228 1166
9052 -2362 4712
-7944 -628 2192
-1072 -8522 3806
5475 864 588
8412 5920 1108
-4746 -792 2709
5764 -5197 1888
1255 -1944 1849
3026 -7830 542
7846 3432 3410
-1780 -8156 4823
-6605 6597 2496
857 1780 1234
1392 -1580 689
9365 -1370 3430
-1675 -5255 586
5744 4230 2082
9996 -4410 3392
-2940 6938 3142
-2627 -1116 20
6205 264 3767
3496 -1644 990
7253 9128 2184
7425 -7549 3495
-3690 -6595 3580
2208 5937 4200
4249 7650 1562
3152 8888 2002
-9589 9275 2634
-1851 -3176 306
3710 7204 1356
-4736 -6291 1944
6336 -5769 1586
9506 4000 1008
6320 -8108 2366
-5540 -2562 4099
-2586 -3478 3124
-8384 6745 511
6220 6042 2652
3950 -4588 1552
-7394 6040 4798
7308 9435 1902
7260 4032 847
7756 -5264 230
4200 -1648 267
-7498 -2324 1387
-8562 8542 4158
-1156 9900 3850
1474 9380 1731
6880 810 1956
816 6750 3232
9810 1731 3512
1695 7407 3301
4962 3580 1738
-4785 -1381 2632
5748 -8896 669
5728 3370 3580
5560 7424 470
2200 7748 3768
6670 8510 3668
8686 1453 2534
9652 9954 3008
-5350 1160 2728
8453 500 2014
5192 -3798 4734
3185 -2088 3968
-327 -6330 2545
2826 -7100 2156
-7257 -7142 4270
6550 7336 2672
8052 -7815 1201
-5478 -5664 3248
9453 -5863 1381
-9073 6308 2464
8011 6122 2879
1042 -694 3556
-9999 -9366 4176
6532 1672 4156
9480 9550 774
5897 -3788 4437
4172 7006 702
-1531 -5056 612
4369 7950 1035
1190 1295 4568
-7334 -6778 2944
7748 6904 4062
-2094 2555 4296
-8560 1220 1540
-2023 -9712 2800
-4528 1458 4250
-9096 -7628 36
5770 -4390 2582
1766 -6470 341
-4568 2469 3787
7300 -6269 3682
2180 -7876 1098
1580 -6439 1716
4368 1952 1152
-7650 4057 4864
1348 9040 3164
3444 7549 768
7204 -506 98
8796 -6616 486
9015 -8560 2860
-4859 5720 1449
8517 9870 3872
970 -3698 4496
166 -7590 4460
-5098 6740 3824
-2831 5446 24
-9444 4170 571
9160 -6280 1152
4000 7611 434
-1472 3140 3504
-7720 5177 1584
-7852 -4795 1977
-9010 -6598 3594
6672 -1925 2044
-1560 320 1043
-9560 5200 308
5781 630 2926
-1840 1370 1564
-8407 690 4612
2500 -240 3952
-4940 -735 2079
7232 -1080 3978
7312 -9880 572
-4276 -240 4226
5058 7575 1944
-8456 -4616 3920
3864 9813 4361
-3490 -9352 249
7119 2204 2970
9540 -1660 117
-5684 3496 2470
3500 -3760 1500
1352 -6252 618
284 9974 2694
6152 5776 974
5920 1990 1551
8460 525 4732
5708 -4500 1825
-2990 -284 1109
5740 8752 1010
2884 9084 4224
-8092 -7540 1176
6300 2709 2352
6068 5540 856
4300 360 362
8526 -6535 4552
-7750 -6296 1164
1008 5378 2376
-460 -5402 852
6415 2320 420
-7774 -3230 672
4800 -2512 3409
-500 9668 368
577 5492 3816
-1058 -6784 2044
-4106 8337 1583
9145 3980 424
-1555 6934 2160
-9550 4049 3627
869 -4085 890
-2437 7367 364
1164 3816 2686
-460 -6768 448
-4800 6124 3060
-5460 6288 264
-7150 7197 1546
-8805 -1004 3296
5312 8258 1750
3126 -6959 4624
4457 -360 2911
1598 -6640 3410
-2183 -6168 1798
7310 9125 4885
5158 9216 396
-1498 -1225 2953
-4108 1200 3899
9080 5000 4720
-3068 -334 2648
1384 5125 2306
-2896 6816 1152
6910 474 2992
-571 -7560 282
-9952 8992 448
-8881 8474 4646
8707 -6596 3462
-9994 4478 1774
8274 9442 4589
-1616 -850 4624
7821 9400 4447
3874 -868 2976
-5550 845 176
-4281 9049 3992
-3104 -146 3012
18 3901 580
-2474 -691 2807
-4828 2160 219
7040 -9590 544
-2490 1728 1540
-9455 1116 4178
1015 5940 2461
-7200 -386 3939
-936 9385 3840
-5212 -9640 1900
-1688 9755 4752
3956 4130 4524
4872 -8704 3036
-2241 -2837 1556
9530 -7137 1715
-8460 -7182 3282
-368 5566 1980
3150 6863 3896
-330 9950 3784
-3232 -9781 2712
-6023 -875 2822
1470 -4379 3872
-5300 4315 4271
2200 -6150 2536
1223 -9794 2383
-2344 2941 1599
9721 2444 2516
924 678 4664
3578 2677 2866
2500 3033 4343
56 -6045 3080
6508 -6528 2632
6800 -3232 1716
-7322 5330 253
2822 3680 3212
-7849 1399 998
2840 13 876
-2144 -357 1576
7160 -1289 940
-70 7425 2966
7300 7947 1824
4848 1040 2801
-4413 -3533 2802
599 3240 476
-1176 1056 2936
1910 -4281 1452
-4290 3917 3424
-3516 -1314 2510
-9526 5872 1342
2600 -3850 646
3229 -8720 1000
1700 7000 2712
4414 -264 3344
750 -8832 52
-5633 6400 3157
-9585 7200 3641
-784 -2076 4620
2924 4310 2606
5342 -2276 3616
242 3920 3378
1840 -8100 120
-9930 9205 4178
-2912 6508 1760
7768 2510 413
7870 -2186 1213
8899 -4424 1582
-4600 5380 2569
2539 -9660 4606
-1532 3230 794
-2416 -9952 930
9362 -9140 1608
8830 -3224 4305
-5696 -162 4281
802 7943 3312
3632 -5376 1464
6887 6188 4379
-416 -3504 560
-7728 -2869 2600
5126 7000 2550
9320 -9439 536
-586 -4233 1050
6854 9504 2875
6652 -9460 403
-3105 -9158 3573
-350 -636 512
1688 3735 4832
-5472 -9570 2624
-9754 6300 2064
9402 3199 2464
166 -2020 2738
2656 -6752 3712
8958 3130 905
-3445 8498 4786
3812 -1665 3944
5696 6242 3428
-7552 7094 1648
260 -2080 3684
1495 -4142 4382
-1046 5810 3499
-6928 329 4642
-3648 6808 2118
6949 6869 512
9484 -8820 2992
7415 -1176 464
8547 3962 2235
-1626 6906 4256
596 5190 3932
7500 4560 1548
-2103 6712 3828
9368 -425 2394
-4544 -5592 3100
8635 1640 3078
-9160 -8991 2416
-5224 6422 4532
-1590 -4240 1613
3620 8436 2097
-2730 -3333 4030
5832 -3976 2494
-5900 -5426 4354
7336 -2526 1827
-4056 4833 3524
-5966 -7092 1631
-7612 3725 252
4628 9325 216
-2146 -8324 3968
4944 -9277 2324
-8512 -5471 4235
-900 -8417 1460
-3588 7860 1344
3451 9335 544
4987 -9364 3934
3898 -3958 308
9662 5899 3208
6059 -6812 1992
-9984 -7224 440
-1995 4632 518
-3930 2811 1618
8832 -8288 924
-1635 -4588 101
7174 -2272 1884
5865 -720 3476
5689 -6469 2304
-5904 6880 1512
-9996 1916 3174
-8538 9172 1986
-686 -2363 2492
7065 -4362 3510
-2227 -4964 4432
5102 -7856 786
-8588 3659 2166
-6435 -3056 1504
4916 8256 1844
7625 -1474 3963
2144 -4500 2688
-8624 -842 2264
2262 5978 4284
-1880 1055 3810
-3520 -3737 3093
-2544 4135 1582
4296 -9405 1673
-4460 3673 2478
5375 -3209 2027
-3960 -8155 4918
-8204 1568 914
-2008 6536 1176
2868 6349 4120
-1345 4480 86
-2976 6412 1870
9649 -8288 4880
-5539 -1790 2656
-6128 83 4606
9508 -4127 1044
1668 6076 3840
-1254 1449 2463
6324 -7960 3681
-6145 -5784 4264
-2146 9748 1239
-3832 4972 3696
5750 -9744 4495
9496 5777 330
3592 -5506 4068
-3712 -1400 4362
-9620 -6120 3010
-5852 5019 1848
-3440 -8760 1078
-177 1164 4448
6045 5291 735
5598 8995 2408
5723 -7127 4280
5824 -102 1068
2606 7164 1089
4140 -6762 3934
-7437 -7638 3501
-9331 -4720 4190
-4252 -5582 1280
5480 1622 2387
-1998 3556 3086
6464 -6768 1182
-7542 8256 4267
1788 0 4063
1896 -2040 3938
-2720 -2307 2112
-8521 -4132 2882
5088 -8198 2625
270 6250 3464
5148 5141 728
-5500 -6100 2542
8795 -5120 332
-5000 -1704 532
-9366 5840 3297
-3468 9808 1928
-284 6876 2024
-4920 -3834 3900
-1674 423 721
-9010 2666 3385
-6364 -7833 4388
-4139 9021 4480
-5410 8616 3184
7020 -3200 3026
6644 8052 2747
7580 -1447 2690
-1075 -2692 2125
-176 -5184 77
-7301 9926 738
-752 -2830 2482
-775 1360 3026
2907 -2140 4312
-6915 -8138 311
8350 6288 4002
-3405 -5805 1568
-8544 7260 2932
2000 -9930 4884
-7574 9580 1151
1288 1580 3164
8020 -4165 4108
3844 -5150 4544
-3800 -3146 3356
-2116 7865 3872
8993 784 1428
1930 6908 4127
3818 -5549 3192
8504 -9564 4139
8334 9424 4868
5460 -2315 467
8302 -2736 1090
-9789 4480 85
2534 3999 1768
8512 -300 2873
180 1022 2178
1050 1038 3060
2084 -5894 1506
8757 20 3396
-7192 5978 1184
-3818 5614 3171
4078 5196 4152
-6914 2592 2949
-2511 480 1252
-8875 -6339 962
6830 -8431 952
2990 8256 836
-64 1714 620
-4896 9052 966
-7624 -5677 1074
-4408 8280 3944
4158 4300 1596
-3046 816 1301
8412 9840 2772
9594 -3137 3066
-1535 6270 2188
-5786 565 1949
-4469 -80 1463
-7685 3408 88
8398 -5423 4336
2367 9436 1610
3394 3492 526
-3000 9556 4739
3530 -4936 1918
2280 -7963 4161
5528 1664 3483
7461 3751 3199
-1688 -1984 1487
-4088 -6422 4480
-1450 6160 3478
1929 4408 4470
-8180 -8340 4498
3888 8548 4400
-800 164 1614
2471 -6370 4128
-4529 6492 3216
-1087 3537 3408
-3904 2422 2218
-4105 -2867 404
-4421 -4756 3556
-3696 -6565 2716
-755 -7744 3178
-7224 -2049 2116
-5960 -1000 360
3130 6440 1260
7887 -1984 2660
6368 -9072 1562
6200 -6201 2440
300 7753 2444
1985 -3375 1946
-1796 2120 3698
3952 9550 2611
6951 1334 722
-4100 5120 3168
2175 -8892 4224
-2876 -6575 2520
1700 3056 3512
7584 -6290 2304
-1905 7750 924
6210 6780 689
8196 -6826 1266
-3808 -9165 3416
2934 464 1021
-8793 4698 4344
-4494 2790 416
6252 -8150 2396
7073 -4528 1276
-6210 -2925 3792
5763 2384 2814
170 4376 4289
7136 9584 664
5161 -9513 2146
-8682 2416 4158
-5088 -5406 3704
8260 -6675 1888
8485 -2162 1344
3260 -1799 2043
-3308 8688 3876
4403 -9800 4318
9516 6213 2080
-8316 9941 100
-2070 9363 640
4632 -5003 35
4582 4654 2358
8231 -4377 1720
-3440 1525 2750
-7473 7452 3284
4910 -6880 1136
383 -1143 2464
5149 -5986 1212
-6400 -3088 3488
-4020 9896 3272
8774 -8558 1952
2209 8768 4542
4900 4000 4416
1303 -7780 2009
5031 9684 1580
-9016 2120 3108
-5994 7984 4913
-9159 -3966 4200
9559 -172 2218
9840 995 4111
-4720 -3188 2777
7900 -1056 4188
8614 -6485 1707
-543 4350 595
9395 8626 4831
-9566 5655 3115
-4404 -5942 4473
-3485 -1983 3129
4619 -3142 834
2157 -3225 1796
7054 -4521 4832
4202 -9930 2854
2252 -8666 4592
3390 -4592 4136
-4911 1162 4141
5397 -2300 4389
340 -7028 96
6655 -6278 2387
2821 3800 1116
5564 -352 2072
600 9828 3416
5255 -5280 4000
-5734 -9216 3712
2807 -5744 258
9372 -6933 140
4088 8134 877
6241 3326 1654
5375 -7520 3807
-650 1449 275
1285 5990 3292
1867 2055 3673
-8456 3450 3548
1484 5600 3069
-4178 -9288 2069
3790 5900 3531
8968 5974 2134
-9550 9701 198
5168 7500 654
7690 -8216 4124
3524 -4562 4381
7044 -7996 1428
-3868 9540 1668
712 -9893 4850
-7554 -5546 1696
-8660 5862 2966
880 -7857 710
-9807 7488 2362
-9302 -8456 336
-8708 6140 2886
-1075 -145 4272
-2336 3243 4482
2990 9412 4816
7700 4248 2653
-2970 -6736 2443
300 4720 881
912 -3900 4686
9856 -3760 0
9976 -9332 2561
-2408 1044 3076
3647 -8205 1320
1000 4214 507
7550 -7595 3576
-7190 6632 2420
3745 8535 217
-4068 1236 2950
-8976 1584 1396
4745 3684 4155
8719 4382 1505
6671 -7035 2134
-1140 4780 1922
6328 -4048 3047
-218 -2306 3718
8093 -8610 3094
2448 860 1600
-1900 -2528 896
940 3168 4005
9600 -8585 3388
3500 -2050 2856
-329 -4195 2660
2170 6858 3012
9760 504 873
9157 -4960 475
7708 8440 1386
2208 -2928 1960
-2815 9908 3794
9762 4752 3246
3913 1768 2255
6406 -1275 3173
4470 3700 3260
2295 5520 1112
8402 9406 2998
-5299 -7080 3446
-7520 4355 2343
-4699 -220 3901
-8880 312 2204
-2728 826 3066
-1212 6262 4195
6295 2939 2805
-4219 8048 1646
663 7400 3794
-4070 8367 1232
-6875 -7824 4164
-924 2916 2213
1760 8992 653
-6510 6870 1764
-5480 6000 3537
3668 9652 3768
4781 6696 132
2700 1528 1755
8601 -7296 516
3892 -7445 2154
9160 4471 3145
-434 2476 2828
-7856 6552 2142
3266 -728 1903
6470 3337 1957
4583 -2030 2051
-1528 -3430 1768
306 -4362 274
-4548 5114 154
-6104 -4608 2742
223 720 3857
-160 4672 1000
1962 5340 3472
-6295 584 794
-6124 -8250 2402
7350 7710 3143
-6976 -4085 760
-9248 3348 2193
-920 3232 1628
-150 -9044 372
-6988 -5066 3185
5382 -1380 4133
4012 9734 1904
-8688 -1703 3200
-5606 -1641 2940
-8450 -9127 2120
-2820 -6076 368
-6212 3326 840
-8212 484 1880
2612 7263 1797
-64 8720 248
-1200 -2328 3374
4680 6605 2540
-4448 -706 2326
2245 8470 2750
-2840 -2636 3304
636 -8382 838
-6060 -4765 3664
-7398 -4027 2760
6664 3608 3279
2455 -604 3064
-1150 3205 968
5215 -1528 2354
-2612 -8696 2646
-7104 4700 3088
-680 -6172 876
5960 -8740 2550
-8475 5000 3986
-9976 -6283 1786
2288 5436 946
1451 -5764 1915
-7445 -8816 1044
-6208 -3300 98
-5546 -3454 2714
448 2286 4158
-9460 6470 380
-5760 4790 612
8800 1136 2977
-9892 9600 825
-5304 -9078 1816
4496 -893 2866
5465 6372 1302
-5520 96 814
1546 -8118 196
-5 7204 1914
3148 -6820 4081
-3004 5250 3558
-9428 5344 1566
-6955 -1950 2900
3388 4232 280
587 1473 3963
15 -660 2471
4160 5344 680
5794 4122 327
3751 7648 2308
1575 -1630 2324
460 9840 3284
-6699 -6827 3024
9220 -8686 3152
7883 8270 1826
-7088 -8830 607
5492 5410 501
-1480 -8838 1466
1150 9092 3382
-8008 5233 3850
277 1512 358
9880 -1332 3348
-1105 -7224 1966
6130 -8260 1362
-2984 6016 3736
-2104 5836 2165
1100 -4704 3516
5689 -4800 202
7420 -272 3772
9675 5091 621
-1242 3959 679
-6318 8847 1184
9869 -8551 138
3645 -6900 464
-4390 2896 946
-4375 8296 3010
-7484 -6640 2248
1924 -736 2513
-2400 4717 2444
-9820 -2604 1393
8580 -3992 1608
695 7564 3032
-4424 6791 618
5000 -166 3926
-4780 -8530 3597
-1503 3000 252
-950 4151 2212
8799 -8593 224
-4600 -2042 688
3991 -6606 3130
3072 9760 866
9838 -2324 80
-7105 -49 2884
-2410 1877 675
-5376 6850 4130
-5099 9056 2400
-1505 -7490 3045
-7136 -9535 1774
-1540 437 154
-4788 3240 1660
-2602 -5712 2394
-2561 9450 3100
6750 5692 3700
-2868 6976 917
9951 -5087 3528
-368 -4884 1327
5920 -2412 249
-7512 3614 3110
1282 268 3368
-8472 248 1766
-2936 -3152 574
4788 -850 2548
-9032 1026 1234
7951 -3500 2010
-4500 -7256 1128
-880 -7716 3034
-3506 174 983
-7158 4112 3565
1056 7968 135
3419 -7103 3952
-3360 -2836 3368
-5008 6320 3954
9520 2420 4085
5881 -2664 4084
-9244 -2986 2990
-3198 -4615 4144
-8038 -8750 1290
5238 1200 1494
7886 6486 760
-8604 4975 3734
-4356 9324 3914
3976 7927 1518
-2750 -9848 380
-4304 4992 675
220 5025 14
-3555 4388 651
-2834 1000 3689
6573 -7936 3726
2780 -7220 1756
5857 -7421 1598
4100 2367 2064
-572 -1570 1317
-6696 1444 962
-4414 4631 3198
760 -2484 2244
8383 624 4054
3920 -3435 2477
8392 5472 2450
-9974 6155 1240
3472 6008 685
2276 2784 1875
2086 -6350 2982
-3855 -9785 2646
6779 4216 772
-8604 -6412 3850
1964 3375 1400
2480 6515 824
3350 7104 3477
-1034 3000 1578
-9965 -6462 4004
2642 -995 1232
-2396 663 3286
5660 -445 2114
-6634 5067 1518
-8095 2400 2418
5852 2718 2836
-7620 8572 614
7028 -5856 3412
-1425 5258 3459
-2636 6028 749
7414 8176 489
4880 4048 2982
-5160 -1328 1660
1391 512 3346
-5917 -640 6
5895 -8212 1158
8484 8449 1435
8455 9200 2709
-6880 2536 3234
9698 8562 154
-4180 2496 2358
7698 7357 362
-7412 4813 3188
8249 -5253 2884
5973 -7749 122
-8848 7938 2362
-300 -4582 224
8539 5712 3972
-320 -6864 304
7518 -8208 2559
3551 -8794 980
-1300 6801 1092
-2560 880 1020
-7920 -455 3374
-4025 -1920 3710
-4160 -2262 1002
-7990 7956 548
3951 -3328 2352
2508 8224 2628
8140 -2698 2256
6199 7968 2876
2502 5710 3290
-6552 7744 481
5032 6908 194
1960 3141 977
8942 5334 4018
-2812 3941 606
7260 9598 1927
-7280 1464 232
6935 -2216 2300
-6220 6055 2968
-2919 -6561 1148
-8788 8748 1904
-4539 3488 388
6870 6018 1564
9382 -2435 2748
928 526 1436
9142 -6706 1199
-9048 628 3109
-5182 -2504 3152
1874 9796 2919
-8908 -360 294
7570 8927 2748
3632 -1336 2130
750 784 681
-7160 2566 2968
-590 1165 1392
8661 -6900 3828
-4732 8792 2226
-7665 -143 2588
-7586 1855 60
2970 -1584 3839
8740 6432 1597
-9200 1214 2936
-2230 -7540 1504
4676 -574 2346
-6184 2800 1648
-1920 -5207 38
-6200 -9020 1374
-3582 -264 54
-3131 -5096 369
2591 7832 1183
3499 -1504 1862
5200 -165 1023
-3736 -1590 2558
-5944 7874 92
-8520 2346 1090
-1600 -6026 245
-8443 254 104
-7148 -720 2176
7862 7910 904
-4784 5436 3150
-2966 1128 3728
-6552 4776 3364
7032 -5280 561
-3040 6390 2280
5678 -1246 1182
-3892 5416 3405
7690 -9180 888
-4486 2854 3388
-7229 864 39
-4312 -6446 182
5503 9353 2838
2552 -8358 1701
3410 7200 313
6192 -5613 3134
-2515 -2671 2401
-7904 -4455 2212
2700 -3798 2276
-9674 4269 4100
3387 2196 658
4622 3210 266
9970 9260 140
7695 1568 629
-6990 -7510 1971
-2186 -9394 2421
4087 -1768 2042
7616 -4526 2050
8840 4960 1961
-6126 -1905 92
-8089 7760 3110
8096 -2600 3340
2512 -9388 3499
-5010 478 3542
8134 -8000 4088
2140 -2374 564
3421 4728 3201
5700 -6948 3376
-9426 9274 1109
-8036 -5190 1818
-7312 -3052 2264
-430 2096 1812
-6220 -3180 3717
480 -2360 3921
-5716 3504 1079
7789 -9520 2864
-1840 -8130 922
-7415 -8928 1896
1821 -3683 524
-7679 5905 3780
-9761 6024 2898
-6011 -3916 2858
9120 -3778 808
-4584 -6680 2534
1112 -8304 1634
487 -4925 2548
-8560 8602 1653
-9378 8560 3959
8336 -9650 3724
-3816 -1760 416
-1272 6416 2085
-7292 -2647 1850
-1572 4752 3306
-4405 4875 3554
9520 -6534 3198
3304 -451 862
-1700 605 3199
4444 4561 430
6444 -1052 1662
-9440 5414 2028
-3523 -2271 2566
-9144 1344 1537
-7752 2020 316
3521 -744 4150
-8053 -5752 1764
9819 -222 3915
7720 9740 3760
-100 -8612 970
-4372 -3040 2298
3240 -5549 788
8086 9463 2064
-9070 1620 3914
3509 -1108 3796
9904 4900 1212
9399 9644 635
-8966 1211 3451
-1238 2061 184
8935 9761 1804
7770 6080 691
2400 5256 1347
4150 1972 246
-8943 -2145 3724
-5930 2760 4176
-4250 -7026 342
551 2432 1264
8012 2936 1778
-3485 324 3798
8136 -7776 898
4300 180 1468
-9014 -5775 812
3596 1899 2618
-8655 -4292 544
1680 -5080 2780
-2928 8374 560
6669 5240 2834
-9408 -3842 4200
-8784 -5808 174
-6393 -5504 4088
8776 9611 2494
-2698 -6880 4046
7920 -5690 2630
-6779 4380 2169
159 3915 4150
4266 -4486 3170
-622 -7515 3986
6288 -2266 2058
6676 -2204 3163
4274 -998 2800
4058 8850 2687
671 5917 2836
-9950 -4785 512
-3530 -5666 3561
7250 6080 15
2210 -8462 955
9425 7975 2174
-191 725 1891
434 -5680 2544
-5533 9863 521
-7551 7352 3668
1777 6272 382
-8900 -4771 3424
-2042 9036 3604
-372 -922 2920
9268 97 93
8162 5360 1960
-796 -2785 3510
-5298 -2551 3994
7118 -7538 908
-6950 769 3068
-2840 9672 3346
-2905 852 1540
-1175 -4296 707
6550 -75 4048
3240 2629 4144
-7105 -7295 3115
153 9716 2504
6272 776 1752
-2288 -2600 953
8970 811 3188
-536 6360 2878
4811 -3400 3090
3055 -1649 3480
-1843 -9220 3182
-9782 -7312 2107
8084 1676 511
6888 -8288 1014
-1613 5180 1464
7456 9115 478
-824 -5160 1596
3584 -2976 106
-5846 -8072 525
4850 7910 2844
1271 8620 3598
9450 8496 1324
-1410 8444 1464
-5909 -8610 2048
-3194 -9718 2117
-2860 1413 2778
-1614 -6832 955
7436 4490 1504
-8152 4414 59
4412 8713 1456
4605 7254 2768
-5536 -3200 1144
7216 -9267 3586
-7879 2988 3660
-8970 -5203 2762
9000 1671 1384
-6955 -1153 637
-9855 2210 2145
2564 -2529 2958
1059 -3320 992
-5376 7282 4004
-839 4660 1384
3380 5361 2842
4140 8820 637
1520 -3198 2256
-8310 -1540 1232
588 -5192 731
5689 8070 2262
-2884 -770 2106
-525 -4828 3817
729 -3756 2460
-9087 -7201 1376
-1883 -3906 2033
5458 -2958 1843
-1312 -5042 4148
3404 9200 2164
2637 50 2946
-256 8345 960
6400 1163 1895
-2556 1254 2450
1206 2280 1421
6815 2072 3776
-4178 4752 1211
-5382 -6750 482
-5384 4338 1276
3936 -6996 3420
-4571 4862 1583
9450 -7520 1494
8155 -1784 322
5482 -499 542
-7656 1636 2538
-5114 3552 3590
-9636 -4196 1720
-4679 7588 433
-4704 -9376 656
-5683 5880 27
6674 -8536 3612
-1979 9454 2414
-8150 -3385 2422
2136 1937 460
1806 -7025 568
6908 -438 2258
6975 -7382 2747
-8300 3420 3704
4760 -6304 2128
-2856 5508 646
-4466 850 4056
3752 -8560 3034
3304 -6075 2758
-9672 -3853 2524
-146 8600 3533
1396 -6535 1044
1830 8565 160
-9881 1842 2660
8200 6064 2980
2580 -4864 1562
-704 7500 1474
-1883 -5426 222
3364 4530 620
-8826 -2784 2280
7155 4750 2124
7000 9905 3191
-9032 -6432 3262
-8960 -3958 260
1880 4745 3930
-2895 -5680 3812
-6048 -7096 842
8014 4875 3121
5150 -6535 2926
8580 4068 1330
7415 -5312 3316
8472 5535 3647
3056 -7733 2818
-3333 6950 18
3568 6884 3081
-3804 664 3432
4400 1269 1610
-5540 -9812 1559
-4905 -3256 550
-274 -8100 3683
-7636 -1800 2546
-6132 1232 4095
-90 -9348 1564
3355 -163 1682
2976 -7174 1224
6880 3775 1238
-5928 2694 3604
3472 -356 1041
950 3994 598
2960 -4750 89
5960 -7986 2096
-2748 7861 1146
-2518 -4416 132
-2574 -3676 140
-9480 -6974 4122
6188 -6375 2468
-9536 8920 2929
-6799 296 4059
12 9910 2540
4108 -4442 1301
6960 -3256 2781
7128 7879 1352
4495 -9280 4166
-4892 9910 3199
8796 1584 3130
2768 1300 82
-7045 9702 534
1932 -8683 592
-8780 -6966 3487
-1712 4317 1419
-2448 -6562 2618
320 7122 3592
-210 8704 236
-2004 7800 3802
989 -1142 1772
-9204 -6556 3962
2393 -4660 2802
5904 6848 3999
-344 4357 24
2141 9456 2600
7694 224 1298
-503 1824 2500
6240 -2926 2983
-1131 -5006 1246
9312 9687 2836
-3643 3324 880
-5483 1620 2408
-8792 3920 930
-9427 -8168 766
-5607 1084 1718
-6784 3450 2436
-5616 -9445 2461
5823 1464 3555
-1548 3540 3260
-9775 -1406 794
-1360 1589 1680
-6014 560 565
-2085 748 398
-9991 -781 1365
2176 -7786 1596
7005 -1583 2302
7472 -8415 3020
9297 5851 707
-4209 -6873 164
6130 -4858 77
-6952 -4880 2914
-1103 7334 1512
5585 4944 3568
164 -9025 2884
-9675 -1470 1288
3600 9184 2372
2425 104 768
4597 624 878
2200 7538 3061
-1904 4902 3526
80 -4630 524
-7540 1394 362
3884 8550 1742
-6388 -8450 1528
7816 -3850 2002
8898 1748 639
-5015 -2023 374
-182 -8220 2862
3296 9273 3011
3850 8487 224
-2191 5694 677
5160 -4168 145
-8928 6451 2492
-8560 4530 2408
8060 -8750 4088
-3262 -9865 596
4461 5 3424
-5265 3668 1936
9730 -5360 2496
6770 -1744 727
7590 8708 1238
-6329 798 2248
-9472 2584 267
-9792 1532 3214
-3502 2104 1404
6880 2026 658
-3025 -3320 954
-8924 6980 3297
-1544 4160 986
-235 -1824 1956
-5195 6512 2184
-7432 6810 896
6212 1880 4039
5140 -636 1232
4472 -344 2104
-3274 9266 3318
-3368 6464 1038
86 -6544 2058
-7983 5955 3022
1762 -1348 3298
5244 1470 3959
-6940 7350 2604
6702 4541 2144
-6060 -406 238
-587 9330 3355
1462 1908 2198
-3581 -7142 2905
1356 5061 280
8577 -944 3595
9485 -1888 1938
-2790 4448 946
3900 2328 1076
7610 -2994 4213
-3280 -6775 1247
-2492 4896 2320
4234 -6448 60
-2936 -4512 46
40 2507 3086
2624 -9396 1624
9200 9103 142
-8755 1462 1576
-4996 -3750 2916
3464 -4524 1142
-2336 7226 1982
73 7898 3312
-4934 7093 2465
-8709 1834 2968
-3382 -8181 575
-8618 -750 224
-9144 -9397 3750
-575 5439 634
-7328 8218 3458
-8364 4376 2135
-6940 -1334 1286
986 -8894 1958
1568 -1359 2532
-5954 3665 2709
2955 7756 2829
1696 -588 1018
3626 1201 434
-1200 -5816 1064
-8638 -7940 1865
-9550 -3016 3252
4840 -2920 2172
-5349 7732 4196
5500 -3040 2448
-7964 -3238 3540
3610 8170 4092
1414 -5912 3474
5294 8950 1966
300 -5235 568
-3232 4000 2796
-4356 32 3804
3849 -6696 2768
-4743 -670 1788
2504 -3257 3366
3832 -8713 1553
564 584 2408
-9407 -2463 3915
5525 8538 3133
8375 2380 90
6470 586 3680
-3111 -6779 3562
-2994 2598 1972
9198 -2712 2261
-2213 -7039 1620
-3034 -4000 1358
-1246 -6600 946
8673 3620 3086
3069 -8950 2730
-2125 5920 256
2656 -8045 3747
-4315 2615 3427
2480 4040 930
9974 4464 1630
9115 5800 1869
1840 -6970 1008
6676 7904 1936
-5120 5416 2774
-7025 4009 3108
-864 6200 3800
288 -3692 1281
-79 -8484 1390
4328 9118 1526
-5808 5268 1209
8819 -5575 2674
3200 -4564 2748
4448 -5765 716
-1600 -256 1366
-312 -458 838
9220 5469 1428
8660 -8912 374
-1936 -7739 2228
1874 -5704 311
-5063 8186 3551
7838 -1344 4070
-7511 -8550 1323
-282 -5168 1232
6520 -4840 588
4640 -2800 2132
3842 8840 2356
-2870 -5838 3384
5212 5103 2560
-4848 -3017 1238
-8212 3618 1148
-624 -4449 3720
9716 -4190 3542
972 -1834 1794
-8034 3800 1742
-7100 -442 3836
-5496 5246 1306
2224 -4400 2158
-7378 4928 2730
2602 -4566 4159
-1713 -3984 2502
5719 4448 606
-214 2688 3694
-3404 -9343 2318
-6587 3361 862
4000 7610 1741
-3256 8768 1015
840 4448 3632
2096 -2712 2965
9154 2859 1004
5652 6994 123
-5096 6082 3236
-4127 5028 2954
-3167 -5991 2755
-7876 5984 3383
-9260 -7208 1428
1904 -7784 3830
3840 -4309 4009
3656 -3248 1358
-6543 -904 3243
3765 2760 1966
-5460 2629 2885
1280 -3998 2551
1764 8596 2653
-8832 2937 143
-8060 1600 72
9756 -9625 3995
3405 7502 903
-6356 -5336 1106
7316 -3329 3302
8015 6169 2732
7709 -3058 504
6664 6952 1239
-427 1712 2597
2880 4488 4062
-3368 3940 1650
-9744 9040 2119
-1911 3102 2584
-560 -1138 670
-2330 5275 456
221 -80 3201
8575 -8917 3941
9954 -3540 666
-9621 -7812 1407
-3103 -124 10
-1412 2680 2156
3014 3740 2340
-8707 2015 698
-8080 -5585 2920
-7216 -6187 290
9874 -4704 99
553 -6625 2362
-1712 -4995 3179
-1684 8460 2540
4014 -9696 2026
-2460 567 1180
-3300 6327 2125
-7053 -6918 1970
7092 5054 1136
9772 -627 1070
-5140 3364 3065
-7716 5380 1924
-6130 -9488 3530
-2400 -8980 1904
7744 2082 3142
1510 -170 3948
3909 6432 4136
-5174 3126 1088
1479 8425 3014
-9517 -9854 3550
4607 -3955 3029
9385 -5126 1478
-7387 9238 4104
7904 4790 1722
-1792 3306 2182
3960 -1889 998
-2295 1044 2681
7952 -9243 1386
-4955 -1816 3280
-5880 2966 3763
-6976 -3588 3968
7088 -5124 2183
8444 -6968 1924
7682 -4701 2462
3893 -5448 2406
7816 9870 3020
3440 9080 231
8960 -7892 3692
1412 -2940 780
-3920 6850 1818
-7145 -9656 3686
-6600 -6400 1200
-952 6000 1614
7516 3441 3320
7945 -2404 3160
-5005 546 3969
-4875 2647 866
-1346 -3881 26
6225 3486 715
6400 3500 3141
-536 -5630 1642
-3940 -1962 3615
6250 5150 2076
605 7317 4124
-6352 -1216 4192
4134 -7220 638
2050 -168 392
-5128 7624 602
-4407 652 3950
-7608 -7000 3266
-7208 -975 306
-4239 4526 1705
3730 5100 3879
-6960 -7608 896
-3566 -7532 2206
4800 9818 3341
-8172 -4952 3511
8650 -1692 1493
3605 -9555 4036
32 5058 1198
110 1030 3535
-610 -616 730
1400 9092 3620
-9180 8448 1760
8640 -5236 963
2877 -9856 490
6480 5971 3052
-1530 5418 4049
-1561 2025 3832
1901 -7784 4196
3070 2112 1365
288 2520 2142
4715 -7146 800
1435 2290 3652
5862 4044 2078
-1300 -1960 2205
8944 5788 3136
-9562 9120 3066
-5453 6613 3425
-588 -5240 1548
-6031 -5422 260
-7856 103 733
150 -4990 606
-8368 -5284 3038
1402 4838 3632
1713 -510 3392
-9551 -6816 588
-6052 5274 3773
4653 5266 326
7920 -5222 386
-6521 -2800 3314
-848 6464 3129
-322 -4198 792
-5006 4925 369
-2872 7184 2184
5480 -9366 3160
3500 5216 1465
-540 -2009 3822
-128 918 972
-5652 1180 1272
1000 5736 2554
-8529 -5980 734
3319 9140 1764
-8124 6664 2248
-9208 -1836 2348
8553 5680 2106
321 -6422 1246
5974 -1000 3268
3885 -2427 3154
-7420 -9502 3462
6580 7060 668
383 4940 2731
-5535 2250 4008
375 1230 2079
-6650 380 476
-910 -7968 3690
-1342 7584 3258
-524 -5416 3676
-2796 -2816 3551
-3160 4076 2044
-592 9602 146
-9864 4860 238
-358 7610 1386
3100 -2433 2262
1000 4502 337
5360 -1813 2334
-5190 1160 2979
-5610 2412 1425
-5550 -3187 2274
-1875 -107 908
494 4336 562
-2986 -2385 4360
900 1248 4430
469 -8232 600
-4080 2608 2253
9822 -1200 346
2928 -6124 1978
964 565 2242
6482 2640 3772
-1740 -894 1606
-5942 -3851 3246
-9200 5495 1889
-836 -3668 1744
-9605 8456 2759
-6000 -5710 3056
6370 1057 4414
-4840 -2218 244
145 -3768 607
-8416 -220 2884
-8230 -9979 1855
1008 -7910 2675
7130 -4550 2376
-3813 -1968 2658
1514 9261 1830
7936 7455 912
-5152 8357 3138
-4750 9885 107
1832 7714 4122
9170 -3387 3232
9975 -6078 1670
4308 832 885
-1559 -7064 2487
3298 -3850 2444
-382 -3736 4188
-1644 5312 1758
-1400 8766 2623
7161 -6692 3302
1228 -872 3382
4724 100 1640
-9190 -6632 122
-7596 9850 108
6820 5638 3157
-8992 4670 3632
-5904 -4450 230
-6660 7020 3922
-7536 8770 2262
-2872 2840 3039
-252 1210 1582
-928 8984 2163
4823 9250 639
1194 816 1064
541 -4687 3479
-3163 -1600 2198
201 4456 3918
1402 -7005 1572
-7532 -6728 1999
-5390 3106 3313
7041 -8720 3041
-9120 734 3818
4445 5648 1911
3678 9440 1098
5520 -2678 3111
5638 5768 3688
-8395 -4925 3279
1320 6144 2639
5084 -810 902
-3702 -9400 3876
3620 9812 3860
9310 -3160 3856
7444 1360 570
6707 3202 1638
-3006 9295 158
9840 2542 4108
5568 -4324 1896
4112 1602 269
3563 -6100 2172
3598 5037 1293
2130 -9160 3600
608 5170 1984
-3306 9615 4346
-3449 -3930 38
7320 172 1270
4820 -9799 3952
6630 4100 4488
-6600 8230 3698
262 -4880 1936
9840 -4784 110
-8620 604 1722
3872 3320 691
8584 -2692 1046
-8400 -212 1873
3011 -9363 151
-7731 3927 3732
-4858 -1865 1012
-1214 -4430 3228
7135 -2575 1495
9962 -3747 2364
4502 7359 2274
3870 4088 767
2560 -3188 3450
-330 -4960 2532
2690 -5480 1948
-5533 1278 3921
1380 -332 3810
-2056 7744 1910
-7443 -7116 964
6515 499 1572
5010 7777 930
-5260 -2832 2394
-2168 -1315 3234
-9051 -3646 3316
-4156 6205 1280
-4624 6218 3219
-9124 7920 2200
-5195 -6570 994
-7216 6576 754
-5900 3560 2549
-9295 2800 2412
7836 -240 4452
2 -8464 2718
-8831 3833 3170
-9159 440 80
-885 -9729 660
5012 -9032 3900
-3903 -5960 2652
8404 -656 4114
2988 2288 2584
2659 -7204 4073
-9786 5781 1597
-7864 3176 98
-7530 6045 3364
-9974 -8560 1810
-2248 6112 726
7000 4910 2652
-7520 4584 3583
-6608 3376 3660
2338 -1350 2914
-1950 9917 3625
6704 -6012 1215
6202 336 2342
-2964 1373 3512
9379 -9336 900
2670 8405 2852
992 1156 874
-7548 -6420 1550
-3950 4801 4398
7067 3225 2480
4960 -3084 2215
5860 -1382 2269
-5519 2472 2214
-7832 4456 386
-550 3951 1488
6806 8155 2188
-8322 -3776 427
-8300 -9634 292
-9192 1624 4482
5612 -2571 2840
-7568 145 912
4584 -2087 2954
4711 -2425 1734
-8 -4446 4304
-6740 4798 946
2840 -2600 674
5536 2730 1744
8695 808 150
8248 9292 1934
-1436 9573 2626
1432 -3848 2260
-5453 -2512 644
2453 -9623 222
6575 -3912 3700
6094 -3180 2090
8854 2940 3672
-4313 -1663 1884
4570 -8360 3158
3480 351 3250
-432 3482 1829
2040 -7670 2330
-3987 -784 3468
-9421 -1488 1588
8305 -944 1926
-8734 -8488 2522
-5377 130 1635
-80 -8086 1066
-9612 2864 1040
9994 9884 1808
7053 4908 352
-5013 3364 4046
6696 9160 2386
7695 6052 3488
-4345 6309 4245
-5755 -3475 1386
-1306 6180 2712
-5097 9824 2771
-4600 -6299 3619
-642 6179 3661
6990 -8760 921
965 -9094 3598
5356 6753 852
439 7597 3462
-7308 -3040 3984
-1196 9596 3848
7540 9186 152
6422 -3400 2811
7813 -5189 2785
328 6826 3865
-3926 2328 3071
9200 8425 134
-8544 -7435 3356
2906 -2008 2688
7155 -8692 212
8887 9936 2586
-5471 -8496 4238
-5808 5725 3308
-4980 180 3095
5645 317 4089
-1448 9246 1326
3880 3111 4189
4132 8989 1611
-1468 -1226 2584
-4285 -7415 2801
-8202 9362 2758
3366 -3912 1978
-2479 -5236 3588
-6766 7640 1168
6780 6228 1996
-5600 9740 618
8330 -6080 1990
6208 -9760 382
6097 7756 3544
250 5926 2591
-5712 -2846 4323
4806 -5674 2374
-3812 8432 3984
756 7792 1774
-3220 7180 45
-7489 -9392 2558
-1570 1258 172
732 -4240 1256
-6776 7218 3735
-6240 -8196 428
-4192 -3788 3582
3540 8564 476
-1732 1640 3306
-9280 5502 2871
-6650 -2497 2596
7852 411 2534
-2524 -9720 3794
7676 -7105 2584
-2402 -2713 4462
1280 -5706 3522
-2448 -4735 600
9860 -6720 3224
845 -3868 4015
9744 9230 2470
-5459 -1517 2068
-2288 -9725 3274
7974 -3067 2466
3384 -8030 284
720 -1822 3690
-588 -8640 2452
1402 -76 2568
7609 -6403 196
2315 8115 1048
-460 -2009 3470
9292 -7072 1672
-6885 8110 4151
-2449 6589 4068
-8550 5381 4482
5376 7648 1840
7408 4880 2362
-3680 6423 3251
-4558 6824 876
-5944 -3510 3422
-5490 -1035 4154
-9404 -4572 1336
6668 3536 3936
-3632 -349 268
9830 8099 2886
-6101 790 335
-6022 -4630 478
8085 7550 3486
3175 -4966 225
-9790 4744 2149
1664 2958 2094
-2416 -2172 2164
-504 -5560 2604
4662 5303 1557
-7870 9468 2842
-3741 -1348 4381
-3209 -5000 1655
-5310 8237 658
-1842 8296 785
7200 -9840 3696
-3920 -5460 58
3696 0 3063
9750 -4968 2832
5120 2736 3149
-6300 -9288 2034
-5240 -6412 1608
7164 -5962 3652
-732 7780 3484
-1532 9193 1518
-5560 8661 219
-8864 -3857 540
-355 125 984
7932 -244 4129
3302 -3565 277
8238 -1262 3387
-2942 7985 2330
5480 7508 1965
5696 -3676 3958
4675 -7890 4284
2454 -3070 201
8440 -154 1210
6085 3100 599
-320 -5274 2544
3992 -5306 2746
7904 -4250 776
1870 5800 4017
-3710 -3708 3266
-3936 -7666 1731
5333 576 3726
8583 3321 2154
6111 8884 525
2096 3932 2406
-8700 -1488 3012
-6775 7498 1690
-5920 -8604 3940
-4455 -8744 2576
-1076 -7288 2175
-752 -3842 3426
440 -9432 1598
2421 -1348 3586
9578 -5510 824
9472 372 1807
-9500 5679 1906
6050 888 2734
-7569 9550 2276
-8040 1160 3284
-8797 -9080 1112
-8048 -4770 310
4557 3385 1442
-6965 7174 2758
-5584 -5400 4026
-5895 8604 4336
-5650 4068 3086
8762 -9210 534
-380 -8000 481
-8356 -6300 2322
-7856 4473 417
6850 5305 1751
-6944 6922 1880
2011 -9808 710
-5977 -145 1084
-9436 -3066 2497
6800 -4360 2844
-448 -720 2258
-1875 -6000 2020
9000 -7960 1724
7125 -5115 674
-8130 -1825 898
-9292 -1040 3761
-5863 1880 2390
-770 6539 902
-6812 -7910 3748
1414 1880 4427
7864 7415 1966
-5312 -2218 1540
8298 8900 2765
9245 8173 1310
6780 1624 3732
-3040 -8798 3540
-4414 226 4318
-7075 5528 2492
-6860 -4500 1786
3750 -576 2802
-9692 8424 4044
-4542 8290 1586
762 3293 3600
8996 8665 1764
120 1166 4166
-3932 -8020 402
7890 3755 301
-1078 -5380 4368
9561 3948 1536
1365 -4678 3670
4584 -1544 4135
-4622 -3896 148
-8060 -6010 3807
-870 -5576 2476
5275 2910 4222
-4440 1864 984
1249 2672 1812
-6226 7154 4404
-5577 1347 1948
8080 -6440 3410
4190 -3980 383
-6246 -3330 1186
3568 1249 2060
1568 592 2386
-8435 3350 651
2986 -2680 1137
-8286 -4095 2736
-8616 0 1479
-4603 7030 552
-944 -2448 126
3373 981 2258
-3240 -2180 4360
8036 -1600 2986
-5152 362 1976
112 860 4174
1232 6388 2570
-8289 9990 630
6749 8290 1572
-3630 4992 3793
-5210 7020 2048
8400 4215 3922
5526 8299 2604
-1440 -1532 2678
-9457 -1300 228
-8872 8967 92
9165 -4104 2251
-1000 -2636 1180
1736 9352 4056
-9800 -5170 2219
7950 9170 3582
7952 -7056 907
2508 -6775 4053
-128 -2160 0
3831 8780 2314
3361 3306 2996
9200 -4678 2181
-8580 -2048 2564
-2632 7936 4074
-3052 -619 1998
5071 3677 43
-5187 -3518 3774
-3348 -4960 3370
-8000 -890 3364
6069 -3275 3184
8248 5203 2002
-5808 -508 881
9508 -7224 906
-8212 -7353 2624
1746 5308 1741
-8020 -7160 4116
-8886 7570 2822
-9736 -7235 4489
-7860 8948 1922
-4222 -2176 2028
-6867 3410 1650
900 4540 2458
-4110 -8095 3674
3032 -3950 2427
5383 9375 3772
-5056 9340 2678
-5888 2461 1308
3147 6615 500
8870 -3840 1216
-1880 4048 802
6564 1995 586
2544 -4141 4270
-1253 895 2982
2390 5130 3038
7161 -169 3432
3488 7884 2404
9436 670 1975
5450 9761 1778
-9218 1127 1620
600 -4742 422
1946 2088 174
-2836 -20 4470
-7440 -1093 2327
-7249 -250 1916
1920 -6151 3374
-4396 8944 2404
-2816 6560 162
-7534 6766 564
-6186 3534 1596
-8530 7969 1186
-6972 6392 2846
2450 -1912 2564
2222 3600 476
4900 1632 3595
-9705 6735 509
2912 -9365 1418
8752 -9946 2891
3791 6680 3836
5284 6486 1104
7168 -1932 1291
5875 6561 2220
-8950 4763 1870
-9625 9744 2948
-5392 360 2596
-8473 3645 626
8864 6220 2799
2235 -6055 1942
-2592 -2991 3701
-1398 7636 2411
-3050 -7205 2500
-2000 -9011 3658
8440 -6800 2953
5290 -9728 2680
5151 -7552 1512
-1145 -610 4474
7508 -7950 3137
-2999 8586 4189
987 2865 774
9730 -9525 2766
2993 -9957 111
8442 200 848
-4402 2660 3719
6128 -6716 678
-9007 5632 1028
-8796 -9596 2992
7426 -2336 3374
-4037 5940 1024
-2447 1176 3968
-6050 7868 3168
-2070 58 1732
9280 -2164 4426
4119 -1908 684
352 958 921
7264 -2032 1200
644 5543 3120
5684 9118 913
-6221 8900 4361
7420 -2974 2500
4760 -8832 1720
2176 8376 3044
105 -766 604
-2384 -665 2727
-9474 -5599 2344
5707 -5634 2201
-9824 6700 3062
-9900 4693 4218
768 6635 4216
4785 5310 1836
-4924 5462 961
-1183 -8782 1548
6986 -3340 1642
-5120 -380 1426
8966 662 3846
-7400 -4944 4388
4208 -9222 1692
2963 8313 3884
7182 -2836 2684
-4995 -8540 2406
-6344 -1050 1253
-5374 9088 3859
9978 -4960 3840
1317 8781 2476
-5595 5080 538
4472 6175 857
6240 -254 3458
2248 7868 1712
2331 -6808 2578
-7030 -4664 1794
1265 4975 1267
5440 2604 907
-2622 -6044 2358
8480 1829 4252
-7706 -2490 900
4041 2141 3690
-1432 7515 1622
-6860 -2695 2106
2580 -5450 1410
7080 543 4454
-3135 -4236 72
2964 2225 660
-1744 -7328 2784
-6650 -7570 2217
-1061 -8269 3436
-556 4890 888
5486 3958 796
-7730 8366 3791
-7768 -5827 2222
8800 -5205 1048
-5874 5207 1110
-3728 -4864 3879
-3990 3764 2881
-9 5535 2160
8448 7564 1770
-8496 7970 903
-6450 -7226 2801
-4442 9298 1326
-6468 -2536 864
-6181 7622 966
-7704 -6491 2213
-8600 2176 204
8965 4377 49
9362 -9980 4434
-1756 2961 2362
-6542 -8665 2138
-8128 7960 1872
8810 8945 2912
9776 -1664 3610
-1830 -8068 24
4030 6453 3400
-9472 4096 2242
-8746 3640 1865
3096 -9160 2694
-5145 -2200 2548
2762 7884 1930
5707 -6764 2260
2678 -5680 1912
-2837 7272 3502
-9270 -5257 3690
-9152 -5589 4314
-6464 9000 2110
-5416 818 4278
9372 2520 1379
-2954 -9042 2602
360 3694 1362
-7532 -8018 3350
8978 1748 4025
3525 -8410 532
-9377 6114 3558
-9300 7950 4366
-833 -1318 2200
9324 -9570 3472
8270 -8577 1898
2009 9394 805
704 80 4312
9016 7252 232
2152 1624 2262
6960 456 2016
9064 1829 1222
6660 4400 3102
-5896 1798 3421
-486 -3828 3669
6925 8626 4178
5250 1120 774
3907 -4934 2887
-5667 1163 1544
4846 -9716 2586
-3816 9364 4373
-9850 5326 264
-6241 5750 2684
-7408 4322 4038
-2241 7208 2713
9824 8115 4432
5922 -1376 485
4997 8900 1358
-9300 -7457 4149
1088 7884 212
4102 3379 631
-9644 4583 1211
-7176 4252 1208
-3520 -2271 1978
-8290 4189 475
5796 -8820 2846
-1124 -8458 642
-4803 5851 4286
-6909 2631 3912
5150 -2221 246
1612 1590 4123
-8966 4504 2608
-2257 -9850 2504
-210 -1337 2936
578 4096 2872
9162 8113 112
2420 34 1198
-7450 4444 78
2328 -950 3698
-2480 -2661 2510
4480 4960 2362
-5834 -8050 3316
5740 3690 4270
-4196 -7673 1505
-7045 7490 860
5814 -8194 2917
9770 9300 439
-5840 -3868 1432
-9731 -5085 418
-7504 8348 2544
-9244 1821 387
6043 5638 642
8822 -5932 3516
7299 -7509 2923
-7440 -4625 3031
-9058 -664 430
-3546 -3840 2674
-9370 616 2512
3968 5480 1734
-1432 -7740 2421
-65 8421 1464
8496 6203 4478
-4276 6484 3888
9544 -5236 3246
8515 -837 724
-6304 -8300 2812
8180 -3728 2984
1579 890 4110
8400 -3772 891
7955 9390 1126
-6330 750 4117
-1030 8496 2884
4618 -5762 584
-8192 8590 3895
-400 2070 2294
8968 1872 1492
2673 640 1544
6230 1376 3450
7032 2446 1742
6080 1166 3560
6460 1849 2428
-1200 -4336 2557
-3546 -6729 1434
-5010 5558 2598
-9556 2950 25
-3044 -6800 657
3372 6171 4326
-7534 -1184 2803
-9098 -4292 618
-8195 -1706 452
-8559 8996 1010
900 9346 3096
-1957 1988 3376
1964 -3502 315
-6936 -5344 3074
6620 -1875 3254
-4396 4046 2300
4205 3514 3323
375 4300 2982
8800 7320 2138
-4850 5354 3824
-2000 2483 1550
-9213 -9546 2116
-7370 6970 3459
1025 -5404 3665
4544 0 2714
9001 1952 3036
-4645 -667 2906
4693 6930 2228
1040 -9378 3229
-3261 6250 4082
6272 2264 1273
-176 1880 898
6992 -4832 3052
-7344 2293 3691
-2525 -6768 970
2681 -8928 1874
-3261 -3024 4197
6000 -4752 2504
9880 270 4368
4068 4094 3911
5032 -7890 2489
2041 690 2670
-7739 -6028 2780
100 375 948
480 4240 1526
-6319 -9933 4063
-88 3664 446
6056 8470 1991
9804 4268 4480
3114 7992 78
6012 1998 4432
7375 -2632 173
-3058 7540 3614
4950 -3887 2022
-8868 657 154
4258 5901 3441
-9930 -5232 1732
-4803 -3418 3386
7222 -912 2178
6017 8818 4230
750 8384 1684
-8014 -6928 4180
-972 -7853 188
-3040 -8384 1650
9719 7020 2603
-2700 7342 1507
-1830 -2780 1493
-2882 7794 604
2400 -6579 257
-3295 -2700 148
9832 8880 2373
4263 4951 3836
1636 1472 4349
-4996 6250 1693
-8214 -1810 534
9738 8497 2106
5050 3406 411
4448 -2462 3539
6346 -5225 3544
2174 -3435 1842
-7708 9618 2136
3628 -3360 1036
-8853 8796 1242
7714 9581 758
1808 200 796
-9935 4485 3756
-5420 -5020 2944
3036 5214 3874
-1598 7000 3208
8920 -776 3444
6060 9674 3172
-9125 7440 3408
9250 1004 4253
1575 -2720 2618
308 226 3008
6343 -4050 3111
2193 519 4098
-3881 -4144 722
-5104 -5965 1634
-4890 -7264 2992
-3412 -5750 38
-9166 3240 1140
4859 6842 1570
6869 -6918 1230
-2816 -4929 3840
2036 -4728 1488
816 2179 1854
1068 8890 4346
2080 -4399 608
4188 -2040 3266
-1495 -648 266
-8280 -8047 540
-9259 -6780 297
9422 9284 632
-8840 6884 3442
-9630 -3862 1672
-9773 -1353 3622
-6108 -6064 1550
8533 -9740 1380
7124 -6904 1556
6498 1875 2130
-9810 -7548 2073
-5788 -8245 2913
-9633 3882 1516
8104 -269 146
6017 -2568 1060
-5792 7727 4491
-2277 7560 1937
-4036 6915 4140
3466 1432 4223
8583 -7610 4008
7200 5231 2940
16 -4160 3832
2625 -9776 1015
7280 -4832 3422
1168 -4500 2724
-570 -6196 1012
-4032 -3204 3720
-5418 -4678 3347
-2970 9983 4342
5846 9912 1416
-4447 6376 70
8695 9472 1086
9216 9040 1814
4132 -6298 4208
5704 -2792 3014
-8243 -4747 2191
7296 2484 58
2520 -3063 3298
132 944 3793
7388 -5976 2945
-9344 -4915 1344
754 -2328 1624
5740 4065 4114
5352 9264 2638
-1342 8774 2112
4202 6624 1358
-8852 -6347 4176
6704 -179 3418
4600 9348 542
-4550 -1743 248
1530 -4944 2179
4018 -1682 855
-9900 -5126 2204
-7087 -1290 752
7964 490 1206
7559 -5480 2478
1200 6409 2498
2664 2433 1710
3331 -9399 1478
-6040 400 966
-3460 9101 4368
2848 -6686 3128
-4218 7608 1156
-3583 -9228 3836
-8242 2880 2852
9120 -4524 4196
8784 -1408 1918
4156 -6699 2942
3904 -9760 1542
-1503 -1132 3780
3848 6902 2904
797 4352 2564
-800 3860 4140
-5199 8575 3241
-5716 9412 1558
1360 -9975 1936
7568 8808 2029
7162 -3572 2916
-4342 -6250 2474
7208 -240 266
-1316 -5280 3654
4744 -1387 3803
5400 -5140 1758
8905 -4083 3088
-3174 8024 686
8282 -796 64
-3492 8101 1308
504 8848 2975
7827 5156 184
-5210 2896 1000
-4141 -7168 1060
2916 -9184 1432
-5674 5700 3406
3916 4380 2190
153 5545 102
-4959 -1676 936
9900 -2248 481
9234 2050 3150
820 9280 4266
7240 -1350 822
-6838 3264 272
7388 -1008 2913
-1984 -9680 3132
920 1476 3269
-6440 9500 3758
-4923 4176 1611
515 2785 3320
-8748 2664 520
8376 9902 2081
3156 8240 3942
-6162 9640 715
-1926 7696 4263
4195 -4790 2910
9415 7335 1430
3120 6690 1319
-8810 -8064 976
1254 -2600 386
-925 -4056 438
5606 -4755 3292
-7084 7421 1180
-5530 -6632 486
-6418 -2777 4064
1436 2475 506
-7532 4052 1588
8988 3743 840
3360 -2808 500
7287 6460 2366
2990 5895 2049
3860 -2252 4
-409 4203 4312
4273 -9672 116
3825 -8176 2075
7130 -2190 3720
-2404 -457 773
-1665 9078 1232
1868 -2252 4304
-3286 -6420 77
228 -5091 472
-3006 544 4354
6396 -1250 1426
8200 6382 3127
9257 -9621 646
9740 5440 1652
2974 -5984 3704
3940 2627 3948
-6168 1971 1896
7024 -6124 2891
-9456 8640 4036
-5364 9520 3836
232 1657 4046
4672 66 837
-3050 2574 385
-1792 -9136 2961
7480 5892 3928
-3360 2784 1799
3903 -9427 1576
4410 3385 1798
-2962 6288 3170
-2032 -9708 806
-8964 -9084 4444
-9858 360 3140
-8400 -3768 652
1576 8756 2207
-722 -7382 3316
5556 9149 1350
5032 -9700 3867
2344 -5155 1095
1983 -4672 3988
-3152 -8942 3531
8076 -2640 1702
7636 -7856 126
128 596 4219
-304 1608 2037
5027 1420 174
1522 3600 2538
-4145 -2449 4452
1000 2167 620
6156 3638 188
9976 -5215 86
2870 5936 1579
-5230 1593 654
3550 -9612 674
-3018 742 1734
9700 3748 193
-8208 -9644 232
9732 5722 2079
-8233 5455 104
9689 -3556 1496
-2668 7556 434
5788 -5531 854
5710 -5520 416
6392 -850 2097
3820 -9418 1283
5695 45 306
9836 -3472 979
-4150 8923 460
1600 1544 1289
8136 -2316 1052
4690 8566 2109
7104 6389 1713
2472 -8768 632
-8315 6225 1396
16 797 1823
-9720 -5264 107
-6090 2662 735
-3200 -2318 1689
1131 4544 2112
8182 -6680 1036
-282 6575 1707
-5389 -4850 902
8749 9696 264
-6616 -7521 1885
8280 -357 2038
3285 1714 1479
-9142 -3070 228
-5760 -7008 924
-672 -7072 385
-7236 2357 1957
2344 4600 650
8850 9321 1650
-6816 -154 2034
6861 1699 623
-7168 -6405 127
518 -150 909
-7986 -3025 1613
-1400 1454 1727
6394 4590 966
786 6620 1461
-6020 -1472 1254
7499 5130 449
-3034 -7552 886
-3472 -4335 522
-7960 -7255 2038
-571 7607 909
-9957 5080 1606
-3640 -4012 718
-211 3848 726
5360 -9950 1015
8655 8831 491
-8412 -8460 531
224 7890 1551
-2906 -7438 418
7627 8616 2154
-313 -4086 1254
375 -6984 2116
5248 -5406 1381
3200 8629 346
4338 7205 1342
-1112 6584 1035
-5840 -5814 171
0 -6668 1855
-5288 2772 184
-2208 -6624 1310
-2248 3507 1225
-3590 -1359 1646
8268 -2684 2036
-172 5439 1355
-392 -1664 1646
8680 3026 1754
2052 -8905 2032
-4086 -2880 840
5118 4374 1015
-3112 2598 1705
8117 2496 1155
-538 8098 97
4936 -7600 166
-7960 -9344 440
-4101 8960 836
-3433 2480 1340
-88 -5410 897
-8035 8685 1377
-9795 9712 2038
4100 8108 870
2846 8466 1012
3458 -548 591
1725 5475 1930
-4206 3750 704
2600 -3272 315
2768 -2065 1451
-9152 -554 2014
-5429 -6261 979
-5829 3964 1025
-9878 -7511 347
-8279 40 2001
1627 -6543 62
4614 5883 1234
7472 -4720 1615
9324 -291 897
2925 4032 0
5906 -6200 681
6912 -165 244
-5100 6724 878
9133 8195 1656
-9662 -8600 385
8804 -6852 1364
-9235 -4374 170
-3072 -5581 913
9002 -440 1305
6752 -1760 204
5244 5544 1447
-9652 -9716 1724
2817 -9546 1545
5376 6128 91
-4417 6896 965
-3803 -6075 154
-8090 7728 330
4820 -9660 1299
-7313 -4477 527
2300 -7032 1048
7520 9464 890
8110 9429 1673
650 2908 1174
9480 5558 80
825 2172 796
1601 7508 349
6640 -456 281
7216 -3400 1206
-5936 7835 859
8174 -1875 1223
6302 -4944 1607
-5116 8610 2013
-3006 5261 1288
5339 -2752 1326
-9350 848 1647
-2776 -2607 1616
-6427 4440 1117
2566 6958 350
3290 180 1347
-5436 7144 2089
7269 8521 407
-9736 2888 627
8093 5485 954
6963 -7105 1565
-2100 -8646 310
9148 1373 885
-7978 4400 914
9096 -4542 541
-9130 8748 313
5830 3671 1527
-3429 -5198 1931
-1000 7175 719
48 -6310 1388
-9778 -60 674
-6523 5246 1619
2900 2907 1729
9136 -5824 1771
-9698 3448 1852
7643 -1828 495
4565 -6083 143
9627 7363 939
-7040 -9546 1532
2520 -8368 505
3974 -7500 1658
-732 9942 299
3125 3576 874
4806 -9942 837
2218 3803 1919
-8784 -5470 282
-8751 -8772 1575
-928 812 1457
5591 738 912
-6265 -5923 1516
853 8928 220
-7280 -4994 245
5802 -692 898
2287 -38 2139
-2796 9910 1904
-6032 3121 237
6426 -8764 33
9665 -1420 1108
1660 1140 2082
8393 8010 112
1324 9743 741
1400 3434 1507
-7872 960 539
4129 -5040 2107
3639 -7424 481
1464 8556 502
2911 -4046 539
8800 -900 1946
6535 2700 1308
-6574 4499 1908
-892 -7120 1510
7809 6209 1944
8360 -8244 564
8192 5268 21
128 3698 1395
-2770 8480 1819
5244 4274 1899
-6040 6370 960
-6296 5507 1221
450 -5375 2137
5360 -684 1307
-6152 -2364 177
-1011 -3612 1691
-3933 -1716 11
1050 -1350 455
-6852 4586 2012
-3120 7892 627
-2032 6124 487
-6544 -6823 47
-4816 -3760 1472
9063 -416 319
8578 1560 913
3700 -4848 1494
-860 -4700 2018
5381 -7416 2103
0 7969 399
-3307 1690 1298
-2227 6611 1370
-7224 0 2096
-5210 2763 830
-5624 4076 732
-157 6363 574
6816 -1020 1177
-4419 3094 1838
-746 -6316 831
5548 -9140 189
8150 -8030 940
-9530 4066 1095
-8162 -2114 1515
-6611 -6156 1276
6899 -4187 745
-8300 6950 1479
2790 6747 1140
-8486 9624 341
9390 -8433 1123
-5170 -4352 2145
5803 300 1301
-1510 1890 1309
4752 9904 605
-1526 1259 2077
6280 6341 121
-3940 7234 1927
2686 -8822 2011
-8284 -1780 286
-1931 2060 980
-2528 6340 143
7196 1238 208
4880 -4958 1586
-3068 -1926 1009
-8207 -2230 370
5800 8760 1809
-9860 6550 252
-2545 2322 1605
3496 8891 788
108 -3385 862
-7420 1552 1996
4928 -4886 992
-6342 -5029 1602
2822 -5121 609
958 -95 535
2904 8093 2062
-2590 3588 582
7512 523 940
6532 -8253 1730
9385 2512 1507
3060 -5417 1315
-9780 3528 204
4666 4180 1914
6508 7970 262
4080 7374 1579
8992 4975 1470
-1285 9555 1603
-2663 3000 783
1890 9630 1542
5560 3398 267
8338 6454 1098
416 -7360 1746
-8480 -6810 1965
-2666 -6650 253
-8402 2390 985
-4532 -2373 732
-3748 -5120 225
-7312 5420 517
5260 954 1412
-563 6800 1444
-8504 4627 1400
-8992 -6660 1534
-1430 8580 1864
7680 1024 1155
5022 2300 1864
6956 5204 629
4080 3050 1252
-5 -7905 1879
-5510 -594 896
-500 -6338 1199
-5089 1724 1056
-2149 -3240 1013
2332 -2039 1749
5470 1215 282
2224 7472 439
-2832 5230 197
-740 4494 1500
-1140 9960 1218
-5590 -3872 1641
-1960 6834 294
-3628 6434 127
7330 -9639 1877
8184 904 781
-1401 3170 1558
-8692 3174 907
-4260 2482 954
8452 -8629 1463
-2022 9812 2131
7916 5466 1802
1874 -834 921
5626 -8928 1668
-1548 -675 1804
4594 4282 1301
-7596 -1881 1647
-2120 5360 1937
-2940 5490 803
4684 1360 1906
3249 2044 1892
-880 3185 1321
9050 -16 473
9555 3006 2076
-8746 2560 823
-1139 -6744 1313
-4496 4220 1785
-9792 2400 1965
-2908 3405 216
-6604 -914 931
-3762 5552 1524
4725 5890 767
-4932 4180 1949
-1236 -6258 953
8278 -9058 1469
-2470 -4054 815
9203 -7760 1797
-9704 -9751 546
-216 3272 789
-6496 -3120 1440
2888 -2572 1093
5446 5840 739
6200 -4864 1391
5506 -9767 1399
-9885 -5170 1183
8646 -7992 1543
-9125 -5440 830
-1292 -7820 611
4720 -175 1707
-9766 1000 1569
4642 9220 1650
-6960 2494 119
6268 -8260 326
4744 -9183 18
9690 3520 206
4200 -9600 1306
484 -9522 1471
1500 4816 2030
-3864 -1328 1346
-6631 3552 1427
3152 -7020 968
-9638 -2978 746
-5000 1117 1823
-210 1642 1303
760 6785 2157
6294 -2624 905
-6684 -3568 36
1788 -3820 1292
9300 6380 522
-8690 8341 109
5160 -9080 1275
-6080 -7008 1633
679 3860 636
-6895 2394 200
5528 8518 1704
-1808 -3128 269
1418 125 1212
-5280 3598 903
4050 -3503 1700
5967 -7850 533
-9034 -6656 840
-9647 4827 1283
-2084 8772 194
955 -4677 641
960 -1267 273
7000 -8280 882
-948 -8968 2087
992 -4192 1547
9065 1500 1298
-1432 6920 1187
9288 -3523 1922
-8095 -596 1480
-2297 -4522 1106
-575 -501 1186
-9004 -3778 196
1580 3958 281
2080 7936 1901
5676 -4272 255
-3720 -2666 2020
-3358 1000 2137
7990 9180 1578
2484 3096 1077
-1780 1088 1892
7144 9566 1116
-3824 -7372 2095
8061 -8736 628
6381 1224 185
-1768 8520 1518
-3730 4379 1945
-3845 6458 297
4460 -9852 1210
-6290 -5156 984
-3504 -1875 1002
-1664 -4450 1650
-1518 -2984 198
4214 -2266 1704
975 709 428
-4560 6648 1923
4480 7410 620
9798 8182 48
912 -9506 546
7692 -534 1645
9092 5622 598
7444 2467 1942
8315 5870 1321
3080 2296 1653
6268 -3840 338
-4496 4998 1166
-2396 682 1591
4838 -7321 1646
6755 -8886 487
-1352 1648 1472
1888 -7940 847
-306 -9387 586
9526 -3836 1595
5280 -2146 1579
-107 2990 133
-960 9930 1892
1121 -7353 74
-2873 6992 733
9324 -3300 1753
7900 3275 1996
3585 6350 718
-6040 -1738 213
5890 -4664 1727
-2296 -1433 1452
5596 -6214 1329
-1358 9540 97
7561 7908 329
-8958 -3740 176
-9960 -4954 1674
2288 -2442 914
-5537 1148 942
-2856 4075 198
5168 -8593 1250
1962 2930 7
-840 1864 801
579 6151 1773
8312 -4907 1653
-384 9786 81
-3720 9930 1749
4500 -3090 2061
-320 5096 1031
3858 20 960
1934 -9391 475
-7116 704 2121
-8255 -9181 2036
1700 740 769
4240 -4962 493
5776 -969 2154
-5966 4080 163
7453 -6051 1801
-7344 -5556 471
5501 -6335 310
3746 7750 1499
496 -3884 1598
8096 -5850 2087
-176 -3300 1894
-925 -7848 1272
9256 1888 2088
3400 -8220 2132
4950 -6688 825
-3322 -7196 880
4028 3844 1194
-2900 -6944 1258
342 -4916 2010
1291 3248 2099
6721 -9824 1071
5744 -236 62
-7212 4782 195
9744 -640 276
2242 -8530 1030
8512 9904 1993
1184 -6536 1014
4110 4078 1754
-2504 -3771 1188
-6535 9332 524
9714 1088 1082
-472 7145 1471
5816 -1788 107
6151 8770 569
-4110 1056 1786
-7886 7539 2089
5050 4658 2082
2400 9595 1111
1224 -9312 524
-640 6900 497
-4568 -2842 2001
-1655 -9554 724
-2670 -8064 1777
3616 -4892 1066
7656 6733 1046
3206 -1900 1804
-3138 9354 1701
1025 2404 1419
-8776 -2284 578
4833 5272 1818
-7613 3650 1012
-4755 422 1290
-2816 -2394 597
-1704 -3690 1701
-7668 -8960 482
250 6440 1915
-661 -2398 1626
7200 6792 1555
3750 4615 808
6524 6398 1492
-5408 -6362 1943
-352 9574 96
7888 -4772 870
6470 -7500 2162
5520 3842 1070
-430 4608 1340
5197 -3307 1044
-8119 -660 1450
1358 3240 1686
-1535 6220 814
-192 -4500 412
-4558 48 648
7930 -8900 528
-8031 -4109 1023
7786 -9866 571
5459 2905 1104
-143 -6800 572
1010 911 1239
-473 -6688 788
-7764 -6638 1920
-4608 650 1630
9092 8608 483
8075 -2730 232
-5048 -3540 1952
-6984 7991 1604
2332 6930 567
-2497 -7850 1545
9448 6612 547
3476 -7934 1955
-1096 9163 93
9313 4870 1592
-7380 72 979
3809 9360 915
-6632 -6080 1931
-2668 5488 418
-6800 9910 729
172 -3310 827
-3578 -8860 1341
-2390 5176 218
1440 1224 243
-6595 -5870 531
9985 -1544 1656
-3143 8816 1303
-3804 4400 1892
-9395 -9690 66
1620 -288 912
4500 -2428 1932
-2272 8134 2053
9762 -4496 1261
4072 2912 1969
3917 -8193 2020
4366 7603 182
-9056 -150 2028
-6368 -4900 1610
-2692 3800 1087
-9242 1135 2157
-5266 -9580 1887
-7442 7668 343
1556 -8290 46
-6910 1001 1939
-9950 -786 321
-7400 9896 1172
2240 7196 2076
6910 -6012 1672
4122 2026 70
-4920 -1958 811
7520 7144 813
2074 6875 1049
7732 312 397
1908 2324 1535
547 4700 1205
7120 -9316 182
-8247 -3655 1749
-670 -1714 814
4120 8320 1843
-5680 -6299 171
476 -3708 721
9590 -7693 1336
4896 -6836 187
4160 1834 35
266 3050 271
1525 -6544 1678
9902 9211 1419
-9748 5975 867
-6374 9304 1638
-1970 3190 1523
6672 6435 209
6373 2980 1455
6860 -8840 1237
1725 -6339 1797
4273 9937 597
-5884 3056 169
8364 -4810 1609
8656 2284 1990
5628 450 986
-2752 -3690 2024
-5510 4559 1810
-8899 2495 1624
860 -3557 1764
4432 -6019 73
-4480 -3992 1493
1380 -9005 799
-2465 -9232 1437
6292 -8649 827
-9104 4993 38
7740 660 245
6635 4716 886
-3638 -7672 835
-1065 8490 876
-1252 -2055 606
52 6207 1004
4473 -1605 136
-7520 7010 389
9252 -2600 1500
-7950 -2610 93
-2486 -1400 2090
-2208 -1440 1379
9218 -3748 1274
8850 -6118 263
6024 -6652 631
8884 600 362
-1435 -229 352
-4016 2005 1885
-5784 -1054 1287
7014 -8326 303
3792 6957 284
8898 2520 843
-3410 -9184 46
4582 -9348 1631
-4314 564 1047
-8464 -5786 619
-7683 8158 1159
-1448 5607 1817
-6562 4369 2092
-7304 680 1882
1900 9766 2023
3912 -544 1549
-3492 3112 170
2680 -3800 561
4244 -3810 723
-2400 8832 908
-4590 -5888 1931
8303 8300 761
-626 -7160 358
9900 142 1442
4800 2580 100
2258 -1469 1826
2240 3240 1982
-6540 -9937 41
7912 5338 1442
-4638 6273 935
8120 308 2041
6656 8611 1110
3412 1598 355
-7945 7350 548
-2548 -9478 494
-8800 -4614 1446
-3540 9600 458
-9560 9462 1848
4512 -5930 2057
7756 -7272 2094
-9836 -6172 1514
-1766 719 811
3394 -3728 289
-9863 2488 1358
-8358 -9453 1046
3472 -1744 1464
-7184 -1884 1564
2780 -1888 363
26 4340 613
-2300 -7887 1430
264 -3525 166
2470 9572 287
7412 -7547 1923
9148 73 14
8798 -8004 1619
9955 -3738 1997
3000 -7755 703
1882 8032 627
-2289 -3036 1951
-6720 3908 382
-9255 -3436 1162
428 -2991 46
5870 -2256 818
-7827 -7374 187
-9400 6079 544
7318 -3546 526
3410 -5602 317
2909 -1578 921
420 458 985
-901 4293 1918
-2588 8515 453
-4709 -1000 91
-528 -9528 2108
3300 -6025 77
-3741 6900 133
-4844 -1723 195
-4992 5814 253
-9910 4345 1150
-7072 4240 2162
3080 819 585
-9924 -5015 1375
-4050 -6610 2071
9250 4588 5
-352 5216 843
3029 6610 31
40 2413 59
-6470 -1041 115
-5000 -3900 361
8421 -8948 323
-1254 -3600 1777
7782 -7057 2162
5040 -4353 1915
-920 3898 55
-1913 1912 310
-2156 -1055 1264
-6067 7428 1086
374 -5313 458
2302 -320 2136
8110 -8846 591
-7630 -8125 739
7040 5658 1598
-1124 -9030 1831
-8182 4360 125
1848 4139 1606
-6620 5597 391
-2950 -5220 806
7328 8892 1108
-2505 2424 1422
3193 -2218 2032
2841 -8010 473
-3465 856 266
-448 4041 1574
6739 -5486 511
406 525 180
9292 8080 1662
1455 7780 1913
-9153 2440 388
7978 5256 994
-4172 5699 1426
1594 380 1407
212 5633 794
-4319 -6500 1646
1763 2133 588
4840 1712 1353
6315 -31 394
2571 -516 802
-6508 2550 1633
-6196 7150 1625
-223 -5958 842
6996 -4292 1870
1223 -5064 381
1855 -25 121
-9105 2208 1826
-6752 -5075 264
9384 1390 1802
6048 6405 1245
-5215 4896 401
-9311 9850 872
7216 -4186 308
-5003 -4375 264
9940 3778 325
-4874 7676 273
2352 -4685 1892
-6541 -4480 731
-8845 9817 1328
1904 950 2040
-6794 8136 1384
-6510 1536 850
-3421 6788 324
3520 56 1933
1365 3386 864
6920 2020 1080
6858 5632 1151
5291 7396 1414
-7860 -6320 827
1302 -7609 1518
6152 3735 1236
-4160 7424 345
-1904 -9533 2154
9438 -8780 1193
2152 2460 1106
-1600 4716 1618
9605 7077 782
-5120 7277 1536
-4325 4216 1077
-8475 -928 156
-9495 -5095 1033
-6720 -9496 925
-1596 -70 1428
7463 -8760 1722
-5758 3300 248
-5960 8112 532
-4202 -736 1408
574 4850 737
6480 1542 1409
-1697 3948 1678
3552 2471 1986
8632 -3160 2039
-7858 6519 226
5313 4772 1677
5433 2977 1885
1124 520 405
-5240 6132 1113
-520 3112 1827
1674 -7596 1414
-391 -8009 1194
3600 6624 961
480 1844 1285
-6110 -4935 137
6536 8430 556
-7887 8176 242
9925 -1880 197
-3345 176 926
-9850 2428 1213
8116 9500 1930
7476 7177 1576
9060 6023 2090
-2261 -7748 421
3864 -5364 376
1828 -9662 1902
-7416 -5758 538
1850 -6604 1550
4424 -3072 442
9349 -2411 1316
-6740 9300 708
-6504 -9600 374
9195 2355 561
664 9447 2011
-628 -9980 1934
-2932 -8238 1856
-324 -7728 193
4360 4080 7
1221 6612 1991
-8382 -8592 1356
-9744 7226 312
7735 -3142 747
4560 -1600 175
-4227 -1935 2129
-6544 -3480 1067
4330 -953 177
-7336 820 1486
-5508 -1351 321
9570 3278 222
5320 5741 167
7892 -9640 544
8499 -265 2035
-5919 1376 918
8712 5053 1696
4140 8336 1364
-8764 -7780 699
4045 -3022 189
6985 -1327 1647
-9818 7184 259
-4232 6834 1573
-7775 -8200 1541
3007 5440 866
680 -4748 2027
1080 7533 550
4943 -2128 857
40 -25 1589
9008 -9216 391
-2185 -1250 1861
-5442 -1866 134
-3708 692 1840
-8305 1393 511
0 -8956 1926
6928 -7168 101
9368 -7310 1781
9233 2588 1844
1599 6848 90
3490 -660 1169
8808 8096 1706
1824 -3226 1054
7887 9708 1522
3452 -1948 1618
-9472 -9052 1171
-5168 -912 140
2096 -6190 8
-6465 2516 816
-5341 3225 124
-9856 836 396
-6554 -7208 1943
-1010 -6731 660
-1988 6364 83
-4384 1817 363
9082 -8852 1826
-5694 1197 662
8536 -6055 974
2651 1056 1442
-7952 -6330 801
-6628 7050 2132
9275 -3528 888
-9445 8800 1773
7824 942 451
-5190 -3857 2158
6966 3648 1388
-1516 535 166
-2125 -5230 1452
-2396 -2326 1929
-7694 8338 431
4080 8061 706
8500 5589 0
5213 4200 1632
-5360 -7665 1064
5805 1148 1296
-6886 -2505 1536
493 9203 2152
-5210 -2180 1161
8960 9096 958
6079 -1100 329
-6438 -8920 302
193 3933 1760
-4912 497 39
-4786 -5464 1870
1992 2685 863
6734 6336 1447
-8932 -5598 526
6464 -3787 611
4236 -7417 316
1401 6584 784
-1944 -3232 1310
7123 8766 1890
-1274 -7334 1365
-5975 1936 1908
8220 6596 2117
4385 907 1222
6650 -6968 314
-5488 -452 1059
5150 3712 1296
-1495 -9266 1661
5105 -6124 1605
-8540 2382 605
6400 -1960 1735
-1316 -2754 387
-3260 -5440 1220
-9600 5300 1107
6780 -8790 576
613 2614 1208
-8889 -9060 93
-4240 8314 59
-9465 9496 960
-3436 4184 1129
-8495 -5440 973
-6456 2137 2008
2300 4672 890
-4200 5565 970
6795 8426 1455
8448 -772 439
-2918 -4875 759
-1882 5481 587
-1400 8709 1267
3555 3755 1131
-5895 7860 2095
5245 -4449 322
-7890 -9965 1048
1000 3176 577
-7392 -2136 2635
-2192 1304 2176
6263 -8387 2724
1641 450 1644
-3045 1326 248
-860 -1361 891
-6280 -9362 1357
-3717 7738 1780
7457 5800 848
6225 384 540
9844 -1095 1112
3704 5306 1656
-9632 427 2092
478 2245 3044
-2329 6580 3080
492 -2784 1660
1022 -7926 29
2244 3060 2160
2284 2756 2316
-4266 5360 2542
2439 3478 1613
-370 7225 1982
464 3779 340
-344 7180 1852
8240 864 787
9556 -2840 1956
1572 7270 40
-1719 7236 692
-4194 4000 14
-31 -7776 260
2336 7278 2696
-9130 -2802 2676
-4040 3532 113
-2258 -9310 2066
4884 -9556 328
6541 9869 912
5980 -7680 1100
8440 -5005 2728
7804 8664 356
7484 -25 716
5366 -9144 824
4733 9187 3076
-3626 -1656 294
-4976 -2358 591
-9372 6288 740
8432 -2192 1024
-3150 -9078 1606
120 -1060 552
-1317 -1040 1810
9784 3344 1139
391 489 1104
-1580 9344 2401
5672 -1810 2889
8000 3325 1870
-9522 -1280 535
-3590 -6729 2088
-9566 2496 126
1794 -6975 2424
3697 46 1167
6120 -4500 538
-6750 4017 2572
-4806 831 1464
5798 5422 770
3310 -4008 840
1410 3642 1976
8978 -6262 2432
-4424 9068 1752
2892 690 3011
1100 6040 2344
-9460 -4338 1874
-9734 7744 2488
4610 -965 1618
646 -4300 3144
8353 -6825 2112
-9486 -432 3144
1736 4496 1019
7592 7751 474
-4021 7301 1288
-9880 -9480 2626
-7520 1036 680
1344 7941 344
-1562 -6204 193
5530 -6856 2480
-2471 9647 1336
-1748 8954 2525
-9784 7833 2684
3017 -2820 631
5120 -9516 832
-3902 -1240 504
-508 2186 3064
-6418 1777 2832
-6628 6385 3127
1686 3908 1976
-2464 152 2726
7618 -6500 2232
3145 4299 2190
-27 -7906 868
-1048 -1594 2256
-2965 -5488 1736
1250 6067 1392
2939 -7360 988
9208 -3108 2130
5340 -2785 1534
-9520 4742 3144
3301 1775 1796
8446 9048 601
9166 5868 2928
-187 -9014 1183
-1566 2850 2534
-3975 4524 2256
-5168 -9334 2224
-2856 -4632 2955
-346 9955 2964
8306 -7175 1736
-8409 3480 254
-906 6926 3022
-4585 -8144 1457
-9785 3629 2488
-6725 1076 112
1108 -5800 2548
-256 -9223 1098
-5330 -4528 976
2340 1647 592
6684 -460 135
5800 8860 1778
30 -4771 2446
3036 -7888 2142
-8261 7985 1080
9264 -9364 3002
4620 6862 2032
-5250 8257 2828
4926 6891 1230
-7528 9160 2200
8950 3010 2349
-2340 4005 996
-6180 4146 744
84 9404 2652
7650 6220 584
3071 6612 1564
2300 8810 1134
-1440 7384 288
-5584 -7965 3004
5422 6625 2219
4080 -9030 298
1820 -7416 2405
-728 -62 306
-4192 -3872 649
-7812 9430 1790
-5040 492 1989
4435 5945 227
9433 -1069 2382
-7759 9736 1884
-7121 1108 3175
-6756 -6582 1043
7292 9260 56
-9440 9803 1010
-8656 5904 1642
3150 8840 2242
256 -3376 2637
-248 -5240 3105
-4890 1931 1345
9510 7040 2067
2503 -6586 1856
8500 5380 1862
-3568 -5024 356
-9200 540 776
-3504 3668 1422
1618 -8320 980
-2628 9084 1090
-4872 -5111 2618
-2400 7200 2214
-1285 -7280 546
7120 8348 1416
-120 7664 826
6592 6208 2602
6703 7052 233
-7699 9496 1920
-1012 8312 2349
-3516 5003 2124
-7918 -3185 1104
9384 -8468 2385
-2972 8781 256
6293 -9249 1192
-8874 4852 2032
-8411 9592 3144
-6690 9984 1900
-9460 -8261 288
7475 -4996 40
5802 1442 1528
1760 -1375 2449
7837 6219 2084
3094 4631 976
7664 805 1818
-1262 6944 2278
6720 -7935 643
9638 5360 2192
-8538 4402 616
8450 3058 2672
6670 -1522 2283
632 -3830 1350
-3161 -5868 2449
-6376 1305 2568
4272 6472 1933
9356 1075 201
-5982 7925 3158
6677 -6045 1004
7383 2633 2228
-9892 6985 456
9364 5547 412
1310 8870 1140
843 3746 1616
-6328 -9672 2358
9528 944 2221
6576 -8985 1196
-564 1344 2448
3145 -6375 0
-148 -394 632
6972 -7580 1168
-1824 -9575 1543
-1365 4044 684
6914 2256 2076
1248 7600 1389
9004 4840 415
1232 7930 1155
-5349 -1350 1360
268 -1264 317
-4712 4576 2586
3470 1760 860
9993 -8408 1242
-2210 68 535
-3280 3468 1596
-6170 -932 22
-7286 -340 930
-1568 7840 1416
1100 4860 443
-3760 3280 453
-5785 1084 546
499 6620 1978
3064 -5310 2860
-6834 -2067 1274
-8269 -9900 62
-5307 5875 2628
7182 -7857 2238
-2304 -4152 1576
-4275 -9296 3153
5289 -9117 117
6156 -2232 2544
1327 -7419 580
-4605 -6762 1640
2418 -3625 2590
2288 -2254 1881
7356 2876 1460
-1476 5335 1742
-4908 -3107 1505
4138 3394 64
-7890 -5392 908
7000 -928 316
-8621 -7372 411
-4873 -8302 102
5348 3024 214
5808 350 512
-7344 9170 328
8355 -191 2277
-1645 8260 2433
-6574 7780 2480
-2384 -7904 221
-7710 -5608 2180
6330 -3684 2750
509 1853 2604
84 5237 1136
5300 -1640 2232
264 -9046 2596
-6192 -912 1733
9608 -3080 2630
-8757 6760 3104
-1420 -6830 677
-4252 592 2917
-6144 -6185 2464
-1672 -1292 890
-2600 4750 1200
-7023 5135 2563
3156 9964 2566
-204 -1992 2546
-3592 -3908 182
3690 9640 1742
-8064 -9504 2160
-6744 -1350 1476
-5582 -1880 2224
9143 8505 1705
-9212 -4156 1832
-8068 1112 1666
4469 6565 871
-9288 -8560 506
3726 -7100 2682
-4475 -3759 2009
1940 209 564
-2205 2552 836
7576 9020 578
-7816 -2728 1424
-1370 8640 424
8562 5083 2604
332 -384 482
3130 -5646 2659
1234 7069 135
2900 8462 1203
3270 -984 1968
-7032 -4330 2306
-8250 -4700 2252
-4092 0 1345
8480 -285 1510
5595 7376 1964
-8024 90 1120
2748 6144 2594
6450 -7740 267
-9784 -2610 1251
5416 8876 1760
4258 4640 1980
-1778 8335 272
-3448 -8564 2384
7000 7776 700
-1180 -4968 944
7270 354 2688
6095 -2601 2432
8025 9112 1456
-9851 5334 1296
-4143 -9522 2122
6139 528 2936
8675 -6622 3132
-8428 -7425 2041
3880 -4881 802
9746 -4320 2164
2209 -2474 2936
-1276 9200 1434
-3389 5125 2643
5100 -9216 2456
-3717 -6080 2968
-5200 7248 1456
-6504 -484 636
-8456 6258 2162
-5592 -5012 1981
5509 1248 1229
-6850 -8150 1302
-6255 -9272 699
1362 2000 2112
2946 6048 2678
-9276 -7094 648
2322 3200 3112
-991 -4913 928
-5975 -9709 576
-7445 -8680 2564
-9439 -2840 3152
2577 9392 1305
2132 -6496 876
-7380 4433 2976
9316 -5280 1250
3750 5170 334
-9250 -5152 2034
5860 -9172 360
-7430 -6844 2452
-1089 -7834 205
-2932 -9172 1864
8880 -1400 2136
-6964 -6920 2536
-5839 7019 2470
1835 2567 2462
-7276 -4460 531
6196 6629 1453
-3382 -9480 592
3887 -7152 1528
3408 2407 2306
9823 3207 61
-4307 -1215 564
1620 -3440 961
-2828 -9918 2972
7830 8256 74
192 -6146 2182
8275 -1488 238
-576 137 3012
-7017 1118 1988
7305 212 2874
9115 -4460 2538
1576 5635 250
-3000 -488 1868
-5048 -9516 3166
-5480 6840 446
9200 786 2036
7416 5248 2426
2068 -6255 3110
8970 8871 312
3672 -2978 3040
1400 -4972 2368
-1600 9120 1566
-4097 2092 1180
3888 7500 3131
-3160 -736 1222
8888 -4232 2858
7446 8920 2504
-2768 1636 3107
-4644 8860 2639
1847 4816 2816
-9010 -6528 2365
-294 8810 1418
7174 -4824 1033
-8382 -4880 304
1820 2795 1869
8622 9338 216
-9084 5680 2384
-1550 -590 852
6056 -9800 1778
-1816 -863 552
-6388 7304 206
-6330 -8720 2345
2668 -5388 258
8116 -8774 1146
-7934 1295 2309
-4018 4272 2644
4381 1944 849
3986 -5104 1224
-7021 -5188 2046
1308 -4380 1976
3200 -2303 2234
-5748 -1756 1569
-5790 9366 3168
6960 9100 1822
6822 3140 126
-5896 -2734 2321
4068 1664 2200
-7040 1870 3082
-9600 1350 376
-8518 -4132 188
-2586 1888 2520
580 52 72
2813 8895 415
-8882 4990 3082
665 5576 2058
-4524 -8225 1304
-7720 -4690 2825
-3698 7450 727
-2020 -3643 514
-1840 1034 487
2146 3951 1236
-2480 -7424 2704
3042 3988 2136
4968 1598 221
-668 -9632 216
8375 8680 1262
-9146 8264 1870
8000 8403 112
-470 -6400 742
-2210 -3356 1566
-1642 1080 1199
8944 -220 384
6445 3631 3064
7771 -5346 420
-5960 -9940 975
7024 9440 2345
6790 -9120 2057
-2440 -6433 1910
-7619 3840 3157
4800 -6894 684
1380 5470 2190
4466 -4570 190
-782 -4380 2334
-6244 -3872 1839
-4440 -7930 380
3884 4778 2451
-8936 -5160 150
-2702 -509 1214
-175 9194 749
7460 2926 984
9180 8031 808
2400 6995 2654
8935 8676 2680
4520 9008 651
770 9368 300
-3080 -3772 98
-9208 -5250 1788
2093 3920 540
-6873 242 920
2782 -7261 1776
3195 -1336 1252
3544 -3529 600
7535 -6029 1516
9000 -9572 2138
-9778 -6334 2634
-6113 4948 2080
4361 -9120 1910
-4592 -5656 2295
9756 -229 683
-8864 2446 2038
-7122 5600 1207
-3725 9280 1078
5168 4284 2258
2938 942 3092
-8219 -7328 2812
-5944 -630 778
9814 -9625 1144
-6220 -4510 1405
-4480 5376 2968
-8496 -9648 2353
-3561 -8214 2985
1826 134 2492
-9140 7238 518
6859 -7616 2408
6392 -7602 564
3264 -8225 2010
-3350 -6410 2778
2080 3197 2408
3500 -6312 2726
-3456 -2006 396
-7200 -5762 2682
-8535 -8658 2429
8432 2613 328
-4092 -1600 2024
3300 -6264 961
8356 -6680 843
-5272 3600 2192
-5736 8706 1751
-3885 6650 2454
-8804 -421 964
5896 -9504 2120
-2400 -3524 280
5102 4211 586
1143 -3846 3063
-5442 7680 1316
5378 -2312 374
-1760 -3880 3124
7072 5108 1613
1580 2423 445
8058 -2356 1222
5635 1375 1658
-3880 -9708 1880
3348 8033 1493
-6228 4082 1041
346 -8842 2545
-1342 -725 1027
4638 -9250 696
9848 -6027 2818
7108 -5760 2972
-9109 -9350 1514
-4200 -7555 3118
-8752 4690 3028
9425 -7104 2760
-9520 6279 950
-4422 8600 648
-662 3884 1997
5768 103 2492
9754 -9400 352
6627 -94 1330
7676 3276 2368
8246 -8601 537
1200 6538 1886
3616 7188 338
2414 -8232 1975
4074 7442 2433
-4384 3370 947
-3872 2537 2900
5928 1472 1064
-7015 9734 1255
2145 -5381 1400
-1075 600 307
958 -4824 2128
8498 -3930 892
-3056 -1020 2409
9338 1133 1929
7772 -7752 2648
-4198 1082 1546
-8950 -6276 1866
-8651 930 334
3232 9836 528
7238 -5350 3175
726 6043 1923
-3152 -8968 2368
-5539 -6668 538
7204 -3700 526
6277 9096 1299
4340 -755 2116
350 1976 407
-977 -3260 752
4097 -3497 1890
4420 -2888 2384
-175 9186 76
-5400 3933 2392
7456 3500 1704
1482 3120 2033
2850 8080 1558
-8760 -2720 16
8458 -7420 1116
7880 5412 3080
-9912 -4078 1998
-1670 7641 1086
-9184 -7815 1154
97 -9000 408
-8240 6120 2673
1765 5413 1756
-5726 -7024 1374
-2460 -497 61
-4173 -8952 2938
9086 9117 1055
2099 3120 1376
-2444 1975 1314
-1928 -3632 2621
-4430 -456 2077
-3275 -7834 2627
4320 -1376 1705
-2410 6396 2682
6650 600 498
2450 -9012 344
-2430 -8049 1783
-7100 7689 2450
-3284 5000 960
8933 -9728 2394
1600 642 2322
3408 1955 416
8600 9594 1010
-4953 4000 2836
8424 -36 394
5122 -3004 3118
9256 -4791 1672
-3716 4655 424
-3922 6320 1123
-1024 1386 880
-5930 5632 1645
-1255 8010 132
-8330 -7828 1632
4872 5612 1326
-272 -5352 53
-6328 5984 3036
-295 2172 617
-8144 -4400 1354
-5280 -5582 319
8848 5304 535
-2646 9216 498
-5728 -6289 1683
1954 -100 2076
5648 8704 2524
-7852 -1505 1212
6160 5034 366
9152 8323 282
-4778 8754 242
5599 1304 1074
1848 -4348 1406
-5479 -3320 1476
4428 -6555 1184
-5396 -120 2520
1698 8019 2490
-6136 -1840 1342
-8350 -2596 968
8828 -4689 556
590 -5495 2886
8280 -8114 320
4048 -6912 2784
-469 -4399 720
-4127 476 1280
-3417 5070 2996
5010 1305 571
3332 100 2109
-2206 2038 2336
-9620 6426 2070
-7327 679 974
-9376 -8276 1149
9972 -9728 24
2952 9664 2676
-5825 -108 3005
-3455 -8000 342
-616 4495 692
1528 2592 276
-3952 5830 2792
-4544 -6788 1161
6158 -6382 1524
7400 3820 2773
-720 7800 2638
-3176 -9884 1224
-9818 -7360 2927
1558 -4533 1047
2850 -2315 752
-3409 6824 1802
-6284 -6571 1372
3130 7147 492
2019 -2840 1866
-6452 3808 812
-5990 3450 456
-3334 -7844 500
-2615 -80 173
8393 -5432 1463
-4620 -844 624
2000 -7310 3016
7026 -7760 2256
-1600 2264 2479
-6730 -6586 2616
3623 668 1216
-9262 5054 2616
7995 3688 2652
-9230 -9992 2688
7908 -2848 1484
-8750 -4627 2380
-2052 -7232 824
-6312 -6260 1828
-3465 386 2912
9390 -3322 2500
8928 -6161 984
4999 4080 2500
4212 9326 648
3380 -6716 1877
4150 -7150 1786
-3703 -5194 640
4488 2150 2891
3670 -2656 962
-1535 -256 832
4748 -1243 2045
9332 995 1094
7885 4912 2208
-9870 5436 3129
-890 -4680 947
6170 -2235 1232
1050 1680 2553
-9794 -7744 1080
4480 2626 1466
2410 -9144 2488
-1062 -2776 544
2352 -9342 3060
224 -8640 216
7410 -5843 500
-9792 8237 864
685 -9622 2932
5605 -1992 2331
-4000 -998 3032
32 -2262 1734
-4058 4056 2428
2774 -88 1040
-2334 8000 304
-4302 8930 2376
7372 -2724 345
6060 -8728 424
7796 -6146 590
1611 -9986 2972
-5648 248 2067
6080 8641 2680
-7205 -1403 2470
9636 -6774 2743
7208 5688 2458
7170 -9379 2688
-714 -6392 2239
-8458 7138 2950
-1888 -8248 2000
-8714 -3490 1126
1794 7598 1795
-5173 -3170 2544
-2896 -9780 2771
8377 -2854 920
9934 -1046 2248
-9248 7336 1504
-9674 -1148 2808
-77 -6066 2560
5977 7440 2356
-6426 8409 2196
204 6110 2288
4915 2656 2064
8573 3370 2224
9802 1098 2342
-4387 6919 2808
1165 2392 209
6376 8464 840
8735 -1725 2446
-975 -5566 2444
-5100 3918 3001
8930 -9688 2632
-8556 2300 272
-1250 932 1116
-8811 7330 1076
-2338 6960 2002
718 -1068 1720
7832 -9368 864
-4160 -1555 1512
5900 2052 2216
-3650 -3197 1688
-3786 -4164 800
-1830 8323 997
-1103 2988 2136
1680 2495 2568
4927 -8638 1368
3835 4480 2370
248 4904 1590
1622 -1516 1432
-569 5380 3102
7980 1655 2672
-2640 -4176 1652
-5856 7408 2517
-8646 -1666 1000
-8208 7024 4
-4857 -9508 1785
-2080 7558 2264
48 -2980 2324
2393 -7563 1736
-8544 785 2120
-7845 8544 3112
9947 -5774 1553
-9508 -7258 2509
-70 -4571 260
-2785 627 3030
6100 -9022 2432
5488 2156 1556
-791 -3402 2936
1758 -9400 123
-7706 7046 2378
6290 -619 2711
-1580 9440 1769
3690 -1408 1948
-7020 -4805 1726
8030 -9252 2666
-2284 9615 1849
-3416 -9840 944
-7134 -8556 1191
9440 536 2800
8720 5341 1251
702 -6768 59
4584 -313 651
3765 7668 624
-324 9720 920
-1704 3514 2596
-5448 8900 300
9728 7960 2733
3629 -7788 1392
-8000 -2920 678
1914 -1234 1535
6805 -4550 634
-8640 -5690 427
3504 -318 528
9798 -5535 920
-2572 -116 529
-9085 8800 73
5622 -3145 2512
-1395 -5490 1480
503 -9940 504
6180 -7494 1496
452 2404 738
-2021 -9768 1024
-6238 5931 80
7200 -534 446
5700 -7540 1688
-2652 3272 553
4786 -5816 3056
4104 9877 2571
3060 5974 836
-1920 -6789 2616
-8202 -1686 3078
51 4940 60
-5935 3267 1486
-3590 -4267 1476
-2000 1656 2832
-5035 4164 358
-4792 8126 2046
6123 -2076 860
-6085 9784 1280
-2698 9750 1518
920 -2862 1482
6000 9928 2486
-4609 1464 1530
4400 -3302 2813
-1818 1060 1522
-7570 -3392 313
-4150 8420 2602
-7920 4343 1188
3854 2000 561
8756 4370 1543
-9784 -4492 1630
6024 8197 1942
3373 4757 2992
-8320 1278 3138
-856 5331 2026
-2502 1992 0
-6090 5596 1722
-9324 8292 750
4930 5632 678
-1040 5720 1850
-3440 -1282 924
5196 -8240 2995
-1 7138 48
8688 -5576 2954
-3532 224 2825
7204 9610 16
5445 -5216 1003
5174 -8148 1397
-5686 3020 2487
5152 3716 296
-8858 6992 2514
2730 -3559 2307
6846 8668 2248
4688 1770 1480
-5981 -5870 1792
8100 -677 2366
7304 -6454 1373
4590 -9555 820
6689 -8530 1394
-2333 9732 643
-9704 143 624
-4464 9647 70
3451 -5616 2980
2969 -1292 178
785 5988 2268
4965 -4956 1184
4822 5875 2250
5319 -1800 3068
-2320 7088 1740
-8590 -76 3076
9886 -711 1738
-346 -6867 1442
5569 5144 368
7920 -6240 760
-4114 -7924 2951
9378 -6196 546
176 -9225 2120
-983 690 644
-2188 -4851 1513
4245 1743 1852
-3532 6051 3078
6992 -7100 232
3988 8944 778
-7278 -6275 1912
-4386 3706 1178
8936 -3135 2346
-3225 3775 2045
-4773 -1172 1943
-5955 1593 2969
1902 -4141 2841
4832 2998 1230
-6422 -7382 684
-124 -5368 2475
9104 -5505 1104
-9000 1836 568
-1364 1148 939
9070 8959 3078
167 8558 1834
-8195 8475 632
-5215 -2000 976
1596 -4610 656
240 -5296 1616
-6660 -7845 3137
6464 -1545 696
-1715 -4010 576
-8490 -9615 31
-204 9000 3071
-2388 -5232 2336
4180 7131 2526
1520 -8738 1511
-1613 -6901 2264
-2392 -5457 1608
-3739 2112 2178
-4089 8910 228
-6180 -3284 2328
8575 6404 222
-9415 6135 1282
2268 -3288 2131
-1413 6320 1426
9620 -9680 2372
3921 -8156 190
-9896 8300 920
8492 -3601 980
-7614 -1542 2388
9135 -5632 1540
-1065 9602 1990
-9399 230 153
-2783 -8174 2080
8364 9031 2454
7960 -1156 1032
6760 6603 2944
-1871 6804 2336
7397 -4570 305
5226 4145 2593
-4060 2688 2336
-8742 -7608 3056
9840 7190 448
5204 -4136 1560
5844 -1031 2423
-8064 -7288 627
-8720 1170 2828
-5033 -9136 454
2624 2744 722
-2656 2864 172
-2106 1560 2024
-8810 -8978 2108
3454 -9500 680
7195 -6632 1532
2852 -2656 2384
8576 -2440 2712
5185 -5365 1575
2838 2745 612
-3600 8851 1904
-9744 9845 1617
6259 112 1260
-2667 -1148 2116
5596 600 1448
5154 8408 2667
8064 6550 2755
2238 -2728 288
3420 5696 2920
-5278 995 1394
3080 9107 1345
3991 -8873 427
-1668 1665 1594
