20
8 8535 7995
-2894 -344 102
-368 -8400 3331
6732 4330 3462
9929 9940 430
205 -2958 1596
-4440 432 3490
-7901 3344 4590
5468 9013 621
8 2652 3189
2992 -3404 2139
1523 -614 425
-8966 9640 606
7272 9750 209
8750 4951 1420
6564 -6816 2539
-6336 -1921 2108
3184 6686 2156
8 5581 3224
-5586 -4382 4074
-8416 0 4315
840 -3792 142
-7214 -7830 5162
6112 9150 4125
2400 848 1298
-3604 2463 1637
9476 8708 660
8 5823 3257
-1251 -6568 5499
6086 -5625 5058
156 -7512 4019
674 -3988 3393
-1421 999 442
-488 -6533 772
-7714 -7816 2162
-9420 2665 5337
8 2689 2225
4056 4377 1707
1975 1221 1662
5876 675 627
736 9764 2600
8804 8420 2224
-463 4354 883
-9857 66 2685
-8110 1148 1039
8 8537 5645
720 6986 5690
-5000 764 2596
9613 7726 363
-6949 -7791 2904
-5056 5557 2816
-1411 980 612
-5900 1183 2814
-2680 6373 8469
8 8904 7518
8756 -322 1076
-1344 -9240 8240
-3952 7664 4335
-9952 1288 4614
-4357 -4575 6647
1814 9215 3132
5966 -2743 5296
-2800 9413 1545
8 2339 7029
-1401 7397 893
5985 2842 326
3985 8209 2024
-7540 7254 399
-3143 -7860 1409
-7572 -298 346
-7853 -2574 1287
-7724 2502 643
8 6343 1981
-1200 4689 791
-5993 -811 1057
4925 -4200 137
-5285 -7864 1404
-2268 5584 1655
664 -1164 1432
-8712 2520 2200
-656 6820 1045
8 1249 5710
182 -9492 772
-490 9568 62
-1840 -3775 397
-3798 -5190 1223
800 -2244 700
9698 -291 852
5584 -9360 452
-2317 7182 118
8 1644 9971
-3520 5135 576
5696 848 226
-3324 -3475 1524
-7648 -2050 748
-9700 8775 592
2724 -6694 1464
-6845 -4704 752
8930 -2030 1495
8 8263 7258
3592 -2484 4291
5527 2312 3163
2468 6664 224
3808 4500 3119
4196 772 4703
4222 6375 2882
-5035 -3775 6394
1212 -3432 1848
8 9010 226
-4096 -6350 558
7820 6390 7950
1554 -3723 4956
-5481 -6030 432
-7436 8368 8575
-5298 -4280 4880
6880 9970 7725
1024 -6716 7972
8 3765 2095
-8108 6910 1248
4619 -375 1494
5184 -6028 3651
-735 8928 1445
-8650 -3671 2044
-1976 -1792 45
-854 9540 1727
6745 -2512 444
8 1627 2155
4849 425 329
512 310 1475
-8538 8038 783
7952 4935 252
-5750 5634 656
1089 -6115 313
-1759 -3920 1371
5936 -5403 119
8 4272 945
8666 8568 1344
1270 7242 2968
4715 4058 1116
8320 -1292 1927
9752 -2240 2139
1999 -1804 135
-3392 -8032 22
1636 1442 3243
8 5796 6469
-3398 -4487 5334
-1339 3400 5310
-2419 -2680 5034
2004 -2384 4896
9907 -1312 2511
-7805 8296 665
8654 4784 4206
-5422 3260 2397
8 4129 4557
-2625 -4295 907
-5080 2345 3286
5160 -9224 1334
390 5984 3274
2217 -7835 3115
2339 3712 3467
-9880 -2028 2661
-3614 8560 3817
8 7419 511
-3428 -8772 1191
-7039 -6760 346
-6440 9455 6123
-3908 -8464 4178
-7216 7962 169
-3236 -8215 970
-6361 -8636 3687
608 7782 614
8 9673 6680
3012 3896 5908
1040 7120 2180
-3876 -2250 8945
-938 8470 6839
-8468 2036 1907
6678 -2177 7022
-3847 2390 4343
-8585 -1686 4044
