20 30
-41 34 69 78 62 -5 -81 -61 95 27 91 -2 92 21 -18 47 71 69 -67 35 -3 -22 73 -41 53 47 -62 -37 -23 29
-16 90 88 40 64 -46 -90 70 -6 93 -29 84 56 66 31 -44 -26 37 18 -29 -33 39 4 77 73 -21 24 -70 -77 97
86 61 -55 55 31 50 41 66 -7 -7 -57 -53 -45 9 21 22 6 13 0 -62 -10 -24 -48 -95 2 91 74 -96 -48 68
81 -53 18 0 -27 -28 -48 -7 -10 13 9 -35 0 19 -98 24 -44 89 -95 -93 -23 -14 48 58 80 -98 89 -9 72 38
-38 -90 -58 15 -56 2 -72 28 62 -75 69 44 81 -22 -21 57 -92 75 0 -3 61 -1 -55 -2 -82 88 -17 32 69 -21
-76 68 -25 -34 41 45 -18 -39 79 -87 -49 -66 -93 97 -86 88 55 -14 -16 -86 -13 -85 12 -32 13 21 46 81 96 -29
35 73 -44 -92 53 54 -45 -86 74 68 -87 -58 -2 77 14 34 -72 33 -87 -18 73 63 -92 2 -13 -2 -27 43 23 -61
3 -5 -25 92 22 64 87 13 70 -35 11 -96 85 40 95 -19 76 58 71 -78 51 18 19 0 60 -10 -70 -76 43 -64
82 -65 77 -25 29 23 2 23 -37 -95 64 2 30 -11 -11 53 90 -88 -40 -62 0 58 -65 77 -58 3 57 77 -13 1
60 93 5 11 35 72 -23 56 -26 -26 -37 -69 96 17 17 -85 -23 -29 59 -96 53 84 54 -57 -32 -7 -11 67 75 23
-54 -41 -59 21 26 -5 50 -79 93 37 -56 -76 62 81 -13 -55 42 -11 24 -52 -96 -40 75 18 17 -12 -69 40 85 -97
-90 53 51 44 -35 -92 -64 -3 75 -92 49 -61 -67 29 13 -1 -15 13 -24 -92 70 27 75 98 -87 -4 -21 -6 -10 89
64 -19 91 18 -50 -75 3 -98 84 71 -13 45 46 69 -19 89 65 45 18 -1 32 -52 -70 -1 -23 0 -15 -28 47 -43
-9 -49 88 8 21 54 46 -49 30 -48 -36 35 85 -53 24 -23 57 -44 18 -11 -55 49 -84 64 -75 42 48 26 -73 -4
26 -75 65 -36 14 56 36 -82 -15 -30 -25 37 90 62 -93 16 8 33 3 3 48 -17 9 0 18 -50 61 3 -43 -2
89 -82 74 -2 -31 -78 -8 -71 -45 4 -85 -98 22 37 61 -8 -59 -15 -37 58 71 -17 -55 -30 12 82 85 84 -80 -51
-15 10 73 77 -56 13 41 -23 28 78 -71 -74 -33 -53 -68 -76 50 -9 86 -16 67 79 -21 26 16 -66 81 40 21 21
-9 -2 -24 45 -23 6 18 -7 81 36 -14 84 -90 96 -54 8 91 31 39 22 95 -69 -38 18 59 86 -62 58 46 -37
47 -2 98 92 -78 52 82 -15 -62 -36 -18 -28 16 -49 -58 20 -60 -62 75 61 98 14 -88 -38 -75 -21 15 34 5 57
61 -49 -30 -50 25 37 37 93 14 -91 -35 37 -37 64 8 -81 -52 52 76 96 49 -74 -43 -41 -19 -5 16 -15 64 93
40
9 -95 -89 72 -58 68 10 -74 10 -82 95 74 -2 60 -72 -22 -77 -5 94 43 81 -72 28 -62 -8 -8 59 4 19 45 66 67 87 56 -47 83 31 83 23 18
-20 82 -90 24 -77 43 77 -68 -96 -28 -26 97 -3 -8 -8 -38 -43 1 -28 -50 92 -69 -65 -13 34 72 1 -77 70 -64 -90 -37 -79 -69 42 82 -26 70 51 13
83 42 72 -34 -18 -67 -38 57 14 -58 63 7 -89 -65 86 33 30 28 33 -66 -10 37 82 -52 44 8 47 35 -64 -43 -15 89 12 -23 -74 91 54 -97 80 31
-40 -99 83 -92 -52 60 -40 -85 -40 91 -10 -78 -71 -73 -20 26 90 -78 -18 -59 24 80 67 -77 -70 96 -22 -19 56 -63 16 -52 -54 62 -60 -4 36 98 87 -40
6 41 -49 -58 -21 96 78 79 77 -7 -81 78 -53 -84 93 -72 29 -68 -91 22 51 44 -77 29 -74 69 -46 -91 -49 40 -36 87 -62 83 -80 -65 -13 78 78 -11
45 -75 -50 -33 14 7 -96 22 -10 -31 -5 21 -51 8 -76 89 66 55 14 -53 -48 -61 -82 97 -52 -96 -21 47 -18 76 59 -74 -22 43 53 47 26 -50 -61 -55
-16 -61 73 -50 -81 99 -43 -72 81 -76 47 -71 72 89 -65 -58 6 48 71 -96 20 29 9 69 -17 26 68 -28 18 -99 -86 20 -71 -15 18 -31 87 -86 -60 -74
-52 -68 -85 11 77 68 13 -42 38 -55 -47 93 -87 -93 1 -47 53 -84 -25 -64 72 -56 93 80 -11 -68 -16 68 -31 -79 -59 -36 65 -20 80 -55 71 59 2 5
75 85 80 97 8 40 -58 40 -74 97 35 0 55 41 81 15 -25 12 55 43 21 12 18 17 50 -35 -69 3 -79 -5 -61 -52 -33 87 -53 20 18 -63 52 69
-5 -94 26 23 79 88 -71 21 -83 55 79 -62 87 33 -35 93 -62 -1 -7 69 -71 -98 97 38 -72 28 -1 90 -1 97 -71 -1 -21 -21 -10 41 -12 -15 93 79
8 -22 45 44 39 -4 25 -24 -30 23 30 -87 5 -50 -38 -35 9 24 37 20 -93 -34 56 -84 -82 41 -84 -79 67 25 37 -19 -37 -56 -60 93 36 -75 84 19
-76 -51 90 -72 -89 -90 -93 -63 -3 -76 -95 68 -83 -15 93 22 -28 99 -91 43 -43 -2 -2 87 -91 13 16 -62 26 77 -60 5 63 95 60 -88 -45 -25 89 -63
-2 -99 -26 -48 70 -58 -56 31 -19 -56 95 -91 -88 -50 -72 -83 75 69 54 -85 -33 -90 -50 -22 11 -38 -58 52 79 83 2 -22 35 61 -94 88 -42 -41 -69 -80
64 -61 73 -62 -2 -54 52 49 44 49 -65 -52 -70 -47 69 -98 -52 -53 22 63 50 -40 -92 -80 16 78 15 -98 -35 83 2 20 -22 41 -88 17 -98 -49 89 -19
3 -28 89 30 -64 95 81 -10 71 -59 -40 -37 30 93 -3 90 -7 -51 -90 -40 -66 -61 45 -51 1 -9 83 -58 -75 -87 -87 -4 38 -30 -18 40 59 98 -98 81
-67 -96 46 70 -76 -17 60 -58 -55 -26 -34 93 73 -93 -37 -90 94 27 89 -79 -49 -69 -98 -36 -23 31 61 -85 -16 4 53 23 -92 -48 -30 14 -27 -4 -74 6
89 -9 47 18 75 -89 66 40 -76 41 -51 -87 85 50 -55 28 77 -24 72 85 -46 -78 -25 -60 -78 55 -27 -34 75 -34 37 74 -56 -80 45 25 73 37 5 17
-39 -46 -31 39 -29 -94 45 75 -72 80 97 -8 -77 -34 78 69 -78 -38 -26 -77 -24 0 62 -48 84 -37 93 -44 21 43 -77 -57 91 -23 -72 -41 15 -57 0 -93
29 27 24 -74 85 70 29 9 -23 0 -93 -12 -67 77 4 -34 -21 34 42 86 21 97 -54 -8 93 66 38 19 90 39 8 78 -87 74 27 -88 98 -2 4 -56
33 -61 86 85 42 61 43 -87 -63 -34 -56 -12 -59 38 -24 7 -51 89 41 13 55 93 2 -43 -66 75 -32 -69 -29 -92 53 -70 -72 -94 -40 -62 7 -60 71 47
-23 89 87 32 39 -22 -60 -5 59 -87 -42 45 88 54 33 -19 -38 76 14 -53 69 22 -7 -60 93 -17 76 -26 34 71 64 -66 -64 0 0 -76 -43 -89 85 34
-61 4 88 57 23 74 -37 -18 -92 -32 -61 61 -98 91 -79 17 -95 -36 -28 -9 -81 69 -83 85 -30 -81 10 -87 -77 64 -71 15 -11 -5 71 40 75 -90 98 -4
31 88 -18 -59 -9 79 0 53 -30 -6 54 60 -54 -46 71 -59 21 -66 85 -29 60 82 6 -79 87 -69 -40 -66 -9 17 -53 -58 -43 -66 40 37 -12 -51 17 -92
-30 96 89 9 44 -82 -20 92 -14 7 -5 -11 93 -3 -62 -46 48 -24 -54 -27 40 -27 17 42 0 76 35 -31 -37 -22 -29 11 -80 -93 85 43 -55 70 -75 40
40 34 -39 96 62 -31 -64 48 70 -82 -93 32 -31 4 26 -38 -23 41 95 -59 -28 88 -13 69 -79 37 15 23 -48 53 -95 8 -11 -65 2 28 -5 -23 -15 5
-78 -40 85 68 -33 -48 32 10 -82 -6 -60 -27 43 -33 -71 -42 79 -12 -30 34 26 -91 -88 19 -24 35 94 -67 5 -86 -40 -50 78 -77 42 -11 -43 -16 4 -68
35 -25 23 -18 -96 86 -46 -22 -80 -58 70 -73 13 96 -50 41 -25 -24 -95 -94 -67 -40 -41 34 0 21 -93 -17 -43 -39 25 78 50 44 -23 -36 46 61 -38 -86
99 -28 -51 91 17 -93 21 -67 -44 1 42 68 41 62 44 -25 84 -84 49 -95 -32 37 -63 19 -17 18 52 69 -37 24 27 93 -71 -93 14 -84 -95 93 98 99
93 49 -14 69 -65 -38 -52 -8 -88 31 -6 -68 -58 47 38 23 -6 -56 -51 18 97 91 -10 51 -44 -41 -78 5 -85 24 -56 -27 2 68 -79 89 -90 10 89 50
-22 72 -77 76 85 -51 -51 -35 72 16 -11 38 39 56 2 -88 86 77 -79 49 45 62 -19 -91 -85 6 -54 9 -21 65 -60 35 -77 5 -88 -43 -30 55 53 -54
