705 744 783 822 861 900 939 978 1017 1056 1095 1134 1173 1212 1251 1290 1329 1368 1 40 79 118 157 196 235 274 313 352 391 430 469 508 547 586 625 664 703
743 782 821 860 899 938 977 1016 1055 1094 1133 1172 1211 1250 1289 1328 1367 37 39 78 117 156 195 234 273 312 351 390 429 468 507 546 585 624 663 702 704
781 820 859 898 937 976 1015 1054 1093 1132 1171 1210 1249 1288 1327 1366 36 38 77 116 155 194 233 272 311 350 389 428 467 506 545 584 623 662 701 740 742
819 858 897 936 975 1014 1053 1092 1131 1170 1209 1248 1287 1326 1365 35 74 76 115 154 193 232 271 310 349 388 427 466 505 544 583 622 661 700 739 741 780
857 896 935 974 1013 1052 1091 1130 1169 1208 1247 1286 1325 1364 34 73 75 114 153 192 231 270 309 348 387 426 465 504 543 582 621 660 699 738 777 779 818
895 934 973 1012 1051 1090 1129 1168 1207 1246 1285 1324 1363 33 72 111 113 152 191 230 269 308 347 386 425 464 503 542 581 620 659 698 737 776 778 817 856
933 972 1011 1050 1089 1128 1167 1206 1245 1284 1323 1362 32 71 110 112 151 190 229 268 307 346 385 424 463 502 541 580 619 658 697 736 775 814 816 855 894
971 1010 1049 1088 1127 1166 1205 1244 1283 1322 1361 31 70 109 148 150 189 228 267 306 345 384 423 462 501 540 579 618 657 696 735 774 813 815 854 893 932
1009 1048 1087 1126 1165 1204 1243 1282 1321 1360 30 69 108 147 149 188 227 266 305 344 383 422 461 500 539 578 617 656 695 734 773 812 851 853 892 931 970
1047 1086 1125 1164 1203 1242 1281 1320 1359 29 68 107 146 185 187 226 265 304 343 382 421 460 499 538 577 616 655 694 733 772 811 850 852 891 930 969 1008
1085 1124 1163 1202 1241 1280 1319 1358 28 67 106 145 184 186 225 264 303 342 381 420 459 498 537 576 615 654 693 732 771 810 849 888 890 929 968 1007 1046
1123 1162 1201 1240 1279 1318 1357 27 66 105 144 183 222 224 263 302 341 380 419 458 497 536 575 614 653 692 731 770 809 848 887 889 928 967 1006 1045 1084
1161 1200 1239 1278 1317 1356 26 65 104 143 182 221 223 262 301 340 379 418 457 496 535 574 613 652 691 730 769 808 847 886 925 927 966 1005 1044 1083 1122
1199 1238 1277 1316 1355 25 64 103 142 181 220 259 261 300 339 378 417 456 495 534 573 612 651 690 729 768 807 846 885 924 926 965 1004 1043 1082 1121 1160
1237 1276 1315 1354 24 63 102 141 180 219 258 260 299 338 377 416 455 494 533 572 611 650 689 728 767 806 845 884 923 962 964 1003 1042 1081 1120 1159 1198
1275 1314 1353 23 62 101 140 179 218 257 296 298 337 376 415 454 493 532 571 610 649 688 727 766 805 844 883 922 961 963 1002 1041 1080 1119 1158 1197 1236
1313 1352 22 61 100 139 178 217 256 295 297 336 375 414 453 492 531 570 609 648 687 726 765 804 843 882 921 960 999 1001 1040 1079 1118 1157 1196 1235 1274
1351 21 60 99 138 177 216 255 294 333 335 374 413 452 491 530 569 608 647 686 725 764 803 842 881 920 959 998 1000 1039 1078 1117 1156 1195 1234 1273 1312
20 59 98 137 176 215 254 293 332 334 373 412 451 490 529 568 607 646 685 724 763 802 841 880 919 958 997 1036 1038 1077 1116 1155 1194 1233 1272 1311 1350
58 97 136 175 214 253 292 331 370 372 411 450 489 528 567 606 645 684 723 762 801 840 879 918 957 996 1035 1037 1076 1115 1154 1193 1232 1271 1310 1349 19
96 135 174 213 252 291 330 369 371 410 449 488 527 566 605 644 683 722 761 800 839 878 917 956 995 1034 1073 1075 1114 1153 1192 1231 1270 1309 1348 18 57
134 173 212 251 290 329 368 407 409 448 487 526 565 604 643 682 721 760 799 838 877 916 955 994 1033 1072 1074 1113 1152 1191 1230 1269 1308 1347 17 56 95
172 211 250 289 328 367 406 408 447 486 525 564 603 642 681 720 759 798 837 876 915 954 993 1032 1071 1110 1112 1151 1190 1229 1268 1307 1346 16 55 94 133
210 249 288 327 366 405 444 446 485 524 563 602 641 680 719 758 797 836 875 914 953 992 1031 1070 1109 1111 1150 1189 1228 1267 1306 1345 15 54 93 132 171
248 287 326 365 404 443 445 484 523 562 601 640 679 718 757 796 835 874 913 952 991 1030 1069 1108 1147 1149 1188 1227 1266 1305 1344 14 53 92 131 170 209
286 325 364 403 442 481 483 522 561 600 639 678 717 756 795 834 873 912 951 990 1029 1068 1107 1146 1148 1187 1226 1265 1304 1343 13 52 91 130 169 208 247
324 363 402 441 480 482 521 560 599 638 677 716 755 794 833 872 911 950 989 1028 1067 1106 1145 1184 1186 1225 1264 1303 1342 12 51 90 129 168 207 246 285
362 401 440 479 518 520 559 598 637 676 715 754 793 832 871 910 949 988 1027 1066 1105 1144 1183 1185 1224 1263 1302 1341 11 50 89 128 167 206 245 284 323
400 439 478 517 519 558 597 636 675 714 753 792 831 870 909 948 987 1026 1065 1104 1143 1182 1221 1223 1262 1301 1340 10 49 88 127 166 205 244 283 322 361
438 477 516 555 557 596 635 674 713 752 791 830 869 908 947 986 1025 1064 1103 1142 1181 1220 1222 1261 1300 1339 9 48 87 126 165 204 243 282 321 360 399
476 515 554 556 595 634 673 712 751 790 829 868 907 946 985 1024 1063 1102 1141 1180 1219 1258 1260 1299 1338 8 47 86 125 164 203 242 281 320 359 398 437
514 553 592 594 633 672 711 750 789 828 867 906 945 984 1023 1062 1101 1140 1179 1218 1257 1259 1298 1337 7 46 85 124 163 202 241 280 319 358 397 436 475
552 591 593 632 671 710 749 788 827 866 905 944 983 1022 1061 1100 1139 1178 1217 1256 1295 1297 1336 6 45 84 123 162 201 240 279 318 357 396 435 474 513
590 629 631 670 709 748 787 826 865 904 943 982 1021 1060 1099 1138 1177 1216 1255 1294 1296 1335 5 44 83 122 161 200 239 278 317 356 395 434 473 512 551
628 630 669 708 747 786 825 864 903 942 981 1020 1059 1098 1137 1176 1215 1254 1293 1332 1334 4 43 82 121 160 199 238 277 316 355 394 433 472 511 550 589
666 668 707 746 785 824 863 902 941 980 1019 1058 1097 1136 1175 1214 1253 1292 1331 1333 3 42 81 120 159 198 237 276 315 354 393 432 471 510 549 588 627
667 706 745 784 823 862 901 940 979 1018 1057 1096 1135 1174 1213 1252 1291 1330 1369 2 41 80 119 158 197 236 275 314 353 392 431 470 509 548 587 626 665
