500 7201
457 343 394 351 358
1 2 77
2 3 90
1 3 3
2 4 66
3 4 53
3 5 99
1 6 47
5 6 57
3 6 71
2 6 72
4 6 54
2 7 18
4 7 20
1 7 27
3 7 10
6 7 90
5 7 48
7 8 64
3 8 72
5 8 30
2 8 34
4 8 40
1 8 79
6 8 53
7 9 59
5 9 75
8 9 32
2 9 17
1 9 95
6 9 56
4 9 38
3 9 2
8 10 20
3 10 17
5 10 92
9 10 58
1 10 12
2 10 99
6 10 26
4 10 38
7 10 33
6 11 39
10 11 60
2 11 89
4 11 58
3 11 26
8 11 4
1 11 56
7 11 33
9 11 22
5 11 14
1 12 90
7 12 63
9 12 25
4 12 49
6 12 69
10 12 100
2 12 37
5 12 89
8 12 41
11 12 60
3 12 65
7 13 74
12 13 95
6 13 69
3 13 63
4 13 22
10 13 33
2 13 38
11 13 54
8 13 31
10 14 64
13 14 27
4 14 74
11 14 68
5 14 13
7 14 41
2 14 42
1 14 74
9 14 96
12 14 16
3 14 13
6 14 97
8 14 30
6 15 88
12 15 45
8 15 83
14 15 74
13 15 93
9 15 4
11 15 75
10 15 95
1 15 22
7 15 3
4 15 39
2 15 11
5 15 24
3 15 51
13 16 80
3 16 87
2 16 62
10 16 97
6 16 58
5 16 73
15 16 96
4 16 6
11 16 78
14 16 74
9 16 73
7 16 28
8 16 58
1 16 50
12 16 41
16 17 100
6 17 33
8 17 8
5 17 7
3 17 60
12 17 59
9 17 63
4 17 73
7 17 63
2 17 32
1 17 45
14 17 69
11 17 66
10 17 98
15 17 93
13 17 4
14 18 46
5 18 99
2 18 84
7 18 86
3 18 83
17 18 29
15 18 87
8 18 69
11 18 7
7 19 71
4 19 24
18 19 93
1 19 23
3 19 95
12 20 70
8 20 71
18 20 49
1 20 4
9 20 26
16 20 88
10 20 23
17 20 49
6 20 80
14 20 97
7 20 35
19 20 78
2 20 93
3 20 57
11 20 40
15 20 21
7 21 37
15 21 51
13 21 87
16 21 86
17 21 56
18 21 80
4 21 61
10 21 98
5 21 9
12 21 30
8 21 20
14 21 6
7 22 79
5 22 74
15 22 28
14 22 46
21 22 60
2 22 92
3 23 36
19 23 48
4 23 11
17 23 5
6 23 10
20 23 51
21 23 20
1 23 73
14 23 87
9 23 12
10 23 69
5 23 14
13 23 66
2 23 99
8 23 55
16 24 55
18 24 19
3 24 65
20 24 95
17 24 49
23 24 98
8 24 8
22 24 23
9 24 47
5 24 97
7 24 52
11 24 88
6 24 32
15 24 99
1 24 1
22 25 72
18 25 70
16 25 78
6 25 5
23 25 22
9 25 32
19 25 84
13 25 59
3 25 93
5 25 97
21 25 56
9 26 75
22 26 75
23 26 35
19 26 51
16 26 89
1 26 40
24 26 97
11 26 29
18 26 32
7 26 61
10 26 73
2 26 91
12 26 4
21 26 97
3 26 76
4 26 64
8 26 24
13 26 65
17 26 79
5 26 79
25 26 47
6 26 6
14 26 62
15 26 31
20 26 97
26 27 21
11 27 83
10 27 70
19 27 28
14 27 58
8 27 17
17 27 90
5 27 89
13 27 38
21 27 89
15 27 49
3 27 73
22 27 30
16 27 45
1 27 10
24 27 68
9 27 51
12 27 63
18 27 60
2 27 21
20 27 47
4 27 57
13 28 55
18 28 82
3 28 91
10 28 35
1 28 41
26 28 32
9 28 47
27 28 12
5 28 26
11 28 58
4 28 99
19 28 4
2 28 15
23 28 43
7 28 55
17 28 68
25 28 8
21 28 86
12 28 90
8 28 12
14 28 8
15 28 29
22 28 54
24 28 15
6 28 29
16 28 92
20 28 19
12 30 5
18 30 76
4 30 55
17 30 41
2 30 53
10 30 74
28 30 94
7 30 78
29 30 19
27 30 12
4 31 97
25 31 57
3 31 15
14 31 68
7 31 99
26 31 16
12 31 80
8 31 56
13 31 14
22 31 8
19 32 72
15 33 2
17 33 72
28 33 58
18 33 76
26 33 5
28 34 97
5 34 48
26 34 14
12 34 63
23 34 40
27 34 58
1 34 81
4 34 44
8 34 66
13 34 91
9 34 77
6 34 6
8 35 13
1 35 3
19 35 24
4 35 77
6 35 13
14 35 85
33 35 53
30 35 100
29 35 9
17 35 60
28 35 98
18 36 57
28 36 16
25 36 57
31 36 71
1 36 9
30 36 73
3 36 36
16 36 57
6 36 68
22 36 11
26 36 37
21 36 35
13 36 60
9 36 57
29 36 57
33 36 16
2 36 51
17 36 43
33 37 29
4 37 33
20 37 2
21 37 30
14 37 44
30 37 78
10 37 11
7 37 77
6 37 96
26 37 28
19 37 43
2 37 23
28 38 55
10 38 84
4 38 1
31 38 14
22 38 23
7 38 58
37 38 5
19 38 52
16 38 19
27 38 34
14 38 84
8 38 1
3 38 91
34 38 54
28 39 75
5 39 98
29 39 70
30 39 70
18 39 78
21 40 65
18 40 99
27 40 73
37 40 59
7 40 85
39 40 11
2 40 77
10 40 15
17 40 83
13 40 100
22 40 61
8 40 57
38 40 85
4 40 21
14 40 64
20 40 32
24 40 6
14 41 8
40 41 80
36 41 70
2 41 22
3 41 32
12 41 24
16 41 66
6 41 91
17 41 96
24 41 39
31 42 73
36 42 31
16 42 55
32 42 71
29 42 32
4 42 45
33 42 98
18 42 73
22 42 81
21 42 95
34 42 42
27 42 89
9 42 77
24 42 53
41 42 59
13 42 28
30 42 41
14 42 87
7 42 46
8 42 3
39 42 51
37 42 83
12 42 65
10 42 39
26 42 27
3 42 5
6 42 97
1 42 11
23 42 81
38 43 63
18 43 22
21 43 6
3 43 57
37 43 37
17 43 95
33 43 82
25 43 74
16 43 17
8 43 68
15 43 24
39 43 75
36 43 87
14 43 15
11 43 85
35 43 80
27 44 3
42 44 83
17 44 56
7 44 71
11 44 98
28 45 82
24 45 33
5 45 82
7 45 97
12 45 31
32 45 89
14 45 8
6 45 67
21 45 39
10 45 51
29 45 90
8 45 35
17 45 87
43 45 27
27 45 4
30 45 7
35 45 9
36 45 9
41 45 24
37 45 19
13 46 34
45 46 75
39 46 62
35 46 1
1 46 1
14 46 2
24 46 92
23 46 75
31 46 98
5 46 95
21 46 60
37 46 29
4 47 49
11 47 26
36 47 72
42 47 61
35 47 88
38 47 35
2 47 50
16 47 56
21 47 46
10 47 36
27 47 8
39 47 47
31 47 90
37 47 93
6 47 69
43 47 9
26 47 51
33 48 54
12 48 25
35 48 43
44 48 41
45 48 26
25 48 97
9 48 21
21 48 4
39 48 89
11 48 46
29 48 11
40 48 79
17 48 43
28 48 100
14 48 72
23 48 96
48 49 53
36 49 94
15 49 18
8 49 2
31 49 73
3 49 65
44 49 27
47 49 6
25 49 93
9 49 12
13 49 33
6 49 47
27 49 81
10 49 9
29 49 24
2 49 68
23 49 94
16 49 45
2 50 43
44 50 11
21 50 97
20 50 81
43 50 44
1 50 96
33 50 20
46 50 58
10 50 42
28 50 82
40 50 89
35 50 50
12 50 100
23 50 73
14 50 92
45 50 11
17 50 36
39 50 55
36 50 15
19 50 4
48 50 16
25 51 8
27 51 88
28 51 30
26 52 27
1 52 57
6 52 55
37 52 24
38 52 43
27 52 44
30 52 37
29 52 42
34 52 73
10 53 50
42 53 28
32 53 18
45 53 77
12 53 12
27 53 79
51 53 40
29 53 33
22 53 47
4 53 5
6 53 51
37 53 56
15 53 61
39 53 21
21 53 76
28 53 16
40 53 13
25 53 93
18 54 59
52 54 67
8 54 34
23 54 55
47 54 85
28 54 88
10 54 34
45 54 99
24 54 89
6 55 70
41 55 27
45 55 66
52 55 97
14 55 45
12 55 13
31 55 11
27 55 55
54 55 73
22 55 22
35 55 88
26 55 90
19 55 71
40 55 61
43 55 55
49 55 11
27 56 69
21 56 77
49 56 57
9 56 1
54 56 49
22 56 18
52 56 94
47 56 68
10 56 73
19 56 38
41 56 63
24 56 57
48 56 69
3 56 73
53 56 17
8 56 17
45 56 21
15 56 97
23 56 99
1 56 85
43 56 29
14 56 71
18 56 25
55 56 80
42 56 27
39 57 94
25 57 33
31 57 3
43 57 76
5 57 62
1 57 82
17 57 49
51 57 41
47 57 32
7 57 52
35 57 53
48 57 23
14 57 36
30 57 23
27 57 1
23 57 37
40 58 70
10 58 88
43 58 48
2 58 53
5 58 86
30 58 64
51 58 31
48 59 21
27 59 66
11 59 90
50 59 99
24 59 31
34 59 78
57 59 3
39 59 86
44 59 15
54 59 26
20 59 75
43 59 57
4 59 60
8 59 38
2 59 87
3 59 57
5 60 90
41 60 37
14 60 61
18 60 89
35 60 87
32 60 42
25 60 40
34 60 74
53 60 39
1 60 12
28 60 5
6 60 19
29 60 84
11 60 33
58 60 17
2 60 60
19 60 9
51 61 46
35 61 60
2 61 98
4 61 46
9 61 1
55 61 65
53 61 9
50 61 89
3 61 51
29 62 74
61 62 60
36 62 32
20 62 55
45 62 91
32 62 100
44 62 39
21 62 38
25 62 78
27 63 28
36 63 51
38 63 64
56 63 57
18 63 76
50 63 71
39 63 47
55 63 64
52 63 89
2 63 66
34 63 26
29 63 8
1 63 39
31 63 34
28 63 81
21 63 5
37 63 56
58 63 31
38 64 60
2 64 47
22 64 24
29 64 82
50 64 33
13 64 98
4 64 42
8 64 59
5 64 98
63 64 32
21 64 54
55 64 97
54 64 78
57 64 61
1 64 7
34 64 90
52 64 78
23 64 6
45 64 3
37 64 38
25 64 87
5 65 79
13 65 64
50 65 32
8 65 22
36 65 49
41 65 81
60 65 22
17 65 48
26 65 20
22 65 41
27 65 73
30 65 19
21 65 76
29 65 48
40 65 37
1 65 36
45 65 79
61 65 20
2 65 42
3 65 99
7 65 2
31 65 30
48 65 79
28 65 32
39 65 11
59 65 25
62 65 33
42 65 40
15 65 70
41 66 58
31 66 56
65 66 79
64 66 71
20 66 44
18 66 45
44 66 27
14 66 80
54 66 34
61 66 79
56 66 53
13 66 75
19 66 83
23 66 20
55 66 62
39 66 98
12 66 4
26 66 75
10 66 57
28 66 56
29 66 77
1 66 35
32 66 42
52 66 83
25 66 85
44 67 45
57 67 42
1 67 96
26 67 3
43 67 46
3 67 90
39 67 91
9 67 17
21 68 47
52 68 1
59 68 96
3 68 18
44 68 61
55 68 34
8 68 20
66 68 57
56 68 25
8 69 5
3 69 68
54 69 27
21 69 80
61 69 53
62 69 7
24 69 57
37 69 58
50 69 86
28 69 70
13 69 42
56 69 28
68 69 24
12 69 37
44 69 46
60 69 36
46 69 15
47 69 52
30 69 52
52 69 16
50 70 52
25 70 23
31 70 33
15 70 21
16 70 32
40 70 45
67 70 2
56 70 97
11 70 12
41 70 79
70 71 50
51 71 50
44 71 77
5 71 40
62 71 83
10 72 58
4 72 72
61 72 92
32 72 79
30 72 68
54 72 89
27 72 65
12 72 46
50 72 37
14 72 23
28 72 17
9 72 82
33 72 34
26 72 91
42 72 54
59 72 41
60 72 27
69 72 30
7 72 79
21 72 30
35 72 57
58 72 80
39 72 84
21 73 31
66 73 64
70 73 51
59 73 51
3 73 18
34 73 64
27 73 7
14 73 35
9 73 47
52 73 85
72 73 15
47 73 89
28 73 13
64 73 25
18 74 20
56 74 57
46 74 35
44 74 68
29 74 37
1 74 63
13 74 4
43 74 38
51 74 38
65 74 79
24 74 98
8 74 28
11 74 77
63 74 90
12 74 76
61 74 52
26 74 21
57 74 43
25 74 34
21 74 38
5 74 53
32 74 53
6 74 41
64 74 19
71 74 1
51 75 65
35 75 43
21 75 22
40 75 95
62 75 53
27 75 47
30 75 27
67 75 41
56 75 62
70 75 49
64 75 63
24 75 76
33 75 31
26 76 29
58 76 85
52 76 96
8 76 44
73 76 70
51 76 58
6 76 63
9 76 6
45 76 42
71 76 76
18 76 63
44 76 91
48 76 62
60 76 88
46 76 36
28 76 84
37 76 42
36 76 41
35 76 94
47 76 77
27 76 82
20 76 55
38 76 2
23 76 98
16 76 75
50 76 56
69 76 74
20 77 31
1 77 21
66 77 86
18 77 66
50 77 1
56 77 13
72 77 29
19 77 2
73 77 95
17 77 2
14 77 86
25 77 5
65 77 97
53 77 8
59 77 15
74 77 79
68 77 100
58 77 60
4 77 77
13 77 38
43 77 2
10 77 46
2 77 8
52 77 21
6 77 57
27 77 32
23 78 70
65 78 49
13 78 86
20 78 94
72 78 99
29 78 9
11 78 26
48 78 71
67 78 63
68 78 18
47 78 36
50 78 23
12 78 33
77 78 54
57 78 52
49 78 89
16 78 42
73 78 40
43 78 88
42 78 95
4 78 65
30 78 7
15 78 46
53 78 59
69 78 61
44 78 74
76 79 45
29 79 57
51 79 4
12 79 84
62 79 27
57 79 54
39 79 11
40 79 93
2 79 2
48 79 51
19 79 25
67 79 1
77 79 69
66 79 78
53 79 20
59 79 55
44 79 22
54 79 64
17 79 37
1 79 21
7 79 41
69 79 88
20 79 52
47 79 46
52 79 55
46 79 67
14 80 65
41 80 20
18 80 4
38 80 84
51 80 29
32 80 75
68 80 74
15 80 50
24 80 59
65 80 50
21 80 44
46 80 68
48 80 80
55 80 72
16 80 46
57 80 24
37 81 45
13 81 38
52 81 25
65 81 11
1 81 72
74 81 19
21 81 93
14 81 15
9 81 30
18 81 72
20 81 20
56 81 10
30 81 36
49 83 25
45 83 62
13 83 91
30 83 31
68 83 87
9 83 91
28 83 51
18 83 28
60 83 91
64 83 5
73 83 41
29 83 15
31 83 51
22 83 35
81 83 45
56 83 83
71 83 80
19 83 78
82 83 69
41 83 51
63 83 4
36 83 25
37 83 97
42 84 64
45 84 97
54 84 10
24 84 97
3 84 75
67 84 1
72 84 86
73 84 28
74 84 8
66 84 23
27 84 57
18 84 75
79 84 63
10 84 10
38 84 60
62 84 63
75 84 34
80 84 85
20 84 70
57 84 55
51 84 27
71 84 19
68 84 2
37 84 54
28 84 80
9 84 20
16 85 5
53 85 51
20 85 80
2 85 87
4 85 75
64 85 53
9 85 3
31 85 29
58 85 12
77 85 69
84 86 80
61 86 73
63 86 71
59 86 34
73 86 78
42 86 70
81 86 75
12 86 73
17 86 34
71 86 91
65 86 60
56 86 17
8 86 84
85 86 37
2 86 89
60 86 56
43 86 92
13 86 50
30 86 75
6 86 14
75 86 61
82 86 79
18 86 24
16 86 6
35 87 74
24 87 3
45 87 45
4 87 54
38 87 25
58 87 35
40 87 1
52 87 36
21 87 34
11 87 21
47 87 11
83 87 47
32 87 17
67 87 77
27 87 9
25 87 7
60 87 63
44 87 64
2 87 86
10 87 100
78 87 44
86 87 75
85 87 69
30 87 83
65 87 52
23 87 72
82 87 60
28 87 74
58 88 44
47 88 27
54 88 51
8 88 77
42 88 63
64 88 68
4 88 44
34 88 97
46 88 91
12 88 19
16 88 91
28 89 70
78 89 68
51 89 72
23 90 78
37 90 8
32 90 26
34 90 40
45 90 31
89 90 73
81 90 14
56 90 95
59 90 65
50 90 21
58 90 40
6 90 43
20 90 4
85 90 81
78 90 98
52 91 17
11 91 63
42 91 37
44 91 76
38 91 51
82 92 54
53 92 84
40 92 15
52 92 98
55 92 84
32 92 74
7 92 59
56 92 97
60 92 51
66 92 22
38 92 26
23 92 85
85 92 79
77 92 16
31 92 28
15 92 35
84 92 73
51 92 80
91 92 64
46 92 15
56 93 24
91 93 15
75 93 64
34 93 1
54 93 40
25 93 69
18 93 27
72 93 9
15 93 92
3 93 32
17 93 66
2 93 83
11 93 89
66 93 21
53 93 45
76 93 41
10 93 81
19 93 28
55 93 83
43 93 37
30 93 5
38 93 48
83 93 97
7 93 22
74 93 95
73 93 96
83 94 15
50 94 86
87 94 47
71 94 39
41 94 31
75 94 87
55 94 64
2 94 7
36 94 95
79 94 90
86 94 41
63 94 76
49 94 49
14 94 9
13 94 65
91 94 11
59 94 49
29 94 7
12 94 64
58 94 85
61 94 45
28 94 78
66 95 19
18 95 64
73 95 43
15 95 91
69 95 61
76 95 14
48 95 12
24 95 10
22 96 39
62 96 59
11 96 4
87 96 69
83 96 24
56 96 72
86 96 18
30 96 9
64 96 57
12 97 12
91 97 13
5 97 68
61 98 61
69 98 70
24 98 55
54 98 7
97 98 97
80 98 81
38 98 89
4 98 23
58 98 42
84 98 51
91 98 87
93 98 87
53 99 53
67 99 77
5 99 82
81 99 56
42 100 83
35 100 53
48 100 51
21 100 37
75 100 96
31 100 46
26 100 37
39 100 72
16 100 58
59 100 68
96 100 62
68 100 76
82 100 7
77 100 71
85 100 90
84 100 8
100 101 7
53 101 22
34 101 77
26 101 96
64 101 71
88 101 43
68 101 78
57 101 11
9 101 68
74 102 33
70 102 52
81 102 45
18 102 40
48 102 84
58 102 68
61 102 46
93 103 18
61 103 16
26 103 70
66 103 95
97 103 21
86 103 84
70 103 24
42 103 71
84 103 55
16 103 65
4 103 89
74 103 80
24 103 58
72 103 48
89 103 95
9 103 67
86 104 2
37 104 84
29 104 28
66 104 65
80 104 80
44 104 88
81 104 73
103 104 67
17 104 46
13 104 51
35 104 35
63 104 97
75 104 76
22 104 28
16 104 33
60 104 91
82 104 3
54 104 53
21 104 2
95 104 40
67 104 5
36 105 58
17 105 65
86 105 50
3 105 12
85 105 39
48 105 98
38 105 17
39 105 89
6 105 62
91 105 55
92 105 79
2 105 59
41 105 78
94 105 31
90 106 100
21 106 80
34 107 29
87 107 85
50 107 40
84 107 96
56 107 2
41 107 40
94 107 85
89 107 25
30 107 42
99 107 6
29 108 37
40 108 58
33 108 56
104 108 94
78 108 92
66 108 75
34 108 12
20 108 55
1 108 49
69 108 76
4 108 38
57 108 98
27 108 11
96 108 82
8 108 26
75 108 30
9 108 34
22 108 42
79 108 1
16 108 86
7 108 27
28 108 3
2 108 5
58 109 94
33 109 56
48 109 26
19 109 22
1 109 52
35 109 51
56 109 19
83 111 50
80 111 6
58 111 46
98 111 27
91 111 26
27 111 35
53 111 39
31 111 60
67 111 45
42 111 86
17 111 53
77 111 13
94 111 84
9 111 79
85 111 18
2 111 55
82 111 7
109 111 37
11 111 66
100 111 71
74 111 24
72 111 74
78 112 29
102 113 12
107 113 13
32 113 37
62 113 24
50 113 95
19 113 54
55 113 98
5 113 34
110 113 61
28 113 31
21 113 49
71 113 92
4 113 2
76 113 39
57 113 28
86 113 1
80 113 96
46 113 50
67 113 42
42 113 96
39 113 45
73 113 8
40 113 44
91 113 98
95 113 97
92 113 66
63 113 55
93 113 61
79 114 81
22 114 56
72 114 18
107 114 57
71 114 44
27 114 36
4 114 13
11 114 73
39 114 84
15 114 15
91 114 50
50 115 41
64 115 29
4 115 57
3 115 47
5 115 37
55 115 98
18 115 42
73 115 85
78 115 62
85 115 51
32 116 6
78 116 72
69 116 95
96 116 77
38 116 48
50 116 34
63 116 4
72 116 67
11 116 86
61 116 28
68 116 18
71 116 34
35 116 20
62 116 22
112 117 65
67 117 36
45 117 87
43 117 51
36 117 9
37 117 62
7 117 64
68 117 29
88 117 78
106 117 61
103 117 58
54 117 73
82 117 20
102 117 84
93 117 24
97 117 98
39 117 75
107 117 100
75 117 54
26 117 51
113 117 51
66 117 5
61 117 17
65 117 43
76 117 58
55 117 59
31 117 40
57 118 25
114 118 20
106 118 36
79 118 6
98 118 98
76 118 36
53 118 30
14 118 34
36 118 5
103 118 58
10 118 78
8 118 66
92 118 61
29 118 48
69 118 6
97 118 51
67 118 59
115 118 100
17 118 81
34 120 48
27 120 72
105 120 86
23 120 85
79 120 89
104 120 47
30 120 78
4 120 73
8 121 98
84 121 70
98 121 13
109 121 71
15 121 28
28 121 77
19 121 65
33 121 20
47 121 46
56 121 39
60 121 86
49 121 2
107 121 32
54 121 61
8 122 90
5 122 75
22 122 93
121 122 89
25 122 87
93 122 80
4 122 15
120 122 67
116 122 15
111 122 26
76 122 51
96 122 18
89 123 45
121 123 52
8 123 32
96 123 93
11 123 74
4 123 17
106 123 83
37 123 63
95 123 22
91 123 72
81 123 37
70 123 8
86 123 100
72 123 38
45 123 50
85 123 16
116 123 27
7 123 2
34 123 98
107 123 98
21 123 95
99 123 12
36 123 92
51 124 30
107 124 31
42 124 34
4 124 16
26 124 55
56 124 88
2 124 50
66 124 76
44 124 64
94 124 66
32 124 50
113 124 59
82 124 16
100 124 18
87 124 52
49 124 10
16 124 79
73 124 3
92 125 30
34 125 80
105 125 42
20 125 21
87 125 89
98 125 63
39 125 10
60 125 75
109 126 80
66 126 39
49 126 89
16 126 12
94 126 100
2 126 83
118 126 82
95 126 48
62 126 93
32 126 10
83 126 74
76 126 87
39 126 64
60 126 44
1 126 47
67 126 63
34 126 99
90 127 73
8 127 68
20 127 38
92 127 87
42 127 17
6 127 89
94 127 74
11 127 89
59 127 92
69 127 60
110 127 40
63 127 67
37 127 75
26 127 80
31 127 42
85 127 58
104 127 16
55 128 1
34 128 24
56 128 40
17 128 27
64 128 20
22 128 2
79 128 82
51 128 50
32 128 37
19 128 68
2 128 35
9 128 10
127 128 82
88 128 14
120 128 86
16 128 30
118 128 33
95 128 13
78 128 46
123 128 84
42 128 37
58 128 82
103 128 24
1 128 2
72 128 37
35 128 17
52 128 14
105 128 82
72 129 30
87 129 40
84 129 90
77 129 53
68 129 66
38 129 37
90 129 84
35 129 60
78 129 96
37 129 61
69 129 27
104 129 72
39 129 50
98 129 31
125 129 84
58 129 44
7 129 29
1 129 97
33 129 73
52 129 16
3 129 56
65 129 69
114 129 77
82 129 36
74 130 52
37 130 10
88 130 49
116 130 61
3 130 82
34 130 96
114 130 59
52 130 20
41 130 44
29 130 45
55 130 4
18 130 57
89 130 41
51 130 66
19 130 36
56 130 89
83 130 11
91 130 90
65 130 28
75 130 71
103 130 52
78 130 93
109 131 15
127 131 83
62 131 61
47 131 55
23 131 18
119 131 100
104 131 40
115 131 81
51 131 76
41 131 100
106 132 68
43 132 4
37 132 14
38 132 10
50 132 25
67 132 2
103 132 18
96 132 99
2 132 83
2 134 2
125 134 98
47 134 100
71 134 13
14 134 11
21 134 87
26 134 67
91 134 4
45 135 15
16 135 55
115 135 3
71 135 4
126 136 88
73 136 88
94 136 41
33 136 93
121 136 63
133 136 54
86 136 17
24 136 54
104 136 41
5 136 62
16 136 82
97 136 4
32 136 47
89 136 72
3 136 48
12 136 28
60 136 9
59 136 94
111 136 70
26 136 50
135 136 17
91 136 70
79 136 39
77 136 94
129 136 88
76 136 19
103 137 81
71 137 32
115 137 69
101 137 10
80 137 14
79 137 68
39 137 97
50 137 82
10 137 42
70 137 53
129 137 63
44 137 49
90 137 53
81 137 25
55 137 21
5 137 73
34 137 23
48 137 17
94 138 47
15 138 79
40 138 64
136 138 83
89 138 6
76 138 9
82 139 59
112 139 65
138 139 31
113 139 58
81 139 58
71 139 28
65 140 97
4 140 94
126 140 64
70 141 25
118 141 45
30 141 71
111 141 2
37 141 27
119 141 53
83 141 31
52 141 46
82 141 81
105 141 62
74 141 6
10 141 84
101 141 9
135 141 45
17 142 35
65 142 41
62 142 13
19 142 16
79 142 94
54 142 74
40 143 5
17 143 66
69 143 5
74 143 63
18 143 21
21 143 53
87 144 100
64 144 64
6 144 20
108 144 15
104 144 97
108 145 20
5 145 29
95 145 37
110 145 44
127 145 27
49 145 33
86 145 66
53 145 17
2 146 87
47 146 94
43 146 100
145 146 3
138 146 83
32 146 26
6 146 50
98 146 57
81 146 64
49 146 7
48 146 30
109 146 15
38 146 13
56 146 74
125 146 43
3 148 43
18 148 89
137 148 93
131 148 17
112 148 5
31 148 22
117 148 33
95 148 72
144 148 32
119 148 60
121 148 32
27 148 71
124 148 45
114 148 6
34 148 27
58 148 33
15 148 81
88 148 12
9 148 55
61 148 13
61 149 46
104 149 74
11 149 53
112 149 90
47 149 38
19 149 56
81 149 28
66 149 65
103 149 72
84 149 10
52 149 62
18 149 7
86 149 7
85 149 18
127 149 97
38 149 33
55 149 52
45 149 19
92 149 95
37 149 81
50 149 90
132 149 72
105 149 32
34 149 69
147 149 28
41 149 78
115 149 80
90 149 67
14 149 79
89 150 35
148 150 5
5 150 73
125 150 52
117 150 8
35 150 65
126 150 34
60 150 28
139 150 55
39 150 15
66 150 29
124 150 2
58 151 84
36 151 74
114 151 76
3 151 29
39 151 69
117 151 98
46 151 32
139 151 23
102 151 68
82 151 27
17 151 66
10 151 49
123 151 82
147 151 11
115 151 93
93 151 76
14 151 40
59 151 60
13 152 27
138 152 58
134 152 48
17 152 94
22 152 49
55 152 5
129 152 26
25 152 98
116 152 67
21 152 97
80 152 44
40 152 84
9 153 62
99 153 9
113 153 44
47 153 4
100 153 88
27 153 32
128 153 71
134 153 35
8 153 53
80 153 4
67 153 73
123 153 80
140 153 40
115 153 3
87 153 23
137 153 89
81 153 30
119 153 12
34 153 16
83 153 60
97 153 20
41 153 48
146 153 17
105 153 53
112 153 43
36 154 89
149 154 91
120 154 17
91 154 55
51 154 71
84 154 9
53 154 31
16 154 69
117 154 69
33 154 57
26 154 15
116 154 89
113 154 58
145 154 59
64 154 28
42 154 62
124 154 16
26 155 25
73 155 31
8 155 25
77 155 73
64 155 6
5 155 68
127 155 68
118 155 65
72 155 17
48 155 35
147 155 40
129 155 99
2 155 79
58 155 23
19 155 20
131 155 96
21 155 28
117 155 77
88 155 84
136 155 55
81 155 47
83 155 97
96 155 20
50 155 57
53 155 80
52 155 20
48 156 81
153 156 97
65 156 10
70 156 42
68 156 94
43 156 83
76 156 76
17 156 50
7 156 31
74 156 27
33 156 9
117 156 94
146 156 94
97 156 31
150 156 44
24 156 37
96 156 26
129 156 84
120 156 49
47 156 58
63 157 17
156 157 17
22 157 48
54 157 34
51 157 48
130 157 52
45 157 25
107 157 33
102 157 20
75 157 27
47 157 61
16 157 5
109 157 11
127 157 34
28 157 40
52 157 16
103 157 81
140 157 1
2 157 68
57 158 75
26 158 44
53 158 21
141 158 24
100 158 90
38 158 62
145 158 42
14 158 24
46 158 42
133 158 2
5 158 91
90 158 12
13 158 21
143 158 28
109 158 49
56 158 88
47 158 69
63 158 65
74 158 73
106 158 51
146 158 35
54 158 38
42 158 57
29 159 39
107 159 45
63 159 43
1 159 1
89 159 4
153 159 6
103 159 87
158 159 34
101 159 98
122 159 33
135 159 38
51 159 30
117 159 12
68 159 93
31 159 91
72 159 33
4 159 42
66 159 27
104 159 4
81 160 32
101 160 31
8 160 56
107 160 87
147 160 92
102 160 76
129 160 25
132 160 61
34 160 89
74 160 47
5 160 12
2 160 8
56 160 72
24 160 43
139 160 77
9 161 89
120 161 17
51 161 2
125 161 76
160 161 8
1 161 49
55 161 93
24 161 81
129 161 68
59 161 19
57 161 13
14 161 49
147 161 97
68 161 46
32 161 6
17 161 91
60 161 88
146 161 70
29 161 72
69 161 16
65 161 56
101 161 14
97 161 63
102 161 6
113 162 18
60 162 57
145 162 99
125 162 15
96 162 32
118 162 28
2 162 60
155 163 100
114 163 13
99 163 24
162 163 8
146 164 35
72 164 76
19 164 15
150 164 26
4 164 38
133 164 70
90 164 5
78 164 2
88 164 85
21 164 64
13 164 87
6 164 47
101 164 31
15 164 22
3 165 55
41 165 11
9 165 100
156 165 97
82 166 55
49 166 57
39 166 45
86 166 95
150 166 86
88 166 7
26 166 8
62 166 40
71 166 84
77 166 99
138 166 74
128 166 23
135 166 80
139 166 63
103 166 6
34 166 83
90 166 8
46 166 8
147 166 16
138 167 59
93 168 85
160 168 99
77 168 34
7 168 9
2 168 69
125 168 53
31 168 6
54 168 58
51 168 89
111 168 65
152 169 84
55 169 72
118 169 22
76 169 91
151 169 1
94 169 68
92 169 69
13 169 76
139 169 36
63 169 34
18 169 5
161 169 95
88 169 87
98 169 79
116 169 66
31 169 90
8 170 54
60 170 25
82 170 72
80 170 29
91 170 92
29 170 41
16 170 18
54 170 30
30 170 14
90 170 10
119 170 7
5 170 5
88 170 32
68 170 64
39 171 61
85 171 90
122 171 24
80 171 39
25 171 28
124 171 89
70 171 30
156 171 65
42 171 57
17 171 53
93 171 18
91 171 41
56 171 60
23 171 73
60 171 24
129 171 57
120 171 14
161 171 47
142 171 21
32 172 27
164 172 19
25 172 9
19 172 32
140 172 31
11 172 47
157 172 92
154 172 48
127 172 48
123 172 87
101 172 7
128 173 25
80 173 56
2 173 83
150 173 49
146 173 53
65 173 93
44 173 21
116 173 99
32 173 84
58 173 58
49 173 84
131 173 24
128 174 50
29 174 25
1 174 47
35 174 17
162 174 96
171 174 82
116 174 44
108 174 70
19 174 33
80 174 15
8 174 64
14 175 58
16 175 71
39 175 93
21 175 63
23 176 28
94 176 76
93 176 4
70 176 95
108 176 86
31 176 94
117 176 67
73 176 82
166 176 15
53 176 83
138 176 90
82 176 85
152 176 87
100 176 72
2 176 71
43 176 72
18 176 14
91 176 12
11 176 14
123 176 42
14 176 98
9 176 8
175 176 92
163 176 59
120 176 100
54 176 22
158 176 78
74 177 29
103 178 73
176 178 30
132 178 12
90 178 83
117 178 52
111 178 79
78 178 20
137 178 57
88 179 95
103 179 10
65 179 43
43 179 40
99 179 31
39 179 68
153 179 54
155 179 8
33 179 88
52 179 69
14 179 76
147 179 27
75 179 93
44 179 57
173 179 4
96 179 55
130 179 12
30 179 94
5 179 44
134 179 20
51 179 53
145 179 98
34 179 41
164 179 68
120 179 80
142 179 67
127 179 14
58 179 75
86 180 84
67 180 52
33 180 41
9 180 67
38 181 42
43 181 1
174 181 81
108 181 59
126 181 86
41 181 10
173 181 73
86 181 81
145 183 84
4 183 44
82 183 29
74 183 46
40 183 37
148 183 52
19 183 19
58 183 97
69 183 48
3 183 84
115 183 75
110 183 40
109 183 84
156 183 87
91 183 58
121 183 42
85 183 27
87 183 29
86 184 12
114 184 27
77 184 53
24 184 99
46 184 76
67 184 22
65 184 57
121 184 32
2 184 94
57 184 96
60 184 4
53 184 56
1 184 3
59 184 98
137 184 52
84 184 56
163 184 67
14 184 8
16 184 62
170 184 42
146 184 87
157 184 83
49 184 86
92 184 70
11 184 3
29 184 80
52 185 58
38 185 89
156 185 51
108 185 78
56 185 18
167 185 92
164 185 2
69 185 79
78 185 31
1 185 5
109 185 100
157 185 21
114 185 67
132 185 54
71 185 76
96 185 23
119 185 20
93 185 94
113 185 32
138 185 89
111 185 59
166 185 65
34 185 8
128 185 83
20 185 54
105 185 82
5 185 96
101 186 34
107 186 25
138 186 34
80 186 2
153 186 95
22 186 10
5 187 82
107 187 39
32 187 10
55 187 16
103 187 29
15 187 29
115 187 90
152 187 25
133 187 97
122 187 20
155 187 38
148 187 86
143 187 83
149 187 37
131 188 3
38 188 6
124 188 61
76 189 44
63 189 55
182 189 61
121 189 23
49 189 53
160 189 21
91 189 80
51 189 4
188 189 70
21 189 70
119 189 26
127 189 26
110 189 51
18 189 88
161 189 21
1 189 60
41 189 41
84 189 4
131 189 5
184 190 71
17 190 83
5 190 9
181 190 20
185 190 47
29 190 42
167 190 43
57 190 51
186 190 32
61 190 36
3 190 18
40 190 47
163 190 36
21 190 59
148 190 31
131 190 76
53 190 11
140 190 87
87 190 100
112 190 78
183 190 56
101 191 33
45 191 82
9 191 5
100 192 85
39 193 53
174 193 50
112 193 74
90 193 59
60 193 75
100 193 1
56 193 98
7 193 82
104 193 41
75 193 37
129 193 7
178 193 8
84 193 37
187 193 49
148 193 89
15 193 40
57 193 49
14 193 66
50 193 63
88 194 12
13 194 26
27 194 27
23 194 41
12 194 68
47 194 76
113 194 41
130 194 57
9 194 27
123 194 6
83 194 68
138 194 37
90 194 16
33 194 58
170 194 26
140 194 62
10 194 89
77 194 24
150 194 73
4 194 95
35 194 15
40 194 92
67 194 91
132 194 19
143 194 75
28 194 77
30 195 32
47 195 57
29 195 71
62 195 63
16 195 4
171 195 85
119 195 55
34 195 63
22 195 49
54 195 19
137 195 34
39 195 2
121 195 95
36 195 72
144 195 52
25 195 7
157 195 90
82 195 18
88 195 50
141 195 97
41 195 12
92 195 21
169 196 44
32 196 4
149 196 68
34 196 87
171 196 57
29 196 11
145 196 14
60 196 27
119 196 56
113 196 30
46 196 12
78 196 26
195 196 90
39 196 88
131 196 4
65 196 82
16 196 83
14 196 84
137 196 79
110 196 64
71 196 6
180 196 95
62 196 93
88 196 79
181 196 11
84 196 57
152 196 49
77 197 5
140 197 79
88 197 82
83 197 60
152 197 54
53 197 95
126 197 63
45 197 98
23 197 23
66 197 84
174 198 17
182 198 29
117 198 12
44 198 35
59 198 100
89 198 4
17 198 69
84 198 19
186 198 43
30 198 94
65 198 65
124 198 88
194 198 3
179 198 99
48 198 52
97 200 42
184 200 1
29 200 22
16 200 16
164 200 29
182 200 73
168 200 85
62 200 10
48 200 24
1 200 77
24 200 6
10 200 78
170 200 23
87 200 81
20 200 46
92 201 74
198 201 5
26 201 16
14 201 83
31 201 62
180 201 77
122 201 19
64 201 2
30 201 5
108 201 77
133 201 100
116 201 53
12 201 87
134 201 72
117 201 2
135 201 25
138 201 52
112 201 33
178 201 83
55 201 87
156 202 21
69 203 41
162 203 74
101 203 2
189 203 68
22 203 99
144 204 94
65 204 5
67 204 80
185 204 86
97 204 38
107 204 1
112 204 73
6 204 87
40 204 27
190 204 9
143 204 36
54 204 89
184 204 55
20 204 28
28 204 87
109 204 9
135 204 11
181 204 14
174 204 72
63 204 85
119 204 55
36 204 83
139 204 56
34 204 24
121 204 85
71 205 49
61 205 42
60 205 95
70 205 39
171 205 12
89 205 76
81 205 51
123 205 25
73 205 70
108 206 57
73 206 58
10 206 78
163 206 87
203 206 71
146 206 26
145 206 54
44 206 27
205 206 3
42 206 60
29 206 72
54 206 11
201 206 19
119 206 57
117 206 44
72 206 66
122 206 19
109 206 23
196 206 12
103 206 63
131 206 79
148 206 29
83 206 67
130 206 17
192 206 68
138 207 84
84 207 86
42 207 62
141 207 49
46 207 81
3 207 82
37 207 61
30 207 12
90 207 87
150 207 13
15 207 96
147 207 81
199 207 83
76 207 45
27 207 73
91 207 6
121 207 52
44 207 70
165 207 51
98 208 64
173 208 24
44 208 83
28 208 79
71 208 69
10 208 52
88 208 12
132 208 95
24 208 62
7 208 51
184 208 37
197 208 58
60 208 62
137 208 43
145 208 94
103 208 1
92 208 64
112 208 27
64 208 57
43 208 62
77 209 54
197 209 100
129 209 52
49 209 60
8 209 39
147 209 8
109 209 68
73 209 74
153 209 62
189 209 43
179 209 77
124 209 47
96 209 75
184 209 38
146 209 97
30 209 45
81 209 69
1 209 26
185 209 67
64 209 9
195 209 36
84 209 27
167 209 19
11 209 90
155 209 62
37 209 88
186 209 11
164 209 17
111 209 85
48 210 12
109 210 23
115 210 9
174 210 34
71 210 37
14 210 1
31 210 42
153 210 36
22 210 84
65 210 39
194 210 8
98 210 26
119 210 53
4 210 58
205 210 73
96 210 63
47 210 28
120 210 64
161 210 14
86 210 40
6 210 72
202 210 48
91 210 6
76 210 86
79 210 48
37 210 21
137 210 19
86 211 41
179 211 47
158 211 12
175 211 98
130 211 3
95 211 96
46 211 2
147 211 57
114 211 13
108 211 46
135 211 70
183 211 16
39 211 21
13 211 84
144 211 54
90 211 5
142 211 63
174 211 81
129 211 3
85 211 35
58 211 65
67 211 13
26 211 17
99 212 80
149 212 77
182 212 31
138 212 33
134 212 25
11 212 28
17 212 6
104 212 99
87 212 67
164 212 89
203 212 57
101 212 11
65 212 72
192 212 62
91 212 96
180 212 35
12 212 16
47 212 87
79 212 92
35 212 97
205 212 52
38 212 69
40 212 14
106 212 29
116 213 18
202 213 45
111 213 71
19 213 78
194 213 78
149 213 4
141 213 42
34 213 37
28 213 96
20 213 49
208 213 50
152 213 57
138 213 40
53 213 93
29 213 17
211 213 89
136 213 47
42 213 94
178 213 1
89 213 51
64 213 66
87 213 3
201 213 23
48 213 75
92 213 12
121 213 63
66 213 78
39 213 56
37 213 91
186 214 45
208 214 5
126 214 92
101 214 51
38 214 83
43 214 11
29 214 37
91 214 50
95 214 97
69 214 21
154 214 18
49 215 71
22 215 67
106 215 61
57 215 28
84 215 93
53 215 77
102 215 30
189 215 79
38 215 22
186 215 56
145 215 40
162 215 72
122 216 13
42 216 54
176 216 85
87 216 60
63 216 30
47 216 54
62 216 92
175 216 17
125 216 48
25 216 68
193 216 17
153 216 55
181 216 59
127 216 97
163 216 1
157 216 74
104 216 34
4 216 52
120 217 60
210 217 38
145 217 58
51 217 48
80 217 36
112 217 15
87 217 1
143 217 30
104 217 84
25 217 74
176 217 78
138 217 81
83 218 13
177 218 51
84 218 50
55 218 30
184 218 51
37 218 8
78 218 33
179 218 15
121 218 95
185 218 82
19 218 37
174 218 87
111 218 39
156 218 11
54 218 56
126 218 49
42 218 54
4 218 80
144 218 84
124 218 32
39 218 54
45 218 23
110 218 4
128 219 48
175 219 96
212 219 20
49 219 12
29 219 25
52 219 47
104 219 88
22 219 17
114 220 52
43 220 36
81 220 58
146 220 78
105 220 12
16 220 84
147 220 86
141 220 15
44 220 7
151 220 62
67 220 21
152 220 44
1 220 69
77 220 54
165 220 70
150 220 4
91 220 36
167 220 26
167 221 42
140 221 22
197 221 57
186 221 100
164 221 51
105 221 7
217 221 34
206 221 68
6 221 12
13 221 14
19 221 29
22 221 52
184 221 90
170 222 65
42 222 87
107 222 73
16 222 34
209 222 44
221 222 64
220 222 76
151 222 45
152 222 46
138 222 98
212 222 77
219 222 68
200 222 90
105 222 75
23 222 6
193 222 90
22 222 20
30 222 69
154 222 83
15 222 18
171 222 77
170 223 8
161 223 53
98 223 45
81 223 85
217 223 43
36 223 29
187 223 59
48 223 62
111 223 95
180 223 22
99 223 97
213 223 27
47 223 14
186 223 65
78 223 15
101 224 23
70 224 9
10 224 80
142 224 19
39 224 56
65 224 99
13 224 72
78 224 58
188 224 99
52 224 57
9 224 68
174 224 77
214 224 40
25 224 62
202 224 39
67 225 27
158 225 77
162 225 21
203 225 97
167 225 13
218 225 40
87 225 90
15 225 97
71 225 26
68 225 18
112 225 70
16 225 77
120 225 39
221 225 70
55 226 39
72 226 27
184 226 42
168 226 30
78 226 63
99 226 43
44 226 55
198 226 22
15 226 90
115 226 24
212 226 55
116 226 35
208 226 54
104 226 7
48 226 89
174 226 88
54 226 71
69 226 17
60 227 89
48 227 90
38 227 56
76 227 9
9 227 43
201 227 97
168 227 60
214 227 38
137 227 79
66 227 8
94 227 92
135 227 66
169 228 66
127 228 77
126 228 67
98 228 91
22 228 13
197 228 50
8 228 99
96 228 41
42 228 17
44 228 83
130 228 64
6 229 84
96 229 23
113 229 26
79 229 67
170 229 51
192 229 96
106 229 39
4 229 25
37 229 22
157 229 88
218 229 15
100 229 59
122 229 64
7 229 7
142 229 99
27 229 48
105 229 60
178 229 16
52 229 1
141 229 53
228 229 100
191 229 5
197 229 83
114 230 85
123 230 98
10 230 98
167 230 3
92 230 45
108 230 46
138 230 49
8 230 22
49 230 53
45 230 17
133 230 62
62 230 39
201 230 51
215 230 25
214 230 88
102 230 90
179 230 63
50 230 97
57 230 44
46 230 62
205 230 45
173 230 30
106 230 93
93 230 12
127 230 23
221 230 17
222 230 31
33 230 65
41 230 6
222 231 79
134 231 68
154 231 77
80 231 14
4 231 67
151 231 63
124 231 13
90 231 20
40 231 23
209 231 83
45 231 46
219 231 60
84 231 34
153 231 64
24 231 47
34 231 19
59 231 80
185 231 100
229 231 90
198 231 95
190 231 70
27 231 5
144 231 37
195 232 40
199 232 35
213 232 37
207 232 82
229 232 93
113 232 75
77 232 22
173 232 71
140 232 59
107 232 40
129 232 50
186 232 36
10 232 21
59 232 62
209 232 42
99 233 7
222 233 69
71 233 99
114 233 59
66 233 17
44 233 98
120 233 55
166 233 61
136 233 90
108 233 43
101 233 64
34 233 16
64 233 40
232 233 6
156 233 41
181 233 19
177 233 85
74 233 36
155 233 72
115 233 23
12 233 82
183 233 73
20 233 77
119 233 16
110 233 29
163 234 11
138 234 42
12 234 29
203 234 53
129 234 44
229 234 60
49 234 66
205 234 83
105 234 91
100 234 63
162 234 73
187 235 45
233 235 86
90 235 12
219 235 78
137 235 44
123 235 82
96 235 82
149 235 40
215 235 31
124 235 55
63 236 95
161 236 70
176 236 90
96 236 79
165 236 60
5 236 19
78 236 32
229 236 87
114 237 80
155 237 72
48 237 17
229 237 19
76 237 73
198 237 28
34 237 79
95 237 63
4 237 12
217 237 98
234 237 7
127 237 15
185 237 29
124 237 33
13 237 30
148 237 53
149 237 18
216 238 41
235 238 89
164 238 56
183 238 72
99 238 20
59 238 70
140 238 75
3 238 23
185 238 3
8 238 35
100 238 38
52 238 12
89 238 41
45 238 44
147 238 1
141 238 47
223 239 16
13 239 16
117 239 30
211 239 49
178 239 23
147 239 80
133 239 63
230 239 18
220 240 36
219 240 48
178 240 21
147 240 80
95 240 96
133 240 26
238 240 99
98 240 60
215 240 75
114 240 40
174 240 6
206 240 33
134 240 88
225 240 84
201 240 73
192 240 29
52 240 96
168 240 10
213 240 44
188 240 70
211 240 89
77 241 78
104 241 16
130 241 58
95 241 7
37 241 78
189 241 49
123 241 51
176 241 70
157 241 14
99 241 40
233 242 22
139 242 7
196 243 14
8 243 48
17 243 17
197 243 68
188 243 72
67 243 31
23 243 6
88 243 5
205 243 86
150 245 68
64 245 22
48 245 92
190 245 90
169 245 31
11 245 62
148 245 63
182 245 5
74 245 10
224 245 72
93 245 44
131 245 17
78 245 47
124 245 2
166 245 69
99 245 91
61 245 36
20 245 50
174 245 9
104 245 87
205 245 93
44 245 77
237 245 39
216 245 12
203 246 92
132 246 78
18 246 38
168 246 91
92 246 65
86 246 1
198 246 21
70 246 15
238 246 97
58 246 93
123 246 64
81 246 88
194 247 1
101 247 17
191 247 78
206 247 13
113 247 83
190 247 50
176 247 100
80 247 30
147 247 44
210 247 14
53 247 22
126 247 78
92 247 78
87 247 83
143 247 61
72 247 60
74 247 99
24 247 50
178 247 92
236 247 24
110 247 11
3 247 22
95 247 11
86 247 96
169 247 26
215 247 68
84 247 77
177 247 19
153 247 74
89 248 29
151 248 48
179 248 66
236 248 48
147 248 98
208 248 19
108 248 66
207 248 93
218 249 62
232 249 71
84 249 5
59 249 35
202 249 38
5 249 22
147 249 100
80 249 51
195 249 76
52 249 28
23 250 12
249 250 73
237 250 54
173 250 58
78 250 96
190 250 46
214 250 9
90 250 73
239 250 87
204 250 42
188 250 7
247 250 95
5 250 62
234 250 70
121 250 38
31 250 73
94 250 32
184 250 40
111 250 22
33 250 92
105 251 32
48 251 64
20 251 98
224 251 19
13 251 50
70 251 53
162 251 98
142 251 89
242 251 90
169 251 56
62 251 55
4 251 31
11 252 81
166 253 4
69 253 76
36 253 93
246 253 49
45 253 68
39 253 24
201 253 94
151 253 80
149 253 17
44 253 67
119 253 61
25 253 8
210 253 50
115 253 61
236 253 81
1 253 77
161 253 88
192 253 84
207 253 39
141 253 46
66 253 45
132 253 6
165 253 86
206 253 61
194 253 6
138 253 31
162 253 43
76 254 77
87 254 17
232 254 40
174 254 71
69 254 85
6 254 24
85 254 16
229 254 90
99 254 3
214 254 2
191 255 14
98 255 24
31 255 46
65 255 29
176 255 3
168 255 94
238 255 24
253 255 98
120 255 29
206 255 33
200 255 18
251 255 41
121 255 24
37 255 67
49 255 49
147 255 40
180 255 96
129 255 99
50 255 17
140 255 77
177 255 16
158 255 37
75 255 100
249 255 81
30 255 42
183 255 98
149 255 66
72 255 4
135 255 86
159 256 35
72 256 86
5 256 99
100 256 51
219 256 65
165 256 11
135 256 65
17 256 19
182 256 77
75 256 83
206 256 57
76 256 70
156 256 70
244 256 88
229 256 26
89 256 59
202 256 11
245 256 85
180 256 76
33 256 10
102 256 97
253 256 87
18 256 18
254 256 77
200 257 85
205 257 34
160 257 21
221 258 5
152 258 78
1 258 13
7 258 52
47 258 11
193 258 17
13 258 89
145 258 65
192 258 75
94 258 64
190 258 85
130 258 15
136 258 28
65 258 64
154 258 61
150 258 95
167 258 41
243 258 50
179 258 4
223 258 72
80 258 52
54 258 13
68 258 66
78 258 74
254 258 79
240 258 6
125 258 92
180 258 63
26 259 51
107 259 72
180 259 86
49 259 1
56 259 65
142 259 61
31 259 45
204 259 26
224 259 26
37 259 57
94 259 46
116 259 32
86 259 15
192 260 53
13 260 65
132 260 15
37 260 57
82 260 66
76 260 2
84 260 6
24 260 25
51 260 79
181 260 9
201 260 54
58 260 11
87 260 72
78 260 76
247 260 9
152 260 100
248 260 65
77 261 37
234 261 14
26 261 85
256 261 47
40 261 69
47 261 40
183 261 86
140 261 9
130 261 25
154 261 47
225 261 43
59 261 5
27 261 23
34 261 89
176 261 66
242 261 80
29 261 3
139 261 70
153 261 6
97 262 35
148 262 17
166 262 35
36 262 34
159 262 44
256 262 62
11 262 17
146 262 20
244 262 92
9 262 99
102 262 18
117 262 96
111 262 94
35 262 17
38 262 79
82 262 39
251 262 56
190 262 67
249 262 14
51 262 29
71 262 36
104 262 4
77 263 18
117 263 87
83 263 15
179 263 25
125 264 48
109 264 13
150 264 41
12 264 98
135 264 96
140 264 59
171 264 15
29 264 96
39 264 57
153 264 77
19 264 84
60 264 74
103 264 17
7 264 76
164 264 73
189 264 26
70 264 88
35 264 83
23 264 33
81 264 47
182 264 47
137 264 18
38 264 13
256 264 32
18 264 92
139 264 82
82 264 72
128 264 59
154 264 12
122 265 61
74 265 69
97 265 59
109 265 12
179 265 39
36 265 80
9 265 80
188 265 80
83 265 9
201 265 54
226 265 21
62 265 2
59 266 53
205 266 85
116 266 46
34 266 13
118 266 22
125 266 15
120 267 14
173 267 4
254 267 77
64 267 98
47 267 58
38 267 73
114 267 1
45 267 96
179 267 52
136 267 34
253 267 59
123 267 92
5 267 47
166 267 12
31 267 45
73 267 17
129 267 3
181 267 42
205 267 88
196 267 25
34 267 19
90 267 51
111 268 27
134 268 28
167 268 85
81 268 22
50 268 94
150 268 50
228 268 62
18 268 74
187 268 79
95 268 51
99 268 27
185 268 38
153 268 51
43 268 93
29 268 3
54 268 26
203 268 84
129 268 83
114 268 18
140 268 55
130 268 38
234 268 24
98 268 77
132 269 72
61 269 32
147 269 42
107 269 3
79 269 21
40 269 64
71 269 52
137 269 16
35 269 80
102 269 30
187 269 50
22 269 48
121 269 62
131 269 56
93 269 95
266 269 94
193 269 75
196 269 42
86 269 11
75 269 29
216 269 85
110 269 40
249 269 2
229 269 90
139 269 46
17 270 72
189 270 85
106 270 27
101 270 60
220 270 90
203 270 76
131 270 52
269 270 20
91 270 93
83 270 87
208 270 9
134 270 26
145 270 36
238 270 53
73 270 51
117 270 44
21 270 8
232 270 62
107 270 6
105 270 26
255 271 60
244 271 88
182 271 1
92 271 33
20 271 55
213 271 24
148 271 87
139 271 66
21 272 45
190 272 58
12 272 43
166 272 44
3 272 48
85 272 10
101 272 43
18 272 48
46 272 52
124 272 40
136 272 23
159 272 29
227 273 40
80 273 70
77 273 7
84 273 89
24 273 63
36 273 68
237 273 27
263 273 95
57 273 71
118 273 37
145 273 58
106 273 5
239 273 53
272 273 9
142 273 29
33 273 71
52 273 38
99 274 54
80 274 75
22 274 92
211 274 53
231 274 43
233 274 41
241 274 77
69 274 4
187 274 65
76 274 2
195 274 40
225 274 15
249 274 88
121 274 93
265 274 7
138 274 70
90 274 66
175 274 21
110 274 65
116 275 2
258 275 90
133 275 34
262 275 88
214 275 35
218 275 52
117 275 41
111 275 47
247 275 12
222 275 26
30 275 8
9 275 54
273 275 92
82 275 30
90 275 99
78 275 32
123 275 88
31 275 86
71 275 18
29 275 40
15 276 17
270 276 92
257 276 40
141 276 47
134 276 71
64 276 44
76 276 87
193 276 41
13 276 85
139 276 87
34 277 77
200 277 34
104 277 71
212 277 53
276 277 78
115 277 56
61 277 94
107 277 45
125 277 95
154 277 30
40 277 72
196 277 83
59 277 55
140 277 54
159 277 92
111 277 10
29 277 36
46 277 77
66 277 62
48 277 4
222 277 92
271 277 2
97 278 1
225 278 30
203 278 64
243 278 38
60 278 4
273 278 12
147 278 49
157 278 20
166 278 4
221 278 77
132 278 69
145 278 70
184 278 48
87 278 83
144 278 24
113 279 74
186 279 54
16 279 22
45 279 28
72 279 15
203 279 33
235 279 76
226 279 10
231 279 82
83 279 62
210 279 88
249 279 2
214 279 76
278 279 88
176 280 55
245 280 100
25 280 39
134 280 86
64 280 84
143 280 20
58 280 41
34 280 27
38 280 13
15 280 79
27 280 79
46 280 52
227 280 76
240 280 99
163 280 30
199 280 9
102 280 46
129 280 20
154 280 86
249 280 3
30 280 53
132 280 20
235 281 57
122 281 87
19 281 86
32 281 28
51 281 58
255 281 67
9 281 87
166 281 81
239 281 5
236 281 69
267 281 53
247 281 34
263 281 2
106 281 80
39 281 88
203 281 54
257 281 71
81 281 79
77 281 81
202 281 92
145 281 55
256 281 3
133 281 92
158 281 33
110 281 37
155 281 20
44 282 96
81 282 98
34 282 82
91 282 99
152 282 76
235 282 19
126 282 70
32 282 91
48 282 3
151 283 55
209 283 76
174 283 54
251 283 66
222 283 24
9 283 27
149 283 37
52 283 24
102 283 5
155 283 47
200 283 34
257 283 15
100 283 83
191 283 69
159 283 32
176 283 1
55 283 25
119 283 32
184 283 40
227 283 33
225 283 44
115 283 96
195 283 79
44 283 67
213 283 49
41 284 88
177 284 20
85 284 26
176 284 44
170 284 22
206 284 60
241 284 72
162 284 21
102 284 33
194 284 43
119 284 47
20 284 56
135 284 94
110 284 88
109 284 78
213 284 47
64 284 7
141 284 12
221 284 97
49 284 27
77 284 34
211 284 47
220 284 10
21 284 3
278 284 61
10 285 59
258 285 4
244 285 39
259 285 78
191 286 46
231 286 77
274 286 79
260 286 40
229 287 17
260 288 2
60 288 48
200 288 42
9 288 6
56 288 50
184 288 7
227 288 76
37 288 70
61 288 85
11 288 38
155 288 56
102 288 43
231 288 38
1 288 74
141 288 90
175 288 54
193 288 70
121 288 9
87 288 55
67 288 51
33 289 54
106 289 36
32 289 38
156 289 33
128 289 75
126 289 32
121 289 5
247 289 71
62 289 57
179 289 82
11 289 15
207 289 87
173 289 74
135 289 91
234 289 78
218 289 34
118 289 11
45 289 53
276 289 82
275 289 48
232 289 68
274 289 31
159 289 78
88 289 54
191 289 12
7 289 59
43 289 71
57 289 49
81 290 35
186 290 22
154 290 11
102 290 64
270 290 99
92 290 52
62 290 33
44 290 81
251 290 51
67 290 69
210 290 57
190 290 4
167 290 91
255 290 39
56 290 61
149 290 73
237 290 73
234 290 69
94 290 73
62 291 11
35 291 13
254 291 47
60 291 78
253 291 100
42 291 47
97 291 70
219 291 23
284 291 63
13 291 87
200 291 58
164 291 7
239 291 92
259 291 86
86 291 31
104 291 39
142 291 99
82 291 59
122 291 69
72 292 87
182 292 99
125 292 33
79 292 3
101 292 76
9 292 20
287 292 39
31 292 18
63 292 37
37 292 27
73 292 63
218 292 9
18 292 92
257 292 1
121 292 27
251 292 64
172 292 90
6 292 63
61 292 44
24 292 22
228 292 41
144 292 80
242 292 5
50 292 15
32 292 58
12 292 59
184 292 25
224 292 98
77 294 99
130 294 67
141 294 32
151 294 21
101 294 19
263 294 96
186 294 91
158 294 86
37 294 87
49 294 24
205 294 17
115 294 70
67 294 39
117 295 50
255 295 76
23 295 81
254 295 58
283 295 25
135 295 4
220 295 1
144 295 22
193 295 16
128 295 7
20 295 26
193 296 4
149 296 72
84 296 85
161 296 25
293 296 91
254 296 39
103 296 46
64 296 27
15 296 10
29 296 72
198 296 61
61 296 34
220 296 50
195 296 55
280 296 91
66 296 42
278 296 12
184 296 47
12 296 85
75 296 37
6 296 41
224 296 48
245 296 72
292 296 55
126 296 52
155 296 38
170 296 18
76 297 43
40 297 56
210 297 51
249 297 54
291 297 27
66 297 13
282 297 68
11 298 63
55 298 42
107 298 82
177 298 31
59 298 11
57 298 92
141 298 81
80 298 47
252 298 42
30 298 14
187 298 15
279 298 76
146 299 32
191 299 67
56 299 63
116 299 17
65 299 87
104 299 13
20 299 52
193 299 43
265 299 15
169 299 72
144 299 41
3 299 84
58 299 20
205 299 87
211 300 5
234 300 4
142 300 98
191 300 1
286 300 24
48 300 26
168 300 24
64 300 64
260 300 80
47 300 75
129 300 83
24 300 32
87 300 75
66 300 18
275 301 83
157 301 57
46 301 84
124 301 68
214 301 77
179 301 88
12 301 40
155 301 54
104 301 51
62 302 75
289 302 95
270 302 71
184 302 66
180 302 8
18 302 90
49 302 71
282 302 10
1 302 60
225 302 32
37 302 24
300 302 23
169 302 64
201 302 48
83 302 1
217 302 2
36 302 84
114 302 77
73 302 64
265 302 85
123 302 94
102 302 85
88 302 8
243 302 12
84 302 13
92 302 69
95 303 50
114 303 28
264 303 74
281 303 65
169 303 11
73 303 49
270 303 23
287 303 96
201 303 39
86 303 47
35 303 42
252 303 83
289 303 36
96 303 72
29 303 1
98 303 34
223 303 70
183 303 41
208 303 68
181 303 57
296 303 2
22 304 14
31 304 78
170 304 100
82 304 61
190 304 47
294 304 59
41 304 90
211 305 34
241 305 33
69 305 49
123 305 59
167 305 54
94 305 44
148 305 93
303 305 57
149 305 63
51 305 41
298 305 45
195 305 55
171 305 71
250 305 87
137 305 60
73 305 95
273 305 10
47 305 70
291 305 73
196 306 86
234 306 79
245 306 65
169 306 32
126 306 45
264 307 43
239 307 24
144 307 5
77 307 58
242 307 46
92 307 24
51 308 11
219 308 95
268 308 74
174 308 6
133 308 20
13 308 46
282 308 25
155 308 89
165 308 21
281 308 22
85 309 18
150 309 68
245 309 44
143 309 49
277 309 99
182 309 43
35 309 12
134 309 95
3 309 86
16 309 88
233 309 21
290 309 2
211 309 1
188 309 5
56 309 17
82 309 30
152 309 91
184 309 81
75 309 51
130 310 26
246 310 39
123 310 40
280 310 37
57 310 27
153 310 67
70 311 3
81 311 67
104 311 65
183 311 81
67 311 55
83 311 98
306 312 57
123 312 77
209 312 48
158 312 13
62 312 58
92 312 4
43 312 69
261 312 55
46 312 2
285 312 51
201 312 86
97 312 17
279 312 70
172 312 62
199 312 7
226 312 83
174 312 20
1 312 78
278 312 47
224 312 82
182 312 25
107 312 45
53 312 19
245 313 31
261 313 75
146 313 82
224 313 76
106 313 18
117 314 57
19 314 93
109 314 70
206 314 3
16 314 81
307 314 35
6 314 23
273 314 97
140 314 5
87 314 73
1 314 23
137 314 49
93 315 1
78 315 85
206 315 81
188 315 13
226 316 19
146 316 2
117 316 77
31 316 26
211 317 16
175 317 65
186 317 36
47 317 87
107 317 46
279 317 39
36 317 13
136 317 51
302 318 79
224 318 81
315 318 65
17 318 21
54 318 73
116 318 34
228 318 26
150 318 53
114 318 6
282 318 16
267 318 43
59 318 61
141 318 55
211 318 42
203 318 91
260 318 22
94 318 63
230 318 32
18 318 31
11 318 17
104 318 85
143 318 3
49 318 93
199 318 82
160 318 41
246 318 39
51 318 74
318 319 42
305 319 26
265 319 82
306 319 78
307 319 94
84 319 74
212 319 22
56 319 23
5 319 75
239 319 2
293 319 62
282 319 79
253 319 100
44 319 2
150 319 5
218 319 46
68 319 24
224 319 43
317 319 92
96 319 27
119 319 5
103 319 49
262 319 65
134 320 13
51 320 56
304 320 11
120 320 27
6 320 25
50 320 86
290 320 8
37 320 16
187 320 39
265 320 74
51 321 5
79 321 5
148 321 66
42 321 96
293 321 17
171 321 25
39 321 48
248 321 69
273 322 40
168 322 44
100 322 21
79 322 32
226 322 95
234 322 17
77 322 14
208 322 57
305 322 50
240 322 78
312 322 50
253 322 36
263 322 78
12 322 83
175 322 88
292 322 43
229 322 14
169 322 81
215 322 51
192 323 12
125 323 57
64 323 41
236 323 21
201 323 65
146 323 62
150 323 24
134 323 30
308 323 25
32 323 55
143 324 68
41 324 25
66 324 44
147 325 26
94 325 92
47 325 40
196 326 41
134 326 1
147 326 92
98 326 49
135 326 15
94 326 91
284 326 4
222 326 75
216 326 17
287 326 64
263 326 14
53 326 30
158 326 47
264 326 53
245 326 82
293 326 38
266 326 70
93 326 83
260 326 53
228 326 66
101 326 13
16 326 90
275 326 63
229 326 84
121 326 21
267 326 29
220 326 61
187 326 23
55 327 58
17 327 4
43 327 31
82 327 57
248 327 87
197 327 61
117 327 67
217 327 2
87 327 79
70 327 63
56 327 50
61 327 56
50 327 25
77 327 36
161 327 47
259 327 97
163 327 17
36 327 93
74 327 93
151 327 58
10 327 41
200 327 3
283 327 84
230 327 61
196 328 43
217 328 48
316 328 91
305 328 13
50 328 27
297 328 2
85 328 40
250 328 20
279 328 23
310 328 60
21 328 60
42 328 26
303 328 37
243 328 39
289 328 41
120 328 1
267 328 77
34 328 62
239 328 9
132 328 40
199 328 36
10 328 56
106 328 33
318 328 27
288 328 64
211 328 73
133 328 54
230 328 15
93 328 4
228 329 96
47 329 98
266 330 78
205 330 59
293 330 9
221 330 91
275 330 66
214 330 56
123 330 91
146 330 3
287 330 50
200 330 9
36 330 19
138 330 27
211 330 33
236 330 24
11 330 58
238 330 70
47 330 94
76 330 29
284 330 31
270 330 16
176 330 43
283 330 97
111 330 72
78 330 16
33 330 10
197 330 79
299 330 74
227 330 86
192 330 77
40 331 17
87 331 95
322 331 84
59 331 41
8 332 57
60 332 16
231 332 19
119 332 89
257 332 92
215 332 44
51 332 44
113 332 24
326 332 66
290 332 84
188 332 89
24 333 60
160 333 52
199 333 94
178 333 78
114 333 45
301 333 3
290 333 83
171 333 20
217 334 9
135 334 30
154 334 55
69 334 5
130 334 17
103 334 73
196 334 48
45 334 15
156 334 12
301 334 98
256 334 92
289 334 61
43 334 18
198 334 80
214 334 54
324 334 16
106 335 64
227 335 51
59 335 60
183 335 51
285 335 70
26 335 68
145 335 60
254 335 49
266 335 61
248 335 61
99 335 88
186 335 46
71 335 66
295 336 54
101 336 41
37 336 48
97 336 54
77 336 17
72 336 70
105 336 35
305 336 99
209 336 15
109 336 90
134 336 19
63 336 52
182 336 8
259 336 34
56 336 42
248 336 65
193 336 65
235 336 83
219 336 29
140 336 1
192 336 24
272 336 64
76 336 70
120 336 67
285 337 73
165 337 30
21 337 55
218 337 50
26 337 30
255 337 32
318 337 17
247 337 49
75 338 95
323 338 66
286 338 4
325 338 22
174 338 51
269 338 37
283 338 34
298 338 94
245 338 21
63 338 69
104 338 86
38 338 29
107 338 7
122 338 61
254 339 66
327 339 14
9 339 65
36 339 66
149 339 18
312 339 78
58 339 37
32 339 7
11 339 15
176 339 41
276 339 25
156 339 80
326 339 100
323 339 9
75 340 5
254 340 78
333 340 32
190 340 70
157 340 22
141 340 29
67 340 4
287 340 90
51 340 24
232 340 67
32 340 94
177 340 85
182 340 31
130 340 60
170 340 11
184 340 75
35 340 63
197 340 2
320 340 5
309 340 17
56 340 50
325 340 80
24 340 88
279 340 74
209 340 48
233 340 93
151 340 57
147 341 67
173 341 26
130 341 42
221 341 51
192 341 53
186 341 36
317 341 65
268 341 54
80 341 57
267 341 15
281 341 39
126 341 9
287 341 32
57 341 67
231 341 28
144 341 68
26 341 72
98 341 36
203 341 80
303 341 70
161 341 55
234 341 76
283 341 45
240 341 87
105 341 74
66 341 12
7 341 36
259 341 21
198 341 61
158 342 26
235 342 88
74 342 29
339 342 37
150 342 59
216 342 85
10 342 60
27 342 26
36 342 8
259 342 93
307 342 47
175 342 14
274 342 46
100 342 15
295 342 90
42 342 93
335 342 14
119 342 13
281 342 71
116 342 3
33 343 50
329 343 84
11 344 19
318 344 27
314 344 17
10 344 33
313 345 73
295 345 34
112 345 1
145 345 23
187 346 48
125 346 15
155 346 3
290 346 46
5 346 93
319 346 23
342 346 95
277 346 21
217 346 52
229 346 8
235 346 13
268 346 19
50 346 99
45 346 2
294 346 2
135 346 14
55 346 31
7 346 78
254 346 67
255 346 6
220 346 80
237 346 78
275 346 35
95 347 5
288 347 91
194 347 56
336 347 27
228 347 3
52 348 82
122 348 59
121 348 79
338 348 36
153 348 6
272 348 44
200 348 51
205 348 11
292 348 72
80 348 49
230 348 27
308 348 65
134 348 66
216 348 43
9 348 42
15 348 91
345 349 63
154 349 55
112 349 61
72 349 36
264 349 29
134 349 61
3 349 31
230 349 46
32 349 62
142 349 9
294 349 76
281 349 15
238 349 61
245 349 35
331 349 18
125 349 79
37 349 62
58 349 98
330 349 68
217 349 12
106 349 13
274 349 52
147 349 77
181 349 20
313 349 51
22 349 20
285 349 31
335 349 10
249 350 50
95 350 7
66 350 93
195 350 44
284 350 82
108 350 30
43 350 81
122 350 20
186 350 55
315 352 48
309 352 50
33 352 66
166 352 17
222 352 25
32 352 45
86 352 25
327 352 85
260 352 54
51 352 70
331 352 43
57 352 58
157 352 80
135 352 2
265 352 26
252 352 32
288 352 79
15 352 27
143 352 65
306 352 8
37 352 22
310 352 39
3 352 23
147 352 32
211 353 76
187 353 28
255 353 7
107 353 32
270 353 64
292 353 79
280 353 79
170 353 61
185 353 9
237 353 68
251 353 85
1 353 5
77 353 72
335 354 97
110 354 19
302 354 64
165 354 75
309 354 35
337 354 38
341 354 73
78 354 48
179 354 41
99 355 95
171 355 36
325 355 93
187 355 11
300 355 97
177 355 86
119 355 56
262 356 66
238 356 9
293 356 53
197 356 22
194 356 52
158 356 67
144 356 14
280 356 76
30 356 22
187 356 68
77 356 44
146 356 14
78 356 68
355 356 84
138 356 83
172 356 43
339 357 46
70 357 94
176 357 41
128 357 53
91 357 96
332 357 26
260 357 7
244 357 29
271 357 31
174 358 79
186 359 43
201 359 66
48 359 50
23 359 57
83 359 85
307 359 43
54 359 53
57 359 84
43 359 28
150 359 21
209 359 69
131 359 65
313 359 59
279 359 65
183 359 68
241 359 80
245 359 11
82 359 66
223 359 68
248 359 99
262 359 98
354 359 47
184 359 86
211 360 82
152 360 40
170 360 43
5 360 15
195 360 28
98 360 21
61 360 65
193 360 34
132 360 73
250 360 83
150 360 98
10 360 27
12 360 76
270 360 38
289 360 13
179 360 21
75 360 99
267 360 53
309 360 45
306 360 55
286 360 68
231 360 91
176 360 49
197 361 87
226 361 18
221 361 14
133 361 96
24 361 90
120 361 89
239 361 62
316 361 42
88 361 70
332 361 59
232 361 30
193 361 3
153 361 14
114 361 23
278 361 38
341 361 83
314 361 4
334 362 18
49 362 100
59 362 89
326 362 36
91 362 11
162 362 100
355 362 20
35 362 48
291 362 50
111 362 37
337 362 31
24 362 53
289 362 33
220 362 30
57 362 95
273 362 77
148 362 59
55 362 18
212 363 42
179 363 59
125 363 38
69 364 48
94 364 70
83 364 66
103 364 71
309 364 21
95 364 84
211 364 26
256 364 48
196 364 6
200 365 54
109 365 43
62 365 61
139 365 45
97 365 8
122 365 99
228 365 5
314 365 27
95 365 26
235 365 94
238 365 7
134 365 95
176 365 81
278 365 12
218 365 76
211 365 57
229 365 51
55 365 48
124 365 51
71 365 30
181 365 35
256 365 2
116 365 56
41 365 23
100 365 85
46 365 30
103 366 77
185 366 40
296 366 74
218 366 14
153 366 62
175 366 38
72 366 36
10 366 8
328 366 87
364 366 82
74 366 17
339 366 49
79 366 63
240 366 68
332 366 81
144 366 13
272 366 79
346 366 92
114 366 100
247 366 85
249 366 68
298 366 16
213 367 44
355 367 36
183 367 53
63 367 38
319 367 39
281 367 85
240 367 40
200 367 15
30 367 29
335 367 5
282 368 71
343 368 52
78 368 25
109 369 84
132 369 50
159 369 8
254 369 32
271 369 10
269 369 23
237 369 87
160 369 50
207 369 82
190 369 81
33 369 62
217 369 11
169 369 39
281 369 17
235 369 2
322 369 89
183 369 22
105 369 5
115 369 9
89 369 92
317 369 95
189 369 62
287 370 6
308 370 50
119 370 6
362 370 81
357 370 49
274 370 53
355 370 88
85 370 25
339 370 7
123 370 21
1 370 6
227 370 51
317 370 19
25 370 98
321 370 79
294 370 6
257 370 49
250 370 1
352 370 70
328 370 42
126 370 17
169 370 98
117 370 94
204 370 42
19 370 11
11 370 15
88 370 83
331 370 73
196 370 70
120 371 86
182 371 63
210 371 49
285 371 11
370 371 100
135 371 39
179 371 57
64 371 76
107 371 61
260 371 28
361 371 17
191 371 96
129 371 10
341 371 57
163 371 66
85 371 64
272 371 2
325 371 97
57 371 44
345 371 31
119 371 32
307 371 17
299 371 86
24 371 98
225 372 1
230 372 88
137 372 89
20 372 82
79 372 41
121 372 62
5 372 49
31 372 58
322 373 7
342 373 2
228 373 27
337 373 8
205 373 81
298 373 54
121 373 72
53 373 76
341 373 4
113 373 26
144 373 64
248 373 55
338 373 76
111 373 81
69 373 15
307 373 69
24 373 96
13 373 69
151 373 20
227 373 77
50 374 6
298 374 98
122 374 15
164 374 63
225 374 64
82 374 81
159 374 28
176 374 60
330 374 69
13 374 53
72 374 36
151 374 29
38 374 77
128 374 90
208 374 15
251 374 62
187 374 22
203 374 64
337 374 55
96 374 57
198 374 52
150 374 5
319 374 92
139 374 33
148 374 68
212 374 94
200 374 13
154 374 53
168 375 81
255 375 83
288 375 22
315 375 43
41 375 14
144 375 59
127 375 18
58 375 71
107 375 11
352 375 59
22 375 39
327 375 64
57 375 62
49 375 93
368 375 24
245 375 32
70 375 41
175 375 28
78 375 42
81 376 83
328 376 49
175 376 80
41 376 26
225 376 56
76 376 20
90 376 8
211 376 69
117 376 89
131 376 96
53 376 80
6 376 97
86 376 64
133 376 39
67 376 83
64 376 84
168 376 62
23 376 50
297 377 14
366 377 10
324 377 71
13 377 86
334 378 53
279 378 43
316 378 58
150 378 15
216 378 50
152 379 61
65 379 14
77 379 87
196 379 31
102 379 8
39 379 29
333 379 19
242 379 88
18 379 24
286 379 36
202 379 8
305 379 26
110 379 67
171 379 60
220 379 9
329 379 62
232 379 26
346 379 11
200 379 3
110 380 97
299 380 7
329 380 77
366 380 5
226 381 79
143 381 93
275 381 73
287 381 9
66 381 86
151 381 32
83 381 87
372 381 58
130 381 64
197 381 88
271 381 12
231 381 92
364 381 77
289 381 20
156 381 32
294 381 25
6 381 38
108 381 17
52 381 58
272 381 96
252 381 44
358 381 33
265 381 28
221 381 16
370 381 30
145 381 53
167 381 29
105 381 21
80 381 40
302 382 38
121 382 81
224 382 35
32 382 80
343 382 63
290 382 52
213 382 88
57 382 67
104 382 41
221 382 70
193 382 50
108 382 11
81 382 37
146 383 60
38 383 42
138 384 20
242 385 26
259 385 70
147 385 21
63 385 55
15 386 31
246 387 73
158 387 49
297 387 62
172 387 23
321 387 87
253 388 27
336 388 10
205 388 53
111 390 51
363 390 90
295 390 81
244 390 30
349 390 5
91 390 64
204 390 72
299 391 73
52 391 76
207 391 43
182 391 88
89 391 79
121 391 43
308 391 19
124 391 2
94 391 59
167 391 56
53 391 74
107 391 41
389 391 19
281 391 1
30 391 97
345 391 63
90 391 43
380 391 97
74 391 45
242 391 68
174 391 98
147 391 45
202 391 20
375 391 2
319 391 27
236 392 3
145 392 20
152 392 8
221 392 42
306 393 61
74 393 12
58 393 14
302 393 67
373 393 6
72 393 47
272 393 65
184 393 29
6 393 14
108 393 57
205 394 55
277 394 67
239 394 56
97 394 45
141 394 72
216 395 95
297 395 93
157 395 39
78 395 58
235 395 60
328 395 74
272 395 77
93 395 70
247 395 30
167 395 48
330 395 69
168 395 72
280 395 63
198 395 75
6 395 41
304 395 97
33 396 8
270 396 9
81 396 99
391 396 71
99 396 76
149 396 1
172 396 82
122 396 65
71 396 12
240 397 8
223 397 21
39 397 88
115 397 28
57 397 46
148 397 54
363 397 29
257 397 89
141 397 24
258 399 37
33 399 71
126 400 12
81 400 77
316 400 26
203 400 59
370 400 26
194 400 26
237 400 80
66 400 91
34 400 44
176 401 46
40 401 28
198 401 76
170 401 69
389 401 82
309 402 45
261 402 11
371 402 92
93 402 46
350 402 85
168 403 41
103 403 28
325 403 92
372 403 33
180 403 22
328 403 71
383 403 4
244 403 52
105 403 51
109 403 14
61 403 52
206 403 74
47 403 39
122 403 83
302 403 37
213 404 82
234 404 85
327 404 71
383 404 87
349 404 60
242 404 98
74 404 38
381 404 97
339 404 8
79 404 92
36 404 40
329 404 59
72 404 3
199 404 70
391 405 65
229 405 55
226 405 73
128 405 2
41 405 12
93 405 43
352 405 50
100 405 48
201 405 11
338 405 42
18 405 9
292 405 96
47 405 22
286 405 80
38 405 33
168 405 35
39 405 50
399 405 82
353 405 86
327 405 46
99 405 24
320 405 45
131 405 81
224 405 70
188 405 10
109 405 31
134 405 55
350 405 46
295 406 9
57 406 69
384 406 23
241 406 87
237 406 65
281 406 2
183 406 44
135 406 38
256 406 76
308 406 51
374 406 60
202 406 64
263 406 89
403 406 26
324 406 72
189 406 74
327 406 72
221 406 21
313 406 68
149 406 97
85 406 17
188 406 69
128 406 99
265 407 30
306 407 82
218 407 98
364 407 46
282 407 55
74 407 12
382 407 84
225 407 60
141 407 59
107 407 74
90 407 10
333 407 86
255 407 40
374 407 88
45 407 27
273 407 16
102 407 65
401 407 42
105 407 54
296 407 84
63 407 64
93 407 37
71 407 90
310 407 72
385 407 50
267 408 96
200 408 2
135 408 58
317 408 69
359 408 71
336 408 81
35 408 24
255 408 43
294 408 52
210 408 21
109 408 25
138 408 33
386 408 88
18 408 17
47 408 95
80 408 4
327 408 4
119 408 32
252 408 9
141 408 7
230 408 55
180 409 56
236 409 51
59 409 81
48 409 31
49 409 96
330 409 72
213 409 85
286 409 42
375 409 25
336 409 91
329 409 8
251 409 3
259 409 59
69 409 19
243 409 37
46 409 97
85 409 30
353 409 48
354 409 12
131 409 15
82 409 31
306 410 21
328 410 91
116 410 36
126 410 53
107 410 16
234 410 76
10 410 78
276 410 95
133 410 38
187 410 5
44 410 9
154 410 87
404 410 95
201 410 40
409 410 14
223 410 67
275 410 78
47 410 63
36 410 16
88 410 52
250 410 24
329 410 15
135 410 41
266 410 73
385 410 31
83 410 79
117 410 34
378 411 57
160 411 13
110 411 80
380 411 55
182 411 26
267 411 66
161 412 18
300 412 83
108 412 44
33 412 91
217 412 54
185 412 78
22 412 1
242 412 23
411 412 18
163 412 88
6 412 71
123 412 79
156 412 80
146 412 96
342 412 73
376 412 16
160 412 74
73 412 33
332 412 86
383 412 83
280 412 65
252 412 97
412 413 2
35 413 74
48 413 21
124 413 11
311 413 97
363 413 2
200 413 16
41 413 35
184 413 81
307 413 97
185 413 75
5 413 43
404 414 2
138 414 76
103 414 37
108 414 32
179 415 100
298 415 39
198 415 69
258 415 13
368 415 93
161 415 11
218 415 95
134 415 60
196 415 26
118 415 4
300 415 94
86 415 14
363 415 39
164 415 96
229 415 32
190 415 100
409 415 88
261 415 60
126 417 17
168 417 15
363 417 46
241 417 19
252 417 72
180 417 24
54 417 81
128 417 8
257 417 88
235 417 20
258 417 36
183 417 71
247 417 14
108 417 5
416 417 20
343 417 97
167 417 84
203 417 2
216 417 96
408 417 51
25 417 93
96 417 28
357 417 84
409 417 25
78 418 34
168 418 82
136 418 15
329 418 72
186 418 13
115 418 21
31 418 11
40 418 98
315 418 59
406 418 59
414 418 96
85 418 48
229 418 52
417 418 97
30 418 60
281 418 100
350 418 89
226 418 16
145 418 81
303 418 60
131 418 89
259 418 37
178 418 63
413 418 43
102 419 57
182 419 27
193 419 84
397 419 11
375 419 44
302 419 28
285 420 53
23 421 22
196 421 15
163 421 43
233 421 47
77 421 1
41 421 24
92 421 37
82 421 66
290 421 30
307 421 81
197 421 11
136 421 100
269 421 53
388 421 47
50 421 3
25 421 25
302 421 1
389 422 80
256 422 44
186 422 2
354 422 43
85 422 22
39 422 43
264 422 15
402 422 84
115 422 21
81 422 88
369 422 26
305 422 11
153 422 99
146 422 97
126 422 48
283 422 45
59 422 21
108 422 29
37 422 98
366 422 60
51 422 100
236 422 64
144 422 57
43 422 33
79 422 14
331 422 62
298 422 5
346 422 86
302 422 71
227 423 65
39 423 32
199 423 76
238 423 99
388 423 55
344 423 89
185 423 69
129 423 24
409 423 76
218 423 3
333 423 96
304 423 8
70 423 35
258 423 48
266 423 95
47 423 93
288 423 47
349 423 94
284 423 5
326 423 8
74 423 65
128 423 88
319 423 37
49 423 99
411 423 29
159 423 68
195 423 16
347 423 93
421 424 29
228 424 20
241 424 11
119 425 86
49 425 16
259 425 46
286 425 83
274 425 56
38 425 78
246 425 64
173 425 68
230 425 97
287 425 31
89 425 32
400 425 51
55 425 26
145 425 51
143 425 8
234 425 83
43 425 87
175 425 61
398 425 30
202 425 78
146 425 36
151 425 95
225 425 38
76 425 73
217 425 27
210 426 28
172 427 96
138 427 81
360 427 59
349 427 87
129 427 15
184 427 40
265 427 13
43 427 60
61 427 10
320 427 51
214 427 25
157 427 44
35 427 43
133 427 21
221 427 23
248 427 45
282 427 21
259 427 89
238 427 78
38 427 70
416 427 58
132 427 47
419 427 57
425 427 64
315 427 72
49 428 8
316 428 68
171 428 26
191 428 91
57 428 54
275 428 13
334 428 71
354 428 80
181 428 2
125 428 88
112 428 65
317 428 25
363 428 5
385 428 20
314 428 76
393 428 80
121 428 73
261 428 87
273 428 99
133 428 100
169 428 57
41 428 75
381 428 62
146 428 30
418 428 14
179 428 45
333 428 16
183 429 9
350 429 7
36 429 35
80 430 23
347 430 80
13 430 71
351 430 69
214 430 51
221 430 55
133 430 50
242 430 73
310 430 67
397 430 36
64 430 17
378 430 92
123 430 86
262 430 39
226 430 14
175 430 66
385 430 48
78 430 57
408 430 40
364 430 61
406 430 83
110 430 41
152 430 86
362 430 13
177 430 97
293 430 35
429 430 30
213 431 7
107 431 43
194 431 69
168 431 100
230 431 4
115 431 11
323 431 63
356 431 7
154 431 7
349 431 21
180 431 67
208 431 79
76 431 75
146 431 7
293 431 97
91 431 96
375 431 50
281 431 63
45 431 47
423 431 96
66 431 61
419 431 5
162 431 84
156 431 7
314 431 1
424 431 61
52 432 66
391 432 70
419 432 45
99 432 42
186 432 21
390 432 73
59 432 80
261 432 88
215 432 74
305 432 76
418 432 1
263 432 40
12 432 68
351 432 57
94 432 22
91 432 49
311 432 22
325 432 11
150 432 39
32 432 17
119 432 2
298 432 74
262 432 51
239 432 32
207 432 100
258 432 93
345 432 3
104 433 15
133 433 85
18 433 32
256 433 29
344 433 89
346 433 1
150 433 16
343 433 70
84 433 62
61 433 51
85 433 79
262 433 84
421 433 54
255 433 21
174 433 36
145 433 19
105 433 33
43 433 92
197 433 91
118 433 22
384 433 98
238 433 44
117 433 29
349 433 40
300 434 33
23 434 35
128 434 19
382 434 84
72 434 84
357 434 74
431 434 99
206 434 73
406 434 49
18 434 61
117 434 38
75 434 6
49 435 78
307 435 36
221 435 15
33 435 73
230 435 29
334 435 65
358 435 49
161 435 43
108 435 58
361 435 1
381 435 97
105 435 64
89 435 50
301 435 41
106 435 82
152 435 18
251 435 61
51 435 90
199 435 65
375 435 39
298 435 32
335 436 96
309 436 30
262 436 2
211 436 71
139 436 10
113 436 16
365 436 11
25 436 60
321 436 91
337 436 77
52 436 60
246 436 97
106 436 54
36 436 9
254 436 90
217 436 90
378 437 52
156 437 13
319 437 48
114 437 51
360 437 2
129 437 89
316 437 100
157 437 29
128 437 69
180 437 67
161 437 92
217 437 86
405 437 3
249 437 34
218 437 84
19 437 61
362 437 26
181 437 41
292 437 4
113 437 70
59 437 7
435 437 6
171 437 5
25 438 36
258 438 67
116 438 69
153 438 59
119 438 5
29 438 68
282 438 21
235 438 81
317 438 30
275 438 75
337 438 72
261 438 64
212 438 99
257 438 5
15 438 94
144 439 13
411 439 43
34 439 36
276 439 80
269 439 26
83 439 44
304 439 95
417 439 66
326 439 75
97 439 82
281 439 12
207 439 83
105 439 53
376 439 77
342 439 61
224 439 3
264 439 62
197 439 4
433 439 21
416 439 66
85 439 70
31 439 55
153 440 17
390 440 55
124 440 86
281 440 13
101 440 43
237 440 23
245 440 23
193 440 98
340 440 85
344 440 43
296 440 69
342 440 11
196 440 84
288 441 59
345 441 77
101 441 64
372 441 70
209 441 8
300 441 63
99 441 20
272 441 87
249 441 20
370 441 16
356 441 83
211 441 29
110 441 97
269 441 15
401 441 4
208 441 70
11 441 52
89 441 3
320 441 18
91 441 69
287 441 31
395 441 4
186 441 38
364 441 10
339 442 96
202 442 93
121 442 65
290 442 14
414 442 12
233 442 26
128 442 22
374 443 67
122 443 34
359 443 69
194 443 33
241 444 93
250 444 88
23 444 58
170 444 85
166 444 90
12 444 80
39 444 30
294 444 33
336 444 29
277 444 91
192 444 13
113 444 45
118 445 5
68 445 43
349 445 28
261 445 63
190 445 88
106 445 53
144 445 85
298 445 81
280 445 74
164 445 85
240 445 14
218 445 44
235 445 24
181 445 28
320 445 58
112 445 43
244 445 49
157 445 7
290 445 93
153 446 28
414 446 59
316 446 50
409 446 18
308 446 21
150 446 13
404 446 92
286 446 3
265 446 67
370 446 76
326 446 37
177 446 90
70 446 15
349 446 63
50 446 23
66 446 94
360 446 78
152 446 99
319 446 37
275 446 31
305 446 91
121 446 14
113 446 53
230 446 61
149 446 66
263 447 44
53 447 37
277 447 93
6 447 12
204 447 4
133 447 40
259 447 15
121 447 16
412 447 21
433 447 87
157 447 24
58 447 80
431 448 52
90 448 82
239 448 79
266 448 44
87 448 43
359 448 35
72 448 34
83 448 37
444 448 90
49 448 4
370 448 49
411 448 74
352 448 53
445 448 87
276 448 31
204 448 92
95 448 83
205 448 92
410 448 11
267 448 88
327 448 61
176 448 30
110 448 17
120 448 73
346 448 54
259 448 67
125 448 33
237 448 90
133 449 98
139 449 73
290 449 40
340 449 25
77 449 20
357 449 11
196 449 70
159 449 16
434 449 100
192 449 1
200 449 55
5 449 80
443 449 80
326 449 3
336 449 76
352 449 56
218 449 31
93 449 52
121 450 29
204 450 15
334 450 16
164 450 61
283 450 48
169 450 89
443 450 60
336 450 47
221 450 29
186 450 15
345 450 62
357 450 83
318 450 52
327 450 65
262 450 98
228 450 33
127 450 54
189 450 20
289 450 4
365 450 3
156 450 91
174 450 92
432 450 10
78 450 3
182 450 47
293 450 48
273 450 37
284 450 62
222 450 65
430 451 19
181 451 8
156 451 62
43 451 52
123 451 97
382 451 89
204 451 18
446 451 88
420 451 42
119 451 84
293 451 80
413 451 16
120 451 98
82 451 41
66 451 48
172 451 44
350 451 14
92 451 97
264 452 7
194 452 69
196 452 42
156 452 40
304 452 51
82 452 32
128 452 40
61 452 2
106 452 53
191 452 59
344 452 56
232 452 44
221 452 26
160 452 6
141 452 80
292 452 56
80 452 66
316 452 18
382 453 49
304 453 59
330 453 54
384 453 19
65 453 43
444 453 73
231 453 33
191 453 87
258 453 89
47 453 10
374 453 26
427 453 52
32 453 33
122 453 28
227 454 84
72 454 46
444 454 75
178 454 5
129 454 41
38 454 79
316 455 15
347 455 26
124 455 83
283 455 91
378 455 60
250 455 61
404 455 8
280 455 28
172 455 82
331 457 71
128 457 61
223 457 61
216 457 92
102 458 92
381 458 57
181 458 100
424 458 75
71 458 63
118 458 63
398 458 38
6 458 65
76 458 69
84 458 73
137 458 22
93 458 45
63 458 86
256 459 34
122 459 30
171 459 38
188 459 22
230 459 31
432 459 93
347 459 66
40 459 33
286 459 5
305 459 31
385 459 21
32 459 60
86 459 46
168 459 27
372 459 58
79 459 14
264 459 25
401 459 70
332 459 85
444 459 71
24 459 83
155 460 57
175 460 14
13 460 83
188 460 4
456 460 81
46 460 73
29 460 30
75 460 17
211 460 68
180 460 59
126 460 63
262 460 79
201 460 51
133 460 64
275 461 59
392 461 7
299 461 1
147 461 64
418 461 32
188 461 48
153 461 55
270 461 43
444 461 89
374 461 54
189 461 2
294 462 64
123 462 8
47 462 20
141 462 85
156 462 29
25 462 81
365 462 84
103 462 20
135 462 97
213 462 56
82 462 9
134 462 83
274 463 70
277 463 14
204 463 82
445 463 11
141 463 46
297 463 12
409 463 53
120 463 93
69 463 88
113 463 97
314 463 91
253 463 5
300 463 6
5 463 61
371 463 86
47 463 86
392 463 33
20 463 13
247 463 35
268 464 95
387 464 15
221 464 65
245 464 20
60 464 1
239 464 32
279 464 28
442 464 49
280 464 90
157 464 12
417 464 2
456 464 15
288 465 33
365 465 88
248 465 56
146 465 24
355 465 39
198 465 31
123 465 76
419 465 74
211 465 98
383 466 23
297 466 59
460 466 34
49 466 3
44 466 76
19 466 55
196 466 48
351 466 42
357 467 80
386 467 4
452 467 28
83 467 8
277 467 47
225 467 65
206 467 55
202 467 68
198 467 73
92 467 91
341 467 60
428 467 70
371 467 42
33 467 2
3 467 4
7 467 72
147 467 62
145 467 69
22 467 32
253 467 76
57 467 29
288 467 67
150 467 77
146 468 20
370 468 88
271 469 13
130 469 20
245 469 36
404 469 53
221 470 6
297 470 75
269 470 21
300 470 71
425 470 12
379 470 7
350 470 86
187 470 26
393 470 49
262 470 64
303 470 84
451 470 45
363 471 94
422 471 34
97 471 34
140 471 92
412 471 63
442 471 10
254 471 90
411 471 4
327 471 7
223 471 60
445 471 17
204 471 17
237 471 86
170 471 41
63 471 72
52 471 8
203 471 76
326 471 32
62 471 44
81 471 70
347 471 71
155 471 89
382 471 75
225 471 39
234 471 67
231 471 43
467 471 9
153 471 33
232 471 81
52 472 71
60 472 6
325 472 7
102 472 74
77 472 23
166 473 24
292 473 26
101 473 89
417 473 79
379 473 35
51 473 35
206 473 40
454 473 29
376 473 27
461 473 59
320 473 31
288 473 68
80 473 50
57 474 83
218 474 70
64 474 20
89 474 39
279 474 18
298 474 1
123 474 100
172 474 46
24 474 91
133 474 8
222 474 36
130 474 93
151 474 83
370 474 23
375 474 16
226 474 38
293 474 32
344 474 78
234 474 8
448 474 54
268 474 95
34 474 45
179 474 45
465 474 41
305 475 47
389 475 48
413 475 92
295 475 75
273 475 42
224 475 29
242 475 37
233 475 38
370 475 20
297 475 34
434 475 99
258 475 1
37 475 45
178 475 8
87 475 27
325 475 61
70 475 72
451 475 24
269 475 90
327 475 89
189 475 6
117 475 1
474 475 18
416 475 76
107 475 63
271 476 98
376 476 3
390 476 6
241 476 11
92 476 90
66 476 18
91 476 58
122 476 39
420 476 21
141 476 99
41 477 62
181 477 47
20 477 33
156 477 44
447 477 72
355 477 67
161 477 81
201 477 81
430 477 81
23 477 61
417 477 65
393 477 73
320 477 95
47 477 38
410 477 42
333 477 73
92 477 23
49 477 94
54 478 30
397 478 51
435 478 99
233 478 17
365 478 7
301 478 54
55 478 64
137 478 75
330 478 44
356 478 96
149 478 96
430 478 20
269 478 97
407 478 68
172 478 31
267 478 9
332 478 93
217 478 1
212 478 43
218 478 14
304 478 73
31 478 14
170 478 100
39 478 92
236 478 74
288 478 28
150 478 85
316 478 48
91 478 38
73 479 17
62 479 49
193 479 96
85 479 59
404 479 98
292 479 41
329 479 90
431 479 52
125 479 8
454 479 86
121 479 47
310 479 60
250 479 22
208 479 45
214 479 38
318 479 88
445 479 14
468 479 93
297 479 89
115 479 52
207 479 68
407 479 28
88 479 54
55 479 13
447 480 43
382 480 82
22 480 26
215 480 66
190 480 91
162 480 47
41 480 39
412 480 32
148 480 54
422 481 100
237 481 52
259 481 26
469 481 32
338 481 20
273 481 77
95 481 93
258 481 72
165 481 62
456 482 74
11 482 45
401 482 88
389 482 49
390 482 80
57 482 20
135 482 52
31 482 59
118 482 38
179 482 83
472 482 21
62 482 23
214 482 26
35 482 17
170 482 42
376 483 87
191 483 8
267 483 30
316 483 82
31 483 21
292 483 18
124 483 57
196 483 17
373 483 72
467 483 57
156 483 70
475 483 31
272 483 77
329 483 86
451 483 35
438 483 28
76 483 22
339 483 65
338 483 71
106 483 38
300 483 42
64 483 10
39 484 31
154 484 64
132 484 14
103 484 97
266 484 16
450 484 21
291 484 76
166 484 4
341 484 46
19 484 56
149 485 79
241 485 42
196 485 88
138 485 65
411 485 98
258 485 2
350 485 52
262 485 32
118 486 100
307 486 31
96 486 20
139 486 32
395 486 3
161 486 99
342 486 29
284 486 15
223 486 96
212 487 47
324 487 74
293 487 28
251 487 43
478 487 97
299 487 36
15 487 61
180 487 10
301 487 33
437 487 81
245 487 38
106 487 23
133 487 8
105 487 39
189 487 61
121 487 89
173 487 83
49 487 19
350 488 92
370 488 24
184 488 14
148 488 41
453 488 32
187 488 90
433 488 88
130 488 2
91 488 83
356 488 80
275 488 1
76 488 3
262 488 41
335 488 53
346 488 45
402 488 47
259 488 66
58 488 87
209 488 53
373 488 28
348 488 23
369 488 39
80 488 35
121 488 70
90 488 65
438 489 87
386 489 95
186 489 13
427 489 30
177 489 87
347 489 83
449 489 68
166 489 91
98 489 29
310 489 19
81 489 89
39 489 78
298 489 48
231 489 58
417 489 35
285 489 49
108 489 70
29 489 59
408 489 61
327 489 14
334 489 96
286 489 3
139 489 13
34 489 8
144 489 35
426 489 61
197 489 46
145 489 26
153 490 25
257 490 51
127 490 30
129 490 7
24 490 78
207 490 65
125 490 62
67 490 69
111 490 47
247 490 16
58 490 1
80 490 78
165 490 66
40 490 89
341 490 39
366 490 60
182 490 87
79 490 37
149 490 35
131 490 40
360 490 27
76 490 3
155 490 56
265 490 6
208 491 35
94 491 88
224 491 93
306 491 58
284 491 63
412 491 82
302 491 70
185 491 82
88 491 63
260 491 16
234 491 9
239 492 18
233 492 22
109 492 89
228 492 28
210 492 84
368 492 78
225 492 79
195 492 88
322 492 81
140 492 71
22 492 3
454 492 47
238 492 76
48 492 19
113 492 74
344 492 47
321 492 22
337 492 89
198 492 13
325 492 15
359 492 89
36 492 12
12 492 28
301 492 62
201 492 69
169 492 35
449 493 11
328 493 96
111 493 63
174 493 55
99 493 27
406 493 47
83 493 100
12 493 36
141 493 16
100 493 95
184 493 45
446 493 23
316 493 27
271 493 53
310 493 45
276 493 67
165 493 45
467 493 14
13 493 12
260 493 95
291 493 40
370 494 38
305 495 5
122 495 48
38 495 6
278 495 47
469 495 31
391 495 8
81 495 72
227 495 64
95 495 11
360 495 70
136 495 25
386 495 65
219 495 13
84 495 99
50 495 35
460 495 44
118 495 7
127 495 19
299 495 65
138 495 57
87 495 22
163 495 68
324 495 74
414 495 19
197 495 64
72 495 68
272 495 76
376 495 83
41 496 62
474 496 5
476 496 68
181 496 12
439 496 15
238 496 14
211 496 38
161 496 3
294 496 4
231 496 7
178 496 64
196 496 99
268 496 69
221 496 37
220 496 36
200 496 92
49 496 4
236 496 3
344 496 17
229 496 1
274 496 41
137 496 61
476 497 65
84 497 24
200 497 86
22 497 95
142 497 52
364 497 34
440 498 79
199 498 68
330 498 32
70 498 10
444 498 81
492 498 67
381 498 14
239 498 26
252 498 94
149 498 85
166 498 8
275 499 47
396 499 76
155 499 61
57 499 99
147 499 32
22 499 44
463 499 61
379 499 31
434 499 6
306 499 8
409 499 9
492 499 5
365 499 74
451 499 17
267 499 36
251 499 51
202 499 47
36 499 69
62 499 93
197 499 26
310 499 10
358 499 51
165 499 52
413 499 84
247 499 64
298 499 56
93 499 46
403 499 53
224 499 39
331 500 68
465 500 15
260 500 89
438 500 51
19 500 48
274 500 29
79 500 34
11 500 22
398 500 82
345 500 84
470 500 6
40 500 81
388 500 30
87 500 28
443 500 57
305 500 49
149 500 34
213 500 38
