100 5 20
1 73
3 57
2 36
2 48
2 13
4 53
1 21
0 8
1 77
0 45
3 93
3 79
3 23
2 28
0 89
0 53
2 59
0 13
3 95
0 8
1 63
2 50
0 16
2 65
1 70
1 95
0 46
1 51
3 82
0 61
3 91
4 12
2 81
1 10
1 23
3 13
4 94
2 4
2 7
4 59
4 100
0 41
0 22
4 80
0 37
1 71
0 36
2 7
2 84
0 72
3 36
2 24
3 33
0 11
1 77
3 85
1 28
3 45
4 6
0 56
0 18
2 64
2 85
3 3
2 90
1 72
4 58
2 46
3 54
4 22
0 44
1 27
3 64
3 60
1 83
4 53
3 58
2 86
2 83
0 40
2 61
1 24
2 18
3 18
4 31
0 9
4 80
1 72
4 70
1 5
2 61
4 58
4 99
2 21
4 72
0 45
3 77
0 18
3 52
4 92
