100
1000000000000000000 999999999999999997
194919758376822294 77053261781896149
668379519770897416 87938136807766743
444585536517849378 363392232581956716
267736523940092465 253704615674464209
443685819394983584 355522274731522945
508856643439482951 453711619348440461
575073831880322695 380078547878678462
16174709110936176 3406018525117473
374768827902001130 256829717384650413
527849117042672619 46829221310659767
82107594325445031 44600936983010354
542723137080348592 176465408988638171
841445754777853378 404587384771539927
421537714089504602 25064008900687013
582095686963294115 388233148659351479
624473054026811207 450840516973733610
289032576212196963 118443597476747267
279025645647802574 115162466781092481
944143847757677681 599317621868653929
792769831167338091 286054742474408533
639744228340308517 481657486627134955
726054417975120633 541989794071769978
916574005628772567 545012459551455784
380269018063804013 35302792346796219
98318663843883644 45030048994942984
641028083600029673 262391408730224086
893559985807390769 848666875340957819
443409514364555318 106487730636663003
212581530435626684 70737522537394407
32843238006463966 5273632146519633
590025705308886103 65380536552286844
587189766354790988 504771694945073607
108258230919864983 50442618787794250
566221160653725488 457887580835312151
522238981305230304 266574939395737147
58323855015840835 8896227298101945
43173529294495690 7195771687236350
502078932477056906 291667305548652199
716045772711629833 406935770585630354
818105332811031383 311055927829741845
157659147685140208 122485161547414245
124380780409484034 104795591422977891
134803140062529696 40864813756943534
456196544167970375 415874160855697091
960820252554405302 391194547354244610
13040900182067103 1459961244301154
999858960210308427 808950166810374653
425910685331873796 95045128418102923
955802686611823177 560786706702585985
148283706549770312 111457127317351546
868965757688162325 388664784215666035
106653810870633103 1353171404326397
108645749323619398 47628727893142836
495565882640187967 247955530396652301
197606061518551153 101986785276820978
10673540280709284 2502573972846676
584206552323094458 434973671486451769
53730054233202965 39768694649362722
830732256188732812 363021560545256557
150235014667210340 128902928290314762
967135522184146460 834610344553351766
503750246645964432 231003962321574228
444320129658687912 324220491230445779
435744207309185229 64027817592593711
94578082222302560 73897458371262783
183162399816240091 114982306109650993
589692934864398890 339594698489467267
886078366109007133 117201572193158112
597886065775577548 116912876036634822
328914706038237672 217818357634276328
652068761919882634 315815927969543324
154651110309533623 111136132163936327
282769916489407117 109842394345144920
346420712332700381 175299523070347797
893915172804510807 770924033165432975
328818435344311609 75700178500060662
549052245686193307 24236825624496769
941362114977279420 39515762846485013
677396952851869590 457871798829003166
694070614506349836 163834598184630104
755724136312646118 196504261196043878
53867697478206754 6870992814568639
683591382980204840 381724852700544587
272290194958488116 171161886525169916
28304401997933024 21402019797646378
516986414531675527 332506467575774252
783197369106211163 19862014141510415
139860628944758528 34917605410786275
693035097762247364 306938300336104795
314306996380287959 82999638800816480
856800039897247961 685022091168158124
113329770525601261 52183303535625703
635075493238634381 229463680594090062
941823121195706521 181250108808405400
636937166493108433 341979264419110794
587097212338018670 60696540415367351
436418149011156064 233258335710068275
35984165221343192 34742664943941268
85752723413973960 65832200106987552
