1000 498
1
0
1
0
1
0
0
1
0
1
1
0
1
1
0
1
0
1
1
1
1
1
0
1
1
1
1
1
1
1
1
0
1
0
1
1
1
1
0
1
1
0
1
1
1
0
0
0
1
1
0
1
0
0
0
0
0
1
1
1
1
1
0
0
1
1
1
1
1
0
0
0
0
0
1
0
1
1
0
0
1
1
1
1
1
1
1
0
1
1
1
0
0
0
1
0
1
1
1
0
1
1
1
1
1
0
1
0
1
1
1
0
1
0
1
0
0
1
0
1
1
0
0
1
0
0
1
0
1
0
1
0
0
1
1
1
1
1
0
1
0
1
1
1
1
1
0
1
0
1
1
1
1
0
1
0
0
1
0
1
1
1
0
1
0
0
1
0
1
1
1
1
1
1
1
0
0
1
0
0
0
1
0
1
1
1
1
0
1
0
0
0
1
0
0
1
0
0
0
1
0
0
1
1
1
0
1
1
0
1
1
0
1
0
0
1
0
0
1
1
0
1
0
1
1
0
1
0
1
0
1
1
0
1
0
1
1
1
0
1
1
0
0
0
0
1
1
1
1
1
0
0
0
1
0
0
1
0
0
0
0
0
1
0
1
1
1
1
1
0
1
0
0
0
0
1
1
0
0
1
1
1
1
1
0
1
1
1
1
0
0
0
1
1
1
1
1
0
0
0
1
0
0
1
0
1
1
0
1
1
1
0
1
1
1
1
1
1
1
1
1
1
1
1
1
0
0
1
0
0
1
1
1
0
1
1
1
1
1
1
0
1
1
1
1
1
1
1
0
0
1
0
1
1
1
1
1
1
0
1
0
0
1
1
1
1
0
0
0
0
1
1
1
0
1
1
1
0
1
0
1
1
0
0
0
1
1
1
1
0
1
1
1
1
0
0
0
1
1
1
1
0
0
0
1
1
1
1
1
1
1
0
1
1
1
0
1
1
1
1
1
1
0
0
0
1
0
1
0
1
0
1
0
0
0
1
1
1
0
1
1
1
1
0
1
0
0
1
1
0
0
0
1
0
1
0
1
1
1
1
1
1
1
1
1
1
1
1
1
1
1
0
0
1
1
1
1
1
1
1
1
1
1
1
1
1
1
1
1
1
1
0
0
0
0
1
1
1
356 942
409 583
49 979
106 904
64 671
447 705
355 502
305 923
241 613
480 930
161 788
221 660
443 731
97 782
350 961
403 553
91 787
391 676
211 666
170 874
422 1000
218 737
209 576
315 672
299 987
71 761
274 573
73 570
485 815
181 782
143 988
29 671
247 981
257 883
364 544
142 633
333 918
83 889
36 909
187 714
102 609
297 595
466 947
103 717
171 863
595 984
304 838
109 501
74 686
148 827
166 772
438 739
234 518
173 662
671 793
486 871
609 661
375 775
235 842
399 905
120 916
337 887
457 607
204 925
714 724
322 513
378 631
115 871
474 549
453 552
251 643
139 922
497 647
77 618
303 528
328 898
470 956
291 790
495 931
309 523
222 707
528 617
238 894
428 918
117 632
331 884
284 564
717 803
277 505
439 841
60 887
259 957
162 567
434 553
440 537
552 792
75 912
202 547
294 999
435 518
207 914
130 988
317 996
88 666
361 692
186 893
137 555
2 704
401 631
432 796
377 618
189 590
59 701
82 972
51 747
290 591
225 759
124 557
415 511
459 735
35 871
416 798
417 689
231 791
676 718
32 821
133 761
319 601
641 863
184 780
370 589
320 556
372 882
334 579
27 941
482 806
420 620
206 886
157 773
292 663
154 711
692 913
17 841
373 622
523 907
371 530
281 743
421 681
287 854
465 955
336 700
638 666
99 775
129 896
307 584
386 900
228 840
296 677
146 664
253 644
451 818
34 783
226 787
190 568
308 650
397 628
219 665
185 924
462 610
633 712
357 696
151 804
210 683
229 544
164 775
522 803
437 519
19 624
125 624
627 647
85 658
208 828
323 962
268 703
198 713
47 638
30 648
348 598
899 907
4 967
25 548
39 580
492 700
67 536
138 875
122 599
256 594
9 686
18 763
431 691
607 724
452 878
390 597
313 881
884 967
412 593
169 868
176 765
339 809
436 828
682 737
622 646
271 733
369 524
167 806
46 824
298 614
362 858
263 834
285 953
734 922
33 849
494 969
111 662
295 542
159 696
389 844
342 859
407 843
81 605
425 763
383 715
270 532
57 857
396 694
594 602
68 819
498 983
172 945
1 975
321 762
405 669
72 564
677 815
477 926
387 585
311 630
54 535
114 623
135 882
441 860
194 978
380 949
70 850
283 651
52 623
580 822
344 763
711 879
233 544
644 970
614 974
381 877
180 944
418 968
76 766
570 978
556 599
168 720
98 663
10 571
491 845
126 512
820 979
332 896
43 634
419 529
346 679
8 891
223 988
402 533
469 771
758 889
654 682
100 604
214 837
94 759
661 701
349 706
105 829
200 988
458 872
617 752
335 766
272 730
156 893
158 936
175 510
196 971
640 987
237 522
662 928
37 789
258 527
529 568
215 910
382 574
672 912
197 769
286 511
240 795
472 938
123 732
118 588
353 879
78 608
239 876
705 984
178 544
366 659
44 859
42 777
625 734
365 819
484 943
406 837
89 977
13 852
426 674
589 741
769 867
760 821
267 779
347 691
224 957
746 773
820 828
388 534
883 998
408 746
66 548
278 950
456 732
15 565
301 905
540 1000
107 695
340 736
536 929
455 551
488 680
501 945
155 690
582 961
374 906
508 928
153 708
108 736
445 636
212 876
632 636
430 753
870 969
790 842
502 888
220 722
48 807
163 657
179 670
509 782
61 520
288 518
338 831
669 882
508 839
579 740
6 854
21 962
549 761
312 966
104 720
86 600
38 993
254 726
856 950
593 743
444 650
512 705
183 855
427 776
250 781
879 985
400 559
359 527
533 806
802 854
368 596
513 809
92 748
547 598
507 512
201 543
363 784
660 932
582 785
96 849
121 830
554 839
639 943
646 667
542 600
385 619
585 871
84 674
588 850
655 967
677 939
525 544
463 710
341 578
481 989
195 505
282 557
393 809
654 725
669 949
279 619
464 959
641 968
625 787
860 888
23 870
53 764
548 827
535 542
358 897
324 767
293 930
113 953
11 603
87 632
93 865
165 908
326 935
14 541
410 756
101 747
174 516
487 719
838 994
576 624
394 829
252 674
289 835
248 944
468 537
20 549
792 877
79 635
649 665
814 936
351 733
280 720
260 952
887 934
550 790
681 968
823 843
217 972
602 956
704 948
638 955
230 727
24 679
63 759
522 824
635 771
557 706
450 938
473 587
521 855
264 826
892 918
306 870
384 616
273 531
476 760
808 868
683 702
316 866
345 980
577 788
177 933
448 749
41 674
640 926
213 789
706 709
454 856
413 539
758 763
525 829
12 829
265 530
573 869
807 809
506 993
764 965
7 990
423 954
849 859
841 890
690 880
132 721
827 910
751 933
193 947
749 783
533 675
149 581
655 920
507 872
629 828
26 747
343 505
249 762
236 948
625 658
619 992
591 601
192 849
376 556
546 725
963 974
243 626
483 698
160 596
656 663
721 866
566 906
404 972
539 793
188 832
398 563
352 795
134 798
724 740
688 956
471 596
411 708
783 966
603 881
813 904
620 656
414 751
583 900
517 785
521 577
28 962
684 791
395 744
152 800
300 758
478 597
696 808
449 538
753 834
626 777
722 872
738 751
545 648
275 653
505 849
541 831
688 875
658 941
232 586
780 891
531 804
191 643
150 691
136 516
736 825
735 971
784 861
518 753
302 565
325 605
691 812
550 786
140 630
116 613
216 914
95 801
58 903
651 733
678 739
741 772
657 811
710 888
80 760
765 774
812 977
467 885
45 713
699 796
509 597
128 503
556 880
810 840
616 930
327 954
744 797
608 709
566 626
687 897
596 686
511 894
812 826
813 919
246 912
673 727
876 997
674 910
255 768
673 728
621 674
836 992
920 940
266 681
616 799
571 919
538 916
794 867
496 921
562 825
778 975
543 844
697 720
694 892
556 946
119 976
31 830
56 874
822 858
849 853
775 893
493 670
554 684
565 718
424 678
592 732
581 613
3 958
547 746
227 864
601 901
500 701
203 514
131 730
510 983
814 959
753 848
549 939
653 990
475 747
499 929
685 799
530 679
511 707
824 917
898 945
245 588
770 994
555 925
199 504
499 639
314 639
829 953
951 988
276 858
638 697
568 586
767 795
515 971
526 857
643 823
632 712
770 912
141 845
960 990
560 885
856 865
262 973
953 954
830 953
779 899
244 776
5 964
330 952
524 724
638 892
526 845
534 546
699 864
688 755
479 575
392 846
656 873
504 991
446 742
310 687
360 911
515 575
628 817
710 760
924 965
69 531
742 973
915 989
940 952
670 695
520 546
532 852
747 757
527 618
743 758
112 639
645 909
869 985
551 664
774 972
611 997
606 710
460 685
90 947
874 886
568 590
846 960
516 755
798 847
588 963
519 871
571 797
809 995
659 723
16 537
637 898
723 878
354 679
592 810
756 991
40 748
517 696
318 951
980 999
629 911
675 901
650 681
752 972
572 752
606 877
205 801
537 733
639 667
182 802
757 973
62 728
814 934
605 709
754 912
563 679
503 642
22 986
797 811
577 908
510 584
574 750
500 869
713 728
565 649
506 567
830 996
872 900
329 604
581 781
50 569
745 892
670 832
728 982
520 921
588 946
913 958
461 937
733 917
847 976
624 861
242 563
712 750
624 903
566 962
789 810
730 921
741 853
560 766
702 823
848 924
597 869
514 949
615 719
578 797
631 745
794 851
731 964
908 986
144 597
685 750
442 902
762 949
874 981
783 864
832 951
675 913
680 923
542 623
524 748
881 915
726 923
786 946
379 915
927 978
856 891
110 730
716 726
561 778
678 891
932 998
515 578
635 874
835 995
597 668
611 937
519 817
915 916
147 964
783 814
779 819
563 590
551 833
604 952
572 698
721 814
649 833
831 873
145 802
566 587
55 851
668 759
630 818
890 927
433 642
689 895
540 902
510 543
624 645
642 833
837 991
564 587
802 911
563 895
519 948
801 874
675 716
637 812
605 905
935 960
847 917
914 998
686 935
823 870
748 980
621 818
738 942
515 612
532 870
776 998
759 795
700 915
526 542
65 924
693 781
645 872
545 572
715 858
564 707
793 946
269 970
729 795
631 818
553 605
559 995
559 610
639 998
517 957
805 951
367 543
618 847
558 615
561 800
261 877
631 805
612 703
831 964
634 858
569 611
684 730
612 716
516 519
819 946
562 642
542 931
693 805
686 812
506 716
738 970
542 561
560 941
708 758
540 862
810 952
757 819
684 925
517 639
516 895
693 802
837 872
531 862
517 836
687 830
816 877
559 754
687 741
700 982
543 810
127 750
721 858
517 924
812 891
543 944
553 729
938 947
627 895
490 693
553 640
816 862
545 640
611 982
650 684
750 768
611 891
642 858
723 890
532 746
708 768
489 851
558 895
708 893
618 757
652 986
716 741
542 746
640 980
429 851
723 746
816 938
559 716
684 980
618 924
858 896
949 980
707 938
560 693
559 896
837 939
543 949
611 618
707 893
558 874
558 618
618 893
543 893
723 837
652 970
543 896
652 851
560 851
896 964
837 964
837 851
