490
2984828998817324 291578429 0
6105552015228263 596444244 0
8525091497379773 832803177 0
9287427407126683 907295837 0
4445810810895144 434305864 0
7527368227697447 735333521 0
6496864359949274 634673243 0
1284767431414830 125506098 0
47991310760061 4688288 0
2581423123082609 252172843 0
4486538761538561 438276060 0
8934814837522375 872825612 0
7925114922761391 774186840 0
9578261695651132 935690526 0
2784507525464818 272014680 0
6304265813174250 615863121 0
3361051824657102 328345444 0
5111310151354951 499311099 0
3593920437981039 351092527 0
1584751680077435 154814268 0
2307391480927665 225408619 0
643130276706186 62826372 0
1406837460859809 137429939 0
9127397743121986 891661658 0
2096779737725415 204835030 0
4523614223623455 441903979 0
1922852375649292 187838624 0
179726584574286 17557235 0
5337739588788890 521448085 0
5766184692607622 563287026 0
2975613235849288 290687354 0
243198043883372 23757883 0
964918102803128 94264027 0
5227743612768414 510686847 0
2275916910937595 222335742 0
6280862313057334 613567663 0
5593277139336025 546407551 0
6004591839263247 586581417 0
1059385614820360 103491042 0
6814603207424842 665698870 0
10214422895900519 997841177 0
9240064302457215 902634185 0
6800249369443344 664305972 0
9368192349189809 915174523 0
3611253284100336 352786717 0
658178702927698 64296218 0
1846158541096886 180346181 0
7500453170002082 732716604 0
7911340334051882 772856624 0
4971232418472469 485634978 0
3291646218872539 321550717 0
1383693878414485 135172373 0
7172800401471622 700691378 0
8041176199244522 785527634 0
9775615074189273 954949172 0
3005374771321922 293595834 0
8851812884681619 864714706 0
1348440899085192 131726967 0
1940212951641220 189537484 0
1040515485793457 101645510 0
408035757327865 39860660 0
7246605387917216 707907699 0
4892066455569371 477897380 0
2018987342994009 197237427 0
4735606066429372 462615211 0
5297342489382300 517499813 0
1019872580944328 99630940 0
8620472708918488 842122554 0
8124122237801195 793633398 0
4899442555632439 478631144 0
7810457700790488 762994494 0
4384224596465487 428299940 0
6201956957608766 605862085 0
2118185069021954 206922828 0
8603851282161992 840502192 0
5823938756007362 568932930 0
7485250516135988 731223533 0
4646448984614055 453911749 0
6542632506261297 639136383 0
6248807851238909 610446456 0
8898842980739904 869329233 0
8486182278942560 828999110 0
203039978828191 19835256 0
6310212649464987 616432165 0
7074827907949422 691147084 0
2208322527510312 215732584 0
2971363268657562 290264791 0
3930412148540907 383963629 0
8724585948453967 852312671 0
5907218211008415 577068931 0
50407833955683 4924267 0
5824355806072390 568966721 0
6911045535592094 675149407 0
5029417525555276 491310682 0
5891973329040320 575579673 0
1270136205091613 124081260 0
4175054058804596 407865555 0
6519093062126652 636832665 0
11051239401755 1079579 0
9856813414690966 962915936 0
1758072552090037 171748105 0
6172853248680396 603019383 0
2841615949177324 277596993 0
2950821365348756 288264816 0
3930333319070328 383943879 0
2465188141578271 240821777 0
2399870398254926 234436166 0
3198242513897975 312434385 0
5178260744756796 505850066 0
681611883196883 66587456 0
5585068318061924 545591195 0
3817846440879045 372955949 0
1536415881157411 150092685 0
4496061024420247 439219861 0
6444956412721200 629614478 0
6208612140644194 606527082 0
5933594451725995 579654652 0
5984167849549154 584577417 0
5384450800550628 526012104 0
9503355904585828 928380835 0
746300334333748 72905859 0
5858496111377979 572312288 0
790038974985602 77179447 0
4258334892627368 415989498 0
2256272519582235 220412050 0
5897318012616246 576102138 0
442602266379439 43236640 0
1859564172953687 181656831 0
7065919855228123 690270205 0
6398678085696774 625091454 0
856003955520579 83621940 0
3137717897938470 306524488 0
1077062425376259 105218706 0
1215648473588634 118757227 0
5817520223760980 568300979 0
470838846623441 45996393 0
4045400808000937 395192262 0
7616761587328803 744057077 0
7595278026560751 741982327 0
1263666924411939 123446993 0
2628233044485333 256744677 0
811215208390395 79247486 0
1927592339113785 188300607 0
8806988581448907 860337789 0
9783761501864192 955770486 0
3511653374105642 343047079 0
9316189589988549 910092541 0
9515993955423286 929627701 0
4115811649306425 402060399 0
48054251585136 4694360 0
9690376606305899 946651098 0
7057986435602113 689499389 0
8786018024433832 858301379 0
1520304588382108 148519292 0
4368892656042288 426798100 0
5979475968276505 584142013 0
2686857331563302 262478136 0
2591509995991194 253166218 0
142492843802733 13920198 0
2000764798152868 195455807 0
3837818010359601 374921020 0
5112121829557988 499398129 0
6105498265855867 596436101 0
4571593721885610 446598969 0
6263782869771093 611912252 0
9027077199278868 881858046 0
2430105462596456 237392798 0
2547766808309437 248883915 0
9807048367750993 958056248 0
7132565116065129 696767182 0
2708919529965262 264630019 0
2947619199540029 287943506 0
7663501515407437 748645646 0
627935509908351 61343689 0
2043451084242275 199619696 0
5109069612720434 499093687 0
3457069822293705 337719622 0
5588413058878327 545937452 0
9477916451008318 925911239 0
5763907623778694 563073639 0
6648239954388761 649445503 0
2744752723133647 268126959 0
3622023551360542 353833507 0
570516519148805 55732797 0
8982001585274406 877424198 0
10048497112937383 981627010 0
224266587331011 21908849 0
8123126337229540 793523886 0
6451445647704906 630230394 0
2795783536211553 273118518 0
4097046372415238 400228323 0
685215054812706 66936965 0
9119903389335356 890901717 0
3103739857798787 303197910 0
5222248237003121 510168334 0
10168692875859768 993388387 0
933267500356700 91172159 0
8128279730163417 794048508 0
7432083891163106 726048806 0
4765769347115743 465569019 0
1751180676055061 171068888 0
3660305445448534 357571907 0
541906849357169 52937490 0
1302907033875934 127281910 0
3137464354183926 306492901 0
3962234957430371 387074878 0
9121814287301647 891104066 0
1726203942651730 168628713 0
8254810235449578 806404121 0
6562410641875915 641076513 0
6780370381321152 662371108 0
6181166845963970 603824200 0
1694506291004025 165537498 0
955458959294676 93336911 0
3774453119974431 368714448 0
850340026936023 83067351 0
6621378689282116 646835638 0
8589395755657004 839081465 0
7258853399759345 709096331 0
3258857728740798 318348113 0
4955530748407594 484104710 0
2913788920758571 284643724 0
8344256470044787 815130696 0
3984440337569771 389235071 0
1077169972902946 105228057 0
287028736250893 28040092 0
10064075538641591 983168759 0
3382899856078091 330469290 0
9327078912680064 911163515 0
6745989678012953 659009671 0
3828825689076280 374033774 0
3040775891588096 297047602 0
5415075212113529 528991736 0
3242215960184790 316725186 0
3575571391342554 349288964 0
8112627411608595 792522123 0
7756565581071707 757732726 0
9178244324323779 896609834 0
3673313883087378 358843563 0
2811186595031296 274624507 0
9604727040659595 938275017 0
7510078467677537 733668097 0
6063266083968038 592322908 0
3419321395406500 334026653 0
5946838784524562 580932877 0
4657355413330667 454970627 0
3091682797307589 302024776 0
6727282803938219 657177097 0
1594542139063962 155769487 0
9491297848113925 927210294 0
8075495596200168 788903732 0
738141299818443 72110009 0
4850003749716485 473792229 0
3610042623266600 352663449 0
2690105625017565 262788081 0
3388627784596791 331034993 0
3376255285598706 329818742 0
7670201330809362 749296040 0
1574375829668145 153801910 0
8324054293646124 813169252 0
4706485079600079 459776673 0
8493392798702404 829695231 0
10154469756942479 991963920 0
496589323548126 48510489 0
5552374679948173 542405329 0
340769140559021 33289191 0
6630126406196899 647698496 0
6471344018387477 632174318 0
878851537914658 85856215 0
6744250884130074 658846719 0
3416340006928424 333735154 0
1397058317416396 136474852 0
7247333214724862 707999376 0
7777934734972829 759812239 0
9097445754714941 888717561 0
8294351981714759 810283168 0
9285576294788290 907098863 0
3383194705381122 330505068 0
5886148324380187 575008609 0
2372074567075343 231721540 0
9693384760114624 946933647 0
4698517436022957 458983487 0
5096164407886382 497829579 0
9566242857196552 934527713 0
81435567578382 7955279 0
8307434334339685 811536660 0
3406095519273400 332736815 0
8654546689535001 845440207 0
2019885320054549 197324153 0
4820981923765943 470948839 0
409183102943627 39972498 0
5909642133300309 577317287 0
2363986069487017 230937350 0
9511880606632642 929209186 0
4829798469640852 471812697 0
2680004460444068 261813018 0
6937090107679845 677686210 0
2881034796111249 281447799 0
8048870104990169 786305219 0
3451179318426070 337148647 0
5075550147836806 495828641 0
6509087722623402 635880766 0
8864403220255675 865970211 0
77807531415260 7601101 0
7065923058854229 690265109 0
3512677151675922 343157346 0
7058273291830918 689519493 0
4983389033369608 486825856 0
4710108204248349 460137134 0
7609284788745235 743346178 0
4436858699874406 433428748 0
1654540856839925 161634274 0
8557163562445002 835956820 0
2705642472492045 264312133 0
9773705242626484 954782376 0
5147267293886360 502842217 0
1669142550939896 163054630 0
2353607103821136 229921714 0
5841998538040538 570697901 0
2616076743502067 255562162 0
4248992970639613 415071706 0
2402153800989721 234658691 0
7344394236009404 717454562 0
7835535594743983 765434773 0
5794938376050916 566109180 0
8799112171477026 859564793 0
1338613926172992 130769337 0
1838193315470027 179568049 0
1457822392994766 142414619 0
6460606184867924 631126328 0
5968799290930447 583097830 0
7245702402997759 707838555 0
7037719888352894 687512962 0
4940646755850742 482645243 0
9953028934999411 972313471 0
4573546973639343 446792153 0
2173152475513282 212294363 0
5276378209850772 515436440 0
7555568121801928 738100270 0
9105312885375279 889482033 0
5287773583380 516569 0
4346705511067882 424627936 0
728891513451642 71203156 0
998006384506170 97493185 0
2577371714863838 251784086 0
930001993458896 90853211 0
3583873861763978 350103824 0
5671864573631015 554092600 0
1357917768354894 132650895 0
8393392626835264 819962244 0
9952882797605189 972277542 0
5873135926838937 573747593 0
2982487646417927 291360680 0
9761831569165209 953637983 0
25194178290041 2461202 0
1749769323826912 170931379 0
3722410744081536 363641002 0
2813081737328112 274809579 0
8144089173156930 795599148 0
2760698621336373 269694827 0
9026608119550082 881788769 0
8054612965758609 786829511 0
2077178753766784 202916019 0
6131665394849267 598984965 0
4701153264173699 459241685 0
9173938842578101 896196413 0
2691382402340976 262914267 0
3869311635388703 377996904 0
5796587559271867 566254718 0
3354447109247478 327696855 0
7750207531291464 757124134 0
9014023880335470 880564607 0
125489655402383 12258733 0
5027036947024692 491075933 0
6288796138360799 614348057 0
6754798385334598 659869301 0
5254414752194061 513289041 0
9078441627202040 886845523 0
4254996331268689 415667181 0
9965152750800976 973464315 0
1525576762663356 149032096 0
5819851420525258 568541189 0
8021380359616438 783583926 0
9792544906652395 956609293 0
8414938509336164 822060437 0
4831002759245553 471940707 0
9980479638105097 974980159 0
8093724512780192 790668785 0
5952647899308366 581509756 0
6528409654982698 637744684 0
1119439096903617 109358403 0
6076741071077692 593644414 0
8740999688695044 853881421 0
6365816938270250 621862054 0
7770393199691511 759088962 0
2861501528048767 279535773 0
6264830481301067 612009194 0
3625997506654974 354218476 0
2158908106063668 210904099 0
266339919894237 26018888 0
10086913828803287 985394861 0
8283918558906444 809267554 0
9502938079851940 928322667 0
9684125914431958 946019911 0
24965598417059 2438904 0
6817880574798801 666018693 0
6837692750144493 667983202 0
6143939055624507 600190031 0
343814145691465 33586665 0
6356210919586542 620941728 0
7589973543516331 741453983 0
2677468726590585 261554518 0
2357999309859556 230352610 0
2016023113675781 196942224 0
3342624505323938 326538169 0
6781428685490888 662477880 0
1938245002628872 189342844 0
5714136286127817 558200063 0
9728607743373644 950396808 0
1630313708369443 159264219 0
3229622220811810 315502972 0
3035200257414942 296511299 0
6915124352462360 675532434 0
7446441346616734 727439030 0
3022207558190703 295233890 0
3193449667239723 311961421 0
3497546639130428 341678076 0
3469956274609172 338983403 0
6767315937934803 661102920 0
8219402737331950 802939580 0
4011309324816550 391861871 0
805407484614412 78678137 0
7926848721329893 774381771 0
3854230776320604 376511695 0
7142084115010641 697690697 0
347933887836617 33989736 0
8230383676390332 804002526 0
8813699725660446 861017744 0
8628772821231729 842931724 0
3512867839932207 343176219 0
1039165812676653 101516201 0
1953649288066558 190851498 0
6337600649179324 619104052 0
4308551961385645 420891571 0
9658257194368236 943518728 0
5697048598093137 556535805 0
2387401999115241 233219982 0
2129798728168674 208056586 0
6499645525140020 634955499 0
6822175519872278 666460740 0
7114187793512189 694979453 0
847549896025002 82796458 0
1720487343897426 168073607 0
6463901184268941 631444429 0
1996945383654961 195082519 0
1822643101352237 178053544 0
1436808305614838 140357780 0
6496955825806890 634687325 0
6500898268214763 635066006 0
7353000148685675 718324004 0
4346621567446576 424619039 0
1548125226742550 151231700 0
2917326474769640 284995377 0
3077363289393193 300620997 0
3565697105192666 348333248 0
1890686157400020 184695826 0
5234057842855755 511315329 0
1254802781221420 122578614 0
9104931104465353 889440019 0
6973048890857366 681195851 0
1678166361064593 163939723 0
7836204023412259 765513987 0
676490221058190 66084903 0
3792305505774161 370462946 0
1991344946437613 194529791 0
5856796200680079 572137709 0
950295529399591 92835187 0
6234238007166682 609015504 0
2004927450031509 195861228 0
6650207020470679 649661697 0
2149077531744512 209937424 0
8675748603743678 847521403 0
2651090517379379 258982020 0
5068782137963061 495160368 0
4252978137458271 415460895 0
8508163041484004 831153280 0
863855458048278 84391147 0
1844583365952351 180198548 0
3607755662970340 352438712 0
6833474938698465 667550732 0
319 2
446 3
399 4
95 5
403 6
423 7
176 8
399 9
18 10
172 11
82 12
201 13
186 14
238 15
358 16
116 17
111 18
399 19
395 20
221 21
163 22
365 23
399 24
399 25
484 26
444 27
291 28
399 29
6 30
298 31
41 32
161 33
8 34
399 35
171 36
467 37
5 38
198 39
380 40
461 41
343 42
3 43
140 44
226 45
474 46
262 47
198 48
357 49
253 50
138 51
190 52
262 53
228 54
322 55
399 56
295 57
248 58
209 59
475 60
423 61
274 62
311 63
17 64
68 65
399 66
180 67
275 68
99 69
399 70
38 71
199 72
478 73
131 74
277 75
334 76
125 77
261 78
356 79
37 80
229 81
232 82
93 83
285 84
433 85
399 86
288 87
399 88
45 89
150 90
222 91
10 92
197 93
263 94
90 95
407 96
148 97
374 98
396 99
399 100
306 101
486 102
151 103
397 104
377 105
162 106
343 107
225 108
191 109
72 110
27 111
384 112
327 113
20 114
174 115
302 116
399 117
182 118
419 119
456 120
49 121
431 122
399 123
372 124
482 125
2 126
118 127
135 128
416 129
113 130
233 131
399 132
399 133
399 134
476 135
399 136
258 137
149 138
236 139
211 140
283 141
103 142
11 143
218 144
153 145
62 146
310 147
304 148
1 149
74 150
293 151
399 152
247 153
399 154
399 155
110 156
48 157
399 158
399 159
399 160
440 161
459 162
58 163
256 164
100 165
399 166
26 167
322 168
399 169
425 170
266 171
322 172
308 173
273 174
192 175
417 176
307 177
276 178
346 179
177 180
138 181
282 182
32 183
124 184
51 185
102 186
97 187
11 188
484 189
32 190
55 191
112 192
223 193
271 194
312 195
250 196
195 197
339 198
242 199
399 200
257 201
50 202
367 203
399 204
84 205
368 206
294 207
369 208
106 209
249 210
145 211
394 212
399 213
351 214
181 215
191 216
459 217
46 218
185 219
172 220
442 221
69 222
324 223
150 224
207 225
360 226
89 227
408 228
270 229
320 230
265 231
144 232
387 233
57 234
418 235
114 236
379 237
77 238
355 239
16 240
315 241
101 242
399 243
30 244
326 245
411 246
472 247
490 248
7 249
399 250
174 251
96 252
75 253
453 254
282 255
139 256
469 257
451 258
399 259
318 260
386 261
220 262
323 263
272 264
241 265
330 266
399 267
189 268
83 269
465 270
426 271
457 272
85 273
170 274
347 275
227 276
381 277
399 278
36 279
182 280
287 281
149 282
215 283
81 284
286 285
30 286
246 287
94 288
399 289
118 290
91 291
152 292
471 293
420 294
128 295
341 296
399 297
470 298
269 299
25 300
342 301
296 302
399 303
251 304
389 305
316 306
52 307
104 308
350 309
239 310
146 311
96 312
360 313
237 314
483 315
187 316
60 317
202 318
71 319
260 320
462 321
1 322
264 323
390 324
399 325
317 326
441 327
107 328
458 329
448 330
428 331
399 332
121 333
68 334
399 335
399 336
254 337
192 338
254 339
63 340
33 341
67 342
51 343
194 344
399 345
309 346
281 347
179 348
380 349
402 350
84 351
284 352
399 353
399 354
122 355
344 356
301 357
413 358
399 359
130 360
212 361
172 362
26 363
182 364
383 365
147 366
87 367
331 368
235 369
399 370
278 371
363 372
364 373
255 374
305 375
102 376
364 377
383 378
415 379
181 380
59 381
458 382
55 383
92 384
399 385
164 386
76 387
230 388
314 389
208 390
399 391
302 392
215 393
404 394
31 395
439 396
157 397
291 398
352 399
159 400
399 401
299 402
79 403
245 404
399 405
462 406
487 407
12 408
279 409
399 410
15 411
143 412
142 413
409 414
489 415
382 416
13 417
468 418
45 419
375 420
399 421
399 422
388 423
153 424
54 425
434 426
399 427
178 428
399 429
124 430
137 431
118 432
368 433
234 434
373 435
399 436
185 437
399 438
43 439
156 440
80 441
173 442
444 443
203 444
399 445
409 446
13 447
22 448
399 449
399 450
452 451
210 452
44 453
464 454
399 455
333 456
466 457
479 458
186 459
64 460
108 461
255 462
399 463
34 464
129 465
220 466
78 467
175 468
361 469
21 470
120 471
366 472
234 473
214 474
193 475
454 476
399 477
126 478
240 479
399 480
466 481
28 482
478 483
340 484
374 485
231 486
460 487
399 488
61 489
430 490
