100 5000
60 6 59699
64 22 36281
72 2 84199
12 45 718
29 11 17102
30 59 5687
14 18 85736
16 40 84548
34 41 69222
26 70 55821
42 25 3417
48 49 60533
74 44 86485
36 38 59302
71 55 46675
61 31 84037
2 50 97988
83 35 88290
86 28 14291
2 98 22046
32 75 6122
85 78 54894
83 66 7097
17 28 67325
92 19 87458
71 69 2057
68 41 77862
12 28 76333
50 18 42330
13 85 49538
49 25 32349
31 7 12436
18 4 88764
64 4 94865
97 15 78689
86 78 43497
13 82 85508
71 88 84591
85 74 57912
4 89 94704
84 25 550
61 29 82728
9 32 22983
28 10 2199
53 95 73068
65 1 34622
34 6 45261
95 80 47506
26 89 3113
69 43 85465
55 7 2194
86 93 77932
84 77 30532
57 10 42604
68 82 32305
90 32 31279
40 12 60954
23 90 99731
44 85 65623
20 34 21210
3 43 44111
69 16 25413
75 34 13597
100 37 938
49 19 46090
99 24 14619
18 81 91086
37 11 9403
62 76 74373
75 20 26888
87 91 97033
53 11 63183
41 100 64699
21 88 21880
65 100 50424
11 90 7470
36 47 34892
34 23 33647
83 34 90372
31 14 54607
86 73 21773
19 1 46184
60 24 78190
8 94 66082
15 46 70876
85 29 39559
66 18 7522
63 64 33145
63 5 56807
3 5 42381
33 43 89651
60 27 6790
60 48 72919
89 97 44158
35 10 11721
9 99 10815
87 9 92357
37 80 76737
10 8 52834
68 96 5469
62 51 91391
5 86 9673
48 15 70551
90 21 14647
12 100 12411
12 54 90809
43 69 69739
64 93 95989
80 82 33488
8 39 9213
72 99 59275
29 33 35404
79 71 20034
67 13 36923
64 20 68434
45 18 58881
92 18 32039
14 15 53823
95 52 14910
64 8 28354
79 33 18531
89 46 47288
35 36 95447
9 42 86480
38 56 73159
47 17 55443
88 71 60935
88 43 74223
92 9 46177
63 5 24076
67 44 57248
16 13 61837
74 35 96470
33 94 91553
90 64 32241
16 93 14933
86 85 65739
40 49 98356
2 63 70302
67 94 90285
1 84 22797
41 21 12375
41 66 6395
82 65 26425
14 46 122
84 18 62986
41 59 50327
17 50 46358
18 32 2246
76 90 74881
27 60 66907
47 5 92719
39 60 28480
23 87 63050
54 8 79867
29 45 65432
56 34 81070
29 89 49973
18 84 96297
97 98 29895
17 64 76383
61 2 70704
27 63 34510
13 37 86963
42 60 14848
82 32 65888
90 37 63173
62 34 64580
4 78 16662
61 27 54262
16 96 28540
79 16 41075
4 1 76374
35 99 46344
87 35 21864
90 31 63161
62 19 88980
61 15 69142
92 40 45465
11 49 80722
34 79 33106
80 7 18836
55 67 66231
56 46 67061
7 78 1215
82 43 3629
91 93 35528
8 36 55359
50 57 91505
89 28 42423
89 66 37979
61 42 67478
58 72 40098
23 68 33073
19 74 49161
87 31 65771
65 70 828
59 50 69071
5 82 44610
34 47 75147
68 51 18248
27 1 708
24 19 85610
78 56 99785
88 63 93695
50 72 10016
72 44 26515
19 40 81195
78 99 19499
94 18 52073
66 74 94162
28 33 66248
96 49 87909
49 35 13337
38 55 11614
82 28 51183
8 71 29790
32 75 21120
88 60 54048
38 51 52650
37 22 93739
27 79 85264
31 19 92396
4 49 12605
93 11 14771
8 26 82014
42 61 55764
48 87 69632
100 16 69540
48 41 61107
33 40 73650
12 36 30118
8 79 75123
57 97 40616
92 89 40626
76 44 81631
44 48 41021
61 90 59755
97 38 95232
56 10 36638
62 91 96209
81 57 51510
4 71 51520
82 59 91592
58 27 21111
32 40 79584
75 67 90188
61 5 70217
59 92 4159
14 82 62885
92 1 548
17 3 52818
39 17 28950
98 74 37794
35 3 3962
67 10 25369
56 65 83125
79 64 90344
99 90 79075
95 8 67037
41 84 48534
80 97 15971
47 85 40471
94 71 3356
26 97 4719
7 26 50046
34 58 57783
66 10 19475
76 16 6155
13 85 68713
27 23 15981
28 73 8334
51 96 25298
92 54 23478
92 23 78478
91 100 9930
45 8 58273
76 84 69794
5 38 68622
100 89 51728
16 71 60123
68 6 40735
98 70 11892
40 76 84980
37 62 11785
33 23 40928
99 97 29351
91 51 8428
68 27 77564
16 13 31596
58 1 54465
99 90 61070
9 58 36894
36 33 86992
15 7 72449
67 94 36004
61 83 82112
63 9 86772
9 45 88749
6 61 28027
79 9 91513
10 76 83432
49 65 1980
100 4 29314
2 65 76825
58 6 80791
19 57 28234
20 71 72154
80 50 85977
26 72 68717
20 10 10485
47 1 9012
70 71 79470
60 6 51830
10 19 79428
23 56 77608
71 63 17161
86 96 24679
93 94 47981
41 95 68695
96 46 20881
11 99 17610
60 32 79205
11 35 62045
9 2 28229
42 55 29139
24 81 21029
78 41 61177
17 40 88008
96 35 29704
44 97 76748
47 79 79484
34 11 74461
92 29 11021
94 48 27704
36 90 15962
57 69 6299
69 89 63298
80 85 67728
9 48 76111
38 45 55309
75 47 29770
90 9 68873
38 30 82996
33 59 78449
41 75 47714
50 74 7333
37 60 82023
61 20 57821
100 81 86202
4 74 27735
16 54 51390
3 46 53929
2 26 85666
50 64 76577
83 51 39419
96 52 32598
46 32 22473
28 9 94993
75 1 39628
88 12 81837
50 46 88824
79 81 53640
53 89 7436
15 69 4300
85 54 86040
13 24 35063
14 75 76119
77 56 28586
80 94 38088
78 20 2221
36 33 9663
13 95 61480
66 5 6615
91 13 31997
89 84 92395
6 100 52860
81 100 73162
58 54 21596
58 94 39599
40 95 77679
6 30 41646
19 15 48492
87 37 34451
1 89 77431
7 45 22759
2 73 49307
61 19 58758
72 22 17834
39 32 14371
29 15 85387
8 14 40319
72 53 26289
82 92 69754
41 28 34597
27 56 30357
57 84 91468
72 71 79730
50 37 16104
40 76 84141
84 70 20680
41 24 87802
16 88 4370
48 35 91147
16 3 54688
42 30 56452
87 31 29615
81 84 33055
7 31 61309
68 29 8755
55 15 22365
84 52 76483
76 73 2223
11 15 6500
81 31 79281
82 91 87761
4 17 90671
23 55 70668
75 86 80981
97 19 72177
6 92 6999
40 10 53569
76 93 41771
1 39 71999
56 65 21588
10 97 6909
23 12 47036
38 35 13539
17 84 32887
51 39 94960
50 100 47555
61 17 93607
69 48 6267
79 47 56993
63 46 38146
57 7 35778
89 19 94617
28 61 3164
6 31 67063
27 90 78948
29 2 4900
28 36 94358
81 31 5910
87 67 61048
71 29 64676
60 85 45131
80 92 37535
85 31 63229
3 73 45781
98 33 85579
73 72 69263
10 73 30688
19 42 21785
31 54 75017
99 39 73062
31 91 32691
20 24 65123
51 31 31367
29 11 14728
82 53 1216
52 41 47415
26 44 30776
78 42 45837
8 59 42796
11 74 91537
92 40 41611
2 84 74073
12 39 68359
3 84 64546
94 80 26692
88 61 93408
30 89 13638
87 93 35786
8 19 72038
18 45 75513
47 65 28903
19 55 99884
52 41 85495
39 4 85639
79 55 86009
45 49 50596
98 35 27366
8 16 98259
52 30 94397
80 1 38570
5 99 22082
16 46 28691
42 49 45144
13 49 53025
26 53 59943
85 58 79122
49 79 50983
39 62 78843
40 76 24361
65 97 10403
68 29 69918
86 39 7140
52 38 33809
56 64 79613
10 92 51265
81 76 8764
71 57 5145
8 64 69182
10 72 15299
49 79 45299
79 69 86334
82 76 25550
51 82 17397
43 92 54095
76 31 35075
60 63 39791
68 99 95624
39 53 40031
41 8 78098
84 35 51053
27 82 41925
48 45 76773
57 80 17026
10 52 43715
16 47 11691
95 54 29205
30 51 68561
94 28 51289
44 71 54443
95 45 47807
96 47 84555
29 49 53049
94 65 75766
26 53 45209
92 87 22733
63 69 86753
59 97 46343
44 23 58631
42 47 30179
40 3 11543
81 25 24498
76 67 48487
35 100 11039
11 66 29737
90 2 29129
89 91 25011
88 74 72472
69 93 4
79 41 83347
21 49 52169
8 33 53212
62 17 26446
52 33 7688
16 45 90801
43 96 38939
98 89 31254
97 26 24620
100 49 53689
80 9 7475
26 38 67673
59 12 67127
46 9 60978
75 46 20029
49 7 56900
34 92 4137
57 29 47218
89 37 22037
73 8 39070
57 78 35132
4 17 12974
17 36 30822
36 81 63699
70 7 20894
50 37 85943
60 12 91331
71 14 1651
36 50 38236
74 13 39552
63 99 99992
65 43 3534
5 89 12251
51 71 54902
30 99 85222
6 88 72362
13 51 28540
80 72 87895
91 23 48606
40 87 83919
100 15 15295
45 59 17714
45 6 84220
85 62 48084
20 45 68899
28 94 356
87 44 58334
75 77 91007
86 89 80814
58 52 766
3 78 95607
66 47 97554
33 10 22001
58 31 16764
54 44 60414
13 86 25791
59 41 85584
75 6 60292
39 35 64979
4 83 19904
11 96 21804
12 86 24752
23 68 53080
33 3 30898
21 35 71162
21 74 70670
30 92 96296
61 6 6065
98 11 60060
95 57 25937
1 16 69834
99 71 30033
65 11 53039
8 70 72878
96 93 53741
14 43 61485
79 73 54250
3 99 41457
59 12 24833
75 29 20107
4 10 33105
95 80 16691
72 82 63443
40 59 79709
45 10 97146
51 84 80551
78 85 5153
43 41 64330
95 63 49686
55 92 70441
56 57 87124
12 55 28536
58 85 60991
56 7 93104
75 48 92016
50 66 8332
76 64 50769
100 36 58444
43 87 91168
68 1 95928
80 60 40977
43 90 92038
43 93 47310
12 58 7598
93 33 13587
62 21 42338
71 28 27911
2 25 31043
40 54 93576
5 10 21636
94 4 6768
21 38 34883
30 6 92854
27 91 25873
70 56 25654
56 30 90546
43 79 8819
1 49 10673
26 22 55905
91 67 23689
62 77 81231
72 21 18153
3 28 66010
9 42 40862
93 100 4198
41 28 45103
50 19 25120
4 26 46308
28 60 32701
86 35 30640
94 22 95489
13 80 25803
92 21 69457
73 48 98564
81 88 24148
98 52 22817
43 20 2342
44 37 50880
90 37 43738
99 34 23583
31 42 2104
16 40 93112
89 66 5343
68 55 17456
8 26 41405
43 56 20651
64 52 84589
79 52 75344
90 93 1695
26 69 19827
17 29 43916
81 21 80019
32 63 54412
84 95 97610
44 48 7085
54 76 23238
99 30 54300
66 67 35909
44 62 31957
29 65 31778
100 49 89582
73 36 23030
4 93 82259
98 10 5472
91 25 41314
64 71 23382
77 84 2141
31 69 63847
78 68 77886
73 79 14580
55 19 1142
40 19 48457
29 90 6154
35 29 82381
26 35 85762
97 54 423
79 5 98079
85 62 26179
86 68 1640
58 17 41496
69 17 43293
35 48 65030
66 94 98636
15 84 86802
37 68 44045
38 65 99143
10 72 11657
86 64 5576
44 14 39975
8 9 28383
28 38 10570
52 28 75735
57 40 95705
59 15 31424
63 1 98696
40 74 44442
41 63 83141
78 85 81958
97 80 64099
53 28 76426
73 91 22173
83 44 27887
8 84 87412
42 41 60548
8 25 83441
52 72 13834
12 11 69446
45 84 14104
80 29 54171
100 64 46938
17 32 1998
20 97 85791
64 68 31140
18 95 41395
16 81 29470
51 35 15140
39 99 68043
56 67 3419
17 69 12623
93 26 83708
15 46 12614
42 31 29408
65 96 22812
64 94 48772
71 11 84586
43 90 1057
53 70 75556
43 99 41243
80 35 68012
54 65 42297
48 8 20037
57 6 50890
51 16 97429
13 30 32513
38 33 31015
88 11 221
55 14 42474
1 12 70164
49 62 22555
2 41 42817
99 74 66064
65 95 54898
71 96 94028
56 83 30777
64 76 13431
45 49 14109
3 31 91700
24 51 51945
9 55 20316
44 72 58180
68 5 89418
96 48 31918
49 81 8067
18 39 18533
16 75 65078
99 42 19827
84 38 96342
76 17 1866
72 15 38373
90 88 94158
46 1 41951
31 14 99357
77 26 77277
51 74 94058
63 58 58488
53 50 67428
23 66 46365
55 98 1706
61 17 24399
37 46 16447
6 42 90006
99 86 44466
36 100 31503
22 60 59284
10 79 40757
84 49 5989
79 17 24753
27 61 86506
65 67 60330
40 87 5046
39 68 92685
40 85 83318
63 88 10805
9 31 96606
94 84 77198
65 1 35660
83 59 75115
13 35 25281
32 28 31282
25 96 47626
73 72 220
49 15 74709
21 32 51512
28 40 63424
35 42 70193
77 33 82632
61 89 27172
82 62 83532
84 44 37879
4 94 56497
14 85 26361
19 96 18469
77 66 1132
78 94 76590
31 76 3714
21 42 14724
69 25 74306
49 19 57071
88 81 74894
72 55 90646
16 35 13254
54 69 73664
64 14 90435
42 29 9264
61 52 70811
27 98 79631
70 54 31565
59 22 17855
18 91 90675
49 54 39764
33 9 52829
19 25 35413
26 40 11290
52 11 46355
61 55 69476
75 72 81051
21 57 98899
5 21 10212
11 60 62577
73 62 88710
31 81 94092
51 68 98566
25 95 94554
92 1 44198
83 46 94172
97 34 17156
64 97 74599
67 30 33622
13 86 51644
50 11 57196
9 45 29566
45 34 34069
8 75 68980
21 6 97871
83 51 89399
89 82 45491
69 17 84847
51 13 33068
55 33 33219
37 48 44418
56 27 32779
36 43 88266
72 71 28904
71 73 95881
28 2 56641
30 63 5816
82 54 27002
72 97 35589
42 25 44518
27 73 7431
64 10 17766
89 74 24864
26 89 61841
5 21 24320
1 36 55379
45 77 95803
13 8 15465
94 68 43271
28 26 37394
92 46 93889
1 78 21481
40 54 45911
41 71 38281
72 1 75466
32 78 70956
51 4 54685
71 9 67237
29 32 15047
21 66 36239
25 36 25389
25 98 56055
15 66 56872
21 18 60516
68 5 34206
30 10 63183
72 60 82869
99 76 73745
60 48 96818
20 7 20105
51 20 55435
60 98 63810
6 79 46590
35 1 13637
42 86 32776
3 80 46141
45 66 42780
16 65 63833
85 58 61322
8 23 42866
91 60 31660
4 15 54537
11 56 3964
20 49 89232
4 77 8166
25 42 66114
26 65 47196
74 72 54240
4 51 67429
75 48 71106
51 30 23896
3 67 89922
35 46 98155
36 91 3932
83 23 71883
70 86 28283
20 3 93757
20 52 64269
92 10 79001
40 58 67221
22 10 8716
73 51 99430
46 33 12876
17 41 56264
1 26 94395
81 29 6674
96 97 80253
1 5 98318
65 31 43002
5 37 91510
76 27 19532
7 40 17082
84 23 26469
51 79 25367
92 48 39121
8 31 58190
14 53 72378
28 34 21549
82 16 78625
59 87 78455
73 31 289
4 56 17044
24 67 59778
83 62 96346
89 45 59587
72 19 10746
76 8 54103
78 91 78261
70 83 55215
17 6 23986
34 46 81522
55 9 60193
80 52 71905
29 34 49461
51 90 49987
92 84 93904
65 30 35874
47 15 26045
29 19 12122
19 42 80562
74 26 4851
28 14 65409
91 29 52756
21 72 41554
9 17 99525
19 75 61989
35 55 44167
31 37 44694
93 57 81824
97 8 27688
42 22 91351
76 3 40092
31 17 95374
63 81 62665
42 56 85827
47 39 14226
78 31 7802
88 31 41067
53 19 81076
48 70 12410
52 100 26073
69 52 31264
47 54 51223
65 21 53353
62 42 95601
39 89 62828
50 64 32382
97 48 34085
73 59 53086
78 15 60173
80 65 20871
4 51 35130
11 37 35156
51 78 88807
66 68 54843
89 16 45131
68 63 91805
60 31 91998
88 51 84693
53 93 24709
85 58 55692
53 29 95734
62 58 38276
75 84 43405
3 41 47324
100 41 41529
79 12 37153
98 21 22153
30 94 20404
12 72 36842
26 1 26974
55 23 75100
68 57 77167
30 40 32411
42 56 18594
31 34 74236
69 46 57027
77 10 72183
100 98 77699
84 93 47004
32 50 63813
14 50 21026
10 97 64762
69 51 176
33 59 36110
2 39 24267
21 63 12069
8 37 56378
9 62 51155
86 30 49229
60 93 48040
85 25 52207
50 64 29037
49 82 60296
71 14 73481
12 16 97009
56 35 73122
74 48 23459
53 3 20212
61 66 40135
73 99 5563
23 81 77712
2 27 8230
17 88 28719
17 91 41361
74 6 99613
65 3 47304
76 62 13536
73 29 3003
38 91 76820
47 8 19994
28 34 28483
68 87 42907
72 51 98846
53 4 67613
36 54 3671
1 19 462
17 92 78324
50 7 73872
67 92 8947
33 99 49222
62 25 54774
52 29 76890
1 100 80459
99 45 19771
2 3 7459
45 25 39832
69 53 63891
75 23 35980
59 68 58912
46 98 11562
27 53 93396
10 22 64020
94 50 66367
44 85 62750
44 13 59294
34 6 75097
32 25 2621
49 36 47936
3 91 73809
21 37 98750
19 88 69934
17 60 92591
1 15 67474
43 99 45251
1 30 10735
2 8 11314
10 65 87395
42 58 79239
96 70 77215
30 73 21622
80 36 26393
44 60 44067
86 1 11201
97 59 87759
9 56 11566
26 15 4428
95 100 37364
56 79 13157
98 44 62659
30 58 91384
1 74 67016
16 31 63134
30 94 77688
50 2 85570
26 15 57247
13 82 74220
21 97 95512
32 8 88634
30 26 63386
70 93 18446
62 5 84337
72 98 93125
76 77 90971
73 37 52455
93 100 62898
100 90 8702
16 52 22280
99 77 94031
6 1 28517
68 61 71876
41 24 14139
76 27 12825
20 67 24485
23 25 38586
46 56 3008
13 34 13346
20 21 65472
19 58 1855
24 54 3044
8 27 27071
65 84 77541
63 38 30591
76 9 16088
72 41 15908
2 88 86547
90 72 10776
77 36 59718
50 30 72636
100 67 98071
10 14 74549
41 63 57157
97 88 54587
45 40 63408
17 92 25827
62 7 95932
32 90 74646
71 70 30316
61 98 12172
10 57 64600
47 64 22477
38 79 47229
1 61 31097
70 68 7052
51 83 60677
35 95 114
92 26 18354
12 81 3106
73 48 91881
44 82 30795
45 77 58485
56 78 54301
38 95 2684
57 37 87583
52 9 87071
47 96 60046
43 31 69769
38 48 4684
100 74 96587
80 23 87287
37 23 98695
36 88 69003
56 83 98421
32 24 76855
51 62 44852
35 95 12518
34 46 84843
69 86 67861
29 48 53304
26 4 30481
91 25 31461
12 33 72158
32 56 39427
87 81 58968
86 11 6904
71 80 6710
84 1 46701
21 86 7835
48 51 43536
87 40 8293
24 16 79649
70 40 99995
14 75 56541
98 58 3584
93 55 7550
92 25 54514
93 98 80611
81 7 53253
31 85 72856
8 83 29222
96 12 21593
25 36 22387
74 29 75298
82 93 85305
13 68 87934
37 78 33575
5 52 59985
41 84 88623
14 48 12334
70 33 5249
15 83 29256
45 59 15461
69 100 75772
46 90 87948
55 83 34063
95 39 13646
1 41 56303
31 43 82846
59 88 60309
15 100 80355
33 36 51711
88 35 28278
75 96 97421
21 11 83417
70 97 82399
96 17 18686
7 96 74692
100 41 18574
86 53 11341
83 6 94753
96 69 96407
1 78 11769
95 54 6026
78 21 24419
2 96 91724
62 100 7534
99 52 79439
6 90 26968
18 75 43359
4 40 58246
76 61 16179
68 59 62985
73 66 67019
2 78 68689
5 88 36058
38 46 38632
89 62 47945
48 71 13312
22 99 84158
96 51 54825
37 47 34249
95 31 16126
88 29 96748
82 67 55110
80 46 70958
42 85 52944
3 95 67230
47 8 39901
49 55 77190
68 72 96415
35 54 75760
98 82 81311
41 65 1894
24 76 64558
25 69 90072
46 89 30029
15 57 65877
85 13 27182
100 43 7933
90 59 99955
2 52 65598
49 55 87502
73 17 16766
82 64 3752
37 6 1674
55 92 12893
70 30 93891
20 1 1408
61 28 89408
58 61 81097
30 28 90199
86 7 54257
71 28 82316
7 53 57135
21 16 96561
42 10 36978
87 66 28926
23 99 73403
67 81 92872
72 25 4651
13 73 36807
19 44 85998
24 3 72327
46 13 56064
100 15 90324
50 73 63376
65 30 94784
97 85 4210
23 97 10859
96 53 4106
94 57 74705
94 8 84356
87 14 15183
86 54 88112
1 24 470
66 91 53690
14 74 81393
46 96 45620
23 71 21066
94 7 7838
96 9 65951
65 16 45768
78 71 56725
10 75 52392
80 82 68891
92 79 49444
82 79 46543
48 27 20266
78 56 29874
31 62 46256
20 45 38329
64 30 36743
95 42 20718
63 93 92977
97 61 24429
35 15 77874
7 88 48902
16 82 45655
46 17 70039
65 40 16809
13 60 30124
60 59 88497
34 70 82795
26 47 21018
16 7 87274
57 34 22533
74 34 92505
61 17 46985
95 27 30295
3 39 68404
23 79 49294
96 44 3348
100 21 86820
63 16 15120
28 36 65663
35 8 90881
76 86 71339
83 73 67544
28 10 78227
82 83 16103
96 80 85384
43 92 50652
52 54 42795
46 15 37799
99 2 68338
97 59 42361
66 52 91098
13 79 71319
8 1 3280
57 81 16088
85 91 37653
74 10 8151
89 68 73641
63 95 50205
5 85 90980
91 37 23879
20 24 78147
4 95 91
23 32 24510
19 97 99218
9 61 10013
89 67 29971
80 11 89728
3 81 85735
65 51 30585
27 87 59525
77 85 33673
43 73 13176
77 3 86811
54 85 90794
47 71 56740
76 98 71611
95 30 79805
91 71 88699
22 89 97331
100 57 96490
41 5 98554
59 54 30055
93 83 47113
57 11 89506
12 33 8100
53 45 84286
46 96 8894
30 98 3969
80 72 92146
63 4 86616
51 17 3310
68 52 1938
35 56 11714
63 94 88728
85 91 75546
30 59 5696
64 91 99527
29 68 27620
78 55 43637
83 6 8726
29 44 69527
95 34 6059
39 80 35932
25 76 75272
33 59 99067
63 53 23659
76 34 11771
73 20 71839
8 39 83361
99 87 2613
70 48 74622
99 8 86400
96 33 32042
53 97 85025
75 41 67208
62 93 68848
65 87 24455
59 52 89351
45 44 64094
90 54 43904
22 7 2183
27 68 58920
28 37 77769
67 50 66694
60 32 90049
45 5 67659
35 6 2461
49 93 49078
53 44 43672
50 33 40641
64 92 18738
88 77 73605
64 13 95002
58 78 11233
41 79 70061
26 93 51231
15 7 90466
65 39 94569
88 39 2173
40 72 54001
15 55 45852
67 40 75148
97 91 70192
75 44 4234
31 2 2212
83 11 49932
3 9 31117
88 47 81839
11 65 4542
67 4 89885
4 6 92289
84 85 77642
31 33 8982
57 47 25824
45 7 58103
100 86 44771
67 49 93626
40 32 34945
31 15 51202
1 50 89581
5 40 97117
19 48 49985
66 9 5815
42 67 64465
38 44 71091
53 29 31408
26 59 78151
13 55 32211
5 57 26756
83 88 69898
3 100 69669
2 59 97377
9 44 56582
94 30 88787
9 74 35418
10 76 84378
92 5 23804
35 67 38433
40 49 4016
65 2 56445
31 65 62800
76 85 87079
7 36 44723
16 64 41950
33 42 51879
17 81 69539
40 6 67807
38 10 58689
90 73 78121
62 22 52724
67 75 27414
72 76 92123
3 40 26172
11 71 84713
35 97 53595
54 82 54968
87 73 78401
49 73 1242
66 3 67716
37 81 83310
94 29 74123
98 83 92485
26 96 12324
77 93 6183
12 87 17009
52 37 85911
60 63 46137
23 13 69536
86 74 19860
63 3 40479
60 1 10418
30 16 84072
41 34 45806
29 74 2918
91 84 56473
83 99 52321
45 32 68385
50 17 96242
94 80 63543
34 19 35195
83 84 23816
2 51 543
21 53 25026
18 30 65999
65 24 13930
53 56 7754
43 68 3226
44 81 73653
22 6 36300
71 3 41565
87 39 75453
7 87 17982
94 72 89836
71 83 95567
37 72 72612
15 74 90413
90 79 82435
78 84 93134
90 81 37400
88 44 98072
84 67 82547
61 10 17373
61 81 13799
52 92 80480
92 55 48954
35 1 13060
35 72 10685
79 89 17842
100 52 85195
88 42 83994
38 73 86299
46 100 55447
63 59 57156
61 7 987
48 90 74379
30 58 32717
91 80 46777
11 76 61085
50 7 97427
69 92 61184
1 87 15698
38 99 14680
65 5 75282
27 99 65082
17 30 66658
28 45 60669
100 26 23644
93 89 83299
9 69 65479
48 28 7566
64 7 94486
47 19 78401
41 56 1668
86 95 57315
38 71 88359
63 14 32929
88 100 2759
45 53 13049
41 74 63450
17 20 70206
81 7 86756
47 9 86119
2 65 76446
23 39 88051
74 67 14451
91 25 53902
39 83 63774
90 62 30754
24 57 40391
93 71 25895
73 47 62761
70 28 49197
43 32 69476
89 71 83005
43 14 82992
30 65 41335
76 75 82456
3 18 66301
50 95 77964
85 64 44758
32 97 12515
72 25 27839
61 96 74411
46 100 25664
36 27 86966
47 15 72463
63 31 78454
87 25 72901
15 58 59957
34 57 48329
3 13 31025
99 25 77808
41 20 28820
88 52 9227
96 42 81024
84 18 82999
99 23 33028
15 70 80447
93 7 10322
82 99 73109
76 95 39133
31 78 97292
55 77 67965
26 99 99148
92 78 74384
31 91 79350
79 25 30893
82 80 17118
69 53 73508
9 61 98845
92 72 14851
32 99 33727
71 8 38024
54 68 96652
78 82 83901
74 53 2919
14 49 51246
55 72 46104
29 1 66894
72 89 57107
45 80 11386
58 59 70352
45 70 99306
71 63 44188
79 15 35706
9 70 57340
25 11 69810
73 79 76173
10 70 55200
25 27 34922
25 31 85012
10 68 91684
84 50 22889
82 80 78883
36 96 81528
64 24 26972
58 40 76022
94 98 97210
19 37 75218
24 54 56761
51 72 34958
76 16 70617
56 2 95447
83 32 86164
28 59 11494
47 1 80399
54 97 97395
1 4 46348
9 27 75089
60 63 44439
77 53 52939
69 57 52129
12 59 89310
54 47 24535
72 94 1131
99 6 86929
35 1 87315
79 96 40112
45 17 83530
30 13 17408
44 66 77357
68 22 42957
59 57 6612
80 47 25289
9 56 46857
5 26 76832
61 19 79571
95 25 79927
2 26 49013
39 96 24355
34 47 57324
75 8 79870
83 96 57258
33 87 17155
49 80 12343
47 59 90594
77 34 15606
14 61 57625
65 55 41226
77 65 33354
83 20 7527
92 6 28051
100 91 60301
2 25 4241
78 87 36034
70 24 8856
17 34 81147
16 45 50141
36 18 85175
63 94 45638
56 28 10123
42 67 25100
74 35 90282
1 85 21646
19 55 31995
85 44 32541
96 15 71800
24 66 93289
70 45 55384
65 12 51972
44 86 6565
83 1 47700
5 87 16482
57 29 27378
97 28 47532
11 49 71940
52 76 23103
41 70 44266
9 36 98836
100 16 92226
46 13 4745
76 80 59164
87 11 37406
25 7 6148
11 9 59736
89 81 88381
45 44 51795
39 3 631
100 14 33373
83 91 86605
4 74 50235
17 56 88339
34 21 17615
79 28 66640
44 46 73128
95 40 74733
24 66 29598
87 32 98312
56 93 34265
37 55 70414
56 72 1591
96 7 98677
71 32 62844
30 99 65370
19 49 9958
33 64 39761
83 39 1277
23 43 96970
8 42 95470
19 67 51554
98 99 48949
49 6 81401
81 15 53532
6 100 45658
87 30 62952
49 56 20214
38 82 76659
6 67 4811
17 18 30140
87 90 81753
22 53 93997
59 90 16135
30 82 99970
20 11 38997
88 42 46089
39 86 1164
40 33 63043
56 41 33753
72 54 79417
36 30 44021
98 94 10854
13 33 79390
2 41 37697
55 3 61045
68 79 23196
62 19 6600
10 82 31525
33 93 97468
24 39 60495
63 8 84280
95 57 24432
73 54 76032
43 78 13358
99 86 91683
40 66 30821
83 62 28900
75 33 22770
47 88 72691
68 91 70885
91 14 23752
15 100 7336
14 89 93301
58 27 51872
86 4 67256
26 61 5386
28 87 41110
17 53 56699
41 48 56545
14 48 96697
37 40 75612
30 46 99131
8 80 9629
37 65 66319
13 78 46283
42 87 64976
42 16 25256
60 89 52675
10 35 27614
93 86 50555
79 21 82446
2 91 12621
24 67 14765
35 82 95190
91 53 26973
64 35 84655
54 46 56526
95 92 44859
58 16 61173
58 61 90954
30 69 31930
39 74 71196
63 92 17288
41 57 55177
81 92 9247
83 60 14145
24 53 95180
63 100 59979
49 22 57850
50 52 14347
28 42 69452
63 73 76170
64 41 50831
74 46 38518
28 41 61319
88 60 34254
41 25 94225
29 97 38197
19 31 79003
95 82 55188
1 30 52534
48 69 81301
75 7 32650
32 50 16882
80 1 47159
82 87 96976
63 30 33503
40 66 59067
28 7 66166
78 14 32050
39 100 65281
100 28 72101
88 48 7222
64 45 90869
71 97 52965
4 30 32294
61 55 26772
43 95 72230
76 35 508
72 38 9817
69 49 21373
74 92 28286
28 46 13795
6 14 14306
14 2 79197
47 20 59963
61 21 2189
4 94 68694
35 14 35824
47 11 59523
96 37 28620
45 66 81073
81 61 36911
92 39 23785
79 62 38147
84 44 90375
35 32 97738
75 2 51565
35 43 14330
92 98 229
84 85 27256
75 58 35492
85 63 33119
12 80 80442
42 17 10183
61 50 28578
76 18 143
90 36 36973
44 68 20335
63 34 81510
34 38 10242
15 90 75575
53 16 1576
79 69 35325
45 85 65102
37 22 12898
95 10 66574
77 35 9118
50 93 45164
35 50 11244
25 35 44429
64 38 47770
44 51 40057
62 69 33149
41 35 37199
23 2 99788
72 42 91652
51 83 50142
20 40 29240
100 24 95761
76 77 7031
29 30 64471
70 50 18027
90 30 33210
64 48 6035
92 61 15644
77 67 67057
21 81 46162
42 17 46376
70 42 32972
84 4 70337
54 17 89756
94 25 73500
98 83 76903
34 87 9987
29 35 65678
3 41 36245
9 97 10972
42 64 90457
13 1 22985
78 2 71080
3 93 91780
96 64 81207
92 43 85425
84 16 7215
12 76 51599
73 9 23170
38 20 24075
97 41 78195
79 12 73096
99 95 17767
81 32 61731
33 39 9053
14 50 20274
30 96 41704
34 95 19892
9 28 75152
31 81 43710
64 90 31611
17 18 27691
11 90 44473
9 75 32960
14 20 52848
3 26 61606
100 82 95183
82 75 47843
32 31 70244
55 20 68045
86 75 35500
10 84 37488
46 84 27367
12 8 35467
42 81 67112
30 72 10555
27 35 67042
2 88 78729
41 94 7779
91 75 4307
99 84 43148
38 69 62640
12 79 97138
81 28 45218
40 19 41587
74 48 49455
100 28 48058
48 51 78725
52 87 1917
53 88 11304
33 2 45419
82 84 19652
98 79 79530
84 59 38819
59 11 42645
27 70 7724
43 59 54003
37 6 94652
53 78 2083
29 77 4330
17 66 85381
44 92 96222
69 16 13392
70 75 50037
31 40 73713
58 81 83978
44 79 99988
32 13 35667
88 74 53596
47 84 76687
59 46 37233
99 12 46427
49 10 57199
45 50 20371
92 48 43077
9 35 89523
82 34 70229
99 16 22535
44 96 22552
43 92 5740
22 97 14010
54 23 66085
93 46 70231
19 84 93146
84 70 61934
5 8 12580
96 19 65096
59 64 38159
51 59 23863
64 39 86190
74 14 63257
28 22 49868
96 50 13328
45 58 75096
53 87 57045
36 20 58652
59 1 66539
69 61 12173
43 2 17090
89 73 80160
10 75 73230
15 3 1687
59 48 26458
63 28 73965
48 60 7755
95 48 92276
12 57 928
11 82 12847
38 44 45649
82 43 52280
62 21 42950
92 49 81885
72 82 39630
76 67 38107
60 22 30573
45 32 27877
40 7 82664
59 54 36188
80 69 59238
88 72 88237
56 70 58189
52 72 91978
9 83 91100
51 17 65595
78 42 62781
61 4 30238
35 46 64550
28 21 20017
48 20 59960
88 5 48748
18 10 95974
44 54 49040
93 74 43178
32 20 75705
88 72 71905
9 76 75023
92 23 66855
90 42 43971
66 45 40311
92 17 58281
61 59 99791
80 60 99909
29 51 67906
63 89 93859
43 76 18220
55 15 6828
23 70 54505
61 98 7004
5 6 64800
45 50 17052
93 17 481
89 49 74012
23 49 62161
82 75 7559
12 33 86568
72 57 14923
39 90 87743
21 58 37832
42 33 58816
88 99 13230
41 89 64407
61 47 41671
85 59 49518
1 25 37019
34 10 90115
9 12 58944
16 27 71945
16 28 49750
75 20 78694
5 12 5336
75 19 49841
6 12 4321
80 99 91706
94 3 89825
88 91 15786
83 87 25921
59 50 83102
65 76 54215
77 73 13394
28 49 52989
13 6 28783
63 92 83054
41 36 38317
4 100 41509
35 77 93813
86 19 79351
34 7 18706
47 81 53289
39 89 81899
91 53 60639
45 65 79185
4 95 79665
37 39 45338
22 7 39829
39 59 32003
55 19 58076
74 53 19455
67 92 18134
76 28 19927
13 90 37847
47 50 80158
5 35 43714
71 11 53115
94 62 10851
56 54 28321
97 72 8625
54 41 36638
17 80 61037
12 15 85293
10 75 34634
83 28 54919
75 11 74127
33 11 34101
33 20 9052
74 17 16885
3 75 29833
94 95 25420
93 17 85794
9 79 27579
37 89 47053
63 78 15539
19 74 41141
29 31 67462
85 62 14453
61 99 54841
20 6 87138
55 73 15332
4 12 33093
97 48 11633
29 100 97423
54 17 31512
69 40 19226
34 84 70385
61 15 12160
73 19 2908
22 50 26208
2 21 35991
4 35 54827
98 99 61152
95 100 30742
62 16 4210
6 3 9260
96 83 60377
62 75 22071
22 99 15697
63 22 92221
77 20 59922
71 68 29380
1 60 6991
25 10 73939
9 78 30838
69 22 75144
84 21 96208
63 10 71378
61 91 15329
55 74 7876
72 91 68422
56 82 17174
96 90 53130
88 12 2174
89 98 14005
60 88 56064
44 9 83343
82 3 47286
65 70 57964
7 12 8782
51 28 17469
55 83 86173
89 53 1489
46 54 21733
99 20 60991
8 81 3581
42 98 42092
63 81 11729
27 19 48127
74 48 53518
12 54 36357
63 80 64276
14 72 67557
20 35 18809
94 71 57413
60 34 51920
11 21 54516
58 69 8352
15 57 11935
65 29 49639
51 92 89180
11 90 31597
83 96 4600
27 37 70653
97 90 94869
10 2 79254
26 17 13211
61 23 21111
27 51 15566
13 11 61856
63 82 41394
87 59 94073
10 1 84110
9 83 93785
78 54 98284
36 91 29516
72 83 7064
70 45 54745
12 54 10142
94 9 903
8 31 52630
78 58 19161
98 71 34338
26 8 15887
16 98 54082
23 38 37678
90 50 64223
100 80 39811
27 49 87135
35 83 86105
78 79 31514
14 90 69437
67 48 43941
9 58 4436
33 13 17874
48 47 6076
90 87 93970
82 79 4483
64 7 48264
70 72 23443
67 62 65809
45 83 71490
70 57 74714
54 71 16372
30 34 40589
48 15 22246
82 16 34362
1 93 71510
100 34 14047
89 42 84478
45 53 33493
84 2 50571
52 7 36252
38 90 95356
3 4 51029
92 90 45329
16 52 75245
35 89 42250
99 60 28878
49 9 63952
28 15 36537
81 23 76503
65 62 12887
30 84 61088
53 69 48062
95 65 17929
82 72 48774
57 90 16525
75 18 36330
91 73 33824
35 11 58189
23 4 5509
76 18 54489
21 54 14627
82 75 11410
30 87 3336
2 90 22287
43 61 12802
57 53 75443
48 39 54524
38 70 85213
37 3 96413
15 84 46851
100 20 28399
84 48 22232
39 85 99430
70 81 68205
22 60 37023
70 81 80540
36 63 78281
58 100 28365
18 91 41631
77 10 2875
25 23 28783
95 80 17198
99 12 12636
51 40 89606
33 16 93173
76 16 14673
47 55 37450
33 57 81935
83 82 75475
67 44 15967
33 73 47678
96 12 40684
48 53 47282
81 87 14885
62 26 78739
22 24 49413
12 87 67630
32 36 87322
86 5 94895
36 64 63352
46 96 13073
24 94 84304
91 36 80628
55 29 52830
59 6 41024
46 19 44708
37 96 71530
60 34 91077
49 8 15202
1 71 35653
63 84 98030
51 64 83459
7 51 18286
85 83 40518
58 25 43585
99 81 20762
63 23 83546
88 94 44270
71 56 35949
98 57 86262
29 16 45401
59 61 24120
63 4 2044
8 99 24262
85 31 66829
18 94 90769
81 82 74562
23 40 90433
20 12 24638
75 95 14762
18 71 66248
39 95 50395
83 89 49609
23 21 84717
7 20 83365
54 66 72047
67 2 82923
50 13 2283
18 37 35155
63 28 96629
78 68 10089
65 49 11569
68 33 80275
2 9 14340
47 79 17093
71 77 21067
89 36 3353
84 17 39881
60 70 79701
25 8 32575
19 34 71167
42 48 50734
98 99 99734
94 46 44831
92 21 91418
35 52 7632
54 92 57239
64 87 98544
55 81 92414
20 65 85071
17 64 80595
78 28 30165
73 40 8105
41 52 2000
91 93 86784
68 49 48212
84 59 1239
72 82 23826
83 24 50299
81 74 46874
83 89 629
92 20 19928
95 60 3576
37 82 50951
64 83 32142
94 55 64118
64 86 4055
24 94 54916
63 71 2661
44 86 38250
33 90 30425
81 16 33711
37 15 54281
24 21 2489
8 6 35785
29 24 92269
88 56 36525
69 67 18445
59 45 95817
5 77 27280
79 47 38577
81 40 98116
25 14 82598
10 2 75381
6 39 77061
77 7 13240
49 31 32930
11 31 49279
46 44 13039
75 36 62656
49 63 68207
37 87 26731
35 93 37633
32 78 67874
18 45 14755
54 50 85518
65 32 59480
92 88 26930
54 15 70783
71 41 49248
72 46 62716
39 46 37674
27 82 30384
46 73 15403
69 92 32233
74 83 23872
79 82 12382
22 39 17107
77 55 496
73 87 68267
63 22 87883
15 60 21125
73 61 89859
9 91 53308
64 14 46665
8 94 68068
76 36 11592
16 9 65598
15 74 40492
65 85 12323
12 67 95155
85 71 10215
60 20 61484
95 40 49938
52 53 21339
36 40 35586
35 67 43579
65 87 14558
41 67 21996
12 46 82961
12 66 49858
81 30 45269
8 90 33078
17 93 64902
44 9 73255
51 24 98044
84 31 54232
65 66 65029
3 19 46559
24 46 16789
77 39 46954
36 34 15622
78 45 55360
87 81 58816
58 26 79850
15 19 26055
79 81 70809
42 90 19682
16 52 30335
74 27 38530
34 82 79426
62 93 15233
10 30 4397
69 50 35693
66 28 50329
5 19 43817
79 58 48923
12 68 19722
68 96 97525
3 81 12703
39 96 28540
20 24 3818
92 89 14179
47 2 56927
22 44 9141
98 64 91579
100 63 95637
49 12 84428
19 40 53520
48 88 2017
78 65 7666
15 49 78916
13 100 25559
74 40 93070
40 44 25613
43 21 67027
93 72 58011
68 3 30661
89 16 63754
84 65 95149
66 87 20007
56 91 68315
82 38 20112
24 100 44433
45 62 41151
34 1 59533
50 66 47750
35 21 66670
42 40 48997
21 61 68380
15 56 40013
60 3 15142
17 86 92192
95 2 41540
23 98 48203
24 98 18607
84 92 5295
64 100 41841
82 33 55270
43 80 66376
61 77 70842
17 3 92037
63 91 58592
38 69 7884
5 84 46421
63 68 78172
99 98 70500
84 35 71371
82 5 12591
55 92 30828
74 6 26679
9 15 17593
58 39 9474
14 74 64518
63 65 12432
79 50 54016
98 96 27465
13 30 62227
16 86 16365
71 14 55997
63 32 90538
70 64 88226
81 10 65649
98 76 63818
20 88 70203
46 34 27108
26 69 51998
71 87 17452
47 29 47336
77 60 62365
59 95 97815
85 11 87895
69 100 63560
74 2 27599
51 5 33285
5 29 59605
41 31 6321
35 31 35160
86 89 92364
100 76 53630
58 53 65467
28 62 27458
56 98 7142
52 88 65642
57 40 48663
85 1 16526
32 5 3814
4 50 13430
82 2 92094
97 100 61608
28 51 41224
31 98 34631
88 83 9729
7 42 41040
64 71 70806
51 13 85025
9 91 37018
66 20 19505
39 49 84130
12 89 60296
59 10 7314
51 24 15962
19 26 83024
66 45 92708
13 21 56422
83 44 48500
1 63 47801
27 43 91571
75 48 95308
88 57 92625
95 11 57819
23 83 39792
37 58 52667
61 18 38476
74 49 35291
79 73 57652
61 14 10937
6 36 12670
6 28 14500
89 88 49097
13 61 28754
54 50 60039
22 7 77628
19 2 34380
96 73 28776
36 23 16851
14 79 36858
66 81 34540
7 70 30899
65 43 63517
84 65 12170
38 27 82210
61 31 6905
33 49 19611
7 84 71478
84 10 82952
37 75 7538
3 48 36618
98 34 15592
68 65 89028
55 81 44383
42 16 35984
12 43 89123
89 63 24782
26 81 89415
27 88 30694
100 11 51397
38 13 24970
12 72 889
98 38 8091
70 42 94278
86 7 78741
45 3 58538
23 45 50586
95 22 5046
98 52 1133
2 65 53714
38 48 79093
79 91 45503
88 55 92374
41 58 76178
38 74 97937
80 74 67124
10 99 94861
56 63 28064
82 50 57347
27 73 93696
74 4 50516
7 29 71821
5 30 55585
6 2 8506
19 98 34757
8 20 48791
22 1 55286
48 52 73027
4 99 84638
41 37 90781
94 93 34863
10 45 15361
76 17 37858
97 66 58833
98 86 14740
49 87 40439
76 5 90807
40 100 43315
71 69 69049
10 12 64551
57 69 12673
22 82 69923
7 26 18975
91 61 97531
82 3 8573
25 15 94508
1 78 51264
98 16 72037
63 60 14475
16 53 22068
99 85 54122
74 96 5885
83 88 43902
75 23 71027
23 20 76584
40 7 53047
15 67 6633
55 70 83637
65 97 96904
83 54 62942
16 7 46743
18 52 27702
77 9 77075
18 94 21054
24 52 46221
26 69 6031
78 1 22472
70 46 67296
22 27 62164
59 75 24599
10 71 66344
89 52 92835
87 88 25136
13 19 87161
38 36 44965
42 60 46398
27 68 54872
83 76 96065
66 82 65945
99 20 78610
93 25 76199
58 23 46995
80 11 68636
15 23 75281
14 21 22476
60 1 83632
1 13 68792
49 31 52945
28 87 61425
81 48 92052
5 17 6199
55 7 99102
47 18 92487
86 24 33946
64 26 87725
72 99 91057
69 50 6365
16 89 69138
63 2 83218
41 77 58739
34 1 61356
6 16 26907
82 14 11312
36 78 15184
33 29 62434
95 25 51271
75 80 77685
8 15 13958
41 34 7006
62 57 50195
62 35 42807
26 58 81696
77 3 9057
88 48 73679
19 49 63369
35 72 9020
59 53 65908
19 48 88546
27 86 59719
56 73 89306
39 21 39518
12 53 95368
81 99 1257
29 62 33742
58 81 57594
39 83 22912
95 23 15719
6 66 8501
3 88 40032
58 57 99311
50 14 82932
77 93 95214
65 63 34250
69 99 52141
41 19 25807
93 73 52330
97 31 62631
74 78 9851
80 36 47305
79 32 12709
26 6 50123
30 19 76900
16 55 85949
92 49 57298
34 8 73452
51 56 69735
42 32 76075
58 47 98634
40 89 68432
44 100 99720
91 78 78924
93 88 36793
44 1 1769
59 67 76124
13 70 28486
74 16 799
14 34 18361
46 15 85930
77 53 10280
1 63 13650
27 39 54887
17 42 10185
55 62 65176
11 49 61414
56 78 52638
69 89 84993
31 38 10264
42 41 12601
74 92 25931
69 68 53468
30 37 88295
60 89 55831
48 6 2568
25 68 90545
25 6 83416
46 99 73425
8 60 53744
18 29 52017
47 24 22705
5 18 7415
66 57 55657
9 26 71555
22 7 53896
9 96 16419
75 68 46434
69 36 59978
23 66 36138
67 52 28533
8 87 26822
89 59 40879
60 42 88320
31 97 44127
48 98 85884
67 36 82729
60 32 62734
81 63 78520
18 68 11838
49 13 35524
48 74 37690
38 21 34928
8 21 88888
61 45 29413
1 28 91359
56 59 57474
89 31 51256
98 31 74565
19 39 12972
82 75 4689
47 40 31212
21 31 30111
73 33 3315
24 89 33171
50 31 33637
29 17 59592
55 87 77256
16 61 27611
83 3 99606
10 84 44349
100 42 29838
54 37 45502
75 45 34241
9 33 4988
84 47 20930
98 5 84879
24 2 73211
22 60 77981
97 16 28409
49 73 31923
98 40 46147
100 19 79575
50 84 86393
48 9 50881
43 15 78619
83 50 71058
8 95 62585
8 13 46208
51 97 15997
64 38 52923
71 80 41859
41 62 47206
6 42 16681
62 32 714
78 30 92444
29 55 98286
82 68 32147
41 54 16110
20 97 55620
74 84 6089
35 45 16258
69 87 86065
28 99 11958
69 20 30121
44 78 74517
41 62 18772
65 11 50912
59 70 44645
44 79 26356
89 75 86425
17 97 57518
76 4 9855
86 8 12818
70 33 39874
65 92 1287
72 67 93932
50 89 46090
62 41 91029
82 49 1809
18 2 2642
82 18 3275
12 10 30309
41 59 31944
56 43 97770
64 93 58072
51 46 89033
75 52 86079
28 39 49207
53 29 8949
39 48 62447
43 91 21767
86 84 66671
66 17 58264
45 25 96349
1 57 33400
22 24 34740
18 88 75826
76 94 69378
100 15 30692
43 48 11946
29 25 18033
1 83 93125
33 38 3982
80 64 35172
9 50 22714
70 10 35865
19 63 11803
25 58 22175
25 86 70163
27 78 47194
8 5 77579
20 69 42949
40 76 59045
40 83 57511
48 94 46751
5 50 5551
63 11 71260
48 40 29797
61 1 42693
93 4 18390
50 4 21547
55 80 50257
98 36 85680
19 72 64339
72 7 35980
71 61 38522
62 78 32872
3 6 18760
32 96 97117
92 63 19435
12 1 45918
89 8 56138
13 47 77055
48 7 33980
46 26 21528
31 24 19864
25 20 74898
55 80 56512
76 35 73164
73 8 53385
94 31 55773
76 64 12593
89 47 73340
35 96 89048
91 52 71706
33 13 87473
65 15 64939
97 12 73081
64 33 6578
5 65 76890
12 56 40586
32 5 66374
82 12 24487
19 76 23260
69 82 33995
82 93 64178
32 22 4971
73 28 28029
44 25 2665
30 67 23981
95 14 5955
3 29 49809
79 1 74278
19 40 42028
95 9 56762
50 72 33324
80 2 17211
60 43 64456
95 39 15122
42 20 20781
12 63 74423
65 67 42794
97 89 52807
40 7 48856
32 55 46139
50 91 50479
60 99 30866
55 82 33541
58 79 2916
83 98 87383
25 3 13655
99 2 34393
11 22 12666
20 92 59770
72 3 94708
85 21 37607
47 34 47759
33 67 94594
12 45 28987
54 73 48166
63 21 69561
51 69 30430
87 36 84620
44 18 37282
82 65 52648
79 66 40364
71 6 71603
71 32 79138
12 70 49683
34 48 98680
28 77 6711
30 46 13322
34 12 43989
55 40 50198
76 97 9072
69 87 9249
36 21 50263
5 81 21747
56 86 51137
87 33 4831
16 38 5245
95 94 38598
87 44 70236
3 46 97084
35 13 89898
50 71 25014
5 56 7066
12 17 38537
82 56 17595
57 64 66830
60 40 23794
37 30 41279
95 11 83712
98 92 2168
98 42 38700
54 89 66924
33 81 56390
67 19 36014
96 45 32118
86 72 489
22 95 25709
12 40 36181
65 81 8834
10 44 60541
9 44 39513
96 90 86384
8 99 81799
98 59 1540
68 55 82552
11 77 71449
26 94 10727
54 1 40174
75 58 85633
24 51 79703
31 96 36793
27 1 54810
10 93 74549
82 47 85570
71 100 47704
76 17 69608
46 98 80655
2 37 96542
62 3 71210
82 18 63187
19 22 78734
22 81 72282
36 42 86794
59 91 952
1 83 8078
21 70 46125
62 40 65548
100 61 40166
82 51 14352
59 63 23880
67 50 96277
63 48 44051
90 35 71546
36 77 81905
81 7 28311
46 87 34203
37 42 20171
60 6 98609
57 70 10506
41 71 17552
68 15 3965
64 89 30307
8 72 31934
74 36 53507
13 61 12959
14 52 29988
100 12 22825
60 97 98701
34 73 49657
30 64 44411
22 60 31089
42 82 50318
97 59 9323
57 61 85424
58 79 17176
86 68 60170
91 61 80151
64 8 58594
22 11 50670
48 64 58379
84 29 18841
82 54 47503
21 81 16694
11 82 22755
58 99 91729
6 99 32821
64 25 48127
16 36 37277
49 11 16839
89 72 21776
11 68 91333
61 41 27923
11 70 62099
81 42 56100
75 82 60591
42 81 45130
63 14 81569
37 26 5887
88 17 10817
45 53 36951
90 16 29866
13 72 17697
34 65 71698
26 37 50670
63 39 13458
29 23 23442
32 6 46035
52 5 57830
50 63 70021
58 83 88163
48 61 56420
85 22 71559
94 72 16346
93 4 29061
4 12 87581
38 19 96967
31 20 99256
30 11 20719
98 70 78189
49 66 99239
12 56 78534
58 23 99781
22 94 42227
88 84 94889
26 54 16862
9 43 53769
60 39 1102
80 29 51894
63 67 56341
74 94 96211
89 29 48495
60 4 293
70 22 22607
5 49 39658
93 62 83924
91 5 5634
27 60 14928
60 84 22159
26 90 32849
94 36 6284
30 43 37465
88 34 38938
67 29 98993
2 22 49862
10 51 7961
82 7 58459
14 69 54524
19 68 49029
73 38 81673
58 65 85513
65 37 82689
7 65 42402
31 51 58616
3 70 5535
75 58 47410
49 69 15573
82 97 95741
25 54 37792
17 25 6492
54 33 66521
17 75 11046
59 54 9283
1 7 89691
42 1 21494
89 74 35713
61 85 46464
21 84 99920
100 39 55666
81 51 25109
7 57 53699
75 12 61024
34 80 96718
19 34 67798
3 66 45515
14 54 4340
25 42 35404
96 85 26859
56 33 34475
84 57 34990
58 43 7215
7 23 36724
33 64 50608
74 16 88529
96 42 92336
45 63 14958
64 86 2273
96 71 72999
64 23 80786
45 76 57411
58 87 64207
63 83 97580
91 42 94113
99 56 11429
43 92 75168
97 31 4775
78 19 11296
2 35 68463
45 88 86197
9 31 33332
21 59 56345
100 89 51055
26 64 42522
43 66 33404
22 64 13855
48 27 93657
29 100 96450
71 24 5397
18 12 71232
88 11 73974
36 95 52743
71 70 18915
84 98 98929
20 18 26143
48 94 56414
38 72 28124
61 93 77800
27 62 75550
20 93 97792
8 26 93186
4 95 85397
38 67 6604
16 59 31003
93 79 19056
40 86 44846
94 67 46473
27 66 98666
88 82 70858
22 64 65376
66 65 93466
37 21 31021
81 25 8643
18 35 99330
83 4 97959
71 76 90186
92 87 29512
67 6 54994
10 25 76578
59 33 32102
15 42 38416
20 56 12807
44 19 30701
74 76 60749
10 91 76773
98 23 45465
80 48 92420
57 97 4457
70 73 7898
46 59 89529
75 55 59082
14 52 86630
73 53 12582
46 7 27000
57 50 37830
92 65 99908
94 21 30142
30 99 34310
67 35 84818
57 14 90613
99 66 85797
45 5 79475
36 64 80797
47 18 90513
64 68 5897
51 7 41108
9 67 846
87 44 50609
91 46 64862
48 65 34746
100 80 36704
71 44 91732
73 19 61695
66 80 41036
79 55 19729
91 84 83216
97 80 17885
35 82 28885
68 34 79350
69 30 58463
92 88 42767
51 36 80965
77 75 17146
92 54 12409
70 20 23463
85 76 73483
88 67 14921
49 67 4966
61 69 53407
1 62 74587
79 44 82654
61 76 37137
89 77 40910
65 78 23905
21 94 36372
80 48 14787
70 15 82656
43 48 78583
48 76 59408
47 61 70949
2 29 73900
11 41 44326
26 74 75921
73 2 29511
58 33 49826
84 93 48737
23 58 74033
49 42 40523
97 41 21302
7 1 22258
99 18 4498
3 56 95144
100 29 50091
72 90 30100
63 60 93039
99 79 13660
99 13 69950
42 31 34463
40 62 12182
33 81 50672
86 41 15707
65 9 4049
66 31 11600
56 85 30819
51 88 6304
89 47 65886
76 11 51431
65 70 86238
10 22 3135
72 25 23492
56 7 29545
14 23 6492
27 6 9299
44 91 63315
87 74 74749
64 98 24040
68 94 66285
34 58 88545
45 32 86353
80 97 36468
50 44 75305
14 83 21070
50 10 92272
3 21 45676
83 79 98521
5 18 94079
58 81 2838
53 59 61628
57 62 72200
21 40 81306
51 34 68499
42 21 30459
95 29 34492
61 96 41314
33 41 12617
63 13 38916
79 64 40693
32 80 20068
57 99 40840
85 39 35511
39 90 7729
21 66 35935
3 1 17005
4 9 30959
55 37 28312
26 51 77286
62 56 11868
3 39 89293
47 66 41472
11 88 59961
3 81 33997
60 19 50350
62 90 25411
17 98 53661
49 90 93405
53 61 70574
36 80 98896
56 68 12095
87 31 6574
73 99 52496
52 67 68006
49 80 47497
83 2 45169
5 2 72656
87 41 55457
94 31 34096
42 3 31571
10 21 24794
84 35 91979
89 62 8088
22 78 63871
8 28 68627
22 26 69883
99 63 5493
69 68 17059
99 46 43932
13 29 11957
47 95 12602
85 6 61426
37 11 67331
24 22 87602
78 48 47759
18 4 24390
30 7 60319
54 62 93814
77 92 65664
19 35 34355
33 56 67881
61 2 38656
17 11 68891
15 21 80678
75 89 22232
69 89 75903
25 76 46778
92 67 57546
98 97 8315
54 61 50425
23 1 13018
14 70 25533
63 57 48379
55 97 93288
90 46 46032
92 2 21853
9 88 33889
81 66 55403
45 79 75429
50 7 25225
26 60 20844
88 100 70262
35 36 82524
89 21 13805
88 12 96993
42 80 90453
24 35 35566
93 24 7617
92 6 51073
89 93 85174
94 32 19835
79 81 47112
75 91 66864
74 67 58026
98 99 99343
59 87 58642
31 18 71035
67 55 11457
27 79 39401
6 40 98240
48 59 49352
35 51 23499
18 73 11614
43 84 88963
29 19 3278
32 12 15654
29 98 85185
70 20 5222
93 60 22197
8 92 20420
3 46 6714
4 66 13944
57 39 34852
95 15 82239
85 27 88121
54 63 43951
18 46 22322
40 63 73602
82 56 2354
12 75 70500
86 36 97487
67 96 52580
87 53 35559
66 85 72284
89 30 26792
77 33 61909
77 57 36808
11 14 37749
49 76 37157
28 8 19279
58 70 83594
88 100 44996
13 62 83284
10 44 29729
26 75 17321
17 94 82121
8 47 87090
88 10 7459
38 65 13238
26 15 88223
93 99 84172
75 4 77118
27 33 20576
42 51 15093
12 2 91831
69 66 42515
27 19 37410
80 27 23532
78 86 74854
88 10 36103
53 95 74441
94 42 42985
5 56 47136
12 64 5313
8 15 99883
92 77 99273
56 71 72367
51 32 61516
29 90 46680
88 39 60194
12 68 532
49 62 43930
79 77 83433
79 14 89715
63 36 49815
36 12 85962
42 78 70095
49 46 99962
46 41 88463
20 25 51037
48 83 22271
77 68 58792
47 88 86789
6 54 82983
60 95 39184
26 42 91413
2 48 92990
51 28 71009
72 95 68896
17 19 64210
55 4 93460
100 57 76801
14 37 30715
93 40 73858
2 32 8323
57 82 10110
40 81 67440
51 77 6882
99 82 66135
51 22 40869
75 90 41129
93 89 67266
19 38 76542
96 13 53493
90 95 82662
73 81 56689
27 87 72015
36 22 44035
89 57 4189
61 47 8984
13 26 24628
19 55 3029
4 48 87620
71 50 20609
74 36 7763
25 42 53858
21 62 17139
1 74 4915
60 3 20580
97 44 33325
28 99 46956
39 93 42158
66 75 8201
41 58 78844
58 34 30517
93 47 63162
60 34 1643
63 86 22297
82 61 18781
65 13 73378
100 33 59893
51 34 40435
59 5 36606
45 30 39662
89 67 23485
85 99 85560
20 81 16497
95 20 38244
92 37 86072
34 67 344
95 72 69865
45 28 97429
61 93 31752
27 73 49989
35 51 25115
43 15 48803
65 8 67313
76 7 62413
51 45 70872
22 92 49324
16 64 21164
34 44 48663
76 77 7659
79 53 5454
27 79 78722
36 32 96609
91 49 31839
9 99 62526
8 33 2437
48 93 61747
39 19 7992
39 91 86516
13 94 90586
33 13 27473
49 84 31397
69 3 61752
6 81 17870
16 62 36029
89 15 12544
68 13 31293
82 42 73168
83 8 46302
10 77 48125
92 4 75221
74 87 10008
46 62 82303
11 59 28965
57 86 78147
89 15 21442
100 33 24718
46 16 25097
98 89 97801
28 13 76547
75 1 34241
9 17 50719
31 58 18735
69 29 40733
20 9 64476
88 17 40162
92 78 50190
22 85 44599
74 21 29999
60 27 42481
57 49 8649
64 24 19742
15 20 38090
51 57 6252
44 5 81444
53 20 45963
81 37 48756
67 42 89224
52 81 44597
99 66 78523
87 2 18530
59 45 95617
85 22 95869
84 7 38038
89 36 50732
74 83 91333
34 10 70752
21 69 49779
53 57 8408
56 41 36014
40 14 33998
99 47 86277
28 85 76082
9 17 16447
33 53 63222
19 44 72264
28 53 32693
48 78 79430
73 37 16901
79 50 72656
51 4 22564
57 28 76123
89 59 34972
73 57 45398
72 48 9241
7 35 169
73 13 59752
56 22 39041
52 68 40506
95 28 5568
47 49 63860
36 55 45028
94 89 87362
44 28 11508
1 54 28358
4 9 63372
41 4 83463
66 49 29951
78 91 99431
75 10 71124
76 1 68768
22 50 45800
20 47 25550
97 4 1964
99 76 1549
79 16 1951
11 59 13784
64 45 41378
78 9 34906
25 87 78398
35 80 34189
98 42 42719
65 1 15702
2 77 50091
12 16 37223
16 25 4620
76 95 82844
35 44 92346
27 56 9350
55 66 29800
68 6 60518
95 69 70325
14 42 65637
79 65 92512
62 30 95672
6 88 39329
75 26 20859
71 97 60900
92 80 94751
79 24 57298
18 13 72722
75 19 13180
9 2 75014
35 12 32869
74 31 71208
1 41 86614
36 4 25116
80 41 31594
43 94 46248
82 50 29512
20 93 58779
92 40 5408
10 4 50679
14 86 70552
60 4 14540
94 93 47984
78 83 74676
71 16 71273
40 22 86489
91 8 93889
79 65 95011
10 89 53059
35 63 76709
6 57 77653
76 31 7346
58 38 85939
71 20 26651
68 92 80594
50 96 22162
6 11 38818
67 50 51291
61 62 46087
97 83 68503
30 55 88343
84 12 56592
69 27 12857
65 55 84301
34 86 948
83 48 16739
65 67 59252
37 32 87625
39 41 64293
81 77 31137
88 64 73451
81 39 55173
74 79 841
65 42 65816
7 46 1819
83 39 76694
63 62 74760
68 54 28836
15 75 33863
57 36 36757
26 71 8203
65 98 83036
64 36 13686
28 75 61446
16 29 10785
93 13 52671
8 50 47376
32 52 4095
40 89 2591
51 58 85394
12 45 62849
3 54 79980
60 15 28679
84 82 31840
54 57 20940
55 74 69927
12 51 54992
55 46 23463
90 87 42405
28 32 20101
48 75 87794
9 44 89870
88 32 10065
97 40 23733
36 51 7035
47 39 14957
21 49 32239
55 7 95721
64 69 6933
18 66 72065
87 94 847
95 17 45944
54 75 7821
5 64 60484
22 12 60000
9 37 45129
92 72 8696
82 56 90176
85 14 98743
73 48 84138
26 90 35404
72 33 78124
25 83 68283
6 5 66245
64 84 37299
13 50 48988
73 12 4964
95 8 41815
51 39 27044
66 35 58893
14 87 52209
67 34 85733
53 77 65657
19 82 98902
78 13 76057
21 1 34456
8 28 95025
81 100 95919
20 16 76217
58 76 97682
34 52 43384
49 4 48521
51 23 9793
25 47 30618
54 82 14159
48 82 52908
24 19 22206
38 25 66171
24 92 58048
36 7 80407
36 90 95550
1 47 38067
65 64 61138
66 78 29062
18 26 26161
76 38 90055
9 55 15077
51 67 75662
54 71 69046
56 98 12189
85 13 54606
58 73 68775
74 37 5082
89 50 68385
30 72 64008
55 73 22739
21 100 67351
93 46 98996
96 91 26563
14 35 74952
10 63 70053
83 94 90078
65 21 78196
14 78 98060
7 40 51936
63 72 65755
28 5 39487
42 53 27568
12 21 21465
64 62 81387
60 36 19861
100 91 82517
81 80 52120
24 17 28923
18 57 34960
11 95 93741
99 46 12204
57 94 80986
49 78 73809
73 72 42752
98 24 88495
45 56 27735
76 45 99803
33 48 36247
66 10 22561
44 54 44187
22 45 71152
95 62 48419
6 69 75814
16 53 40651
80 2 65980
85 35 92877
89 43 97434
8 72 87198
69 63 98942
21 22 36323
3 50 11432
79 7 36302
65 52 21855
45 46 46107
81 49 43865
9 94 7767
70 61 83653
61 17 84743
39 27 76471
41 17 8660
82 2 48075
69 45 13620
27 11 15152
48 29 50730
43 73 99999
29 26 1566
91 37 14337
97 19 75236
36 77 10637
98 9 13976
14 45 77944
78 3 23254
78 3 92511
5 81 79928
63 83 94836
14 97 33964
12 47 5592
65 60 42353
17 11 69734
47 45 94805
26 92 59082
53 24 86945
90 93 54346
95 80 89783
91 30 16827
28 98 43751
61 81 31182
76 17 55676
73 26 15849
68 1 44923
61 1 35768
66 34 87623
22 66 23442
37 51 49265
66 1 98202
67 95 2927
100 73 59209
75 29 30818
26 53 52494
48 77 48575
7 87 93559
73 92 98535
5 63 67341
38 37 54451
9 95 65407
93 62 25493
43 98 17470
15 95 77055
29 100 89622
87 26 82195
73 38 69144
30 12 1722
77 52 17067
42 30 65688
35 8 86297
83 22 73717
97 10 16553
57 56 72268
67 39 97857
18 82 29699
89 54 56816
86 49 7197
86 88 16901
35 6 34333
30 16 79036
31 72 45167
98 18 20611
6 68 66508
16 25 40260
50 95 48475
2 22 69149
88 31 48846
20 45 60952
90 63 20324
63 76 72663
12 46 48590
10 60 35997
77 53 82233
100 19 68292
21 22 77608
9 4 38482
19 65 58975
87 63 25994
70 67 76741
22 41 80347
81 99 53233
47 22 51684
44 86 22658
57 37 4648
97 85 27057
25 46 15302
51 1 26668
12 98 26798
91 70 14986
19 69 5182
98 100 35625
56 5 33080
77 65 59745
11 44 28142
81 86 35071
29 92 12816
41 25 18856
60 34 96251
59 89 1659
21 79 24272
54 72 16623
36 45 57851
97 59 59563
63 55 2848
5 56 49488
54 56 47869
54 35 29901
8 57 24210
77 56 61147
40 67 2205
50 12 14704
77 81 46251
23 43 96651
87 11 73056
5 46 7585
30 15 24191
16 24 82830
25 100 16719
39 90 82937
65 14 87068
57 62 73210
47 33 7230
49 76 29236
69 43 29494
69 42 50009
85 41 35863
36 29 4145
57 27 99537
70 82 53111
85 2 64381
66 44 30313
81 80 65630
35 21 19678
85 42 39523
4 40 89025
14 16 17282
44 6 53304
92 4 39945
49 22 17026
91 6 33331
99 65 24511
43 26 67804
26 17 98733
43 63 81997
43 39 21019
12 76 9263
60 61 31257
13 3 17639
27 18 11787
38 34 28457
72 94 71795
66 78 25614
3 93 37956
50 29 92885
70 73 2647
9 14 41482
65 22 45688
18 19 45579
74 7 68027
65 23 40590
68 96 53656
90 43 22383
3 6 66135
51 34 13032
12 74 27333
39 86 24516
33 58 16447
13 77 83219
69 5 52707
89 46 33816
98 23 69883
72 92 63948
44 27 53702
49 36 52717
86 52 41650
67 34 99698
57 62 16964
6 55 41545
84 2 72873
62 20 2399
97 76 37007
4 74 5499
77 63 13953
4 72 89345
26 59 39850
83 11 39046
65 43 81683
32 70 13007
21 62 68127
26 3 38056
45 19 28496
86 63 77309
61 42 4894
65 71 33848
71 9 87907
2 41 22937
30 91 36267
12 2 93729
77 96 77646
96 61 77757
1 41 76001
84 100 17226
80 58 5593
81 92 6491
82 28 14161
77 90 23104
35 86 48682
99 2 54153
56 2 80572
13 90 59777
22 52 56382
9 57 4356
52 12 8535
8 47 88827
42 82 43067
59 14 76733
93 53 64061
19 70 60549
100 61 99694
45 31 14734
35 19 91880
8 97 89355
40 42 48146
34 69 70742
25 39 91660
39 13 83235
19 93 72476
59 1 17200
60 23 47930
60 36 34800
67 84 20505
22 71 60402
69 28 76486
90 48 23092
97 56 36114
75 45 19218
4 15 8928
82 7 28489
73 15 54149
39 68 57226
49 47 1241
31 41 5846
70 89 26091
5 6 31841
50 48 51085
7 6 61402
30 86 46323
14 36 24635
70 8 30327
11 3 31126
45 62 77589
95 11 98058
25 9 39569
78 20 44874
98 83 82045
70 31 84875
52 16 4543
24 82 89939
61 11 68940
48 89 73571
25 96 63696
30 19 13266
33 25 40030
89 80 71634
62 3 29719
83 2 78068
75 20 44306
51 43 43292
17 87 83036
18 2 60351
68 39 16387
70 71 76472
5 85 19148
22 100 85962
78 59 1371
56 87 81857
91 69 47903
27 52 53474
78 22 71666
48 50 81263
57 55 32668
65 43 78616
87 58 45295
75 24 78468
93 94 56953
38 11 12547
69 77 25418
100 69 79571
52 60 77068
40 63 6916
52 91 83955
59 20 9239
30 27 87673
11 93 17176
87 40 490
28 7 47636
75 92 91991
39 2 63028
71 63 43367
25 53 19384
2 47 32245
80 73 65800
61 68 44563
51 60 69469
51 24 37567
8 61 92751
88 71 85755
84 8 3221
41 59 49080
87 92 23689
38 68 13821
55 70 36584
9 15 38835
28 9 97978
70 3 77988
16 13 71172
74 16 5912
41 54 9852
47 91 34797
41 91 55865
63 33 28563
61 51 29465
60 11 23949
61 65 87520
80 81 45385
37 69 22371
37 81 5078
58 41 20177
22 92 58257
98 61 98665
30 26 73393
17 1 44943
52 69 83267
35 46 55510
69 39 55266
81 77 42502
36 98 26023
34 56 26945
62 33 35794
19 96 11316
40 81 97613
90 81 16754
8 26 35019
68 31 95778
83 84 22256
92 5 37381
45 86 21620
21 45 31735
59 83 86929
66 35 85689
96 10 91079
21 86 70722
22 24 42935
93 98 45430
26 16 32413
48 22 80099
90 29 62651
13 21 57261
70 62 14860
45 91 73668
82 76 44582
94 60 6954
85 42 1135
20 97 84552
80 83 64064
74 53 43592
40 26 50324
12 13 66343
30 92 76774
58 33 85304
7 27 48107
65 50 13497
2 48 7296
45 16 78902
79 46 15251
8 75 44096
84 35 9586
10 51 63684
59 81 68843
71 96 17996
52 70 79467
12 7 28910
47 9 15079
75 95 37576
18 44 81926
40 87 99816
38 98 42410
90 57 4848
54 6 28637
38 23 91698
81 14 1633
55 77 82148
29 55 47672
95 47 26528
43 75 17651
60 91 65387
79 29 49454
85 34 63220
94 88 74954
93 6 72820
36 86 15884
77 67 1692
65 20 16278
16 28 17641
47 19 97660
96 3 82014
14 84 30303
22 68 86472
73 27 64966
61 12 40925
7 90 83703
20 44 5032
12 6 60725
2 43 80656
49 30 67184
18 90 48162
34 90 23405
10 37 59085
32 52 36444
56 91 58992
10 17 77961
55 14 10926
14 8 56070
17 96 97767
72 33 8213
98 9 88100
92 81 40293
50 1 78282
92 62 73036
15 94 82530
90 28 67767
16 90 2028
1 52 15871
39 45 34867
18 77 32901
92 36 17292
44 88 48133
75 16 1450
56 80 46896
63 13 6225
35 76 18049
16 92 91475
12 15 22421
52 66 73329
1 49 11845
94 2 78310
70 19 42744
60 85 84241
75 1 58322
52 20 61195
36 40 65434
34 6 18573
40 18 88029
65 7 11916
93 80 52035
98 76 99333
83 34 99347
70 93 58821
48 43 53766
67 68 27738
8 13 49036
52 100 75542
5 100 27279
41 5 46276
79 70 63347
25 21 67285
28 39 580
10 30 95765
3 4 38782
100 15 86624
78 99 91708
20 8 14355
90 13 63800
54 72 70447
89 10 5474
11 51 69714
60 82 32793
56 84 87208
78 3 66964
1 48 41504
54 9 84995
51 53 99206
9 82 63640
90 23 91982
62 74 82958
82 7 35843
34 55 99378
99 41 81575
4 28 36166
31 14 34496
31 18 42951
17 48 92328
24 74 89157
52 6 3637
2 86 7290
65 93 59950
18 48 82301
34 99 50384
92 100 17344
19 2 83715
93 90 9677
71 3 25547
15 40 8358
75 62 47153
72 81 9761
66 26 22740
6 67 65898
75 41 48806
62 24 52995
14 80 34435
88 78 58356
5 62 91791
4 87 88322
19 95 42027
75 52 47975
68 78 68212
28 80 75219
66 5 85701
87 85 57808
25 70 93095
3 67 6672
72 78 22065
40 37 14698
87 73 74356
82 75 79266
64 23 79863
28 27 5337
26 2 38089
99 53 99529
62 32 39097
28 30 5679
100 13 81609
95 1 22225
44 78 8773
53 79 72662
83 58 25106
65 52 65121
11 46 37246
42 88 61456
48 90 33624
30 17 2285
38 87 53710
92 34 1401
43 49 480
35 13 45447
51 20 40982
57 69 62821
94 38 97129
40 47 10437
61 6 17710
100 1 3940
48 10 86086
23 2 44526
63 81 73543
44 1 6607
26 21 44723
25 72 27390
61 19 15714
56 38 63996
25 97 43852
43 22 51020
25 81 28168
81 48 51131
68 49 12890
4 8 62616
1 51 75518
58 16 3140
65 10 11686
63 35 9309
70 82 33272
92 6 79848
55 97 79791
53 92 64281
42 11 24490
91 89 14322
75 97 55631
99 85 55540
67 84 68316
8 40 23106
44 65 21626
75 95 50052
14 27 39193
53 30 69071
93 69 76412
96 20 20675
17 76 74037
48 46 41462
50 64 56354
41 72 19069
95 100 53412
60 32 94376
22 12 6361
10 53 32659
56 72 8940
11 73 15566
23 90 77995
15 44 59839
95 60 71135
86 89 18541
66 31 12894
11 86 91593
24 12 76419
23 19 41411
85 10 27309
8 5 84914
51 32 33709
54 36 98910
56 45 42378
47 24 43780
85 56 94185
89 98 22849
80 87 93768
43 33 14184
99 76 89170
62 99 22150
7 38 54516
97 28 78972
67 87 17507
87 45 29060
92 85 24148
99 81 75020
63 82 79633
26 94 74908
43 5 10751
59 96 65668
16 67 26271
60 92 13733
89 28 67597
34 25 69297
92 38 82924
62 41 44951
62 88 70560
15 100 1502
98 9 47364
65 99 29057
50 18 96169
36 97 89104
85 41 66699
57 71 67876
69 53 27608
81 16 20928
48 66 41202
16 22 18899
45 74 88013
51 4 2839
13 47 61430
39 16 15770
21 52 10087
18 9 15433
1 31 27723
10 20 59086
73 80 76720
28 46 80082
94 21 90919
71 17 77000
8 78 45972
67 87 54636
21 63 68092
67 96 5409
37 61 56068
76 58 66431
4 21 49307
78 60 26517
35 14 46265
82 95 21324
100 33 23785
97 5 17891
79 65 17509
44 7 25221
18 1 38247
62 53 38421
9 25 49851
65 19 67403
37 11 21271
22 83 83651
34 22 4935
20 15 86940
75 19 27253
12 69 27229
27 97 46360
81 83 92703
4 2 84867
56 22 28468
39 17 47311
23 34 36439
52 72 36132
9 34 984
95 24 55260
16 17 3558
56 40 44371
92 47 83093
36 48 13715
93 43 51354
92 30 77964
11 46 80798
85 14 71618
18 66 27463
32 48 89209
37 33 76897
36 22 82386
97 62 57356
31 95 85641
70 14 28578
48 72 55806
74 91 16627
85 66 29079
3 33 23080
55 24 83357
84 26 57552
4 80 33184
50 36 55482
97 23 43719
25 81 12204
8 80 90186
51 6 10276
64 86 44506
74 35 90912
73 90 15786
33 61 71203
76 35 50950
21 100 62844
95 18 71920
13 62 5226
31 20 88366
47 75 34452
16 68 69457
1 41 36885
30 96 32729
81 40 75540
74 32 88926
88 54 48786
54 99 79573
91 2 71986
56 67 46127
17 26 72567
7 79 28084
42 48 35941
51 53 31678
27 49 44822
25 2 84694
62 23 82866
98 42 40909
30 40 75871
22 92 58796
5 81 3901
68 94 52937
37 95 88350
30 93 71149
49 95 38409
97 27 63002
16 30 20133
15 88 48101
37 87 49310
2 18 34115
50 5 56799
78 83 30936
59 95 39375
39 7 69259
53 42 49936
87 99 54370
12 21 45468
47 39 97029
62 74 30867
15 17 49305
78 24 33369
63 29 81531
98 77 61513
5 67 46079
11 67 98500
73 44 83148
16 19 41387
81 65 59115
23 49 13459
45 54 50942
64 63 90419
23 51 15740
14 30 79006
74 36 90070
76 23 13232
100 37 63915
43 24 71551
13 82 44051
12 67 73052
6 98 53755
91 92 39591
67 73 92474
56 64 57811
61 21 60828
3 93 59164
43 75 47590
98 78 16397
4 41 56865
17 81 76852
84 87 29622
13 40 46416
15 78 93906
19 78 72569
37 1 86396
77 71 41106
55 57 8232
63 99 78898
96 43 44409
82 37 82166
58 51 26624
29 45 74404
99 94 56262
46 75 73316
1 99 64084
33 14 46329
90 80 63810
31 37 25594
17 2 1199
21 53 14187
64 44 99439
81 84 86799
36 33 98069
76 89 75004
22 87 33862
45 100 52103
3 8 223
63 15 5234
12 51 53580
76 12 70853
92 76 95316
38 78 96043
31 1 98455
65 97 11112
21 42 78828
39 46 90033
79 81 83296
60 44 22404
22 72 63079
100 76 60255
88 26 56732
28 25 39065
64 47 83901
9 13 77901
27 86 59973
68 62 87337
28 23 76265
98 34 91742
47 82 9106
48 77 79785
81 9 31610
31 52 32898
72 60 60556
31 84 67856
47 39 39203
41 6 2649
80 30 38806
59 15 64606
74 10 41143
71 39 86767
19 95 63741
9 7 84921
96 94 24674
10 5 40306
34 73 95804
35 89 4972
41 16 48277
6 92 70126
4 68 98184
85 87 35817
90 26 53901
80 18 1395
27 51 525
68 45 90607
55 21 32946
80 7 40684
77 40 90442
7 66 24460
53 96 74063
54 91 75122
18 7 38563
64 88 14640
18 82 57676
45 13 97392
28 74 97629
48 20 34695
77 14 12178
10 61 4227
5 7 10371
21 44 48968
23 98 42429
99 21 95951
31 44 66470
78 30 73097
2 33 72181
87 36 27548
6 67 18563
50 52 91441
5 95 69208
71 15 62839
6 54 72600
13 24 18799
25 30 12276
61 17 7419
13 28 43784
55 79 55909
4 69 91257
76 67 28949
68 26 86841
77 11 92896
24 28 19679
81 95 77454
86 78 21833
6 78 27759
35 97 18125
97 49 97276
98 34 40968
59 16 65176
2 98 31860
14 63 62362
36 28 35172
80 27 47698
28 63 26049
92 72 66145
33 31 85840
7 13 17693
5 11 83020
99 58 56259
16 41 29247
32 51 22244
70 28 49503
83 79 14740
6 55 87669
76 26 59775
86 32 8872
54 47 37699
17 100 31198
49 19 46857
96 78 63219
24 46 6832
37 84 46515
84 4 15423
15 42 28165
22 15 31366
47 58 96343
31 75 91702
51 94 61539
82 31 88186
73 19 68025
79 45 64384
20 94 70515
92 5 3939
96 45 40
81 9 73214
99 29 71067
56 78 26734
70 86 94675
99 27 33780
62 88 74535
72 11 47799
87 66 56324
62 1 51523
80 37 12978
47 94 77650
17 41 15097
69 75 36344
90 1 64604
30 59 53462
6 89 97112
31 85 75296
88 4 12081
37 11 76777
14 55 80973
47 7 25629
62 40 62940
20 63 88442
60 73 60399
83 44 669
94 17 39467
75 71 80962
47 64 59371
94 27 77760
16 72 50686
96 47 61145
14 51 49333
15 61 81761
47 57 40230
69 63 21377
63 6 54901
4 43 71515
71 2 35831
11 65 54644
69 47 81760
41 48 18460
14 35 45195
56 4 44120
47 64 93072
66 14 54161
64 39 62992
78 73 66744
47 34 40390
85 47 70394
