20 200
12 8 4437
10 6 80258
7 19 46529
16 6 45893
16 18 19910
3 6 30715
15 2 36086
11 5 26549
9 11 85821
11 18 79277
3 19 23159
8 19 40023
19 2 42926
3 4 95800
15 2 81219
11 17 95744
13 8 58919
6 10 30975
15 1 53407
4 20 86084
15 11 57103
17 5 95487
8 6 88087
11 18 97829
6 5 77954
8 11 51893
2 16 31837
7 2 98514
17 14 11628
3 15 18638
10 1 95470
11 6 88819
16 4 19499
15 14 50894
11 7 84150
6 11 86740
7 15 11393
19 7 67101
14 9 61880
13 14 84641
13 20 7898
20 10 48730
18 6 24540
3 8 35331
4 7 26203
10 13 37745
17 2 61952
17 4 8604
16 13 80365
19 17 36829
8 20 64972
20 5 30784
9 4 29912
5 11 18587
13 15 77230
20 3 43485
6 2 43772
18 7 57106
13 7 32674
5 10 57228
2 7 47977
17 6 16424
15 19 53268
10 5 6533
6 8 58942
13 18 23139
14 4 30464
17 9 97798
2 18 2252
7 20 7266
4 1 45528
16 8 83507
9 12 42058
1 20 8435
1 3 36296
12 11 45083
1 16 78407
7 3 48637
15 1 45574
20 3 71410
7 17 95695
20 11 99178
10 5 42262
14 2 30557
2 3 44719
16 14 63298
18 16 5942
13 3 22702
6 10 57899
16 12 87714
12 16 128
7 9 6690
15 11 81033
18 6 6011
19 9 25271
16 9 58373
12 1 57083
5 19 59096
9 8 7218
13 4 87318
1 17 1181
7 15 78032
19 11 45473
6 13 11356
9 19 47042
7 14 15161
15 17 80314
5 17 40591
20 4 34769
19 1 35882
18 5 51273
15 19 77528
20 12 17657
9 16 74727
3 16 62400
10 16 33305
2 16 68809
15 17 88901
2 19 65783
16 3 20569
8 19 4872
6 12 60068
10 11 13701
11 7 50770
20 15 89348
17 2 25548
14 16 7737
2 1 97419
2 1 91324
16 20 51470
20 7 74563
19 2 95950
19 2 91991
9 16 7442
2 6 5375
18 16 75410
2 8 46629
18 7 5352
20 4 31869
11 12 28945
10 14 53395
18 20 95517
6 5 17834
1 13 10289
8 16 45223
6 7 63613
12 5 40573
6 15 81383
10 12 32569
4 14 56900
4 6 65079
12 7 95026
18 16 45135
20 5 35978
13 7 1145
12 17 54371
16 12 50610
5 11 17723
1 8 48102
18 1 50882
6 11 7143
17 13 82583
11 15 28230
4 7 45760
3 8 43427
10 2 70293
15 12 30120
8 6 5515
17 6 77050
6 12 95815
10 12 77612
11 9 93874
11 3 95214
17 13 53112
10 8 65876
16 12 25719
17 18 52108
4 11 55552
1 12 75499
6 3 50916
9 5 5282
8 7 4131
3 7 70428
7 8 31825
6 14 60375
16 14 54901
4 17 83544
8 14 15105
8 9 23887
6 8 1931
2 13 59588
14 17 78959
2 16 12779
3 6 87178
9 15 86732
8 15 25302
5 17 91186
11 17 86764
11 12 877
15 16 31380
