224
1 100 123 234 211 212 12 13 14 23 87 86 75 64 53 42 43 56 11 15 67 21 22 23
46 32 12 34 58 76 45 43 42 41 40 90 87 86 85 89 78 80 42 31 47 59 63 24 25
26 27 28 29 30 25 24 23 22 21 20 19 18 17 16 15 14 13 12 11 10 9 8 7 6 5 4
3 2 1 32 12 23 24 34 55 66 7 8 9 10 11 12 13 14 15 16 17 18 19 20 21 21 23
24 24 25 23 29 27 31 22 34 33 35 36 37 18 19 21 22 23 24 32 22 44 31 35 39
2 12 12 23 24 25 61 67 71 78 18 13 12 15 16 17 19 34 30 97 32 45 31 71 34 98
11 100 2 99 100 6 9 8 6 4 10 9 8 9 10 91 21 23 24 15 16 17 18 19 20 21 22 23
34 35 36 37 38 39 31 11 12 13 14 15 16 17 18 19 20 31 32 33 44 45 46 47 48 1
4 5 8 9 90 44 56 57 58 59 60 21 23 25 27 29 90 23 54 76 90 200 31 23 33 43 56
78 5 17 19
21 21 33 45 48 78 76 65 70 80 90 87 75 64 32 45 31 32 33 50 40 3 5 8 9 10 11
21 30 31 32 33 34 35 36 37 38 39 40 41 42 43 44 45 46 47 48 49 1 2 3 4 5 6
7 8 9 10 11 12 13 14 15 16 17 29 23 45 58 3 21 22 24 25 27 23 25 43 45 56 57
78 34 190 123 124 125 126 87 9 21 28 31 56 78 34 23 91 12 23 9 83 3 2 1 34 38
90 21 23 28 78 56 32 92 93 93 95 31 24 27 12 28 218 2 8 9 8 7 6 8 8 12 14 16
12 14 15 31 22 23 25 26 27 28 28 91 56 58 67 63 64 68 69 90 24 22 42 42 121
14 5 6 7 8 9 12 13 14 15 16 19 21 200 200 210 211 231 200 205 307 11 23 23 33
14 45 46 48 231 21 90 21 22 23 23 34 31 15 321 2 3 5 8 9 8 1 9 8 7 6 7 8 9 14
12 13 14 15 21 21 23 25 34 45 31 21


