3
91 3644 79 71 27878117
0 64 706
0 20 914
0 39 339
0 20 997
0 20 615
0 46 334
0 34 305
0 81 480
0 8 140
0 62 518
0 50 597
0 66 652
0 18 159
0 86 524
0 81 339
0 5 70
0 48 6
0 20 863
0 32 550
0 16 522
0 19 766
0 77 867
0 82 702
0 59 363
0 14 289
0 57 145
0 26 368
0 88 613
0 19 73
0 59 987
0 76 255
0 80 610
0 5 461
0 88 68
0 68 454
0 55 203
0 68 638
0 49 427
0 45 773
0 58 608
0 46 178
0 49 803
0 26 844
0 68 714
0 29 742
0 14 891
0 52 205
0 15 451
0 56 267
0 40 161
0 71 726
0 53 363
0 63 517
0 8 58
0 9 369
0 40 61
0 24 191
0 68 388
0 20 858
0 64 735
0 77 888
0 51 358
0 35 64
0 76 969
0 48 654
0 8 511
0 11 472
0 90 360
0 80 26
0 64 234
0 64 416
0 6 420
0 85 501
0 66 700
0 50 393
0 76 924
0 81 840
0 82 773
0 56 891
0 28 642
0 79 695
1 65 534
1 58 132
1 75 642
1 9 489
1 50 137
1 46 771
1 74 872
1 52 878
1 40 156
1 68 857
1 50 559
1 78 181
1 34 296
1 13 479
1 26 759
1 70 826
1 70 426
1 30 230
1 38 860
1 26 90
1 53 84
1 40 141
1 58 342
1 18 423
1 69 761
1 14 558
1 81 979
1 5 398
1 50 761
1 19 600
1 22 919
1 32 146
1 80 532
1 73 609
1 5 966
1 81 875
1 68 572
1 37 353
1 43 881
1 75 497
1 19 636
1 77 178
1 38 730
1 39 615
1 8 764
1 64 849
1 89 671
1 68 162
1 83 941
1 45 508
1 47 424
1 60 516
1 56 688
1 33 583
1 53 582
1 14 981
1 72 540
1 90 435
1 57 671
1 40 93
1 60 308
1 42 760
1 44 643
1 2 895
1 9 161
1 87 567
1 10 356
1 4 848
1 5 268
1 42 964
1 70 665
1 77 482
1 67 394
1 7 307
1 4 301
1 84 408
1 13 696
1 76 833
2 85 371
2 75 825
2 11 993
2 77 295
2 57 294
2 90 244
2 57 563
2 79 551
2 61 299
2 9 923
2 2 571
2 76 741
2 15 3
2 52 748
2 42 925
2 68 816
2 2 965
2 67 354
2 10 827
2 7 206
2 56 726
2 10 12
2 53 774
2 61 844
2 41 540
2 77 313
2 87 593
2 86 968
2 4 630
2 59 815
2 26 564
2 18 545
2 24 336
2 4 668
2 44 141
2 70 906
2 89 96
2 57 762
2 67 806
2 55 72
2 81 624
2 90 293
2 47 457
2 87 35
2 75 60
2 81 354
2 35 1000
2 23 693
2 17 397
2 26 397
2 13 428
2 14 705
2 9 629
2 37 712
2 52 131
2 51 55
2 74 776
2 35 607
2 20 703
2 89 704
2 7 762
2 32 370
2 3 837
2 72 838
2 39 923
2 64 236
2 40 983
2 42 325
2 20 940
2 54 685
2 23 914
2 84 253
2 29 731
2 47 899
2 37 905
3 43 374
3 31 274
3 49 764
3 32 327
3 8 38
3 49 843
3 63 234
3 30 391
3 85 994
3 71 596
3 28 372
3 22 920
3 44 425
3 33 868
3 52 839
3 84 932
3 81 451
3 45 465
3 56 911
3 58 720
3 86 788
3 53 993
3 54 640
3 78 154
3 16 345
3 40 441
3 64 894
3 45 387
3 21 485
3 72 59
3 47 329
3 13 695
3 26 595
3 81 647
3 70 697
3 5 745
3 17 911
3 64 906
3 47 325
3 76 37
3 9 91
3 60 625
3 65 159
3 78 300
3 28 909
3 5 825
3 31 252
3 60 864
3 51 296
3 19 531
3 29 35
3 21 838
3 82 17
3 54 426
3 7 795
3 87 588
3 39 724
3 29 738
3 9 28
3 37 514
3 37 534
3 37 430
3 29 79
3 42 843
3 28 490
3 34 458
3 73 200
3 87 106
3 46 547
3 82 173
3 4 26
3 45 479
3 20 569
4 33 732
4 68 845
4 30 618
4 86 775
4 84 513
4 25 944
4 22 480
4 88 525
4 49 356
4 26 142
4 54 408
4 14 510
4 13 383
4 58 801
4 9 36
4 29 667
4 76 791
4 12 403
4 68 971
4 88 147
4 64 479
4 5 997
4 37 610
4 88 202
4 26 694
4 45 220
4 15 603
4 25 64
4 33 898
4 28 900
4 29 138
4 6 972
4 79 658
4 11 994
4 63 936
4 74 907
4 33 135
4 70 62
4 30 445
4 67 263
4 22 461
4 28 555
4 89 7
4 18 116
4 35 639
4 71 710
4 83 218
4 74 589
4 29 490
4 39 157
4 88 541
4 27 554
4 74 244
4 23 157
4 71 310
4 77 247
4 74 401
4 15 178
4 68 937
4 26 450
4 48 30
4 48 929
4 82 687
4 33 93
4 13 220
4 20 609
4 65 713
4 90 518
4 50 565
4 67 516
4 22 692
4 66 503
5 30 62
5 88 142
5 61 486
5 10 565
5 49 353
5 73 651
5 9 971
5 17 595
5 23 106
5 17 358
5 23 169
5 54 424
5 45 256
5 35 363
5 89 406
5 37 612
5 23 730
5 49 251
5 88 732
5 74 717
5 41 965
5 44 131
5 84 996
5 17 318
5 22 507
5 75 176
5 19 166
5 28 7
5 51 850
5 67 675
5 58 690
5 43 370
5 84 41
5 13 51
5 84 275
5 59 421
5 29 783
5 71 524
5 17 154
5 54 613
5 64 280
5 63 568
5 42 853
5 39 661
5 59 941
5 14 311
5 29 183
5 87 722
5 55 944
5 50 751
5 19 566
5 12 517
5 26 328
5 10 288
5 78 547
5 83 761
5 55 82
5 16 423
5 20 277
5 87 821
5 81 641
5 87 471
5 29 248
5 12 482
5 62 922
5 45 517
6 72 872
6 50 171
6 75 280
6 84 422
6 47 209
6 9 433
6 46 555
6 18 963
6 40 621
6 11 205
6 68 244
6 74 902
6 17 786
6 37 664
6 89 394
6 38 4
6 29 993
6 66 132
6 53 852
6 42 434
6 35 425
6 80 997
6 28 111
6 41 287
6 69 818
6 55 789
6 25 249
6 26 733
6 39 424
6 22 403
6 59 935
6 88 57
6 29 193
6 9 870
6 43 41
6 84 977
6 60 77
6 90 734
6 57 564
6 90 778
6 45 17
6 84 710
6 19 945
6 53 468
6 85 845
6 10 706
6 12 284
6 22 834
6 49 966
6 66 971
6 87 589
6 46 365
6 59 894
6 72 436
6 13 835
6 27 79
6 8 259
6 32 794
6 19 292
6 78 77
6 34 662
7 40 936
7 33 407
7 46 867
7 51 318
7 47 189
7 64 281
7 63 667
7 84 966
7 87 896
7 13 209
7 87 414
7 14 719
7 18 873
7 30 71
7 51 123
7 81 273
7 35 610
7 88 323
7 13 783
7 78 601
7 14 402
7 11 70
7 40 425
7 54 736
7 46 916
7 47 10
7 29 903
7 14 385
7 11 130
7 90 370
7 25 805
7 26 137
7 33 514
7 9 271
7 60 785
7 22 556
7 35 568
7 27 664
7 58 637
7 20 701
7 61 194
7 50 383
7 15 23
7 69 636
7 17 252
7 74 878
7 69 757
7 10 183
7 51 613
7 38 369
7 18 229
7 30 870
7 84 7
7 25 245
7 32 984
7 83 418
7 45 142
7 41 524
7 10 661
7 9 173
7 80 134
7 68 923
7 63 739
7 22 939
7 21 935
7 69 338
7 13 875
7 41 830
7 12 338
7 12 138
7 29 229
7 29 155
7 74 800
7 34 708
7 84 879
7 34 684
7 73 841
7 36 984
7 66 472
7 76 71
7 71 824
7 88 514
7 77 157
7 15 14
7 47 130
7 71 693
7 61 288
7 45 314
7 20 473
7 52 279
7 70 33
7 30 386
7 40 156
7 69 446
7 54 187
7 53 933
7 84 16
7 75 676
7 37 475
7 17 464
7 58 155
7 52 204
8 60 368
8 90 335
8 33 317
8 29 524
8 82 273
8 73 822
8 28 229
8 65 743
8 88 710
8 58 115
8 77 876
8 51 347
8 71 157
8 19 522
8 10 887
8 18 789
8 35 885
8 50 70
8 62 853
8 88 410
8 48 603
8 49 586
8 32 969
8 63 147
8 79 749
8 35 266
8 22 208
8 17 926
8 18 488
8 57 871
8 10 770
8 39 466
8 47 202
8 9 374
8 39 502
8 36 350
8 51 312
8 80 193
8 9 196
8 61 696
8 52 86
8 20 748
8 80 726
8 13 92
8 48 90
8 42 849
8 59 807
8 67 695
8 90 514
8 28 473
8 60 731
8 63 734
8 89 359
8 75 853
8 90 950
8 78 98
8 31 714
8 57 390
8 41 884
8 10 13
8 11 606
8 78 750
8 23 381
8 45 859
8 69 964
8 69 752
8 31 593
8 21 605
8 86 822
8 39 977
8 22 386
8 61 403
8 57 224
8 54 764
9 24 992
9 32 150
9 50 894
9 22 588
9 67 171
9 75 217
9 14 230
9 53 660
9 67 432
9 26 169
9 73 666
9 21 676
9 43 361
9 24 627
9 69 68
9 51 556
9 61 72
9 41 649
9 26 349
9 75 293
9 60 190
9 61 46
9 52 432
9 57 538
9 34 165
9 30 540
9 33 472
9 13 705
9 28 461
9 49 444
9 43 752
9 11 767
9 66 593
9 26 489
9 13 459
9 59 160
9 59 78
9 86 678
9 59 913
9 53 29
9 71 153
9 61 510
9 36 967
9 65 172
9 79 125
9 43 809
9 42 431
9 29 19
9 27 927
9 13 590
9 87 908
9 32 854
9 73 747
9 35 129
9 32 995
9 55 605
10 77 810
10 19 892
10 57 69
10 82 473
10 81 325
10 68 149
10 39 271
10 83 965
10 47 130
10 36 689
10 50 761
10 86 38
10 76 55
10 87 379
10 41 428
10 72 431
10 65 637
10 74 238
10 77 221
10 21 714
10 79 605
10 89 684
10 33 899
10 36 455
10 51 85
10 37 878
10 14 166
10 85 937
10 24 419
10 30 524
10 69 428
10 29 582
10 77 786
10 46 380
10 33 839
10 23 467
10 29 907
10 25 665
10 46 361
10 44 603
10 86 628
10 40 133
10 87 508
10 53 721
10 67 321
10 51 254
10 75 496
10 38 783
10 42 92
10 74 127
10 49 279
10 48 815
10 52 348
10 35 853
10 73 943
10 90 517
10 24 965
10 45 748
10 76 998
10 52 305
10 62 736
10 57 378
10 88 122
11 75 819
11 66 177
11 56 666
11 62 972
11 80 192
11 46 977
11 72 220
11 11 239
11 37 634
11 77 934
11 37 84
11 51 160
11 60 652
11 78 792
11 32 325
11 76 262
11 51 486
11 83 539
11 15 996
11 11 2
11 82 378
11 26 62
11 77 184
11 20 216
11 41 879
11 85 747
11 29 756
11 15 323
11 64 999
11 76 815
11 25 544
11 34 852
11 50 735
11 37 686
11 11 396
11 73 562
11 81 559
11 36 333
11 41 484
11 67 959
11 61 217
11 20 748
11 57 90
11 40 74
11 51 773
11 67 658
11 78 892
11 43 766
11 29 805
11 80 636
11 49 919
11 67 860
11 78 178
11 15 418
11 35 625
12 56 426
12 90 171
12 27 90
12 50 160
12 20 274
12 45 677
12 29 77
12 34 817
12 89 397
12 58 576
12 88 353
12 79 949
12 76 190
12 21 465
12 53 274
12 19 401
12 21 827
12 22 184
12 46 310
12 41 822
12 64 112
12 38 175
12 90 550
12 69 375
12 48 862
12 45 277
12 63 398
12 84 988
12 30 609
12 87 525
12 48 61
12 77 52
12 53 111
12 69 816
12 13 761
12 57 151
12 80 867
12 31 392
12 43 643
12 54 1
12 43 34
12 66 832
12 65 60
12 45 688
12 37 567
12 50 293
12 63 455
12 83 968
12 75 49
12 65 375
12 80 80
12 85 164
12 34 259
12 63 644
12 67 464
12 60 707
12 50 469
12 41 778
12 73 500
12 62 104
12 47 682
12 44 95
12 84 42
12 79 544
12 28 247
12 71 485
12 12 382
12 32 274
12 22 199
12 51 880
12 90 221
12 80 1000
12 84 229
12 41 487
13 33 644
13 52 743
13 14 228
13 30 641
13 72 279
13 75 157
13 87 94
13 71 551
13 39 516
13 40 790
13 38 743
13 43 171
13 81 340
13 16 865
13 55 172
13 15 655
13 68 348
13 60 941
13 63 148
13 29 227
13 18 532
13 34 69
13 31 266
13 64 442
13 56 975
13 43 935
13 44 519
13 78 699
13 78 13
13 42 563
13 60 574
13 89 55
13 38 767
13 53 971
13 33 750
13 30 439
13 31 943
13 85 293
13 48 844
13 74 724
13 25 569
13 52 856
13 59 998
13 66 897
13 30 438
13 52 925
13 31 713
13 71 123
13 49 727
13 53 919
13 77 390
13 69 323
13 81 78
13 49 472
13 82 979
13 38 299
13 24 362
13 28 973
13 57 77
13 42 490
13 18 703
13 75 167
13 22 759
13 82 436
13 89 624
13 24 181
13 72 817
13 39 566
13 57 992
13 14 184
13 15 412
13 86 528
13 30 361
13 29 616
13 62 593
13 37 681
13 42 441
13 16 762
13 18 765
13 80 363
13 76 485
13 70 885
13 43 637
13 65 844
13 87 845
13 69 546
13 57 323
13 75 73
14 51 54
14 74 41
14 43 899
14 27 435
14 59 197
14 52 168
14 70 708
14 18 968
14 72 920
14 41 447
14 87 766
14 45 864
14 86 700
14 90 258
14 73 586
14 64 221
14 71 286
14 78 533
14 77 625
14 62 773
14 81 163
14 41 207
14 43 269
14 36 821
14 15 817
14 16 600
14 64 460
14 49 856
14 86 873
14 73 187
14 54 140
14 48 420
14 63 207
14 40 493
14 51 36
14 62 895
14 54 71
14 65 635
14 70 224
14 34 344
14 54 936
14 19 995
14 58 236
14 67 105
14 22 588
14 81 262
14 65 540
14 90 480
14 39 445
14 86 419
14 28 687
14 32 835
14 58 487
14 21 557
14 42 15
14 30 854
14 21 205
14 46 845
14 26 120
14 73 278
14 24 708
14 87 835
14 51 691
14 20 952
14 41 320
14 30 157
14 22 639
14 36 969
14 21 325
14 62 197
14 78 382
14 43 554
14 47 121
14 66 815
14 65 433
15 44 484
15 66 379
15 60 217
15 49 836
15 87 870
15 28 656
15 52 142
15 23 616
15 89 981
15 84 333
15 52 604
15 43 900
15 88 608
15 62 742
15 78 98
15 80 354
15 69 247
15 68 513
15 45 864
15 34 11
15 15 450
15 80 607
15 48 374
15 86 66
15 20 241
15 22 656
15 45 102
15 66 214
15 90 947
15 78 276
15 73 157
15 40 676
15 76 549
15 18 442
15 70 536
15 53 28
15 56 541
15 40 395
15 34 185
15 88 74
15 75 59
15 68 449
15 65 153
15 28 681
15 24 581
15 26 243
15 33 138
15 69 868
15 64 911
15 67 382
15 32 475
15 53 112
15 61 453
15 50 330
15 83 573
15 20 563
15 36 132
15 30 154
15 86 543
15 45 588
15 39 323
15 16 396
15 39 688
15 63 86
15 18 913
15 30 230
15 52 765
15 88 421
16 78 993
16 60 897
16 79 556
16 83 917
16 48 418
16 56 278
16 88 377
16 66 936
16 45 626
16 74 168
16 72 155
16 40 394
16 24 428
16 47 894
16 57 714
16 57 431
16 16 914
16 61 569
16 46 6
16 65 406
16 49 506
16 28 238
16 80 475
16 31 178
16 50 338
16 53 561
16 32 6
16 88 548
16 65 386
16 40 123
16 39 961
16 83 137
16 64 530
16 80 699
16 57 592
16 17 73
16 36 986
16 49 330
16 25 992
16 89 719
16 90 655
16 18 491
16 78 492
16 17 392
16 88 518
16 48 68
16 66 441
16 89 738
16 55 421
16 24 95
16 38 428
16 70 965
16 72 464
16 19 857
16 72 738
16 87 592
16 59 236
16 42 484
16 82 596
16 31 630
16 70 471
17 67 815
17 21 871
17 79 318
17 74 942
17 54 785
17 52 216
17 53 142
17 59 424
17 88 948
17 47 751
17 34 240
17 79 715
17 75 111
17 37 74
17 70 908
17 87 704
17 44 933
17 83 928
17 23 546
17 89 190
17 56 488
17 51 663
17 63 244
17 18 621
17 79 199
17 62 906
17 66 961
17 89 816
17 36 758
17 28 648
17 40 535
17 69 110
17 61 385
17 62 140
17 49 274
17 52 373
17 83 832
17 21 152
17 56 401
17 38 584
17 28 841
17 33 682
17 68 323
17 57 832
17 26 381
17 77 883
17 34 628
17 42 15
17 38 990
17 25 499
17 24 490
17 55 129
17 17 546
17 80 495
17 18 135
17 88 787
17 81 437
17 75 891
17 63 599
17 60 586
17 26 68
17 22 7
17 71 907
17 50 15
17 55 181
17 23 214
17 81 441
17 80 371
17 87 684
17 73 564
17 55 334
17 50 142
17 87 926
17 29 355
17 24 447
17 55 435
18 36 37
18 65 840
18 90 515
18 71 686
18 73 419
18 41 308
18 89 22
18 89 254
18 89 131
18 66 123
18 74 398
18 37 604
18 38 321
18 73 244
18 47 120
18 42 795
18 71 596
18 74 780
18 50 11
18 46 14
18 69 446
18 18 126
18 19 917
18 59 687
18 85 483
18 57 822
18 24 545
18 41 863
18 54 550
18 45 135
18 30 720
18 22 711
18 21 224
18 32 922
18 84 9
18 72 395
18 86 55
18 70 350
18 29 43
18 31 672
18 21 918
18 33 528
18 73 859
18 54 445
18 62 498
18 70 924
18 69 270
18 85 340
18 73 757
18 34 979
18 46 201
18 38 918
18 58 577
18 22 37
18 88 599
18 72 51
18 80 452
18 53 827
18 32 569
18 78 948
18 67 7
18 20 273
18 22 131
18 29 945
19 49 385
19 72 766
19 74 746
19 85 973
19 35 637
19 56 979
19 69 868
19 26 300
19 37 722
19 49 817
19 66 321
19 33 734
19 40 595
19 38 307
19 70 499
19 52 377
19 58 339
19 60 295
19 56 530
19 76 433
19 49 596
19 48 344
19 51 313
19 76 816
19 80 705
19 24 207
19 70 746
19 77 691
19 85 599
19 37 614
19 33 664
19 55 802
19 81 682
19 27 603
19 87 716
19 90 807
19 41 848
19 66 221
19 26 261
19 35 495
19 61 946
19 66 505
19 19 431
19 28 238
19 59 360
19 32 680
19 59 717
19 29 47
19 75 662
19 60 185
19 57 884
19 46 470
19 43 753
19 66 692
19 67 556
19 75 659
19 46 923
19 36 715
19 59 609
19 54 530
19 79 711
20 81 476
20 29 617
20 21 743
20 82 640
20 89 775
20 34 224
20 68 91
20 21 444
20 78 599
20 74 538
20 26 723
20 40 727
20 41 203
20 61 771
20 20 225
20 64 668
20 56 223
20 42 845
20 90 945
20 62 871
20 87 623
20 55 802
20 64 223
20 53 284
20 31 89
20 76 936
20 56 221
20 32 952
20 51 243
20 35 463
20 51 405
20 21 628
20 56 103
20 51 575
20 81 164
20 75 127
20 75 935
20 70 665
20 36 573
20 72 987
20 60 285
20 85 372
20 59 613
20 23 416
20 57 695
20 47 236
20 46 493
20 67 73
20 38 85
20 90 804
20 27 137
20 39 559
20 47 586
20 54 491
20 36 655
20 23 441
20 40 331
20 71 362
20 29 518
20 49 609
20 37 27
20 54 508
20 57 27
20 74 663
20 80 141
20 23 36
21 29 104
21 71 131
21 38 614
21 61 153
21 84 285
21 66 527
21 24 709
21 62 878
21 25 843
21 61 909
21 85 484
21 60 350
21 39 651
21 55 780
21 36 151
21 37 54
21 84 810
21 86 482
21 84 110
21 55 960
21 26 715
21 36 51
21 50 289
21 61 439
21 41 43
21 58 965
21 89 48
21 79 266
21 50 798
21 78 942
21 68 135
21 23 396
21 81 773
21 73 687
21 52 321
21 68 477
21 83 274
21 83 658
21 60 488
21 28 802
21 64 827
21 34 953
21 39 848
21 77 613
21 81 660
21 77 828
21 90 171
21 48 760
21 60 196
21 34 914
21 55 417
21 33 829
21 80 608
21 43 451
21 31 353
21 68 778
21 52 443
21 68 740
21 64 860
22 59 228
22 32 480
22 78 211
22 38 511
22 39 822
22 42 529
22 51 535
22 36 353
22 41 286
22 67 678
22 83 478
22 43 940
22 29 379
22 47 122
22 78 6
22 39 627
22 76 811
22 64 379
22 61 341
22 73 93
22 42 322
22 63 681
22 38 381
22 48 592
22 77 992
22 82 417
22 82 114
22 83 467
22 68 728
22 82 343
22 52 986
22 37 659
22 62 896
22 74 667
22 40 960
22 64 196
22 26 771
22 78 27
22 47 301
22 48 644
22 72 996
22 85 952
22 78 433
22 40 629
22 49 854
22 48 1
22 90 841
22 46 176
22 83 394
22 86 631
22 82 265
22 28 724
22 46 730
22 46 460
22 82 394
22 74 508
23 76 686
23 75 309
23 39 152
23 86 224
23 67 905
23 75 577
23 67 854
23 33 112
23 44 383
23 31 238
23 35 68
23 40 780
23 54 515
23 39 98
23 34 986
23 49 690
23 71 643
23 87 658
23 30 906
23 65 659
23 85 763
23 30 253
23 52 776
23 62 78
23 35 225
23 66 910
23 28 280
23 89 323
23 38 743
23 65 33
23 74 550
23 25 474
23 32 732
23 78 676
23 63 596
23 53 302
23 74 470
23 32 780
23 72 84
23 85 773
23 37 789
23 52 794
23 66 198
23 32 600
23 72 485
23 80 226
23 61 873
23 48 372
23 33 114
24 57 81
24 25 206
24 54 966
24 69 20
24 64 324
24 57 986
24 81 405
24 69 411
24 37 790
24 72 919
24 26 15
24 87 910
24 86 179
24 63 53
24 52 740
24 83 708
24 84 162
24 27 106
24 58 779
24 26 926
24 88 499
24 42 161
24 38 747
24 73 471
24 59 812
24 38 352
24 56 650
24 72 819
24 65 61
24 54 289
24 90 798
24 52 211
24 73 615
24 28 501
24 73 737
24 36 40
24 38 573
24 75 657
24 58 260
24 67 909
24 38 463
24 54 161
24 52 234
24 39 485
24 72 406
24 74 812
24 66 394
24 38 95
24 39 296
24 52 89
24 67 876
24 51 836
24 31 119
24 67 779
24 74 599
24 31 258
24 31 933
24 28 398
25 56 195
25 33 507
25 28 1000
25 57 991
25 39 988
25 89 418
25 63 918
25 76 773
25 51 910
25 34 143
25 79 199
25 85 832
25 28 266
25 62 142
25 88 921
25 62 698
25 29 825
25 46 88
25 61 600
25 51 813
25 69 812
25 81 48
25 50 455
25 34 161
25 83 460
25 87 253
25 70 989
25 50 668
25 49 99
25 37 228
25 32 895
25 40 317
25 37 299
25 55 240
25 46 949
25 58 928
25 59 486
25 71 183
25 26 425
25 89 514
25 30 592
25 57 6
25 42 237
25 72 188
25 87 254
25 66 295
25 28 789
25 55 611
25 67 79
25 35 483
25 27 619
25 38 134
25 60 556
26 88 563
26 41 786
26 37 894
26 57 154
26 58 922
26 56 558
26 53 763
26 49 971
26 33 416
26 64 527
26 90 987
26 41 827
26 68 486
26 79 644
26 80 129
26 55 915
26 70 792
26 70 46
26 51 338
26 36 581
26 56 367
26 35 512
26 47 167
26 42 409
26 63 396
26 72 199
26 32 44
26 70 380
26 76 271
26 76 688
26 45 500
26 27 332
26 26 539
26 51 126
26 56 440
26 42 763
26 47 236
26 80 166
26 49 74
26 78 806
26 29 242
26 28 85
26 80 48
26 37 430
26 47 551
26 31 734
26 79 676
26 27 799
26 33 127
26 34 611
26 86 380
26 61 878
26 68 84
26 48 742
26 80 209
26 78 470
27 52 669
27 59 120
27 89 983
27 68 607
27 57 702
27 48 874
27 79 139
27 56 59
27 75 959
27 78 326
27 57 300
27 47 121
27 85 103
27 66 428
27 64 309
27 36 31
27 30 37
27 83 575
27 43 255
27 30 693
27 81 194
27 44 766
27 74 485
27 54 728
27 89 80
27 38 237
27 56 76
27 74 221
27 60 456
27 90 433
27 63 341
27 82 818
27 37 895
27 45 266
27 41 423
27 85 525
27 29 88
27 71 643
27 52 243
27 39 831
27 34 83
27 80 670
27 61 708
27 52 282
27 38 506
27 66 544
28 82 654
28 84 620
28 34 284
28 45 655
28 47 155
28 75 297
28 46 186
28 82 624
28 87 339
28 29 816
28 51 987
28 79 440
28 37 511
28 36 278
28 74 335
28 88 674
28 37 460
28 31 332
28 30 481
28 81 621
28 38 91
28 45 755
28 41 187
28 32 246
28 68 404
28 41 571
28 55 387
28 67 342
28 82 672
28 54 126
28 30 336
28 42 515
28 67 121
28 67 375
28 65 52
28 55 905
28 38 898
28 64 462
28 74 796
28 55 784
28 52 419
28 39 68
28 89 366
28 60 615
28 69 326
28 79 748
28 74 560
28 81 371
28 43 939
28 50 962
28 62 832
28 72 546
29 80 999
29 63 410
29 49 532
29 75 287
29 50 173
29 41 92
29 66 410
29 86 258
29 71 619
29 42 33
29 40 370
29 85 496
29 49 219
29 50 42
29 78 860
29 56 651
29 57 988
29 41 248
29 36 1000
29 29 76
29 76 439
29 34 491
29 50 639
29 50 76
29 51 888
29 67 975
29 51 343
29 53 410
29 48 988
29 46 888
29 48 553
29 56 956
29 51 270
29 83 938
29 64 237
29 39 482
29 76 586
29 39 450
29 66 115
29 40 411
29 67 801
29 39 315
29 35 380
29 39 500
29 84 117
29 71 44
29 29 640
29 53 248
29 33 51
30 82 571
30 78 681
30 77 101
30 74 871
30 46 561
30 67 678
30 56 50
30 40 309
30 36 430
30 34 334
30 42 856
30 44 648
30 59 878
30 79 435
30 86 836
30 38 766
30 33 851
30 63 201
30 36 442
30 38 257
30 57 448
30 70 470
30 62 463
30 72 818
30 32 754
30 39 577
30 82 38
30 82 979
30 56 544
30 73 391
30 80 496
30 50 474
30 42 681
30 84 392
30 84 812
30 66 735
30 37 222
30 69 644
30 30 149
30 84 933
30 51 611
30 67 866
30 69 40
30 33 758
30 81 743
30 51 968
30 85 236
30 37 649
30 53 916
30 62 23
30 64 941
30 86 639
30 47 406
30 89 295
30 87 653
30 81 604
30 57 205
30 47 842
30 85 739
31 41 653
31 74 334
31 34 855
31 90 959
31 68 806
31 43 520
31 49 968
31 81 509
31 59 313
31 35 511
31 70 308
31 70 521
31 48 788
31 51 910
31 70 229
31 68 789
31 81 782
31 68 546
31 68 597
31 83 632
31 43 358
31 32 541
31 40 467
31 48 454
31 58 273
31 45 986
31 48 288
31 50 956
31 88 155
31 62 590
31 51 94
31 79 295
31 83 307
31 47 584
31 63 600
31 86 374
31 40 492
31 88 540
31 60 168
31 55 790
31 73 579
31 55 383
31 66 465
31 51 58
31 68 715
31 67 843
31 53 202
31 81 397
31 33 28
31 81 777
31 50 437
31 46 381
31 84 430
31 88 646
31 40 715
31 67 267
31 62 665
31 77 207
31 66 954
31 41 715
31 45 879
31 32 735
31 52 593
32 84 46
32 54 432
32 59 421
32 34 220
32 38 593
32 35 435
32 35 971
32 33 450
32 72 688
32 49 872
32 58 872
32 32 394
32 56 477
32 80 928
32 55 435
32 89 377
32 47 186
32 37 476
32 44 726
32 38 372
32 62 611
32 84 870
32 79 289
32 34 896
32 78 146
32 51 493
32 83 856
32 71 577
32 54 122
32 84 385
32 43 637
32 37 426
32 80 576
32 38 630
32 52 107
32 56 107
32 54 333
32 73 297
32 61 335
32 52 46
32 74 524
32 82 601
32 49 710
32 51 615
32 39 500
32 88 415
32 56 168
32 89 622
32 73 911
32 40 790
32 64 733
32 56 354
32 63 406
32 38 769
32 45 59
32 32 586
32 89 278
32 64 307
32 40 914
33 54 680
33 61 220
33 71 23
33 82 554
33 57 215
33 57 949
33 52 314
33 66 53
33 73 479
33 63 957
33 70 386
33 51 808
33 82 37
33 47 124
33 88 111
33 43 279
33 79 265
33 69 235
33 87 72
33 34 107
33 81 556
33 66 747
33 55 801
33 51 973
33 87 623
33 40 307
33 56 420
33 79 392
33 69 228
33 73 453
33 52 938
33 57 498
33 53 46
33 79 707
33 45 856
33 83 866
33 82 635
33 88 91
33 44 285
34 79 847
34 68 384
34 39 159
34 83 7
34 42 189
34 35 902
34 57 287
34 69 277
34 35 173
34 45 487
34 80 955
34 66 812
34 45 835
34 50 169
34 39 652
34 72 696
34 36 444
34 53 803
34 47 106
34 84 429
34 64 873
34 38 78
34 66 624
34 67 357
34 47 599
34 88 517
34 72 292
34 82 617
34 72 36
34 48 515
34 44 737
34 56 746
34 51 310
34 68 22
34 80 619
34 37 400
34 45 266
34 52 151
34 81 53
34 50 780
34 75 285
34 87 541
34 56 979
34 40 168
34 72 622
34 58 581
34 59 70
34 89 881
34 58 828
34 85 341
34 61 123
34 82 689
34 61 262
34 77 488
34 61 773
34 36 790
34 49 546
34 65 273
34 40 343
34 73 478
34 39 190
34 61 524
35 84 41
35 44 364
35 82 551
35 80 538
35 90 323
35 38 455
35 86 187
35 37 661
35 68 382
35 37 884
35 63 238
35 63 202
35 65 148
35 45 279
35 90 395
35 37 724
35 47 241
35 38 100
35 51 14
35 37 835
35 61 171
35 43 683
35 66 525
35 42 929
35 58 346
35 41 110
35 59 94
35 56 525
35 85 263
35 87 472
35 62 239
35 82 932
35 89 754
35 76 110
35 76 390
35 76 19
35 56 442
35 47 767
35 89 885
35 50 477
35 78 944
35 51 442
36 66 177
36 38 469
36 54 400
36 80 694
36 46 550
36 52 126
36 65 766
36 49 99
36 63 750
36 79 997
36 67 259
36 69 379
36 64 117
36 85 261
36 70 901
36 75 656
36 73 262
36 42 544
36 81 971
36 64 557
36 60 637
36 50 358
36 36 722
36 77 391
36 82 557
36 84 902
36 53 228
36 73 226
36 55 518
36 61 795
36 44 660
36 49 415
36 77 765
36 54 919
36 44 763
36 56 123
36 45 131
36 70 827
36 65 963
36 77 880
36 77 128
36 75 624
36 78 384
36 37 663
36 70 766
36 77 711
36 57 72
36 41 517
36 84 41
36 45 161
37 62 162
37 47 274
37 56 361
37 66 616
37 63 807
37 50 236
37 54 152
37 54 7
37 76 422
37 76 617
37 42 750
37 52 417
37 57 142
37 69 242
37 37 174
37 50 539
37 38 438
37 43 264
37 51 979
37 58 456
37 86 99
37 43 431
37 79 962
37 52 941
37 55 463
37 52 160
37 51 331
37 43 72
37 48 446
37 39 557
37 54 186
37 85 51
37 53 405
37 61 804
37 58 487
37 57 675
37 79 762
37 45 851
37 78 754
37 42 415
37 37 438
37 90 744
37 78 263
38 48 158
38 41 920
38 58 515
38 38 417
38 51 662
38 58 465
38 69 520
38 52 251
38 73 519
38 66 771
38 58 483
38 65 875
38 70 741
38 81 114
38 88 927
38 83 499
38 40 854
38 79 530
38 83 375
38 77 647
38 70 540
38 87 775
38 86 914
38 51 523
38 69 253
38 86 548
38 54 714
38 68 112
38 43 129
38 57 298
38 59 355
38 87 633
38 65 949
38 41 289
38 68 303
38 60 526
38 71 971
38 80 826
38 53 174
38 58 194
39 71 614
39 86 362
39 87 303
39 67 495
39 73 293
39 83 878
39 58 809
39 71 195
39 53 539
39 64 683
39 42 841
39 60 453
39 43 802
39 76 439
39 78 93
39 42 690
39 52 19
39 75 230
39 77 231
39 46 639
39 78 308
39 55 536
39 88 628
39 87 925
39 47 593
39 77 833
39 44 523
39 70 543
39 53 988
39 43 669
39 79 19
39 74 452
39 78 435
39 55 267
39 43 366
39 89 901
39 39 83
39 56 518
39 66 591
39 59 386
39 66 269
39 74 762
39 69 109
39 67 574
39 67 285
39 80 497
39 79 32
39 68 700
40 57 1000
40 46 827
40 84 14
40 59 815
40 50 925
40 88 709
40 57 538
40 54 878
40 80 61
40 59 82
40 63 736
40 72 609
40 46 223
40 71 683
40 69 459
40 67 414
40 76 45
40 51 209
40 50 988
40 70 315
40 86 208
40 40 692
40 45 766
40 88 863
40 52 71
40 83 394
40 61 399
40 76 88
40 48 47
40 51 447
40 60 869
40 88 791
40 49 569
40 90 769
40 79 299
40 56 433
40 90 586
40 49 27
41 42 633
41 81 289
41 56 395
41 51 427
41 54 761
41 66 462
41 70 942
41 83 479
41 47 430
41 73 185
41 59 207
41 71 577
41 56 163
41 64 472
41 43 294
41 48 670
41 46 517
41 72 428
41 89 70
41 89 774
41 58 630
41 57 216
41 76 936
41 50 75
41 70 862
41 80 762
41 51 182
41 63 658
41 82 552
41 44 642
41 49 306
41 75 388
41 88 847
41 58 884
41 75 854
41 75 988
41 50 654
41 42 690
41 73 809
41 52 941
41 50 915
41 69 711
41 51 456
41 81 840
41 48 746
41 57 284
41 48 351
41 68 786
41 52 379
41 41 262
41 77 294
41 90 178
41 55 475
41 72 564
41 57 200
42 59 717
42 85 637
42 79 869
42 89 648
42 79 174
42 79 613
42 51 100
42 90 108
42 46 272
42 46 40
42 44 746
42 76 195
42 80 650
42 51 640
42 49 84
42 83 307
42 52 727
42 54 440
42 53 648
42 52 906
42 52 337
42 73 48
42 72 213
42 58 377
42 50 328
42 77 513
42 73 182
42 75 789
42 89 733
42 86 549
42 88 406
42 66 224
42 73 846
42 85 612
42 70 195
42 71 452
42 56 989
42 43 886
42 70 311
42 44 931
42 71 257
42 47 899
42 66 422
42 57 135
42 89 601
42 76 233
42 56 947
43 59 162
43 78 206
43 45 623
43 78 463
43 47 747
43 86 356
43 71 662
43 74 338
43 72 950
43 43 293
43 65 184
43 69 297
43 76 55
43 47 748
43 48 751
43 67 364
43 71 534
43 71 193
43 61 461
43 65 386
43 60 685
43 56 454
43 46 44
43 55 539
43 87 445
43 53 219
43 66 326
43 89 18
43 44 976
43 62 601
43 59 565
43 65 30
43 69 606
43 62 768
43 73 399
43 58 520
44 73 812
44 66 373
44 78 591
44 76 391
44 70 793
44 69 471
44 51 915
44 81 710
44 71 458
44 76 897
44 85 514
44 64 220
44 52 731
44 51 725
44 66 109
44 48 168
44 57 70
44 60 169
44 69 293
44 77 228
44 74 698
44 89 112
44 65 487
44 54 958
44 71 633
44 48 547
44 72 819
44 81 376
44 70 382
44 66 541
45 52 294
45 65 375
45 49 507
45 48 710
45 50 993
45 59 238
45 69 471
45 53 916
45 64 220
45 68 778
45 55 571
45 60 518
45 80 12
45 74 948
45 55 357
45 89 572
45 76 142
45 45 108
45 84 703
45 74 90
45 82 641
45 84 44
45 84 863
45 84 263
45 53 220
45 52 982
45 79 347
45 72 281
45 50 795
45 55 593
45 75 790
45 48 215
45 52 454
45 55 257
45 73 196
45 76 794
45 48 181
45 57 513
46 63 476
46 83 813
46 74 53
46 46 535
46 65 474
46 69 499
46 48 588
46 63 276
46 71 100
46 83 756
46 87 859
46 89 398
46 58 273
46 69 614
46 54 997
46 52 863
46 85 164
46 84 422
46 66 293
46 67 82
46 62 913
46 51 23
46 65 207
46 46 400
46 58 905
46 68 673
46 73 508
46 67 625
46 85 188
46 64 612
46 89 319
46 64 164
46 75 745
46 72 440
46 70 678
47 65 599
47 55 464
47 83 338
47 87 304
47 51 95
47 63 642
47 52 563
47 69 790
47 56 331
47 63 738
47 82 194
47 84 56
47 77 954
47 76 863
47 66 68
47 56 954
47 75 681
47 68 67
47 78 17
47 49 210
47 59 988
47 48 989
47 86 169
47 89 678
47 52 548
47 62 410
47 90 647
47 49 999
47 84 275
47 81 663
48 50 748
48 72 5
48 65 179
48 58 69
48 75 3
48 90 699
48 53 518
48 56 181
48 56 769
48 53 990
48 85 644
48 89 375
48 51 884
48 78 623
48 83 716
48 75 573
48 66 601
48 65 428
48 67 50
48 57 84
48 81 398
48 68 460
48 89 739
48 62 283
48 55 518
48 87 51
48 87 971
48 74 494
48 69 950
48 69 551
48 88 534
48 73 314
48 85 629
48 58 189
48 62 386
49 82 979
49 83 739
49 74 871
49 86 779
49 58 99
49 83 551
49 81 872
49 70 870
49 49 376
49 71 11
49 77 527
49 90 784
49 72 776
49 70 642
49 58 855
49 70 142
49 70 534
49 84 316
49 79 612
49 82 506
49 79 362
49 63 118
49 71 912
49 80 837
49 50 259
49 66 525
49 50 240
49 73 137
49 55 170
49 61 532
49 62 799
49 55 275
49 89 654
49 82 343
49 84 382
50 62 171
50 81 989
50 53 838
50 58 443
50 63 688
50 86 274
50 54 965
50 78 942
50 57 118
50 72 518
50 69 415
50 64 309
50 60 443
50 61 428
50 83 175
50 76 920
50 52 860
50 68 82
50 87 720
50 78 688
50 63 816
50 65 583
50 76 453
50 69 897
50 69 163
50 65 479
50 65 98
50 58 495
50 61 193
50 53 917
50 71 658
50 56 597
50 78 436
50 78 220
50 75 5
50 61 458
50 67 608
50 87 165
50 70 939
50 89 87
50 79 52
50 50 124
50 66 84
50 86 970
50 74 19
51 65 91
51 70 497
51 54 371
51 81 847
51 69 288
51 83 979
51 86 535
51 66 80
51 86 702
51 84 143
51 78 803
51 81 790
51 60 828
51 54 689
51 55 634
51 61 15
51 60 643
51 64 499
51 70 587
51 82 425
51 90 759
51 73 971
51 66 87
51 64 772
51 52 131
51 71 231
51 84 521
51 87 211
51 74 103
51 74 481
51 54 448
51 86 639
51 71 516
51 64 295
52 83 614
52 80 409
52 60 526
52 83 616
52 86 348
52 85 339
52 87 303
52 87 464
52 79 159
52 68 262
52 55 753
52 74 465
52 54 61
52 82 878
52 59 18
52 72 415
52 84 914
52 70 440
52 58 347
52 69 298
52 69 786
52 75 8
52 81 932
52 54 228
52 71 702
52 88 708
52 74 340
52 88 490
52 64 552
52 87 215
52 80 139
52 71 635
52 86 761
52 64 2
52 58 607
52 66 366
52 52 54
52 84 174
52 84 544
52 62 975
52 90 783
52 78 312
53 69 392
53 71 59
53 55 345
53 71 454
53 83 130
53 73 255
53 63 532
53 64 75
53 64 545
53 76 590
53 66 91
53 69 788
53 73 846
53 69 869
53 54 162
53 76 512
53 64 626
53 63 25
53 81 604
53 57 675
53 61 369
53 89 862
53 55 61
53 68 758
53 67 438
53 82 787
53 59 532
53 85 473
53 68 862
53 85 911
53 86 141
53 64 429
53 80 116
53 82 874
53 85 960
53 56 691
53 88 410
54 82 242
54 75 868
54 80 651
54 85 739
54 71 241
54 70 592
54 61 585
54 65 88
54 81 987
54 78 909
54 79 553
54 84 898
54 58 661
54 67 769
54 79 941
54 88 416
54 77 66
54 55 66
54 79 619
54 64 41
54 58 651
54 84 14
54 59 376
54 66 376
54 78 260
54 89 373
54 84 666
54 57 855
54 90 19
54 66 359
54 77 837
55 65 521
55 57 475
55 71 851
55 78 817
55 60 633
55 62 424
55 69 803
55 71 135
55 80 972
55 58 391
55 55 221
55 61 83
55 78 664
55 88 162
55 68 349
55 87 479
55 66 589
55 86 555
55 67 147
55 56 442
55 68 584
55 80 765
55 68 476
55 73 388
55 80 92
55 59 151
55 86 648
55 79 475
55 85 615
55 66 452
55 56 922
55 64 742
55 88 185
55 55 636
55 79 183
55 80 995
55 64 761
55 65 198
55 79 890
55 56 954
55 66 920
56 69 533
56 78 527
56 85 839
56 71 976
56 90 799
56 58 132
56 81 858
56 84 773
56 70 638
56 90 510
56 57 41
56 82 407
56 74 380
56 90 460
56 77 78
56 63 117
56 58 93
56 56 746
56 80 820
56 88 626
56 80 989
56 82 65
56 86 517
56 70 534
56 76 86
56 86 897
56 67 836
56 88 86
56 77 895
56 79 103
57 59 562
57 90 453
57 83 451
57 71 715
57 72 612
57 90 861
57 87 286
57 61 478
57 84 560
57 83 765
57 68 221
57 63 176
57 65 252
57 61 753
57 57 461
57 89 123
57 84 893
57 69 405
57 70 52
57 76 215
57 66 533
57 75 398
57 66 57
57 72 904
57 83 916
57 61 984
57 83 181
57 80 655
57 87 269
57 89 304
58 85 79
58 75 423
58 87 29
58 61 803
58 79 152
58 74 451
58 90 614
58 60 613
58 58 652
58 88 309
58 68 620
58 72 770
58 72 435
58 75 102
58 78 448
58 75 547
58 84 629
58 79 699
58 78 870
58 79 682
58 88 397
58 90 892
58 75 700
58 79 96
58 63 556
58 67 847
58 77 486
58 89 54
58 75 336
58 83 468
58 77 496
58 76 839
59 64 716
59 84 264
59 70 743
59 60 675
59 67 707
59 68 952
59 61 73
59 71 259
59 63 463
59 78 141
59 67 6
59 84 422
59 84 792
59 79 286
59 65 866
59 76 824
59 82 400
59 60 545
59 75 118
59 64 984
59 81 848
59 79 513
59 83 990
59 86 258
59 73 974
59 83 746
59 78 546
59 78 164
59 69 524
59 62 621
59 68 302
60 71 835
60 71 733
60 64 698
60 85 5
60 89 606
60 85 930
60 72 123
60 78 749
60 90 654
60 88 248
60 80 388
60 78 184
60 72 403
60 63 793
60 74 108
60 81 645
60 81 799
60 83 825
60 81 881
60 83 452
60 75 929
60 65 979
60 86 248
60 69 663
60 72 731
60 79 997
60 68 674
60 84 467
60 63 44
61 72 979
61 85 176
61 66 248
61 66 975
61 75 347
61 84 550
61 88 667
61 85 787
61 64 139
61 83 810
61 87 440
61 72 6
61 61 620
61 69 925
61 64 429
61 64 650
61 90 479
61 65 220
61 75 930
61 71 811
61 82 840
61 79 268
61 85 649
62 86 454
62 73 341
62 73 34
62 90 459
62 84 608
62 67 598
62 70 470
62 83 13
62 86 656
62 73 810
62 71 722
62 90 767
62 70 188
62 78 733
62 63 252
62 78 728
62 68 771
62 65 267
62 63 407
62 68 63
62 62 657
62 76 635
62 74 852
62 86 648
62 63 9
62 81 752
62 88 9
62 88 586
63 65 830
63 81 847
63 78 720
63 80 837
63 90 848
63 86 723
63 66 753
63 65 416
63 70 733
63 72 474
63 65 134
63 83 138
63 66 857
63 81 418
63 68 738
63 76 420
63 79 167
63 66 302
63 73 218
63 80 165
63 84 191
63 67 689
63 83 443
63 67 823
63 70 257
63 64 146
63 78 933
64 84 248
64 90 544
64 68 914
64 66 185
64 83 604
64 90 643
64 71 345
64 72 622
64 81 181
64 64 386
64 85 144
64 68 647
64 89 969
64 75 14
64 78 628
64 84 606
64 84 63
64 80 979
64 66 252
64 67 522
64 69 662
64 77 367
64 86 70
64 90 564
64 70 351
65 66 967
65 80 211
65 66 966
65 71 970
65 80 95
65 73 190
65 69 953
65 75 997
65 79 666
65 87 230
65 88 838
65 80 842
65 68 35
65 81 671
65 79 1000
65 87 16
65 67 194
65 74 596
65 82 44
65 75 355
66 78 841
66 73 418
66 82 148
66 70 657
66 88 726
66 76 175
66 73 196
66 72 790
66 75 111
66 73 211
66 81 226
66 82 256
66 67 324
66 69 331
66 66 354
66 84 579
66 73 305
66 84 440
66 77 885
66 78 8
66 77 140
66 77 37
67 88 606
67 86 564
67 68 355
67 68 791
67 84 753
67 86 360
67 88 631
67 71 916
67 78 726
67 88 117
67 81 611
67 73 373
67 77 863
67 87 783
67 86 451
68 77 620
68 85 792
68 76 242
68 85 293
68 88 201
68 90 589
68 72 377
68 71 500
68 77 759
68 70 404
68 86 11
68 73 766
68 73 819
68 88 773
68 73 701
68 84 744
68 85 483
68 68 808
68 73 728
68 88 470
68 69 643
68 68 551
68 71 609
68 79 377
68 80 996
68 78 906
68 82 443
68 73 311
69 86 799
69 89 175
69 87 583
69 87 519
69 82 970
69 89 188
69 82 657
69 82 708
69 69 150
69 71 840
69 83 809
69 84 508
69 75 334
69 87 464
69 87 608
69 72 388
69 77 536
69 86 847
69 76 70
69 90 770
69 83 832
69 75 862
69 75 617
69 70 422
69 77 707
69 75 980
70 76 512
70 86 53
70 82 684
70 83 425
70 87 937
70 88 461
70 89 346
70 74 564
70 82 566
70 84 152
70 72 191
70 85 502
70 71 729
70 76 680
70 71 499
70 75 9
71 83 295
71 77 234
71 84 361
71 82 520
71 88 319
71 85 414
71 80 104
71 90 538
71 76 578
71 90 885
71 84 797
71 72 672
71 88 362
71 75 227
71 80 932
71 85 461
71 74 583
71 71 921
71 78 30
71 80 450
71 90 143
71 88 600
71 78 120
71 88 117
71 73 23
71 78 982
71 73 569
71 77 814
71 79 113
71 85 302
71 84 70
72 80 919
72 85 206
72 78 262
72 83 291
72 79 43
72 81 127
72 90 128
72 75 36
72 86 547
72 89 290
72 75 975
72 87 216
72 90 372
72 83 234
72 83 59
73 85 397
73 81 147
73 76 697
73 77 645
73 86 100
73 73 994
73 87 908
73 90 443
73 85 828
73 88 88
73 74 767
73 90 712
73 90 192
73 85 895
73 75 314
73 88 110
73 75 278
73 86 278
73 81 729
73 79 940
74 89 433
74 81 450
74 90 508
74 80 427
74 78 105
74 74 276
74 76 425
74 85 363
74 84 86
75 76 881
75 88 140
75 82 713
75 84 559
75 83 669
75 88 182
75 82 732
75 83 823
75 81 836
75 89 401
75 84 24
76 90 867
76 76 99
76 78 582
76 80 685
76 77 801
76 86 494
76 77 440
76 81 971
76 78 668
76 82 526
76 89 508
77 86 704
77 81 381
77 83 917
77 80 569
77 81 692
77 90 612
77 85 355
77 88 706
77 83 480
77 78 359
77 83 287
77 85 514
77 84 726
78 87 310
78 80 941
78 78 584
78 89 291
78 81 866
78 86 735
78 80 454
78 81 342
79 83 358
79 80 15
79 87 687
79 80 993
79 81 660
79 81 405
79 87 166
79 85 284
79 89 7
79 88 431
79 84 649
79 86 577
79 80 921
79 87 333
79 90 852
79 89 458
80 88 721
80 82 593
80 85 40
80 85 450
80 88 192
80 82 546
80 83 232
81 88 23
81 87 58
81 86 234
81 82 121
82 88 460
82 86 84
82 90 952
82 83 375
82 85 326
82 83 6
82 82 179
83 84 587
83 88 780
83 86 2
83 87 283
83 87 76
84 90 350
84 89 58
84 85 999
84 88 540
84 86 382
84 89 658
84 87 467
84 86 530
84 86 437
85 89 424
85 86 520
85 86 182
85 86 582
85 89 387
85 86 104
86 87 249
86 87 347
86 88 604
88 90 897
88 90 577
88 88 292
88 89 583
89 89 815
89 90 111
81 2977 17 15 58758037
0 60 553
0 41 818
0 40 911
0 29 737
0 16 138
0 6 572
0 38 54
0 39 117
0 7 75
0 22 38
0 15 250
0 62 635
0 11 823
0 1 664
0 33 251
0 22 331
0 16 286
0 8 443
0 44 476
0 47 538
0 74 992
0 28 855
0 32 550
0 66 175
0 23 576
0 13 753
0 48 233
0 6 452
0 51 333
0 65 423
0 60 597
0 3 817
0 54 334
0 70 743
0 80 137
0 15 397
0 53 487
0 44 935
0 48 659
0 3 262
0 68 389
0 55 190
0 11 403
0 16 159
0 2 70
0 25 344
0 11 484
0 20 733
0 29 763
0 63 601
0 70 585
0 17 231
0 43 994
0 27 285
0 31 970
0 26 100
0 67 928
0 53 949
0 70 430
0 13 427
0 22 177
0 67 386
0 38 392
0 21 610
0 16 316
0 8 825
0 62 765
0 17 238
0 20 50
0 30 168
0 8 582
0 32 813
0 69 908
0 35 228
0 4 237
0 13 729
0 77 652
0 54 829
0 1 150
0 30 952
1 12 494
1 6 211
1 56 801
1 41 734
1 15 640
1 17 552
1 14 613
1 78 298
1 37 12
1 33 498
1 65 218
1 62 690
1 74 949
1 50 1000
1 29 314
1 18 43
1 55 630
1 33 650
1 28 163
1 25 642
1 55 520
1 7 112
1 79 692
1 4 67
1 42 936
1 69 332
1 37 108
1 44 951
1 36 284
1 9 341
1 14 260
1 29 371
1 37 553
1 3 904
1 24 350
1 19 990
1 72 976
1 42 709
1 3 395
1 5 105
1 64 981
1 58 959
1 15 674
1 52 218
1 3 276
1 46 25
1 23 30
1 70 15
1 50 561
1 15 601
1 71 886
1 26 801
1 57 292
1 79 825
1 39 225
1 51 936
1 43 712
1 58 937
1 35 56
1 70 955
1 14 912
1 51 484
1 31 538
1 11 688
1 24 501
1 72 882
1 23 6
1 7 542
2 11 114
2 39 880
2 12 518
2 55 665
2 36 43
2 59 366
2 47 20
2 53 109
2 70 783
2 27 631
2 59 951
2 18 568
2 78 517
2 7 477
2 60 53
2 79 108
2 39 676
2 13 465
2 66 710
2 61 437
2 73 725
2 36 935
2 52 10
2 25 907
2 79 966
2 67 38
2 27 305
2 66 822
2 4 625
2 35 467
2 30 348
2 7 846
2 37 303
2 8 345
2 71 713
2 71 724
2 66 713
2 28 690
2 64 472
2 36 186
2 78 355
2 9 916
2 12 348
2 30 903
2 80 377
2 19 27
2 50 390
2 66 34
2 55 837
2 59 347
2 38 449
2 38 706
2 17 189
2 65 879
2 4 891
2 21 162
2 39 277
2 62 760
2 25 144
2 21 448
2 12 434
2 42 728
2 16 902
2 16 923
2 28 716
2 14 395
2 58 550
2 75 746
2 15 761
2 49 724
2 42 218
3 45 183
3 66 459
3 15 206
3 65 149
3 8 533
3 38 930
3 23 111
3 50 537
3 7 268
3 31 483
3 31 581
3 25 129
3 9 782
3 31 359
3 77 75
3 24 959
3 38 129
3 21 220
3 57 761
3 58 642
3 47 16
3 63 402
3 78 266
3 26 76
3 58 258
3 22 622
3 50 18
3 77 585
3 37 77
3 35 263
3 78 567
3 74 31
3 31 133
3 38 593
3 18 45
3 15 889
3 47 707
3 24 278
3 42 210
3 80 826
3 6 270
3 9 318
3 32 650
3 29 181
3 74 208
3 44 271
3 7 676
3 76 964
3 31 884
3 21 199
3 50 474
3 4 569
3 10 318
3 25 200
3 40 151
3 33 921
3 9 763
3 14 451
4 45 193
4 21 778
4 9 115
4 9 269
4 47 619
4 48 701
4 61 272
4 64 220
4 28 944
4 31 789
4 32 750
4 55 345
4 35 566
4 22 813
4 18 982
4 55 857
4 67 111
4 61 392
4 75 209
4 68 530
4 18 7
4 64 68
4 18 446
4 33 730
4 19 906
4 20 778
4 22 92
4 26 958
4 68 943
4 75 653
4 24 569
4 36 819
4 55 532
4 18 878
4 14 813
4 50 257
4 17 256
4 39 498
4 73 594
4 20 964
4 61 45
4 49 392
4 48 620
4 28 922
4 17 596
4 70 115
4 13 80
4 62 562
4 69 101
4 61 32
4 7 142
4 60 744
4 53 690
4 54 149
4 29 993
4 30 588
4 44 228
4 68 295
4 75 903
4 45 415
4 74 956
4 49 553
4 6 790
4 8 168
4 31 922
4 65 794
4 15 683
4 47 852
4 28 406
4 30 793
4 19 795
4 23 415
4 43 909
4 60 285
4 72 664
4 18 61
4 77 613
5 18 471
5 15 553
5 79 735
5 58 411
5 16 935
5 20 88
5 19 253
5 14 865
5 21 955
5 14 813
5 39 49
5 59 629
5 35 200
5 8 731
5 79 554
5 55 520
5 11 92
5 21 426
5 56 408
5 14 760
5 34 189
5 61 430
5 68 962
5 77 926
5 73 968
5 35 899
5 80 531
5 55 923
5 18 615
5 75 133
5 17 701
5 50 6
5 71 95
5 50 795
5 16 932
5 37 633
5 53 859
5 76 970
5 40 986
5 58 521
5 70 512
5 35 666
5 71 343
5 44 917
5 79 484
5 72 621
5 36 753
5 6 653
5 49 991
5 28 683
5 42 742
5 59 984
5 55 813
5 70 398
5 77 307
5 17 232
5 41 146
5 76 707
5 49 238
5 73 125
5 30 391
6 48 566
6 67 273
6 15 381
6 55 220
6 53 143
6 8 971
6 22 617
6 8 10
6 70 969
6 17 111
6 66 25
6 11 574
6 18 218
6 52 230
6 49 468
6 23 747
6 43 728
6 62 74
6 31 291
6 41 205
6 53 459
6 78 680
6 49 399
6 14 398
6 55 534
6 38 299
6 70 382
6 29 569
6 67 974
6 59 117
6 54 160
6 34 127
6 78 939
6 44 849
6 25 424
6 58 681
6 48 230
6 67 487
6 15 175
6 80 594
6 70 454
6 16 79
6 45 801
6 71 920
6 11 48
6 67 303
6 77 378
6 13 705
6 14 207
6 76 384
6 43 794
6 10 646
6 55 512
6 77 720
6 50 305
6 20 592
6 10 725
6 37 191
6 28 941
6 69 414
6 61 871
7 76 649
7 24 348
7 49 22
7 45 697
7 41 350
7 59 579
7 51 578
7 19 930
7 78 191
7 23 350
7 41 887
7 24 536
7 16 322
7 28 669
7 50 90
7 11 452
7 12 773
7 24 443
7 26 948
7 12 9
7 32 908
7 38 883
7 15 865
7 61 409
7 78 152
7 49 81
7 61 33
7 57 515
7 49 959
7 53 434
7 80 578
7 39 838
7 31 930
7 25 687
7 49 323
7 74 648
7 39 189
7 74 983
7 33 725
7 40 92
7 74 625
7 32 183
7 50 320
7 21 22
7 34 121
7 26 339
7 74 367
7 74 741
7 39 882
7 79 941
7 30 382
7 64 98
7 21 537
7 57 875
7 61 816
7 13 901
7 24 818
7 13 773
7 49 469
7 78 86
7 52 801
7 24 708
7 38 576
7 25 8
7 61 523
7 28 771
8 68 392
8 49 152
8 65 266
8 21 365
8 19 674
8 54 127
8 49 141
8 52 177
8 27 280
8 9 825
8 15 192
8 14 494
8 16 347
8 79 489
8 32 424
8 32 522
8 63 106
8 75 927
8 31 703
8 41 59
8 62 695
8 59 277
8 23 398
8 13 27
8 31 638
8 73 677
8 65 211
8 18 716
8 32 308
8 30 562
8 29 876
8 68 299
8 66 856
8 49 296
8 23 72
8 12 979
8 28 489
8 37 553
8 12 284
8 58 182
8 25 387
8 80 557
8 59 186
8 34 190
8 16 907
8 46 331
8 41 562
8 74 247
8 48 988
8 70 291
8 54 268
8 62 660
8 19 534
8 67 390
9 31 924
9 18 521
9 28 88
9 41 279
9 55 444
9 70 980
9 16 466
9 80 724
9 74 996
9 27 660
9 59 429
9 47 318
9 46 643
9 78 343
9 72 419
9 65 818
9 9 630
9 66 676
9 30 326
9 25 738
9 15 771
9 55 765
9 73 872
9 28 9
9 63 545
9 78 959
9 26 714
9 65 642
9 67 479
9 50 773
9 45 473
9 38 502
9 29 593
9 24 888
9 62 839
9 57 1
9 48 132
9 43 527
9 45 384
9 72 214
9 74 66
9 38 630
9 66 806
9 24 271
9 25 844
9 54 81
9 13 305
9 9 647
9 46 409
9 20 570
9 36 878
9 75 777
9 73 704
9 14 699
9 65 445
9 36 214
9 38 74
9 80 440
9 47 557
9 45 158
9 13 127
9 26 240
9 27 445
9 22 846
9 24 547
9 63 439
9 68 330
9 22 10
9 10 36
10 69 378
10 77 472
10 31 68
10 39 810
10 57 8
10 38 572
10 28 346
10 78 46
10 38 300
10 21 246
10 11 119
10 59 355
10 47 59
10 64 416
10 80 920
10 26 377
10 28 380
10 21 769
10 66 789
10 64 501
10 19 494
10 70 477
10 16 254
10 78 749
10 57 100
10 14 970
10 13 865
10 55 777
10 27 381
10 62 567
10 11 60
10 80 631
10 60 344
10 71 302
10 70 337
10 67 168
10 30 257
10 59 353
10 28 498
10 43 835
10 61 674
10 54 633
10 49 35
10 54 75
10 12 598
10 68 846
10 20 628
10 41 758
10 72 100
10 39 996
10 17 401
10 14 224
10 31 567
10 39 201
10 30 206
10 80 273
10 45 12
10 16 163
10 47 837
10 37 830
10 61 865
10 21 136
10 36 41
10 29 818
10 20 78
10 61 61
11 61 285
11 80 589
11 32 53
11 54 114
11 77 221
11 60 510
11 30 875
11 74 797
11 31 549
11 67 378
11 80 681
11 61 585
11 73 926
11 37 305
11 62 15
11 26 459
11 16 765
11 18 566
11 64 666
11 16 934
11 56 671
11 44 986
11 28 744
11 64 473
11 33 518
11 40 484
11 36 961
11 55 843
11 61 199
11 11 741
11 24 396
11 46 621
11 66 12
11 32 479
11 50 618
11 19 642
11 64 650
11 12 130
11 40 223
11 75 253
11 64 631
11 34 543
11 23 13
11 49 830
11 18 902
11 68 792
11 48 427
11 46 110
11 73 248
11 60 54
11 33 101
11 54 235
11 19 456
11 54 706
11 25 720
11 22 414
11 16 530
11 32 53
11 42 791
11 13 427
11 21 202
11 13 96
11 78 221
11 59 318
11 25 226
11 76 418
11 48 506
11 57 625
11 39 200
11 73 925
11 21 214
12 15 170
12 58 632
12 67 253
12 63 359
12 22 391
12 63 831
12 50 46
12 45 387
12 44 922
12 19 242
12 47 28
12 37 635
12 12 940
12 18 554
12 56 659
12 26 916
12 69 854
12 24 387
12 53 81
12 41 827
12 69 972
12 64 997
12 21 268
12 23 916
12 39 146
12 80 571
12 17 212
12 57 104
12 56 725
12 57 606
12 77 501
12 22 53
12 63 406
12 53 648
12 57 10
12 21 627
12 62 772
12 29 114
12 75 125
12 49 961
12 22 100
12 47 890
12 70 509
12 24 917
12 31 877
12 20 354
12 43 667
12 58 171
12 65 260
12 74 120
12 65 318
12 59 431
12 79 557
12 45 357
12 13 537
12 25 682
12 13 523
12 27 308
12 44 557
12 75 915
12 26 767
12 28 45
12 59 265
12 44 370
12 21 17
12 56 500
13 13 505
13 50 944
13 58 382
13 33 222
13 17 129
13 44 73
13 47 848
13 51 998
13 72 306
13 71 720
13 36 724
13 54 86
13 55 799
13 65 247
13 19 597
13 37 27
13 56 688
13 33 828
13 18 955
13 73 562
13 57 606
13 69 48
13 61 193
13 49 804
13 29 3
13 28 305
13 43 453
13 42 587
13 36 98
13 60 434
13 59 981
13 72 123
13 46 553
13 25 607
13 26 612
13 20 329
13 36 612
13 60 89
13 26 560
13 31 74
13 21 272
13 30 890
13 25 825
13 42 642
13 15 9
13 26 635
13 79 885
13 22 196
13 66 88
13 39 225
13 48 45
13 63 79
13 39 963
13 65 634
13 21 759
13 44 271
13 17 158
13 47 567
13 39 358
13 23 696
13 64 576
13 45 275
13 58 720
13 73 683
14 41 659
14 56 838
14 77 514
14 76 134
14 76 830
14 68 183
14 37 363
14 64 725
14 78 426
14 58 979
14 68 477
14 16 339
14 29 958
14 80 248
14 67 896
14 59 767
14 79 735
14 33 951
14 39 318
14 45 767
14 40 874
14 32 203
14 47 633
14 38 127
14 63 785
14 52 348
14 56 983
14 50 520
14 39 245
14 68 882
14 27 480
14 57 605
14 63 938
14 68 81
14 54 662
14 58 629
14 47 458
14 40 919
14 63 470
14 68 1000
14 27 83
14 51 391
14 41 323
14 50 628
14 51 5
14 52 719
14 26 173
14 80 837
14 45 55
14 66 228
14 41 688
14 29 906
14 61 84
14 70 404
14 18 476
15 62 577
15 46 956
15 54 642
15 19 399
15 54 293
15 36 729
15 30 484
15 17 188
15 18 422
15 73 141
15 28 800
15 17 162
15 44 464
15 39 312
15 52 125
15 65 788
15 61 80
15 17 886
15 43 754
15 37 936
15 51 351
15 28 805
15 46 614
15 79 105
15 70 115
15 48 476
15 61 178
15 67 761
15 36 755
15 31 342
15 64 526
15 28 908
15 60 91
15 31 335
15 74 582
15 56 589
15 39 502
15 31 659
15 34 155
15 36 358
15 17 212
15 35 362
15 32 76
15 42 269
15 21 267
15 34 428
15 49 304
15 54 470
15 33 22
15 68 226
15 50 759
15 36 196
15 45 883
15 22 836
15 56 205
15 49 806
15 28 128
15 41 840
15 53 998
15 68 354
15 28 495
16 77 421
16 21 288
16 62 193
16 45 814
16 34 825
16 34 972
16 35 945
16 44 392
16 74 893
16 52 518
16 28 87
16 27 298
16 32 668
16 72 523
16 25 110
16 32 928
16 30 209
16 19 468
16 57 859
16 39 408
16 26 709
16 77 342
16 45 762
16 75 8
16 80 25
16 76 926
16 66 439
16 48 867
16 58 171
16 20 33
16 40 146
16 31 894
16 52 704
16 73 402
16 23 65
16 61 202
16 76 815
16 73 735
16 71 180
16 38 283
16 45 936
16 37 15
16 73 580
16 62 878
16 80 964
16 76 451
16 35 989
16 69 963
16 50 688
16 49 132
16 54 806
16 76 988
16 62 975
16 37 269
16 70 407
17 42 521
17 27 694
17 71 134
17 35 17
17 48 308
17 34 623
17 46 56
17 24 924
17 80 498
17 56 148
17 69 302
17 55 456
17 47 408
17 22 374
17 34 298
17 54 598
17 59 137
17 67 540
17 47 828
17 50 263
17 33 803
17 70 307
17 18 401
17 41 221
17 47 406
17 22 544
17 58 333
17 62 999
17 58 728
17 75 754
17 47 173
17 65 595
17 79 96
17 80 295
17 19 516
17 68 671
17 18 465
17 63 951
17 39 586
17 54 550
17 21 956
17 47 890
17 35 13
17 18 938
17 79 292
17 30 871
17 26 767
17 62 879
17 52 777
17 67 887
17 72 974
17 74 602
17 64 652
17 47 768
17 30 839
17 58 437
17 35 963
17 28 750
17 71 421
17 66 766
17 65 228
17 31 702
18 69 186
18 40 861
18 72 865
18 58 242
18 64 185
18 45 456
18 69 114
18 76 566
18 56 739
18 68 482
18 70 248
18 44 440
18 44 723
18 45 474
18 20 565
18 20 978
18 51 646
18 34 77
18 20 559
18 73 543
18 48 286
18 24 180
18 42 967
18 34 824
18 42 750
18 73 591
18 39 774
18 33 620
18 44 190
18 60 634
18 79 727
18 46 514
18 49 686
18 79 306
18 48 285
18 73 256
18 80 519
18 80 663
18 68 581
18 76 197
18 78 576
18 50 426
18 57 170
18 48 98
18 38 244
18 28 516
18 20 717
18 62 715
18 31 249
18 47 355
18 46 712
18 54 929
18 27 961
18 34 475
18 67 75
18 39 980
18 49 129
18 74 767
18 19 434
18 24 837
18 80 601
19 44 388
19 62 246
19 59 704
19 80 674
19 69 263
19 53 728
19 73 310
19 64 135
19 64 981
19 29 190
19 75 408
19 27 408
19 40 99
19 30 678
19 38 172
19 66 757
19 27 186
19 34 332
19 73 265
19 35 124
19 33 497
19 34 758
19 54 457
19 24 853
19 70 718
19 20 573
19 33 548
19 57 878
19 36 827
19 40 586
19 65 7
19 53 644
19 52 955
19 72 444
19 59 162
19 27 66
19 24 64
19 20 479
19 30 894
19 60 923
19 59 762
19 43 31
19 19 810
19 24 4
19 59 367
19 32 274
19 55 264
19 40 829
19 42 610
19 59 277
19 42 783
19 21 436
19 50 274
20 75 192
20 63 899
20 50 587
20 37 189
20 25 892
20 75 244
20 29 947
20 75 566
20 30 322
20 41 669
20 40 669
20 38 111
20 53 82
20 64 693
20 58 840
20 23 492
20 45 237
20 30 640
20 59 181
20 67 418
20 49 412
20 60 773
20 29 515
20 77 153
20 24 423
20 72 234
20 77 558
20 62 205
20 34 201
20 77 999
20 47 512
20 58 995
20 75 406
20 26 814
20 33 582
20 67 739
20 33 145
20 55 460
20 70 541
20 74 529
20 46 342
20 50 426
20 34 889
20 63 607
20 67 41
20 58 791
20 56 819
20 23 273
20 21 619
20 48 902
20 80 223
20 59 536
20 73 471
20 74 943
20 48 333
20 21 641
20 25 752
20 23 379
21 26 91
21 69 721
21 45 807
21 45 136
21 22 256
21 49 742
21 38 654
21 39 943
21 41 327
21 80 163
21 60 865
21 37 228
21 28 302
21 74 297
21 38 183
21 72 548
21 30 817
21 35 932
21 71 478
21 28 137
21 72 474
21 71 313
21 40 291
21 46 403
21 46 679
21 47 144
21 24 810
21 21 860
21 36 183
21 79 646
21 68 165
21 80 727
21 30 914
21 69 590
21 40 406
21 34 510
21 64 378
21 80 251
21 60 366
21 68 223
21 70 670
21 68 268
21 40 739
21 68 223
21 74 584
21 80 600
21 74 955
21 73 622
21 37 514
21 30 411
21 36 197
21 77 618
21 65 651
21 65 269
21 33 70
21 25 839
21 79 387
21 36 642
21 58 611
21 57 232
21 31 232
21 75 57
21 22 957
22 58 646
22 47 555
22 26 541
22 79 473
22 35 712
22 51 983
22 42 848
22 48 755
22 24 182
22 44 7
22 28 413
22 66 761
22 39 154
22 32 66
22 80 535
22 65 805
22 26 776
22 41 293
22 31 626
22 72 661
22 70 896
22 79 380
22 26 477
22 44 677
22 51 936
22 58 267
22 45 360
22 27 797
22 64 77
22 35 532
22 77 997
22 41 346
22 79 546
22 28 310
22 76 521
22 27 132
22 80 274
22 80 97
22 77 203
22 55 698
22 49 248
22 58 301
22 42 226
22 22 161
22 41 553
22 67 363
22 34 604
22 61 451
22 53 452
22 52 822
22 32 973
22 70 625
22 59 539
22 34 94
22 33 75
22 59 864
22 76 413
22 63 768
23 69 408
23 39 856
23 61 246
23 31 86
23 34 427
23 34 899
23 67 867
23 59 288
23 74 394
23 35 320
23 41 605
23 44 517
23 62 941
23 48 633
23 42 304
23 27 542
23 34 46
23 46 882
23 44 123
23 60 889
23 62 57
23 64 84
23 72 299
23 73 656
23 35 191
23 55 321
23 77 925
23 58 175
23 48 614
23 44 126
23 37 399
23 37 177
23 23 730
23 77 585
23 74 680
23 60 576
23 55 9
23 43 282
23 49 593
23 39 160
23 64 629
23 35 116
23 44 335
23 53 527
23 78 448
23 68 875
23 60 18
23 70 429
23 29 723
23 28 842
23 45 80
23 65 328
23 44 493
23 56 451
23 39 322
23 58 759
23 74 951
24 29 571
24 38 359
24 75 218
24 58 52
24 49 717
24 80 262
24 69 2
24 78 524
24 78 363
24 58 818
24 80 642
24 72 648
24 64 501
24 46 908
24 43 440
24 74 699
24 67 709
24 49 532
24 61 460
24 54 630
24 57 279
24 27 697
24 49 81
24 79 686
24 40 731
24 48 913
24 37 879
24 66 907
24 26 857
24 48 509
24 35 886
24 77 267
24 40 57
24 31 416
24 43 892
24 47 581
24 32 769
24 61 272
24 28 917
24 63 384
24 47 497
25 50 195
25 43 464
25 42 241
25 47 738
25 64 919
25 64 398
25 67 201
25 63 878
25 28 592
25 58 761
25 57 28
25 79 882
25 45 419
25 27 203
25 73 167
25 26 214
25 68 166
25 45 211
25 69 498
25 62 152
25 47 945
25 40 760
25 29 109
25 52 12
25 76 54
25 56 892
25 49 245
25 59 590
25 51 186
25 80 582
25 38 259
25 57 752
25 67 197
25 39 850
25 52 223
25 32 640
25 36 582
25 46 215
25 75 844
25 32 811
25 61 829
25 56 411
25 77 28
25 57 375
25 32 477
25 72 614
25 26 577
25 32 5
25 61 711
25 54 538
25 59 615
26 48 234
26 27 294
26 73 297
26 41 384
26 47 295
26 71 990
26 40 939
26 57 297
26 32 253
26 26 674
26 70 53
26 80 471
26 28 334
26 37 428
26 59 117
26 31 132
26 29 782
26 34 488
26 65 448
26 46 676
26 63 490
26 60 369
26 74 3
26 58 792
26 59 161
26 60 651
26 47 697
26 72 932
26 69 246
26 26 509
26 41 683
26 73 468
26 41 770
26 30 513
26 65 268
26 79 209
26 35 17
26 55 97
26 63 397
26 73 312
26 37 714
26 64 903
26 52 993
26 62 250
26 69 583
26 56 806
26 71 603
26 59 968
26 75 788
26 43 231
26 43 886
27 62 525
27 52 850
27 30 666
27 42 171
27 46 627
27 56 807
27 50 499
27 78 80
27 35 207
27 71 489
27 53 113
27 41 632
27 34 738
27 33 887
27 56 125
27 51 50
27 71 240
27 58 334
27 42 991
27 62 443
27 62 108
27 63 152
27 77 117
27 34 743
27 58 549
27 74 721
27 63 362
27 60 173
27 74 653
27 42 578
27 78 126
27 59 670
27 37 368
27 78 846
27 34 432
27 71 975
27 43 941
27 32 674
27 47 28
27 62 81
27 35 28
27 77 186
27 79 366
27 34 313
27 62 250
27 29 120
27 38 747
27 60 384
27 45 841
28 39 152
28 70 380
28 59 701
28 33 284
28 34 728
28 66 205
28 78 275
28 53 50
28 28 387
28 60 225
28 76 661
28 61 796
28 38 904
28 71 182
28 70 487
28 80 858
28 35 87
28 46 724
28 31 514
28 61 345
28 56 802
28 52 915
28 76 625
28 32 639
28 80 90
28 30 124
28 30 110
28 50 971
28 78 621
28 58 733
28 74 111
28 77 915
28 67 301
28 35 768
28 66 420
28 38 193
28 28 432
28 61 569
28 33 817
28 76 468
28 50 109
28 76 571
28 76 599
28 74 239
28 57 484
28 40 94
28 80 7
28 73 214
28 75 292
28 70 253
28 47 44
28 53 215
28 46 623
28 72 333
28 80 706
28 31 38
29 60 992
29 34 714
29 74 962
29 77 676
29 43 608
29 61 398
29 66 858
29 77 705
29 46 886
29 52 697
29 29 410
29 75 756
29 45 134
29 61 185
29 54 867
29 78 47
29 77 363
29 48 352
29 61 69
29 58 569
29 43 884
29 49 61
29 69 523
29 72 372
29 59 860
29 71 131
29 37 298
29 76 526
29 43 482
29 42 230
29 75 373
29 57 60
29 32 765
29 51 327
29 65 7
29 37 638
29 53 541
29 71 134
29 64 482
29 63 488
29 51 798
29 35 644
29 57 136
29 43 434
29 40 943
29 66 577
29 43 588
29 49 42
30 71 179
30 49 943
30 30 745
30 32 75
30 71 125
30 43 421
30 54 868
30 47 273
30 78 710
30 73 607
30 62 924
30 43 973
30 37 469
30 48 550
30 76 440
30 67 269
30 43 233
30 30 743
30 33 261
30 56 861
30 55 192
30 67 31
30 63 383
30 54 425
30 44 377
30 64 13
30 75 682
30 67 642
30 60 449
30 64 324
30 75 581
30 50 829
30 77 478
30 30 160
30 80 542
30 75 260
30 38 337
30 62 410
30 67 824
30 57 929
30 31 329
30 32 613
30 74 692
30 63 468
30 43 832
30 38 301
30 68 823
30 61 60
30 58 237
30 55 19
30 45 890
31 46 665
31 57 601
31 75 686
31 42 894
31 66 985
31 64 72
31 46 577
31 54 225
31 69 965
31 58 284
31 69 531
31 48 20
31 40 584
31 57 423
31 77 613
31 58 322
31 34 568
31 53 355
31 75 90
31 59 362
31 79 240
31 51 473
31 76 121
31 56 482
31 73 949
31 33 156
31 79 945
31 40 332
31 33 800
31 72 627
31 34 982
31 53 32
31 70 974
31 51 227
31 49 865
31 74 404
31 35 806
31 67 45
31 43 777
31 61 253
31 53 774
31 69 907
31 49 47
31 65 660
32 65 319
32 70 638
32 61 548
32 73 183
32 36 100
32 41 534
32 74 505
32 71 892
32 70 910
32 58 646
32 53 91
32 66 735
32 52 746
32 72 467
32 47 806
32 33 328
32 60 237
32 66 675
32 54 301
32 52 968
32 53 954
32 38 308
32 41 649
32 60 952
32 57 43
32 62 439
32 78 809
32 49 481
32 64 652
32 74 704
32 59 772
32 75 589
32 54 559
32 40 387
32 68 821
32 40 190
32 37 393
32 74 756
32 40 899
32 61 414
32 68 122
32 35 563
32 67 444
32 51 947
32 51 566
32 53 94
33 68 546
33 50 866
33 38 433
33 53 698
33 36 931
33 73 130
33 70 525
33 63 785
33 44 508
33 67 30
33 70 716
33 78 642
33 57 148
33 54 816
33 40 638
33 73 801
33 46 951
33 33 616
33 39 23
33 39 967
33 77 806
33 62 75
33 50 898
33 77 776
33 79 789
33 54 370
33 59 536
33 66 771
33 62 54
33 52 33
33 42 56
33 75 830
33 43 687
33 71 727
33 70 671
33 70 427
33 73 54
33 77 856
33 43 986
33 48 25
33 42 526
33 65 771
33 38 207
33 52 638
33 34 310
33 75 467
34 40 636
34 63 98
34 39 713
34 38 392
34 43 762
34 80 533
34 78 397
34 79 667
34 64 825
34 78 576
34 73 75
34 53 211
34 78 497
34 52 201
34 37 922
34 36 580
34 75 939
34 63 235
34 50 822
34 43 875
34 40 22
34 61 930
34 55 339
34 49 736
34 46 564
34 35 793
34 74 502
35 68 8
35 43 727
35 38 868
35 80 731
35 74 94
35 38 209
35 66 703
35 48 726
35 54 880
35 80 165
35 62 312
35 39 92
35 68 438
35 42 855
35 36 697
35 41 629
35 74 736
35 44 208
35 47 220
35 52 953
35 45 884
35 76 41
35 54 512
35 74 589
35 61 288
35 80 222
35 79 542
35 37 520
35 59 389
35 75 880
35 40 854
35 56 240
35 50 498
35 74 205
35 73 177
35 72 825
35 37 395
35 44 636
35 53 557
35 62 174
35 36 911
35 40 380
35 40 754
35 40 800
35 66 225
35 53 621
35 64 550
35 73 261
35 75 528
35 57 314
35 48 557
35 58 180
36 40 359
36 62 795
36 39 476
36 55 238
36 61 652
36 50 777
36 70 688
36 40 877
36 68 720
36 61 795
36 58 202
36 49 421
36 80 633
36 50 328
36 72 701
36 75 762
36 62 426
36 58 800
36 52 693
36 72 490
36 69 316
36 62 720
36 61 167
36 67 73
36 55 422
36 38 314
36 38 803
36 41 292
36 45 496
36 67 593
36 58 467
36 37 315
36 69 405
36 67 31
36 55 8
36 73 735
36 70 727
36 78 780
36 47 769
36 79 681
37 38 699
37 55 955
37 49 926
37 74 773
37 43 757
37 43 89
37 73 981
37 60 813
37 51 299
37 72 973
37 63 5
37 78 703
37 60 817
37 38 517
37 50 409
37 45 480
37 41 617
37 54 518
37 76 827
37 78 917
37 75 701
37 69 816
37 62 378
37 77 572
37 39 43
37 79 520
37 38 265
37 62 10
37 67 924
37 46 821
37 51 423
37 48 196
37 50 235
37 64 440
38 54 252
38 78 383
38 45 928
38 44 709
38 73 213
38 59 943
38 58 141
38 79 336
38 46 871
38 70 592
38 58 762
38 54 232
38 39 728
38 47 315
38 55 249
38 41 868
38 55 901
38 80 313
38 55 694
38 74 509
38 39 95
38 57 262
38 61 911
38 72 577
38 43 898
38 80 737
38 43 303
38 72 735
38 47 411
38 49 654
38 65 936
38 65 861
38 43 79
38 79 167
38 77 110
38 60 228
38 70 126
38 77 613
38 45 939
38 48 789
38 76 408
38 72 599
38 69 22
38 43 505
38 40 626
39 54 456
39 45 886
39 41 560
39 46 444
39 51 556
39 41 855
39 77 97
39 64 499
39 45 858
39 75 649
39 45 642
39 55 929
39 52 438
39 42 814
39 56 882
39 75 997
39 43 891
39 40 608
39 62 273
39 54 57
39 51 40
39 60 381
39 49 858
39 44 976
39 43 623
39 66 383
39 43 899
39 73 435
39 73 568
39 68 407
39 66 197
39 46 870
39 55 251
39 74 489
40 51 2
40 70 46
40 45 273
40 55 650
40 65 483
40 66 945
40 64 386
40 66 369
40 67 795
40 59 977
40 46 563
40 53 16
40 78 846
40 64 884
40 46 40
40 61 86
40 73 713
40 72 631
40 51 655
40 57 107
40 57 108
40 43 186
40 60 899
40 47 290
40 75 393
40 62 675
41 51 539
41 68 536
41 68 656
41 65 936
41 78 365
41 67 819
41 48 72
41 73 460
41 66 641
41 64 560
41 60 981
41 48 511
41 79 216
41 72 27
41 68 768
41 53 937
41 68 37
41 53 549
41 49 92
41 45 746
41 52 764
41 60 882
41 56 887
41 53 821
41 65 449
41 75 432
41 42 354
41 74 788
41 62 24
41 44 83
41 76 570
41 42 965
41 60 911
41 76 126
41 74 227
41 74 640
41 60 973
41 76 235
41 50 800
41 49 410
41 45 787
41 75 782
41 74 262
42 43 172
42 67 728
42 44 813
42 63 81
42 54 937
42 48 489
42 68 98
42 60 771
42 79 171
42 61 338
42 69 803
42 48 539
42 71 872
42 80 109
42 55 59
42 72 224
42 64 822
42 43 790
42 56 20
42 78 356
42 76 195
42 58 325
42 76 475
42 42 335
42 46 692
42 73 27
42 68 340
42 77 289
42 54 611
42 63 873
43 76 349
43 56 789
43 59 783
43 61 628
43 57 913
43 67 288
43 80 863
43 45 851
43 77 350
43 66 322
43 44 922
43 45 545
43 47 292
43 43 992
43 49 569
43 56 802
43 65 310
43 75 964
43 80 883
43 74 381
43 71 473
43 53 352
43 45 645
43 66 52
43 65 206
43 67 605
43 49 639
43 51 183
43 75 416
43 52 560
43 58 786
43 51 406
43 74 186
43 47 635
43 63 390
43 55 647
44 74 831
44 59 161
44 79 34
44 70 807
44 77 771
44 62 81
44 71 939
44 59 358
44 72 118
44 74 498
44 78 805
44 64 14
44 48 930
44 58 602
44 61 764
44 61 76
44 78 635
44 80 18
44 63 263
44 58 452
44 54 769
44 48 353
44 52 237
44 51 473
44 60 809
44 79 50
44 45 575
44 55 257
44 66 316
44 66 464
44 55 612
44 78 590
44 58 680
44 74 911
44 74 709
44 66 283
45 63 246
45 48 766
45 65 761
45 67 597
45 68 74
45 79 354
45 57 714
45 73 868
45 52 845
45 77 57
45 67 398
45 76 937
45 61 339
45 52 37
45 62 549
45 76 371
45 70 550
45 59 687
45 56 480
45 71 665
45 48 990
45 59 609
45 60 78
45 72 355
45 78 570
45 79 414
45 45 548
46 65 51
46 74 860
46 54 834
46 52 477
46 63 761
46 68 396
46 57 393
46 80 695
46 67 551
46 66 231
46 76 515
46 69 314
46 60 620
46 56 405
46 64 328
46 72 881
46 73 720
46 60 649
46 78 728
46 48 697
46 57 930
46 67 785
46 67 15
46 60 207
46 54 605
47 50 757
47 61 497
47 76 781
47 53 518
47 62 397
47 72 377
47 71 134
47 53 635
47 51 257
47 71 225
47 61 63
47 56 299
47 80 350
47 69 591
47 80 828
47 62 509
47 59 61
47 73 252
47 76 26
47 79 535
47 60 30
47 80 751
47 56 852
47 58 920
47 48 894
48 49 531
48 68 389
48 75 807
48 79 776
48 73 300
48 69 586
48 67 242
48 79 568
48 80 190
48 61 950
48 78 408
48 78 385
48 75 238
48 51 982
48 62 437
48 50 115
48 69 166
48 74 518
48 62 527
48 63 377
48 62 274
48 51 245
48 77 87
48 72 495
48 56 369
48 50 155
48 80 820
48 68 19
48 67 60
48 60 187
48 75 98
48 57 58
48 58 163
48 67 747
48 62 612
49 77 915
49 70 602
49 72 351
49 75 609
49 52 6
49 78 985
49 77 611
49 76 482
49 67 580
49 78 817
49 63 439
49 61 686
49 61 776
49 62 547
49 79 578
49 57 930
49 56 540
49 62 767
49 61 415
49 60 621
49 61 15
49 51 485
49 59 95
49 51 66
49 51 941
49 68 432
49 78 294
50 51 867
50 54 479
50 73 946
50 63 346
50 71 138
50 72 589
50 63 28
50 61 716
50 79 872
50 69 304
50 73 82
50 68 228
50 60 458
50 72 720
50 55 820
50 62 600
50 55 338
50 78 587
50 70 956
50 67 455
50 65 495
50 55 94
50 74 216
50 51 85
50 72 492
50 60 34
50 59 91
50 69 710
50 74 784
50 58 257
50 51 565
50 61 121
50 70 513
50 51 965
50 51 993
51 68 922
51 59 148
51 77 163
51 60 966
51 52 928
51 80 517
51 60 617
51 57 149
51 63 898
51 60 866
51 54 602
51 70 480
51 77 905
51 65 285
51 65 66
51 80 803
51 79 404
51 58 907
51 60 244
51 60 216
51 67 901
51 56 418
51 73 689
51 52 368
51 51 962
51 69 622
51 63 718
51 53 351
51 77 148
51 76 775
51 68 750
52 79 788
52 56 628
52 64 812
52 56 252
52 69 229
52 64 619
52 68 670
52 63 72
52 70 431
52 68 460
52 75 318
52 59 141
52 72 374
52 64 103
52 69 201
52 75 444
52 69 415
52 75 709
52 61 693
52 61 189
52 54 116
52 59 322
52 73 672
52 70 680
52 57 21
52 70 99
52 76 22
52 56 58
52 52 332
52 68 457
53 54 290
53 59 948
53 76 504
53 55 394
53 58 666
53 76 328
53 68 887
53 72 40
53 68 48
53 65 213
53 60 395
53 73 482
53 59 53
53 62 787
53 59 495
53 80 490
53 67 500
53 59 129
53 68 933
53 75 251
53 66 88
53 72 258
53 60 380
54 66 795
54 73 884
54 64 625
54 75 571
54 67 927
54 71 844
54 75 178
54 57 93
54 55 621
54 65 650
54 72 213
54 67 812
54 78 127
54 76 435
54 64 438
54 56 343
54 56 904
54 67 431
54 75 745
54 62 247
54 56 961
55 63 837
55 76 877
55 76 672
55 68 585
55 62 969
55 64 583
55 59 854
55 73 499
55 69 420
55 76 682
55 77 383
55 80 23
55 74 544
55 80 827
55 65 207
55 76 488
55 80 766
55 62 761
55 72 501
56 78 196
56 71 433
56 59 151
56 59 87
56 58 95
56 61 564
56 65 527
56 73 276
56 72 535
56 73 476
56 56 237
56 71 512
56 62 872
56 62 569
56 58 148
56 65 887
56 73 815
56 72 484
56 78 218
56 75 148
56 68 187
57 74 209
57 62 29
57 71 532
57 57 633
57 78 767
57 67 35
57 76 256
57 61 7
57 69 803
57 65 28
57 68 112
57 61 119
57 58 959
57 65 665
57 57 420
57 76 545
57 61 660
57 62 648
57 72 871
57 72 250
57 77 8
57 61 94
57 64 854
57 60 911
57 73 743
57 61 384
58 62 230
58 62 375
58 74 862
58 70 279
58 74 583
58 61 367
58 80 133
58 73 49
58 62 149
58 80 724
58 68 625
58 62 54
58 59 254
58 66 449
58 72 252
58 73 669
58 78 642
58 79 910
58 76 950
58 69 878
58 63 673
58 72 419
58 67 721
58 67 227
58 68 47
58 59 249
59 70 914
59 74 313
59 63 82
59 75 116
59 75 19
59 73 890
59 77 578
59 60 963
59 79 247
59 66 811
59 73 99
59 69 569
59 60 443
59 80 787
59 69 979
59 69 928
59 76 81
59 75 168
59 73 528
60 77 188
60 79 807
60 73 757
60 65 404
60 74 795
60 66 298
60 78 975
60 75 849
60 64 458
60 79 823
60 63 5
60 69 688
60 69 87
60 62 763
61 70 160
61 71 835
61 69 71
61 73 365
61 69 191
61 73 819
61 78 496
61 80 560
61 65 447
61 75 320
61 69 840
61 66 248
61 65 204
61 80 800
61 76 869
61 70 605
61 69 13
62 67 875
62 77 932
62 75 331
62 66 815
62 69 795
62 80 311
62 78 167
62 76 584
62 71 9
62 75 123
62 77 946
62 66 713
62 75 100
62 79 177
62 64 756
62 71 418
62 73 381
62 72 133
62 73 401
62 78 334
62 78 427
62 68 31
62 80 373
63 77 747
63 72 37
63 80 910
63 76 570
63 68 953
63 72 599
63 73 1000
63 79 732
63 71 348
63 63 172
63 69 513
63 71 571
63 78 435
63 76 637
63 65 313
63 63 747
63 70 677
64 64 627
64 74 417
64 74 455
64 70 574
64 69 278
64 74 11
64 66 451
64 66 946
64 67 868
64 79 133
65 77 855
65 69 110
65 76 77
65 76 34
65 65 272
65 80 535
65 70 452
65 74 168
65 73 467
65 71 43
65 80 107
65 78 482
65 70 647
65 70 1
66 70 506
66 71 963
66 72 275
66 71 34
66 67 156
66 78 932
66 70 827
66 72 114
66 77 675
66 73 58
67 78 800
67 72 718
67 74 65
67 74 259
67 69 655
67 72 48
67 72 851
67 78 674
67 77 200
67 76 230
67 73 737
68 79 619
68 71 564
68 71 163
68 71 450
68 77 423
68 73 297
68 76 213
68 78 594
68 69 245
69 70 635
69 71 862
69 74 386
69 78 305
69 74 930
69 78 457
69 71 896
69 69 815
69 69 4
69 76 583
69 79 562
69 73 283
69 77 754
69 71 618
69 80 887
69 80 772
69 78 758
69 76 164
69 70 341
70 75 981
70 77 841
70 72 506
70 78 549
70 78 164
70 73 789
70 76 791
70 72 268
70 79 976
70 75 320
70 78 596
71 78 272
71 71 347
71 78 423
71 73 798
71 75 145
71 80 352
71 78 259
72 72 732
72 75 535
72 75 988
73 73 166
73 75 800
73 77 245
73 77 660
73 79 888
74 75 667
74 76 228
74 76 737
74 79 341
74 76 4
75 77 952
75 76 207
75 75 63
75 79 737
76 78 911
76 80 952
76 77 646
77 79 639
79 80 655
79 80 553
80 80 725
83 1662 55 80 94592485
0 66 281
0 77 247
0 46 74
0 1 743
0 32 305
0 79 886
0 15 237
0 17 934
0 59 563
0 35 886
0 28 562
0 50 186
0 44 309
0 52 162
0 27 253
0 11 358
0 19 721
0 75 58
0 73 563
0 52 468
0 23 161
0 58 2
0 36 688
0 63 511
0 26 684
0 54 626
0 11 715
0 81 283
0 74 833
0 71 772
0 76 472
0 74 425
0 60 687
1 69 193
1 29 864
1 28 681
1 7 2
1 22 731
1 1 472
1 72 218
1 71 379
1 30 65
1 80 647
1 28 504
1 11 307
1 66 829
1 27 54
1 55 467
1 66 817
1 13 2
1 51 282
1 74 259
1 29 148
1 76 575
1 58 703
1 77 796
1 24 429
1 72 49
1 43 476
1 82 410
1 22 927
1 35 38
1 69 609
1 73 798
1 82 468
1 7 497
1 31 665
1 34 41
1 64 630
1 76 285
1 16 932
1 22 567
1 47 976
2 37 271
2 4 650
2 82 119
2 27 51
2 67 456
2 62 360
2 38 824
2 81 353
2 5 597
2 4 126
2 35 573
2 47 413
2 60 622
2 58 862
2 37 640
2 37 106
2 62 919
2 43 610
2 40 227
2 39 50
2 15 664
2 32 572
2 40 792
2 64 134
2 37 917
2 44 388
2 55 439
2 16 233
2 65 89
2 34 812
2 5 699
2 47 74
2 13 713
2 16 672
2 4 196
2 77 925
2 29 368
2 72 641
2 25 638
2 63 79
2 27 736
2 4 591
2 30 947
2 54 282
2 66 72
2 63 766
2 46 414
2 48 636
2 8 184
2 55 772
2 24 918
2 67 917
3 19 22
3 60 573
3 7 506
3 25 420
3 56 846
3 77 295
3 45 227
3 45 423
3 76 513
3 39 202
3 41 212
3 22 760
3 6 626
3 48 206
3 78 725
3 80 153
3 61 275
3 62 419
3 29 610
3 82 73
3 59 177
3 74 801
3 77 59
3 33 107
3 18 352
3 12 375
3 23 501
3 16 944
3 41 481
3 22 629
3 27 800
3 31 678
3 37 265
3 30 44
3 65 754
3 56 402
3 11 372
3 13 939
3 9 193
3 73 865
4 49 732
4 23 53
4 56 564
4 46 75
4 82 400
4 25 524
4 53 519
4 40 252
4 40 346
4 65 758
4 28 961
4 57 199
4 47 400
4 33 357
4 67 769
4 35 791
4 12 673
4 61 955
4 39 615
4 12 231
4 22 149
4 46 420
4 37 878
4 79 39
4 24 412
4 34 346
4 5 153
4 5 93
4 16 443
4 28 236
4 48 69
4 79 228
4 70 780
4 28 860
4 69 923
4 27 511
4 9 194
4 49 236
4 40 27
4 45 287
4 28 14
4 8 971
4 44 188
5 12 406
5 48 395
5 19 959
5 67 464
5 53 420
5 49 278
5 19 483
5 24 298
5 22 761
5 19 340
5 46 208
5 53 166
5 10 219
5 80 148
5 30 369
5 37 188
5 26 786
5 54 860
5 43 920
5 43 346
5 69 696
5 15 708
5 71 873
5 34 408
5 73 369
5 36 249
5 79 585
5 27 5
5 59 428
5 27 80
5 27 202
5 72 817
5 64 483
5 16 464
5 46 997
5 17 86
5 21 849
5 61 919
5 19 128
5 29 823
5 15 1000
5 33 254
5 54 676
5 62 78
5 69 879
6 10 311
6 11 813
6 47 78
6 45 616
6 56 50
6 29 305
6 74 31
6 27 841
6 12 932
6 60 56
6 19 251
6 10 520
6 17 90
6 59 820
6 75 286
6 57 671
6 54 649
6 75 44
6 63 922
6 44 696
6 14 53
6 57 354
6 22 848
6 61 396
6 36 140
6 16 868
6 72 42
6 48 93
6 19 126
6 61 500
6 8 223
6 50 121
6 78 662
6 22 483
6 56 70
6 44 940
6 21 1000
7 73 690
7 25 712
7 81 204
7 79 918
7 16 614
7 15 351
7 73 756
7 39 361
7 21 837
7 77 709
7 70 444
7 59 351
7 13 364
7 67 510
7 18 874
7 76 227
7 61 633
7 58 125
7 45 243
7 27 669
7 31 495
7 12 986
7 68 54
7 82 904
7 30 193
7 44 998
7 14 102
7 58 669
7 35 701
7 11 133
7 36 387
7 19 408
7 31 115
7 26 387
7 11 837
7 72 911
7 77 778
7 50 288
7 47 258
7 58 737
7 33 444
7 20 906
7 36 297
7 70 186
7 66 38
8 34 149
8 61 947
8 58 964
8 76 639
8 77 236
8 36 335
8 65 938
8 36 696
8 40 39
8 73 186
8 67 935
8 50 65
8 53 488
8 21 797
8 29 384
8 59 985
8 67 339
8 55 804
8 40 651
8 32 475
8 31 623
8 38 912
8 60 810
8 60 258
8 76 338
8 17 884
8 76 834
8 29 258
8 43 186
8 82 104
8 13 834
8 50 742
8 70 732
8 47 645
8 70 912
8 27 2
8 11 639
8 60 751
8 54 380
9 76 848
9 27 283
9 17 293
9 18 739
9 75 767
9 56 877
9 13 861
9 48 289
9 72 638
9 25 873
9 66 234
9 17 134
9 34 321
9 28 250
9 66 175
9 67 813
9 58 411
9 65 812
9 28 514
9 18 526
9 67 53
9 62 325
9 44 265
9 68 71
9 28 402
9 57 522
9 53 315
9 52 524
9 30 269
9 45 608
9 36 29
9 18 65
9 68 697
9 77 978
9 56 50
9 54 256
9 13 533
9 39 148
9 70 124
10 71 859
10 21 873
10 43 326
10 45 189
10 34 986
10 53 766
10 76 297
10 43 789
10 62 191
10 28 333
10 35 899
10 59 842
10 10 746
10 32 126
10 74 47
10 36 118
10 82 236
10 45 134
10 57 368
10 54 625
10 18 962
10 11 767
10 55 585
10 39 914
10 76 453
10 31 167
10 32 267
10 66 908
10 65 218
10 76 947
10 20 184
10 78 897
10 34 512
10 52 211
10 21 497
10 47 37
10 74 278
10 75 909
10 73 523
10 22 690
11 73 453
11 20 704
11 35 984
11 30 401
11 56 689
11 59 87
11 79 480
11 18 837
11 42 398
11 37 954
11 60 458
11 39 484
11 21 361
11 20 341
11 57 271
11 65 834
11 61 212
11 37 77
11 67 695
11 48 696
11 15 568
11 50 607
11 80 935
11 72 382
11 21 7
11 48 782
11 45 47
11 67 363
11 28 538
11 43 525
11 70 552
11 75 580
11 77 367
11 45 683
11 50 902
11 68 105
11 76 923
11 73 648
11 57 974
11 23 633
11 54 453
11 72 683
12 66 608
12 69 292
12 13 463
12 28 159
12 71 987
12 39 330
12 41 2
12 82 172
12 35 892
12 23 980
12 37 342
12 46 910
12 32 487
12 55 977
12 63 200
12 56 974
12 70 708
12 35 413
12 77 106
12 73 707
12 56 198
12 60 692
12 30 714
12 66 212
12 79 389
12 82 187
12 38 745
12 77 116
12 29 272
12 61 854
12 36 771
12 75 289
12 75 543
13 36 568
13 33 962
13 17 473
13 16 304
13 35 771
13 67 417
13 49 278
13 63 587
13 36 586
13 73 354
13 36 928
13 62 460
13 33 745
13 20 978
13 59 276
13 15 348
13 48 135
13 56 533
13 27 558
13 17 222
13 41 979
13 38 299
13 15 199
13 55 891
13 32 374
13 44 325
13 21 922
14 31 261
14 14 313
14 45 172
14 18 436
14 32 720
14 23 407
14 48 990
14 56 303
14 63 63
14 75 375
14 32 782
14 28 221
14 14 29
14 78 459
14 76 822
14 25 710
14 49 687
14 70 423
14 77 535
14 24 548
14 63 857
14 19 146
14 75 55
14 20 486
14 27 252
14 38 870
14 37 950
14 66 442
14 75 591
14 56 603
15 81 650
15 28 815
15 18 437
15 55 115
15 72 888
15 52 8
15 80 550
15 68 137
15 43 121
15 27 937
15 62 94
15 71 695
15 37 497
15 64 633
15 18 176
15 35 554
15 22 500
15 18 156
15 31 712
15 51 552
15 62 894
15 48 764
15 26 992
15 43 833
15 82 969
15 31 872
15 52 235
15 26 158
15 53 280
15 65 750
15 43 944
16 49 620
16 20 437
16 41 197
16 79 687
16 41 496
16 77 827
16 48 215
16 21 170
16 26 637
16 81 962
16 50 757
16 34 811
16 71 787
16 79 329
16 70 29
16 56 73
16 70 746
16 45 173
16 32 816
16 70 444
16 34 679
16 59 935
16 45 755
16 72 494
17 22 208
17 34 95
17 55 827
17 21 543
17 63 706
17 55 659
17 72 114
17 72 723
17 24 367
17 59 960
17 78 425
17 40 717
17 60 856
17 45 345
17 47 171
17 54 112
17 40 458
17 47 83
17 47 14
17 37 984
17 45 432
17 40 81
17 64 234
17 76 813
17 40 966
17 18 940
17 28 258
17 49 239
17 28 782
17 72 477
17 68 265
18 54 854
18 70 281
18 44 450
18 21 873
18 53 186
18 51 182
18 76 137
18 19 564
18 58 687
18 57 507
18 66 11
18 65 158
18 64 171
18 27 338
18 81 438
18 40 426
18 61 228
18 20 543
18 20 241
18 51 380
18 64 896
18 62 147
18 75 624
19 44 8
19 72 816
19 78 981
19 73 95
19 73 335
19 41 98
19 64 359
19 41 624
19 52 17
19 81 446
19 72 156
19 32 861
19 49 908
19 31 105
19 74 14
19 59 473
19 66 857
19 77 642
19 62 78
19 20 521
19 38 498
19 53 156
19 29 352
19 20 645
19 47 249
19 27 93
19 53 316
19 74 54
19 23 939
19 59 372
20 33 129
20 56 150
20 55 404
20 55 886
20 37 745
20 32 865
20 60 305
20 72 690
20 57 300
20 33 855
20 79 565
20 33 954
20 51 898
20 28 416
20 63 801
20 37 952
20 36 787
20 61 942
20 62 602
20 39 600
20 29 961
20 33 374
20 21 715
20 49 129
20 38 300
20 36 306
21 70 353
21 65 947
21 39 463
21 52 947
21 25 494
21 64 139
21 69 175
21 24 454
21 62 277
21 55 220
21 34 734
21 70 244
21 50 558
21 55 781
21 52 996
21 67 625
21 66 332
21 43 153
21 39 591
21 76 994
21 76 987
21 32 273
21 73 14
21 57 775
21 50 378
21 42 990
21 72 849
22 43 124
22 37 762
22 72 605
22 28 739
22 28 683
22 47 709
22 67 576
22 28 163
22 63 58
22 64 216
22 59 10
22 64 485
22 34 643
22 44 714
22 27 949
22 43 427
22 37 421
22 79 51
22 75 688
22 74 635
22 58 575
22 66 733
22 73 464
22 26 277
22 80 917
22 67 223
22 65 455
22 41 769
22 55 651
23 60 643
23 40 4
23 39 6
23 39 899
23 37 38
23 57 652
23 55 223
23 56 838
23 74 264
23 77 591
23 56 371
23 33 399
23 77 587
23 74 956
23 56 61
23 24 854
23 25 516
23 50 185
23 27 298
23 43 246
23 65 305
23 55 474
23 38 706
23 42 613
23 27 484
23 35 400
23 45 444
23 82 685
23 62 302
23 58 181
23 55 702
24 38 371
24 51 337
24 59 873
24 46 756
24 53 172
24 66 286
24 47 690
24 69 887
24 57 611
24 72 58
24 32 773
24 31 637
24 57 361
24 48 755
24 48 759
24 55 612
24 53 31
24 27 287
24 37 972
24 32 38
24 76 231
24 67 457
24 38 482
24 35 509
25 33 609
25 44 881
25 46 163
25 68 331
25 54 552
25 47 623
25 25 307
25 27 142
25 40 376
25 76 586
25 73 367
25 26 760
25 69 592
25 29 813
25 58 440
25 71 836
25 80 897
25 31 110
25 26 341
25 49 808
25 74 862
26 28 90
26 57 961
26 63 983
26 66 391
26 82 722
26 34 903
26 77 812
26 28 945
26 57 957
26 80 906
26 64 49
26 52 155
26 48 238
26 67 337
26 56 9
26 39 464
26 73 210
26 80 945
26 60 559
26 76 443
26 27 631
26 80 232
26 34 858
26 31 427
26 60 526
26 43 571
26 55 840
26 27 744
27 46 884
27 82 538
27 38 976
27 65 194
27 64 253
27 36 195
27 77 635
27 48 215
27 62 100
27 57 503
27 77 460
27 42 982
27 67 339
27 81 463
27 45 533
27 44 923
27 30 542
27 37 449
27 68 977
27 54 166
27 31 280
27 41 529
27 63 832
27 70 99
27 28 561
28 50 593
28 39 661
28 53 425
28 78 150
28 47 148
28 47 709
28 75 200
28 47 286
28 73 971
28 58 480
28 69 597
28 74 466
28 29 8
28 44 268
28 67 249
28 78 615
28 32 568
28 30 50
28 57 752
28 46 880
28 45 414
28 36 860
28 46 108
28 79 268
28 82 485
28 59 224
28 48 583
28 32 368
28 64 265
29 57 534
29 69 416
29 43 890
29 41 383
29 64 532
29 43 906
29 67 858
29 68 287
29 32 361
29 57 532
29 33 76
29 54 351
29 55 559
29 58 295
29 76 382
29 69 589
29 46 455
30 75 402
30 43 766
30 79 996
30 75 614
30 48 833
30 32 984
30 64 89
30 37 142
30 32 793
30 48 341
30 50 7
30 77 205
30 65 164
30 69 135
30 35 630
30 43 857
30 48 873
30 63 924
30 48 867
30 72 720
30 80 717
30 49 822
30 55 297
30 43 632
30 59 834
30 69 255
30 61 277
30 41 673
30 54 566
30 64 999
30 72 874
31 48 45
31 46 562
31 52 608
31 50 59
31 67 382
31 63 207
31 32 163
31 58 699
31 60 149
31 55 66
31 46 133
31 39 994
31 58 823
31 35 125
31 63 372
31 74 24
31 34 506
31 75 497
31 51 877
31 72 408
31 76 770
31 63 136
31 76 716
31 72 540
32 74 248
32 40 41
32 79 217
32 51 598
32 75 576
32 35 701
32 55 908
32 79 322
32 52 373
32 70 557
32 54 122
32 76 393
32 79 431
32 78 427
32 71 495
32 76 317
32 81 985
32 38 507
32 72 506
32 59 315
32 76 433
32 41 540
32 77 361
32 71 831
32 49 359
32 48 109
32 42 11
33 51 358
33 66 398
33 66 787
33 41 580
33 42 98
33 49 474
33 60 23
33 74 673
33 49 64
33 65 535
33 36 732
33 47 133
33 79 221
33 41 487
33 33 575
33 42 844
33 82 65
33 61 268
33 59 144
33 51 735
33 73 546
33 70 417
33 46 561
33 73 981
33 46 217
33 59 978
34 61 215
34 67 489
34 35 284
34 41 112
34 70 58
34 53 958
34 40 980
34 68 845
34 78 115
34 51 943
34 73 653
34 55 78
34 46 397
34 39 965
34 53 754
34 80 783
34 43 348
34 60 565
34 55 784
34 66 366
34 58 848
34 51 525
34 60 822
34 60 639
34 56 259
34 53 831
34 44 303
34 47 997
34 60 252
35 38 574
35 77 906
35 79 255
35 47 420
35 44 114
35 37 906
35 66 703
35 55 711
35 38 601
35 38 629
35 81 966
35 51 276
35 44 448
35 70 688
35 80 178
35 72 259
35 46 545
35 60 16
35 75 627
35 70 193
35 44 24
35 55 361
35 41 377
35 53 819
35 69 806
35 46 40
35 38 406
36 55 509
36 53 176
36 66 239
36 69 175
36 69 874
36 66 547
36 76 100
36 40 605
36 54 265
36 38 410
36 68 936
36 69 140
36 67 770
36 71 236
36 39 693
36 68 598
36 79 541
36 82 115
36 53 816
36 40 230
36 45 852
36 67 834
36 68 53
36 40 809
36 65 140
36 72 181
36 36 223
36 70 530
36 68 185
37 54 346
37 67 727
37 40 741
37 43 263
37 59 233
37 69 619
37 64 629
37 79 890
37 50 721
37 46 498
37 80 283
37 61 750
37 53 651
37 61 746
37 44 195
37 50 452
37 45 687
37 49 322
37 62 76
37 57 193
37 38 607
37 43 56
37 62 966
37 52 586
37 72 563
37 56 918
37 53 297
38 74 895
38 52 592
38 40 106
38 48 910
38 45 253
38 48 332
38 67 619
38 79 83
38 56 77
38 74 55
38 72 855
38 53 173
38 66 578
39 43 442
39 76 892
39 47 407
39 54 868
39 62 261
39 80 423
39 53 527
39 41 366
39 72 74
39 48 3
39 48 5
39 80 153
39 60 106
39 54 229
39 46 902
39 73 218
39 67 760
39 70 605
39 44 345
39 53 470
39 74 882
40 74 342
40 81 11
40 41 314
40 46 167
40 70 592
40 48 418
40 73 843
40 57 381
40 79 887
40 61 350
40 72 126
40 43 376
40 72 839
40 71 888
40 59 107
40 60 677
40 42 688
40 73 205
41 71 998
41 54 830
41 61 766
41 67 933
41 61 386
41 71 273
41 53 71
41 52 777
41 67 373
41 55 1000
41 64 992
41 47 708
41 76 824
41 46 307
41 60 159
41 44 911
41 70 35
41 59 511
41 59 314
41 70 500
41 45 276
41 58 839
42 62 415
42 78 429
42 44 662
42 46 391
42 48 911
42 60 211
42 62 215
42 78 653
42 52 63
42 66 764
42 51 222
42 62 299
42 66 572
42 57 14
42 62 870
42 64 112
42 74 317
42 61 806
42 67 933
42 66 82
42 52 952
43 49 71
43 74 589
43 81 656
43 77 859
43 76 533
43 58 980
43 56 353
43 55 703
43 72 118
43 47 233
43 74 171
43 72 412
43 55 568
43 50 929
43 77 200
43 82 305
43 60 393
43 76 31
44 63 164
44 55 615
44 59 123
44 77 868
44 80 890
44 80 191
44 63 890
44 50 145
44 60 724
44 69 79
44 65 155
44 50 768
44 55 540
44 81 724
44 45 805
44 64 80
44 70 867
45 51 356
45 78 65
45 51 710
45 58 164
45 47 153
45 52 74
45 73 234
45 75 634
45 51 97
45 70 548
45 69 490
45 49 983
45 61 320
45 59 698
45 55 604
46 53 257
46 67 832
46 49 662
46 63 674
46 70 820
46 67 749
46 79 190
46 69 153
46 52 390
46 67 557
46 70 417
46 80 265
46 58 811
46 55 555
46 64 639
46 74 410
46 63 55
46 53 931
46 61 299
46 61 120
47 51 668
47 80 456
47 71 148
47 51 760
47 77 424
47 58 102
47 64 997
47 78 709
47 72 221
47 81 531
48 71 122
48 74 817
48 59 614
48 73 544
48 56 284
48 60 602
48 76 363
48 81 255
48 61 357
48 81 998
48 64 461
49 60 918
49 50 124
49 70 774
49 70 619
49 67 842
49 76 51
49 77 162
49 55 578
49 59 491
49 73 496
49 77 501
49 70 430
49 67 216
49 52 462
49 77 195
49 65 296
49 52 976
50 61 482
50 54 296
50 75 837
50 72 598
50 50 878
50 70 991
50 54 11
50 72 515
50 71 655
50 65 233
50 59 837
50 80 35
50 51 472
50 70 587
51 65 144
51 61 133
51 52 159
51 57 737
51 82 715
51 62 709
51 59 422
51 78 415
51 69 225
51 59 747
51 81 590
51 69 22
51 74 585
51 77 966
51 51 780
51 80 462
52 82 936
52 56 829
52 78 903
52 71 136
52 53 322
52 66 705
52 71 40
52 76 890
52 70 590
52 62 465
52 62 372
52 76 245
52 59 618
52 60 229
52 54 117
52 64 827
53 59 237
53 79 534
53 82 540
53 61 266
53 56 374
53 62 412
53 57 196
53 55 30
53 57 429
53 60 25
53 67 274
53 78 70
53 75 776
53 54 101
54 58 812
54 67 121
54 60 337
54 64 328
54 69 55
54 64 276
54 69 426
54 74 861
54 82 946
55 63 253
55 56 659
55 68 670
55 81 458
55 78 605
55 68 736
55 60 524
55 82 691
55 56 359
55 57 103
55 81 943
55 73 972
55 56 547
56 64 823
56 61 47
56 58 841
56 68 77
56 58 433
56 56 403
56 73 553
56 69 704
56 80 926
57 77 123
57 76 342
57 58 475
57 79 589
57 67 390
57 65 836
57 59 410
57 64 989
57 68 672
57 74 627
57 74 91
57 80 451
57 61 776
57 64 131
57 59 4
57 59 545
57 82 820
57 74 79
58 74 77
58 64 922
58 79 950
58 76 435
58 69 63
58 60 412
58 71 403
58 59 174
58 74 763
58 80 720
58 72 477
58 66 89
58 82 356
58 70 745
58 82 98
58 70 621
59 71 962
59 61 516
59 73 125
59 66 308
59 81 306
59 77 717
59 75 723
59 79 391
59 61 511
59 77 574
59 67 694
60 79 786
60 76 574
60 68 79
60 78 525
60 76 121
60 69 967
60 72 217
60 66 167
60 62 416
60 75 277
60 70 876
60 64 776
60 78 211
60 78 464
60 66 403
60 64 105
61 82 453
61 69 30
61 63 346
61 74 374
61 64 11
61 68 850
61 72 221
61 76 780
61 70 151
61 76 795
61 66 778
61 82 123
61 68 190
61 79 269
61 78 195
61 81 777
61 72 431
62 77 63
62 69 691
62 70 377
62 81 533
62 74 696
62 81 857
62 72 179
63 75 973
63 79 135
63 66 657
63 72 489
63 64 744
63 82 49
63 68 7
64 66 823
64 71 657
64 66 259
64 73 449
64 65 295
64 65 107
65 74 117
65 75 940
65 74 637
65 65 689
65 65 967
65 75 994
65 65 710
65 78 447
65 67 875
66 67 76
66 81 880
66 82 712
66 76 725
67 69 788
67 71 286
67 73 405
67 73 1000
67 72 934
67 77 87
68 82 351
68 77 300
68 74 732
68 77 457
69 80 287
69 73 687
69 80 971
69 72 346
69 76 346
70 78 387
70 81 325
71 81 697
71 75 686
71 78 616
71 79 42
71 72 439
71 75 776
72 80 298
72 75 301
72 74 799
72 74 767
72 82 909
72 73 778
72 75 438
72 80 874
72 80 234
73 77 24
73 80 506
73 74 314
73 82 830
73 76 412
73 75 600
74 81 432
74 77 639
75 82 248
75 76 881
76 77 271
76 78 521
76 79 911
76 80 602
76 77 825
77 81 835
77 79 105
78 82 572
78 81 503
79 79 594
79 81 225
79 79 181
80 81 3
81 82 506
