2
66 1025 30 11 95519597
0 16 586
0 40 940
0 5 888
0 64 517
0 19 673
0 40 316
0 24 897
0 30 199
0 8 80
0 65 521
0 18 658
0 52 990
0 34 18
0 15 42
0 60 328
0 37 352
0 43 820
0 29 338
0 26 103
0 19 235
0 56 911
0 18 220
0 9 402
0 29 602
0 26 966
0 24 115
0 25 318
0 13 78
0 58 119
0 7 74
0 44 293
0 27 564
0 43 369
1 47 435
1 10 191
1 15 560
1 19 914
1 46 3
1 39 439
1 6 25
1 34 286
1 13 941
1 40 751
1 52 268
1 65 99
1 13 624
1 52 659
1 6 4
1 45 401
1 37 789
1 53 288
1 64 127
1 48 332
1 8 595
1 21 917
1 19 378
1 3 557
1 17 9
1 23 998
1 55 801
2 4 638
2 51 967
2 39 597
2 56 225
2 2 118
2 35 881
2 11 538
2 13 164
2 11 324
2 6 803
2 48 155
2 61 900
2 9 504
2 13 205
2 16 749
2 34 128
2 17 338
2 3 131
2 26 592
2 44 353
2 52 638
2 65 731
2 13 119
2 51 210
2 3 498
2 27 566
2 3 110
3 54 241
3 23 284
3 62 682
3 56 236
3 25 937
3 25 354
3 26 222
3 49 48
3 63 543
3 34 370
3 28 725
3 12 628
3 46 131
3 48 682
3 28 663
3 35 919
3 53 748
3 20 788
3 19 589
3 54 29
3 8 993
3 54 116
3 33 391
3 42 43
3 31 235
3 15 960
3 58 848
3 26 573
3 61 208
3 59 343
3 52 836
3 48 367
3 27 325
3 23 969
3 27 557
3 18 495
4 48 720
4 57 332
4 30 504
4 43 498
4 50 818
4 52 783
4 13 626
4 23 402
4 4 803
4 31 678
4 48 404
4 28 862
4 49 419
4 19 665
4 12 971
4 24 88
4 17 470
4 38 631
4 35 433
4 44 470
4 43 895
4 42 593
4 41 852
4 28 934
4 62 943
4 32 471
4 13 857
4 56 423
4 5 329
4 53 294
5 9 746
5 38 606
5 63 193
5 37 913
5 13 89
5 9 245
5 17 857
5 26 511
5 29 617
5 39 875
5 8 810
5 16 327
5 52 848
5 8 495
5 48 438
5 17 428
5 24 283
5 44 459
5 10 147
5 22 698
5 52 541
5 64 957
5 40 352
5 48 72
5 37 867
5 22 632
5 59 861
5 52 840
5 34 563
5 64 106
5 59 266
5 23 558
6 23 643
6 36 855
6 8 826
6 29 14
6 23 879
6 23 503
6 15 541
6 36 690
6 32 534
6 7 81
6 15 468
6 22 718
6 47 393
6 36 717
6 47 256
6 51 578
6 22 280
6 46 998
6 7 56
6 31 218
6 37 432
6 54 175
6 59 1
6 18 890
6 11 911
7 37 474
7 58 501
7 34 314
7 57 618
7 35 714
7 56 88
7 20 986
7 20 472
7 11 100
7 26 746
7 15 427
7 24 758
7 65 976
7 18 485
7 36 509
7 27 795
7 23 666
7 16 496
7 55 234
7 15 582
7 49 594
7 47 364
8 26 55
8 45 276
8 61 186
8 23 99
8 17 861
8 34 59
8 56 792
8 16 137
8 63 504
8 28 303
8 18 238
8 41 859
8 28 129
8 9 951
8 35 216
8 61 93
8 53 224
8 9 870
8 51 733
8 57 385
8 50 334
8 41 813
8 46 31
8 41 182
8 10 99
8 47 131
8 11 895
8 30 894
8 21 193
8 11 701
9 27 324
9 26 992
9 60 881
9 49 652
9 32 524
9 35 967
9 35 719
9 51 200
9 64 75
9 23 610
9 48 976
9 36 517
9 38 698
9 59 106
9 38 219
9 57 386
9 37 398
9 37 62
9 32 718
9 44 969
9 60 77
9 31 883
9 19 888
9 53 414
9 44 968
9 55 122
9 47 966
9 35 490
9 53 115
9 30 945
9 63 113
9 53 292
9 18 208
10 34 523
10 40 806
10 59 172
10 29 737
10 30 848
10 22 109
10 64 867
10 59 727
10 16 310
10 27 885
10 53 6
10 59 315
10 58 846
10 35 863
10 45 614
10 44 899
10 62 869
10 41 364
10 35 323
10 51 871
10 48 686
10 42 622
10 18 584
10 51 489
10 18 348
10 43 336
10 25 543
10 48 803
10 64 717
10 49 125
10 23 584
10 62 63
11 49 560
11 56 860
11 30 500
11 37 504
11 16 409
11 57 119
11 31 998
11 34 82
11 35 867
11 13 927
11 53 788
11 51 669
11 32 493
11 65 306
11 63 266
11 18 940
11 62 122
11 49 692
11 59 517
11 49 577
11 61 667
11 61 185
11 35 934
11 20 332
11 40 10
11 34 44
11 32 131
11 13 953
12 47 451
12 55 104
12 64 955
12 62 663
12 17 603
12 55 235
12 22 635
12 50 767
12 21 283
12 24 131
12 15 509
12 17 441
12 22 755
12 35 59
12 13 473
12 21 958
12 17 103
12 65 924
12 48 413
12 20 106
12 43 912
12 25 521
12 50 876
12 33 255
12 33 493
12 47 266
12 15 315
13 18 558
13 41 146
13 64 663
13 53 282
13 62 994
13 16 789
13 15 115
13 63 250
13 30 373
13 43 584
13 49 744
13 21 785
13 60 373
13 58 515
13 54 305
13 45 783
13 57 862
13 33 102
13 18 741
13 40 502
13 47 491
13 39 660
13 49 316
13 64 141
14 53 363
14 46 610
14 51 424
14 38 950
14 51 656
14 34 103
14 23 177
14 23 235
14 57 37
14 27 650
14 26 59
14 58 247
14 63 309
14 16 882
14 45 182
14 49 395
14 16 855
14 47 107
14 40 271
14 53 93
14 25 594
14 64 727
14 65 70
15 51 374
15 19 261
15 40 676
15 51 56
15 29 667
15 23 459
15 64 921
15 56 165
15 60 622
15 26 594
15 24 12
15 53 176
15 17 654
15 29 867
15 58 488
15 32 213
15 34 635
15 49 661
15 31 936
15 48 853
15 16 908
15 55 12
15 45 659
15 45 534
16 48 968
16 24 491
16 31 419
16 65 766
16 48 414
16 29 395
16 20 992
16 52 526
16 51 792
16 30 65
16 24 367
16 49 802
16 48 401
16 34 324
16 20 956
16 38 226
16 55 135
16 23 507
16 34 215
16 63 184
16 46 56
16 33 848
17 31 478
17 46 712
17 62 612
17 46 903
17 62 759
17 53 808
17 35 728
17 59 771
17 57 525
17 21 787
17 53 445
17 37 475
17 48 307
17 62 38
17 31 268
18 20 366
18 50 295
18 46 244
18 46 61
18 47 651
18 54 393
18 48 261
18 58 910
18 37 510
18 36 815
18 37 69
18 50 454
18 60 3
18 57 414
18 51 337
18 25 484
18 48 99
19 20 567
19 47 789
19 54 739
19 23 993
19 34 124
19 21 960
19 42 662
19 62 889
19 54 587
19 22 167
19 51 704
19 59 317
19 53 857
19 61 65
19 27 235
19 20 880
19 37 181
19 32 232
19 63 140
19 28 983
19 26 289
20 61 941
20 28 305
20 47 576
20 60 425
20 41 728
20 56 772
20 51 821
20 45 237
20 46 309
20 42 723
20 53 227
20 21 316
20 41 266
20 29 235
20 36 284
20 65 731
20 22 963
20 42 848
21 65 511
21 59 776
21 39 550
21 23 736
21 38 763
21 42 353
21 35 670
21 45 297
21 23 691
21 23 373
21 41 341
21 48 568
21 37 356
21 33 223
21 38 438
22 65 171
22 39 158
22 25 300
22 28 570
22 23 357
22 52 735
22 41 580
22 28 5
22 48 316
22 23 107
22 40 819
22 46 576
22 60 116
22 29 290
22 61 603
22 50 149
22 42 572
22 49 749
22 52 350
22 31 24
22 38 431
22 44 552
22 34 416
22 49 314
22 63 878
23 59 695
23 61 187
23 39 652
23 51 745
23 33 574
23 45 322
23 31 942
23 32 705
23 28 342
23 60 577
23 30 379
23 46 272
23 25 1
23 54 602
23 28 939
23 27 480
23 59 200
23 29 323
23 33 769
24 35 279
24 49 6
24 56 733
24 57 229
24 41 871
24 55 934
24 59 880
24 38 831
24 25 12
24 37 45
24 64 891
24 51 122
24 36 873
24 53 218
24 28 379
24 46 974
24 41 385
25 48 223
25 56 482
25 53 728
25 50 512
25 56 405
25 34 497
25 38 36
25 47 962
25 61 7
25 34 659
25 54 722
25 46 556
25 60 138
25 62 137
25 62 402
25 27 132
25 35 597
25 62 828
25 62 792
25 50 355
25 53 717
26 30 960
26 43 346
26 46 500
26 29 870
26 52 562
26 63 559
26 51 674
26 35 166
26 40 890
26 39 868
26 37 737
26 27 708
26 53 585
26 32 801
26 53 934
26 48 72
26 47 453
26 53 477
26 29 482
26 37 963
26 40 873
26 33 467
27 32 376
27 36 328
27 52 700
27 60 946
27 40 959
27 65 624
27 57 28
27 50 206
27 42 897
27 59 695
27 36 61
27 61 540
27 31 888
27 34 25
27 58 936
27 28 428
27 41 153
27 50 232
28 41 226
28 56 772
28 64 160
28 57 426
28 52 737
28 55 405
28 59 404
28 49 369
28 55 778
28 42 746
28 49 4
28 52 854
28 62 244
28 65 321
28 46 335
28 64 606
28 46 436
28 61 840
28 41 473
29 62 220
29 60 633
29 46 674
29 34 809
29 42 497
29 51 751
29 48 954
29 42 902
29 44 145
29 42 709
29 50 59
29 51 252
29 47 727
29 54 360
30 38 103
30 52 522
30 48 686
30 34 859
30 46 805
30 64 72
30 58 821
30 51 51
30 40 211
30 38 984
30 48 938
30 55 522
30 61 844
30 48 912
30 49 54
30 47 770
30 45 91
30 52 122
30 65 434
30 56 930
30 36 634
30 51 89
31 35 887
31 58 587
31 49 637
31 32 763
31 41 369
31 48 416
31 58 294
31 43 546
31 62 324
31 38 777
31 49 250
31 62 312
31 35 703
31 62 711
31 50 228
31 38 449
31 50 390
31 53 498
31 62 297
32 46 287
32 51 459
32 43 455
32 36 158
32 59 520
32 56 287
32 62 52
32 65 329
32 56 409
32 42 953
32 34 348
32 37 283
33 34 498
33 37 658
33 49 157
33 35 918
33 56 255
33 62 318
33 52 697
33 44 275
33 36 386
33 60 217
33 57 333
34 56 672
34 62 995
34 65 102
34 51 306
34 57 862
34 65 130
34 34 641
34 63 916
34 53 423
34 39 711
34 64 766
34 58 17
34 36 380
34 48 506
35 40 222
35 40 157
35 56 905
35 39 511
35 40 746
35 57 261
35 60 786
35 64 116
35 56 780
35 42 217
35 52 107
35 53 542
36 65 643
36 56 334
36 63 659
36 45 285
36 45 217
36 64 46
36 61 842
36 58 42
36 39 22
36 42 938
36 59 553
36 51 792
36 38 712
36 37 970
36 58 473
36 60 318
36 52 379
37 47 383
37 54 115
37 56 117
37 52 934
37 54 909
37 59 819
37 48 232
37 48 525
37 49 547
37 47 81
37 58 549
37 46 475
37 58 744
37 62 924
37 42 300
37 37 579
38 47 779
38 63 362
38 46 625
38 53 477
38 44 402
38 42 185
38 50 1
38 42 185
38 42 545
38 46 568
38 53 331
38 49 807
38 63 149
38 47 403
38 58 891
38 55 934
38 59 741
38 54 175
39 51 53
39 65 817
39 47 563
39 42 273
39 47 401
39 58 898
39 53 782
39 49 571
39 54 595
39 43 254
39 47 440
39 57 773
39 63 837
39 55 939
39 55 505
40 56 367
40 65 657
40 49 666
40 52 751
40 47 623
40 49 623
40 65 817
40 59 423
40 48 469
41 61 99
41 46 914
41 50 882
41 42 181
41 60 343
41 51 966
41 50 264
41 44 77
41 50 836
42 58 182
42 45 141
42 50 243
42 51 781
42 51 110
42 53 452
42 50 866
42 47 337
42 50 966
42 44 887
42 42 18
42 49 448
42 49 666
43 47 668
43 60 379
43 45 764
43 47 773
43 54 820
43 53 87
43 43 352
43 60 862
43 50 471
43 55 607
43 51 548
44 54 584
44 44 201
44 59 157
44 62 515
44 58 394
44 49 681
44 47 657
44 52 207
44 46 139
44 61 680
44 49 547
44 48 997
45 60 744
45 61 195
45 49 663
45 49 459
45 46 879
45 65 252
45 50 686
45 49 102
45 56 400
45 60 681
45 57 352
45 48 425
46 59 839
46 63 366
46 52 605
46 63 65
46 60 122
46 51 224
46 62 905
46 65 50
46 50 408
46 48 412
46 52 870
47 50 937
47 56 551
47 64 253
47 61 625
48 64 298
48 51 997
48 64 201
48 56 577
48 65 516
48 59 320
48 51 380
48 63 317
49 52 166
49 62 994
49 62 991
49 61 647
49 51 553
49 50 298
49 57 997
49 53 190
49 57 602
49 61 722
49 51 734
50 51 550
50 58 678
50 53 107
50 58 197
50 54 197
50 55 667
50 59 188
51 57 738
51 62 570
51 52 243
51 61 578
52 56 98
52 55 893
52 60 900
52 65 225
52 64 848
52 53 34
53 60 178
53 63 85
53 63 705
53 63 322
53 58 855
53 55 734
53 63 52
54 54 371
54 58 13
54 58 512
54 62 992
54 65 582
55 57 781
55 61 28
55 61 968
55 61 556
56 61 515
56 64 818
56 64 439
56 61 411
57 63 46
57 61 16
58 64 810
58 60 724
58 62 140
59 65 548
59 63 487
59 63 686
60 60 501
60 64 33
62 64 849
62 63 465
62 63 720
63 65 25
64 64 708
65 65 311
7 11 2 2 13826795
0 6 744
0 3 164
1 3 125
2 5 632
2 5 575
2 5 778
2 3 695
2 2 756
4 6 331
5 5 438
6 6 310
