1938 634215
93250 98600
17041 83158
71567 75604
61781 67328
31364 72359
44373 53826
2259 86559
64749 74302
50641 91886
39337 67668
82075 82147
93237 97719
13471 53007
13231 83226
12223 58066
40220 84645
81759 89694
26516 42807
80974 97253
53858 74885
73635 86709
57005 58070
97207 99052
50542 81893
12466 53560
17749 65416
97294 99791
30359 73228
61152 69090
94969 97942
42210 42212
96935 98887
68615 82451
69208 87012
271 94107
26371 36883
96901 98839
92220 93868
52014 73628
43612 97141
36591 40100
70111 83313
39924 85152
58212 73384
58226 72373
90616 96709
73651 96607
30559 94359
42937 95436
83849 91278
8763 31360
74924 81798
61665 64517
93568 95984
84352 88832
47533 93161
30499 71002
38361 67473
51034 85891
43707 64917
80821 83590
55371 83804
5611 17050
282 65437
72823 98060
69197 92409
49718 95597
20867 80146
37426 93442
53946 77935
58221 97700
23889 91888
47170 89201
71472 87744
19571 28610
42803 44242
4322 9041
41570 76381
23762 87717
1070 3723
81076 95452
38857 68945
49008 51462
26316 87017
21810 85518
59077 68501
6297 82883
61996 85579
34903 55916
77732 88545
32047 70343
66794 94769
34791 49247
5678 96746
57773 68591
35467 88251
68014 77005
19434 82975
60630 84064
4548 44562
40045 96832
10665 54857
7668 74097
74977 97173
18569 45364
60847 89159
75464 79659
70473 83160
89065 91854
90115 98667
74778 93731
81507 96288
88076 97230
57662 74109
93422 96858
27422 86487
42745 87504
10058 25205
91015 98354
15213 73187
70283 83280
98181 99451
70909 82748
46304 88534
45392 45575
74851 97998
16824 17772
13249 57936
81753 89752
39778 94375
4440 50334
80170 82785
60915 98006
61670 97737
13128 75455
5021 45543
63534 65567
89067 92433
98492 99951
26763 97827
68167 83104
82132 85201
56285 74111
11779 92655
84271 95514
21419 70414
24222 34457
91839 96018
87304 98975
80673 95367
89333 95227
30456 53257
35743 61103
41059 72637
55761 74808
36901 87182
44414 99013
60912 94493
56043 60537
56554 84982
44039 78701
80670 89171
348 15134
71126 82751
47402 61623
60092 74998
75830 91520
99535 99763
39835 64426
44879 75327
3977 77931
8172 62029
3326 89241
72758 75059
52413 80859
31329 38227
45639 55381
46222 52609
13139 88508
92344 99728
82039 85751
11615 80677
94234 95115
13304 88421
96304 97774
6338 80064
53285 76626
74213 98838
93423 93873
60137 80123
43757 78489
16516 42110
64717 67361
9835 87124
39625 88642
35776 82569
18443 50555
66260 81623
25370 51326
94806 97509
41717 83210
36068 55850
63546 97563
85698 94409
72676 92658
45634 91640
27360 44496
86892 90174
48326 73562
14171 15297
74526 96855
34543 88909
81134 99859
21276 60826
8732 21883
20332 74176
72274 98646
10730 67316
27788 61518
13576 27448
112 56165
2695 28481
52437 89517
47186 54458
21995 64591
70155 99563
95076 95100
65119 67832
78410 87351
58100 64159
4411 53202
81541 83287
47814 92151
30164 60245
58118 96697
80582 90708
7783 88333
89843 93228
19511 31904
7718 75675
44880 51000
1090 12318
55390 98573
26919 93472
22679 34704
29808 79676
9376 69184
30928 77788
89309 92384
753 60951
97632 99088
73981 98729
95494 95740
77594 80283
82374 86411
70577 87575
27233 82834
75994 92982
69625 96652
12711 79737
56685 74671
46413 57399
83662 98152
51441 69477
79071 94032
77339 90715
45300 65205
9706 30033
79105 93979
67863 79801
94360 95592
78598 93861
58394 81950
89878 98362
47181 55413
19568 20413
57119 65718
12469 38143
72213 97252
89517 93157
26981 51975
13390 39983
43673 69982
75419 89279
22277 26958
49403 51960
95295 96503
55909 72244
28844 98045
81377 98940
63006 63934
25800 58776
25062 67562
65376 80650
21776 73961
22997 39534
9521 10938
68003 95988
34176 64053
78044 88417
92353 92597
59569 77150
2061 62063
29824 98670
97827 98160
1803 38844
91556 91784
12940 31539
84984 95219
25344 83911
26021 32887
25001 41958
52309 80166
68446 91356
84103 91332
968 48343
27574 78397
58885 70450
38499 73707
55993 86815
82365 90691
83813 94037
2782 51163
53586 93852
1288 46973
70873 86039
44438 68758
19619 71072
43055 92854
26814 91430
43132 59231
99380 99617
39691 79822
69288 86607
56310 61455
46345 82151
92248 95949
18915 24509
29791 83445
51674 92879
36050 51428
51403 80742
26543 68551
75276 83294
99772 99912
47439 68436
65567 84383
2249 28930
8787 21078
57635 67318
37405 98028
66412 71259
74374 79315
3863 49249
87424 87823
64690 89666
98863 98923
35720 39114
89536 97785
18954 91695
3170 27789
64036 89945
69546 87953
56870 71356
72754 87227
46416 73789
20233 21595
33956 99161
42209 75347
35529 88173
42674 53902
87498 96985
20980 35954
73283 80381
68291 88180
67355 72303
67060 72664
49638 70486
36677 69477
8593 43158
24514 67705
64751 70533
9525 99904
41172 90222
11172 13015
9790 91117
92022 92309
85501 95501
24312 61754
79140 97338
16702 31460
62007 70462
23398 32189
91658 99194
73947 83507
21391 75238
25730 69941
92020 95690
54612 61072
99237 99936
90413 92052
68816 86204
3882 67290
45987 69348
7090 21521
30003 74804
8471 8642
66662 93341
32895 61440
7378 73289
48979 76820
90507 96476
10653 54776
45494 79027
64470 91071
15343 95832
56218 77719
85807 98407
22303 65438
89322 91265
94405 96164
99388 99689
20670 29949
87051 94962
54860 96449
13918 56860
61835 83816
19019 28188
63254 71042
25683 60136
80346 90196
8578 31317
72162 87310
77285 98172
23165 58359
17249 38414
87585 90925
45760 73903
77841 95759
85876 99389
829 7374
16804 86446
92267 94641
2452 52079
14889 18915
76138 85767
37127 75824
49779 60660
17926 43243
20755 27546
66315 78025
21539 54039
174 29737
58295 67892
28054 56644
46103 97793
25255 78321
89197 90769
63870 68845
93864 99861
26904 35634
19349 96208
17352 69222
24874 31517
62716 83285
82977 90069
1291 56642
33480 45028
71786 89172
98418 99928
54255 72954
73041 86577
64758 73518
48463 78358
64751 89715
57632 79228
17845 76884
14351 63564
96456 97832
83854 91288
30337 35132
44364 49833
55441 67463
13085 43086
26753 83593
67419 91545
42021 61224
77567 94083
18027 64508
74007 76311
89676 99771
79829 90357
83984 84362
99425 99991
98029 98324
23323 28207
29870 58031
36481 93766
56992 64537
42199 96744
97630 97845
12111 74596
70085 85322
77949 98497
50202 92617
10791 61017
38185 86104
44357 90415
72590 82393
57650 63546
46055 51860
66036 76969
5909 41037
40255 48589
1828 67096
31932 68307
84335 86621
64300 71439
73590 77119
61303 68333
84777 93051
866 10037
35605 66002
9966 24695
24844 92378
41442 45903
21429 58069
43442 57855
37967 92955
82265 99013
86604 98097
76636 78477
96226 98292
77586 85381
34665 98385
55163 96654
90023 90574
75511 87695
79719 94873
32762 36846
65261 96315
83127 89462
11409 67103
80085 87336
66610 74507
73982 96942
87573 94660
80793 87843
2536 84092
44553 68942
11340 24461
21397 47967
79910 96757
39904 82874
3762 13574
25687 78345
84355 98417
97262 98638
34572 60962
19352 98128
44967 91596
85040 91345
42996 93086
44309 73123
35034 81944
99024 99081
15611 19145
74488 92994
33448 96024
97260 98137
88637 90513
96482 98336
57798 59920
95335 99283
79573 80307
90513 94908
8253 81906
42901 54521
30160 62606
6648 71965
57284 60519
20896 43936
66830 97059
75967 90015
79011 88466
66128 84667
75066 77641
95304 98693
36489 94025
46953 90313
22976 78392
24183 51409
34179 74658
13805 34870
42584 89404
72845 77888
65726 86220
19326 63557
7646 12372
80429 90229
79244 84417
74898 92494
57557 82024
48561 72798
52774 73161
91998 92990
49093 99279
35718 61329
86170 99960
90934 98396
90882 93271
32495 87927
7983 69857
40608 51032
80033 84908
10593 47932
53393 69934
35133 56838
40526 85864
2106 24561
25760 51166
48757 53223
37852 88543
29257 74639
35443 91696
48928 56523
2720 57284
74199 74206
34424 69915
19836 19986
26568 51584
30268 34198
2324 93290
16227 30368
2171 18372
4100 36260
14135 86571
8514 73068
67293 69733
64514 96545
26226 59468
17729 62594
43281 56634
94557 99752
81610 83802
63046 71488
22803 39667
29473 95735
29569 58239
87238 91539
77395 77741
25527 99734
50969 89375
33296 55553
24072 56237
40240 54011
60160 76466
74483 76263
979 3511
80165 97758
29503 35254
60379 63032
24678 47801
70561 88846
3842 36087
17494 53518
83586 90527
60310 99418
86727 95101
83475 96070
58065 97453
41443 89002
45411 92686
91083 95564
94899 96672
74597 82467
49696 70152
75236 77285
56428 89718
59123 71276
38730 87626
29579 49575
45386 98506
90222 96853
77519 92396
57790 70971
46148 94512
206 77528
53164 80508
90815 92612
81960 94663
12051 22404
71469 91007
50279 68708
53024 58197
52775 95534
83593 89171
12911 60684
79249 89682
65900 72150
24281 54302
31744 65608
82683 90704
69795 97674
99168 99609
93265 96655
58862 72533
38949 61586
45320 50897
48758 50305
44655 62101
86886 99321
39782 67704
19712 41894
69004 77308
42642 91840
46493 68116
42318 56704
87211 92300
88335 92462
66257 94132
96579 97270
17670 79035
40801 48093
68735 72465
33466 47337
72013 74744
73360 78945
66534 75814
37898 79229
8468 33166
98926 99458
72162 88821
82600 92975
40334 43894
34734 54973
25627 35520
4016 71437
25251 61111
67637 96509
91926 99346
57614 57736
29035 50422
25005 57629
89600 94515
57811 61472
171 91464
26108 61684
98447 99123
44061 75575
89701 98651
92408 97969
91964 96506
8209 47699
62619 77542
660 4941
33120 97101
7971 98895
93086 95978
48633 79174
21738 74537
61351 76475
34998 99351
51507 84223
99759 99981
33473 81019
56317 81483
73681 97932
13740 66435
52223 69154
17431 77920
17184 37006
93705 94596
10563 85432
60521 65244
92436 96551
47843 87168
46299 73460
93221 96906
43487 50289
65997 87917
85112 95906
81754 83652
4109 60457
11656 89142
69604 97548
14531 66479
47910 86367
32951 46780
3333 21778
82356 83370
42547 61629
80630 83767
26842 45170
34404 80893
5536 8965
70146 84758
66723 84680
80293 86469
71106 81127
97978 99029
70927 87258
53012 70074
70727 82324
21323 77113
84453 86225
77790 82326
55054 63576
99445 99933
9484 49855
8221 29415
63804 84139
31688 78944
16376 79650
40322 79427
47888 50176
2897 2995
136 45044
30773 47125
14462 36856
31430 41119
83032 91429
35466 72735
93021 98189
76801 77354
38382 69641
76453 82489
95441 96644
46660 66384
21455 71432
4119 81705
95480 98931
35340 71613
33970 65596
32692 77629
44325 79047
22004 55866
25037 46656
57477 81119
5141 14345
58171 94768
638 10399
22790 40216
65209 73422
96707 99718
12567 23232
37010 63897
66694 82507
10007 57432
53141 62793
14385 25454
92296 99494
62580 66004
25968 49813
8009 47017
2142 61679
38570 77516
3806 14721
84320 91362
80818 85018
26546 89757
79768 85765
32842 34290
28422 53710
73408 98788
54887 62323
16169 52506
2820 9644
25300 63928
96775 98519
65145 81459
54876 63182
92371 96291
57616 58645
40497 75038
68084 77770
55335 93573
1310 51957
69620 74891
85615 95890
75791 99009
68203 95912
36582 73747
43138 92418
26076 37048
60331 76926
18886 81858
20210 60408
98716 98871
18124 80845
42071 68082
44388 52398
30810 74760
17846 70357
91455 93100
57961 80422
47305 72267
11670 91598
52125 89375
88869 93891
31926 50420
47743 99442
64876 67617
12112 21307
22337 70417
46265 99091
99085 99584
31225 93107
35978 56432
3155 57050
3601 89766
69527 73992
34891 38090
44950 80271
67524 95994
24875 25481
92875 99193
46404 65668
63797 70024
39309 44333
17225 75789
68215 69964
79044 80078
93076 94771
29568 94688
3541 99103
51142 84565
98589 98974
83598 88771
44378 84245
30061 90493
71849 73993
63853 73364
11713 70781
97364 99387
68614 81646
14853 60655
10368 82554
14653 58102
70227 77084
18515 61453
34397 75786
66594 90044
16263 49188
19314 96988
80926 90662
64169 80740
29268 36104
45261 89654
9806 12737
36451 58571
59464 93579
59483 77049
85831 99399
82588 93319
38198 86026
54172 75501
74489 83039
38254 86360
25111 40919
22094 92457
48624 95161
45258 85626
81280 94160
73698 90185
40695 63999
10525 58066
71221 93873
30560 45686
32137 83095
58786 62296
8536 36593
90651 91004
1521 45162
11356 52578
67850 77550
1766 22194
62217 90387
40931 94990
46895 86206
32138 42938
45191 88445
12038 47067
29736 86811
19955 51374
74767 80164
88423 94410
9918 88348
79222 82363
83636 96830
5974 57655
87530 91027
46173 69266
79755 94859
34603 97706
23114 56124
4422 68098
63588 87755
88852 90300
31985 60503
89465 94042
69533 82093
54586 93390
9776 46068
34804 52714
57599 67003
25272 70972
26318 97659
44319 47994
25653 47240
95699 96614
78352 88632
12121 23459
98410 99271
76437 79087
81134 88626
226 58785
40484 46280
17305 37902
87226 94905
54776 56261
8729 55700
94330 97846
41288 66680
88843 93796
59044 72713
61194 63166
81060 99615
80180 96088
53566 93365
87067 87574
93956 99569
72931 82488
66490 71465
3264 52729
59518 61477
12879 71902
63452 88395
60698 86003
28159 34331
8251 71737
62786 81291
5579 19084
38345 44856
81912 82162
80351 85597
64269 79621
58834 92690
57973 68389
71681 72936
21609 90300
32158 91951
61149 90541
40596 92474
35142 52927
89968 93621
32699 65799
15359 71399
67753 84551
2608 11800
15132 26343
44360 64028
12626 51592
75858 90964
41681 46842
75094 98566
11801 93177
79901 87740
52096 71006
51985 52093
16895 43398
78868 85957
57122 98042
51687 53551
21952 56795
18668 23856
87642 93304
76111 95151
80795 83556
51343 97141
39448 85744
13250 64450
29079 75119
48902 94943
63022 74553
37540 61926
30725 91961
30796 85355
54172 71225
12965 62968
55712 62135
43825 85045
64535 92587
82280 84018
24316 27058
57013 82170
53208 55052
19274 34465
63741 81621
38325 69452
39285 47102
41511 53569
28487 75610
30192 81175
47603 91152
74713 80210
66347 67631
10845 33257
71913 81689
96985 99785
62704 67689
87117 92545
28592 77587
61925 86127
31997 78728
37099 50516
26656 97375
8709 85532
40192 56911
63154 77382
15566 27546
86571 99504
78634 86800
4145 42152
17745 52739
93277 95469
34531 70291
70071 88650
71388 93807
80357 98424
81316 96622
26839 99976
97786 98087
78503 81759
26898 46904
91341 98801
67728 96691
16069 59786
8716 25185
26725 58940
13334 40546
57028 57275
77912 90123
56698 82911
98412 98953
76071 99011
5761 90473
30306 50895
4894 80813
87676 99728
90847 91951
15689 87757
17381 78987
81972 86109
9694 83012
50231 60412
92865 98270
85514 96564
35068 40853
81947 88291
72145 78722
81325 89014
8167 22567
79674 88310
75840 97911
31231 96544
79681 90420
3799 39084
17481 67754
75492 90197
40225 99772
73426 80771
18033 41754
74273 83265
77254 83794
57813 58400
75085 96939
4855 92994
59853 79734
36305 94050
30654 37973
25274 69544
45565 83180
33888 47318
29805 46805
82587 83000
54425 73658
91953 96328
93558 95954
44264 76978
27615 64746
89321 93120
16912 46972
81710 90952
70104 81719
53903 72277
49849 68271
81458 87910
94028 97207
94142 98570
33002 61224
38423 56376
87908 92322
88239 94689
5504 48704
26604 51827
55253 75967
99309 99995
47728 76308
28091 47813
72601 94961
39786 75599
92403 93703
18218 96426
34729 67131
2086 85790
73350 87337
59820 92302
66595 98125
54318 66393
51339 52703
69328 73243
37732 84623
20656 44588
96714 97824
34172 48476
77031 93981
61968 71751
58822 86753
33430 43164
64291 93370
45014 79908
36277 87930
2868 63258
93102 99394
46868 76258
48090 61622
49038 89272
59168 72085
8640 54499
84731 99897
72403 95085
38962 40173
78944 90063
35260 66422
81526 84917
15857 97159
6601 21185
52346 64498
70744 98736
9594 95580
54651 56709
38350 51069
33331 45670
45694 60634
99365 99738
38142 98051
48969 77844
63113 75149
48891 77823
98648 99897
1504 47083
90835 99671
50635 60273
95974 98316
13354 31598
8720 78462
77558 82301
5913 18150
423 81535
3472 18051
47870 99564
33334 97442
51685 68763
77042 90185
53917 57456
1603 34301
64400 70408
52775 61175
42889 45944
81674 91860
40258 97807
31278 45360
36715 74009
57077 65110
59558 93963
28994 39814
60437 74356
90434 96891
61725 74055
33254 40973
2941 10457
71768 73691
23548 71931
67586 76683
60107 70923
12154 64031
21190 61066
52061 67433
36056 86471
12629 40814
45955 81175
14706 50175
79610 86218
43697 91697
59142 82230
2314 96316
70336 77841
677 92974
22414 54009
42440 65105
4114 63830
34502 50496
10701 32342
50998 72038
14549 93383
19363 70134
44845 78083
32867 68518
41259 82295
39266 76470
47615 89189
82040 90018
97968 99412
61694 94176
32589 73817
79330 92724
57238 90765
96940 98687
94450 98730
11362 74862
32369 66265
11228 36134
92703 96053
27757 95073
31238 38712
23788 51890
44419 46990
49603 78600
24787 67975
644 45661
64293 94732
39407 69378
21777 64080
57554 71021
51814 81244
40405 75287
14959 27852
25562 81744
43304 97118
39167 44114
94045 98080
24116 27610
50485 52704
52948 54635
81172 89503
53411 99849
95369 95607
73622 84546
14543 76017
75716 90900
32482 80565
54177 64667
43575 89303
28498 55348
45607 57102
59982 95231
82361 85324
75311 93655
50385 92152
44793 85722
22704 74607
83122 88314
72397 89569
85092 89773
78597 98200
93670 96174
91646 95705
46563 64678
57975 93964
27687 83614
59510 70224
26401 65801
76734 78458
10315 56739
76699 89622
19230 40046
87394 89429
29723 99789
21084 79947
5758 69221
98776 99641
71327 86615
87726 89162
38792 74991
26977 57509
55186 77643
61523 81309
76574 89645
8324 31024
36687 48601
56042 69705
53207 98761
16733 72715
3781 46916
25054 56000
89139 99440
67383 99564
77584 86284
84833 88406
89520 96922
12577 59401
78978 87991
55034 61103
60939 64928
90674 93118
32934 92637
66327 76851
58630 70329
51330 83842
88158 89215
32258 51820
14689 18608
83411 87256
75222 77911
15314 72053
17012 54904
76870 79254
69774 99252
81898 83195
54020 71121
97285 98403
97506 98236
53878 68160
49370 65007
99710 99875
41706 83818
33078 44824
82994 88027
10202 64383
83049 89456
53572 54994
80354 93562
68911 90080
35042 78113
20399 20790
61614 67619
63164 99829
92957 94074
47440 84474
98684 99443
87838 89482
6194 16269
37424 68267
56397 57289
87551 97790
56860 76076
90197 93590
48626 71803
83065 87385
67943 89013
68182 73263
58355 88956
57322 70990
53462 56777
66397 95044
66642 92077
30090 40088
51536 82374
21155 76319
82360 90370
32198 38100
44086 97016
76513 81978
19358 82492
39048 74934
27588 49571
65603 89688
36717 43580
21794 58251
96743 98559
98653 99105
3585 96222
91794 97717
34393 48558
48367 87351
77723 96203
25905 76473
92794 94477
81476 88233
5494 89467
19195 99331
75833 96086
73351 83073
29338 54991
84119 87594
76869 90305
61353 86587
18794 34613
13962 97759
50038 69125
90945 99467
98800 98814
61565 63659
21735 69546
19154 50023
66294 85550
28161 89999
99587 99677
31864 89188
64105 96431
52896 78196
85326 88055
95749 95922
92817 92885
66578 80063
60608 94250
40792 80840
37669 47851
34038 35472
22487 44211
74798 90946
82874 94872
69352 89318
9302 85882
48011 76984
2554 12913
23465 55613
65716 83133
34352 60018
67785 74027
36665 55037
37848 42423
17568 41941
9060 62857
29128 96813
77448 87837
7638 34987
39276 85566
68928 91785
78322 97408
89413 99252
84838 93804
61871 97891
10617 55382
3975 77139
2168 81148
94748 96994
23656 45138
75079 89760
71852 90060
55975 69602
35944 89144
53387 89368
556 50263
18238 18970
41043 41460
28693 84863
52747 60862
71886 93290
90258 95055
99237 99366
74759 79703
65015 88273
96149 96260
34932 89074
9086 47745
44266 61868
83001 93838
32196 48664
45149 75703
74158 97587
17328 97164
43443 97648
86753 94366
58480 70956
5681 70436
13538 76344
17173 79646
69757 97983
43237 94021
14217 66966
82880 91903
95872 98123
96691 96749
9188 10063
17901 62813
91879 97270
29865 54600
89276 97623
22737 87321
2032 92158
19635 64207
43899 97019
94829 96232
19129 47271
15049 27086
63666 75296
9305 75771
58782 81364
49814 77299
85084 91933
40588 59188
20561 75751
81450 99274
85622 90782
60134 80313
35647 46990
3315 60391
66206 80758
30856 94005
36644 63259
91203 93199
23556 50093
76341 85744
38658 50007
62021 69388
16921 84227
97371 99947
17462 63657
46912 90364
49117 92120
71764 74617
40123 57784
58372 64946
85965 94908
77042 89508
82871 89168
16633 68194
18282 93522
61835 94808
67873 85477
55040 74828
2556 54187
81259 90267
9828 50659
69089 82529
36644 37902
15254 22314
3343 41801
94831 96588
87545 95730
42179 80888
12535 93109
59025 88887
47707 58648
70385 78872
67890 74006
45585 77268
17039 95022
13650 35228
32414 72623
54268 69813
73363 74756
4768 84189
89931 97711
4640 38760
86622 90485
52125 82247
35797 77817
6046 82969
70151 78933
88904 92050
10109 78484
54753 98239
40476 66023
40536 94899
9375 99999
80273 88351
97841 99107
12946 44692
71116 94118
9474 17055
80257 81859
1776 34099
82453 95027
62525 72615
27798 70848
55360 55381
3391 13806
33644 60285
26259 68935
80178 97023
86195 86542
65992 93223
14479 83197
86349 90778
74362 91457
95778 98734
91325 92146
69278 84673
86957 89175
79508 84785
27400 28126
70279 89338
9733 94521
48274 76784
1906 3180
18095 48267
55208 55708
70124 87927
92560 94844
43488 50028
83348 97137
49883 65198
34166 70016
60985 94307
83298 85849
62262 96275
54290 59487
18460 21702
96753 97981
3560 74730
31088 55143
63202 83497
49112 96988
23532 43903
72125 73797
7258 70539
17869 78240
68216 87945
84837 98535
30644 52606
10128 40588
24122 57376
2512 61732
81260 82917
88912 97293
53135 71681
34567 74183
4852 50680
56041 56191
74131 85152
48901 90652
16531 98499
14956 20832
54731 98690
22565 44824
41538 92495
60557 92759
73362 80815
25947 45573
55892 88157
58936 71357
96743 97981
27523 75710
71696 98108
42882 72426
61839 72391
18968 94016
82084 98526
12684 53933
64891 70668
63728 76004
60165 77271
76959 99366
82897 84952
19067 40026
40926 48633
9437 98667
64311 93532
50590 82438
40258 74039
99364 99771
83270 92544
84062 91531
24071 64197
59280 97954
11401 41861
22104 81791
66121 89338
71484 76318
94464 99149
97748 98714
51663 77992
75875 82744
26979 74576
70432 77665
33878 90598
72640 76084
14102 60971
97131 98783
952 70652
96371 96556
90185 99557
82111 82983
61351 73505
33887 65347
13426 81163
71279 72557
82525 86700
3366 16122
18316 42632
90379 92950
27132 60778
77995 94494
72833 87526
89621 98489
36305 97636
60886 63587
38839 93960
64544 97551
22406 75553
82286 98289
55825 75929
65673 75412
93450 98376
31867 99301
7540 12347
24439 56613
69664 96146
47410 98595
64770 85601
70869 92070
48371 57209
41665 77528
63700 67995
35535 41284
72248 94387
87752 93265
85585 99728
87444 91069
10176 28242
65219 97239
19693 86026
20307 88650
39556 41545
89242 96258
80529 99341
59333 67043
6904 59989
15108 38638
44866 98651
84528 85268
86697 96117
11178 84030
75440 75512
56404 77180
92948 98224
18868 84545
78436 93484
91719 98654
31279 54026
72503 91519
27534 82010
71377 88940
84451 93957
44076 52899
38561 71821
42953 72358
37125 48568
70987 88162
25782 98026
40143 60783
99153 99362
95774 98640
29646 98103
6619 70077
80853 87605
34658 75565
63588 82747
60555 90234
75115 94741
4335 20232
82043 83192
21326 47611
23041 62406
44166 68604
56832 85693
51786 96447
52817 98965
53169 67940
80560 95731
22844 84304
4555 52621
26492 53843
44937 62815
20421 33124
60815 98331
57763 64161
7469 95421
77468 82622
49387 77717
89279 93352
80074 92073
5569 92245
3671 96887
95803 96083
43624 91930
23826 71356
24600 67908
3915 64192
47271 84101
43751 54772
24007 49636
31046 71974
68369 75150
47705 91793
94499 98515
51665 92340
73327 82199
4670 28592
39444 76940
28369 77380
80923 84105
22042 88389
94220 94610
71570 85678
15526 36265
83729 94245
71187 95355
81141 95662
66097 75001
28011 83831
78869 83183
31968 69820
76502 79753
24122 95060
31420 73105
98932 99657
93546 97430
97329 97411
27011 45861
77830 93612
91497 99272
99575 99844
30864 73397
19932 81137
15576 50802
61652 83819
60644 71390
61957 91664
31165 84583
98815 98952
14708 62157
71679 90546
43498 55363
68810 94212
