10000
98918
155173
80871
112442
142565
53272
30248
86693
118061
126339
56839
56999
116996
160989
109090
132893
131519
139683
171024
130699
109693
55691
43613
56999
2433
156767
56999
199998
106993
199997
154699
56151
792
9832
58699
104509
191195
81509
65581
148021
215
194413
116771
72725
39058
125591
152695
38036
14409
130699
56999
141359
117306
3641
14165
101081
180191
42356
156444
192310
96090
169996
83818
80432
169996
91864
114012
6695
125353
153803
136898
1303
142993
156965
107183
6999
14639
150695
130619
169996
183658
6980
2609
82483
166990
32168
185685
58111
10391
52240
148777
184331
135209
14365
63095
8831
3190
149363
125066
40918
59699
90698
6641
194431
123306
129018
184949
166990
36119
87176
61199
66995
7012
161029
128698
136961
12129
116996
189353
36164
111916
4695
113689
146369
116996
125653
199991
56195
142325
140965
33808
156965
180683
162455
161050
29459
186986
119905
196991
163393
25128
109829
22546
91965
183859
166990
99
116516
2600
99993
105593
158731
60124
146995
56999
119389
120952
2563
35111
139891
83933
56999
142505
141465
18301
31583
180532
123866
45022
186986
122665
139186
53231
175181
26212
161698
169996
108263
92368
107467
99692
26063
185959
69999
116996
9038
126732
176644
91852
35949
63698
102520
143349
187694
86882
9640
96493
87744
122351
132805
126172
169996
166990
161698
26998
106993
100669
143475
28927
85369
42033
102149
22886
186986
116996
131183
164819
101264
82426
120699
46779
199994
143113
98386
56162
45084
123213
56095
186986
197192
83983
11086
118526
30269
58901
2396
4069
14051
81569
116996
62183
66995
48969
111662
192149
53348
58398
162563
104529
106993
99156
161846
9390
163483
131301
166287
16699
92839
3643
62465
21296
18043
164780
59021
128663
166990
86396
81239
185053
124796
185102
121003
32698
108691
170916
3109
89239
188941
155639
30599
61059
82259
186986
116561
83698
69999
78178
26998
166990
96699
177872
136999
165199
193559
188974
181695
40836
69999
149213
4695
153691
56060
192693
180511
186364
82891
5002
36364
116996
60863
106993
134999
130003
13692
112291
100622
102910
44915
80928
156302
91695
24529
6726
146995
66415
136849
169996
169996
4603
199288
80404
135553
166699
146995
169996
69995
142601
136699
11643
150559
95651
74397
96436
62457
136004
63584
160690
106993
185993
60259
16185
108181
186986
40024
126502
144861
84538
194765
21695
113023
34693
119699
56999
6049
186986
150665
181316
21986
22262
81443
11302
16598
146995
169255
166990
169996
57092
129820
56999
69999
175321
148669
116499
72777
116968
90698
139253
39062
68775
15401
33906
190081
130152
506
170953
29161
38101
63429
195695
56420
64870
8941
59218
66995
66995
159603
14815
1695
26339
116131
170229
95465
52838
19826
90413
24613
47232
149620
194685
59165
186986
145463
311
106993
190966
54324
186169
64693
122813
166909
22262
106132
491
156965
111955
21269
100645
6999
188686
151295
28682
160098
154121
116996
164823
186986
134859
176411
10966
193696
180683
103087
189638
69698
119099
43613
21601
130766
160690
196886
154413
44389
181030
124861
159469
82624
169996
186986
50564
102665
64449
95083
42263
28318
416
106993
180451
69999
29122
74454
98608
116996
161149
172559
45226
101399
96636
66995
80403
192745
60589
19075
106993
122665
108362
176477
198196
3491
65203
148069
144452
108633
31055
185681
107295
59609
146995
101921
61501
92499
6805
8221
139148
75679
18248
43465
169996
165653
21879
18071
151286
168160
189463
58593
164665
30809
161095
142619
12820
106993
62695
158059
196961
118466
160111
81509
61753
164366
33811
182698
158269
139791
20446
66615
69999
66995
104905
56999
53455
142319
193574
48439
20969
80263
49386
154291
185443
16298
116996
35111
161746
49951
163552
56999
116996
197512
128495
44603
9031
169982
192693
186986
116996
181019
124652
124630
101644
13036
198031
200000
151483
62557
62430
116899
161419
18463
96998
56856
95161
37290
186986
192710
166105
106993
10426
145889
188393
116996
100459
153241
26662
5018
136476
131018
121047
84659
113996
139253
156965
90002
189393
66326
87393
119738
2326
157079
198457
113189
49349
70674
103185
103294
56999
62965
166990
82945
108922
58564
165913
136862
152465
165964
181695
154699
169203
131113
63356
23037
85411
192099
189421
66995
138218
197180
48693
82238
93851
186364
134859
106993
4460
91761
146352
125053
191645
10198
31058
5333
122030
108818
183391
146104
104638
156965
12241
141415
193183
124704
69999
40039
142669
192362
186986
152249
85044
80859
58546
166990
99409
60853
34492
116996
69143
188982
1060
116996
65851
56218
140339
198586
86693
60300
31091
55219
25469
106993
146995
71522
146995
66995
126039
140808
127358
41469
19699
192754
68699
60459
161596
30669
46695
5545
61690
150753
38496
90260
32698
106993
149491
128264
69999
29858
18839
46615
488
198006
91283
106323
177856
156965
43361
121411
188706
39419
151699
191053
141511
38621
154515
81105
33863
161698
191640
49663
56999
131864
64693
66995
120563
21421
56589
169596
156965
72168
118691
80642
138591
118599
59419
134269
136699
19278
93698
109202
166990
150665
160315
129901
146065
144223
156965
109353
39699
130837
123693
106993
94459
193863
97735
181813
44290
50338
18059
200000
81463
89513
99100
99980
156318
196169
199995
26213
171869
33693
189082
189986
166990
156965
85686
89122
168442
116996
82699
12695
132698
103006
58906
142229
60612
66298
162569
166990
120294
49449
82466
166990
138661
56999
180683
199999
96190
56999
44452
182305
28432
1761
63663
113714
116996
150125
42541
167144
116996
146995
58321
190803
120699
102593
39369
3662
10805
165962
161809
164545
156965
149893
194027
84693
39119
192492
101698
27491
58699
106993
120881
184689
141851
69999
161698
191095
88649
52259
154699
9389
29345
65202
150113
58124
131117
11660
169996
91164
194461
94169
2190
28621
9161
88161
184267
5515
131599
199993
4463
139192
192502
116986
35098
14389
84236
33249
156965
169996
11383
43621
55801
104824
59748
131696
169996
139879
123639
56999
114913
141991
43321
13693
59945
138626
36999
23926
52396
185342
61381
6999
122
57647
190738
12004
123244
109693
69999
78971
149689
11629
159191
164533
83813
131465
3258
139283
104579
69999
75136
166990
62862
62299
173452
66995
169996
59469
104241
24265
179154
109394
105169
144689
116941
146995
55023
166990
93165
23399
134209
22114
186986
106993
50210
82703
21145
165653
135409
69999
84236
9224
85314
190269
131696
44504
135699
119699
186986
163663
118676
112031
157716
66995
9
168839
199852
42638
42089
51829
189924
141061
58969
66180
135240
22951
12980
38162
66995
109693
114693
73539
23225
102693
183559
33931
74263
180514
159841
55259
169042
85053
149752
199990
92661
116996
155521
11083
133295
6421
85109
138661
169996
186986
188239
161309
68639
60226
102584
34805
99304
54269
9122
148513
132541
92569
186986
4495
146995
199709
169996
30
32539
163055
6689
158591
115231
92478
83131
106993
161969
195641
47050
91899
184893
165341
101718
182353
115163
11813
159699
56999
84976
90362
78743
156489
135699
104322
109856
90641
21629
194118
109149
105935
34693
190649
92405
60451
134699
161650
2203
186986
136043
186673
120499
199995
108483
90166
160553
116996
5038
156965
184840
192923
30259
45481
169996
134436
106993
69999
129830
186986
69999
23461
162969
149529
166990
42276
49939
55239
12066
166990
96956
89165
116918
199299
165196
169996
45037
111768
186986
156965
24940
148462
52391
52246
68583
57159
39996
133159
70651
29306
134191
156965
161698
186986
3489
136699
121313
160813
71992
149776
82549
158863
137781
69999
69999
78140
112415
45598
93705
179233
49190
108253
72988
42997
56999
116996
56999
110675
14056
85811
116996
113858
119569
127289
47718
51698
12695
69999
138063
56699
146094
156965
46711
102859
28471
64219
102144
92108
126366
163066
109805
106438
96886
55963
2161
80629
18586
123899
143519
116996
106563
6695
169636
115853
64083
699
199559
100239
156965
169575
44841
154121
24482
39686
135061
148969
9281
89164
108293
123209
160311
18310
64618
81065
163252
21613
169996
108961
29651
50461
124421
106555
100462
49829
86566
69999
14314
169996
90645
92920
76432
85021
22121
90203
69999
26482
131696
180683
160852
106993
66995
166990
161180
163616
186116
106993
186986
61366
131213
56999
169996
188399
6922
166990
199993
56419
146995
168209
66995
69999
172117
106993
96998
11559
4486
169996
36428
2529
23699
65852
63026
199995
69999
159699
186986
101698
146995
129364
125105
152545
56999
110338
158468
36459
108691
18083
148693
84401
44699
158069
180683
108419
193008
91090
180741
190010
11009
161698
111802
17053
66995
189929
114623
20551
16963
156965
152545
96744
145689
132091
34145
93943
18933
103809
134626
185741
50453
3932
53401
35699
51260
93059
188675
25390
133418
106159
109201
93439
3310
153215
108818
158029
36376
28265
12489
99138
113161
111269
186986
31366
30107
39325
189661
120699
169996
54521
54269
169996
5552
15199
146161
105215
56999
113198
148451
84815
2699
20913
160926
82603
29086
64433
199990
195145
143669
99310
189507
33244
4852
13677
29867
193028
46658
26659
134269
116996
31868
64736
44249
116065
194945
190811
69999
108250
136999
139066
122302
91398
13322
96998
22930
132309
160690
90698
89309
89008
42683
169996
43901
121145
109693
16088
113060
183768
195931
197555
59505
16069
92899
50539
121699
105341
4143
155699
9119
48693
160612
185488
144031
53455
80915
6805
49672
101818
107420
169996
56999
179476
103801
16999
161955
156965
65117
26998
58210
55222
41843
199699
90989
151439
55091
53255
88634
125401
6005
90224
52889
86998
199866
86782
146995
155923
106993
181015
15469
139253
53933
12184
166990
63095
66845
139639
160399
184609
4852
4382
181981
108250
19249
8523
129407
124021
56999
102062
139793
188991
116411
4853
191737
59638
146995
49229
61363
146995
39699
186941
124990
43391
3205
194351
136222
136111
129212
14433
106090
84941
180512
109713
12748
95508
26938
10966
149412
119555
120052
43891
54382
62981
98879
33223
103188
83381
169559
161999
113843
169996
225
155129
141094
103893
153978
56663
142615
130323
94245
186986
186986
49411
81569
136546
106663
142505
8971
48445
56999
189086
99965
56999
23633
34063
123949
46999
106151
66995
40625
19862
199992
136244
169996
169996
198190
51242
147231
189698
190565
12269
169996
116996
69945
169996
91295
130901
35699
141863
151699
113871
143738
32050
191110
150209
138679
130532
145689
66995
169565
176178
178558
76752
92959
184328
97485
199998
146988
16841
181920
29984
41369
166990
62695
104883
46533
165695
6418
81105
189689
115693
29695
131559
166366
60446
120892
33989
145344
164420
148963
130495
156965
133149
19246
186986
154069
4201
54949
45130
35069
66995
58770
181695
56999
165603
151269
47790
56999
46695
88640
199992
1102
116996
19658
200000
125246
94914
188143
92678
32955
53812
38903
186986
46931
176803
145023
162289
116996
23463
183259
148843
66995
154563
172960
164699
158093
186132
146995
104034
66995
89309
41625
60549
106993
160001
85909
13520
19249
59930
90698
51886
99643
106993
106993
166990
111191
96584
6186
156965
184892
126305
109838
136502
161045
171577
156965
18499
186986
15176
119419
181639
156965
12862
109363
199998
166990
80852
55259
82945
116609
8822
187637
38089
65222
160229
49039
50549
169996
88649
69415
118134
3844
166990
64502
186986
183602
24001
80263
28162
51628
183461
92168
51503
106993
56999
161132
12695
101938
29642
10699
108443
196303
103123
1996
164623
90862
100438
60341
112643
152695
12541
182589
114693
158923
13
86923
103291
146339
30626
88973
132541
143699
130493
59699
9018
89696
115216
173564
164392
196998
145540
128264
29213
120699
100613
106460
82559
64693
144659
106993
65050
66995
126010
163663
102530
41015
35043
1891
59091
102369
104775
146995
45699
106993
131056
14450
27223
146995
167760
35099
33050
186986
35031
40868
108961
80521
66995
156711
194981
89849
108711
55330
100162
191606
66995
163118
24533
146995
120699
166990
156965
119062
125191
120699
18901
196125
135699
13052
22193
99159
51991
66995
3492
141689
16999
193439
49111
193696
116996
106993
126029
108046
35023
132529
66995
8011
116996
86041
169996
97658
116996
2299
120998
41822
54699
186986
193646
30066
138661
132883
164813
44875
66658
43923
122392
199990
140363
90409
2050
121939
116996
124519
189873
61631
169996
53718
151813
69999
59897
134383
134038
125695
22322
119345
156965
100055
6259
115686
114565
200000
183999
186986
141121
116996
154699
15269
165653
199130
116996
56474
113009
50480
69859
184966
139666
131696
86693
141938
146995
50529
106993
159811
106993
24666
44835
12242
1838
73402
109391
69999
57797
66995
145615
8104
19699
62983
93698
3280
124031
68662
75175
16698
65118
26405
109331
9776
17777
179226
190699
112683
150995
132032
67496
21695
3316
38906
11980
144163
120943
179106
101903
23893
996
198495
192907
150232
142921
5272
166990
56999
105699
159986
149563
21125
154898
72864
8909
415
186699
4695
80263
9495
9329
156965
40049
23038
69999
166990
164264
109505
59627
73467
35149
192922
43683
36052
169996
85233
186243
56948
129641
186488
13822
139053
91642
132452
60205
169105
41394
161198
3613
60580
66429
30269
43387
8333
146995
185809
60463
83131
2636
46999
21011
159699
152531
166105
69999
102640
18999
44171
181695
4504
105699
61052
169539
159153
149125
136699
126998
146995
38083
116996
199919
17680
186986
12133
69999
159839
33450
199998
139801
169996
159199
23225
156469
91505
98669
31908
61391
30833
50938
96998
55691
101852
190118
124424
127341
8504
7914
97498
194695
130699
182800
58129
69982
95119
126100
4389
146995
153396
21545
146995
69999
26906
52369
69999
190343
5686
29377
186986
61681
103063
130406
49887
69999
51260
132698
106993
35859
199997
66593
127409
81964
56999
35909
99917
43195
156363
86693
193894
146995
45536
36999
56999
156965
136699
169996
66995
24392
80023
100406
66995
186986
93983
116996
30161
29249
106993
126725
168382
91810
56010
101615
67344
51283
90121
192053
56999
14043
116996
53623
14463
26459
53281
166990
28964
69999
156965
15145
158269
29258
110615
34219
90371
144689
103652
106357
186986
124163
66995
123569
169529
138029
146995
98269
31543
58411
43062
128812
168883
45217
6262
62341
66289
95891
157752
165241
199998
589
48919
12611
81292
1966
185443
169996
65038
115575
140707
66683
8818
58831
145519
106615
104212
111869
126998
53288
119996
144359
186986
103162
150089
199992
199878
56999
6463
105472
182467
34693
144553
184244
28060
116996
169996
50111
198929
110655
6044
80671
184540
85216
66673
120391
90590
179154
187934
163970
138963
81569
53806
52705
14811
122699
26998
31938
7895
22549
156965
162650
170965
47757
193090
100699
139369
169996
139549
28682
108765
147828
156965
109693
156965
50189
12449
92540
68831
196256
124580
177809
164264
91601
91090
21194
30689
165098
139369
169996
153359
138310
64569
34949
66128
66995
103325
130699
32462
116996
30965
104695
153863
48418
95689
96445
136816
156965
30910
145661
118193
152533
54699
116996
102939
100657
99356
123541
188409
145950
198116
105341
45893
113377
139218
35863
37637
140239
65581
3889
146995
163209
142619
158699
30341
54699
47010
186986
12862
163802
162969
69999
156965
158663
116996
10369
56866
95649
42838
106993
106249
13566
164665
188409
173
66260
198482
138083
103633
180732
64825
29834
78135
102803
111385
21211
116580
56962
145689
157355
57732
145689
108273
69999
74308
132985
198460
184431
1658
117171
125357
28414
35159
50516
134165
65615
131339
98652
50399
138449
156965
120859
5132
167204
138129
183878
19263
190099
17427
120699
51115
96366
134760
60899
84310
126199
63698
124130
36838
159723
52642
186986
152569
138052
56999
13184
49323
71370
74558
60
142325
19282
192466
181695
56999
37391
135101
82826
45551
12689
134825
156965
105943
25008
69221
195863
120452
156965
36999
196220
5666
23435
18118
48903
56418
109669
12608
56999
177451
58231
199889
54833
6620
1203
5315
18698
82699
15699
116990
77888
57077
184259
152779
66698
19752
116996
135559
66180
106993
63653
109465
184463
85231
189529
125369
28223
118385
168458
116996
193003
190090
182503
102738
69999
86591
38699
162290
116996
165985
57911
49635
154849
24022
93641
122131
11162
164321
62003
1359
7876
106993
66934
79886
24830
186986
128788
41833
89830
33533
118466
197154
123283
111130
106993
51859
28163
47112
44402
109351
19804
29695
31613
85965
42937
81826
36209
2242
115049
50859
44621
31309
89252
69999
78277
55415
166990
141227
99683
162836
60511
111207
99984
95530
173052
116996
97263
65699
156939
56999
6118
67542
123884
149251
179592
54388
173949
151303
146995
156965
35401
130643
169996
98555
86798
96998
80320
13469
8396
189338
170270
56999
124823
119501
56999
184259
6126
65983
144492
80690
12182
119363
78359
22063
86087
151699
51962
199997
91646
31880
6695
172067
181565
85818
164309
35519
19141
40130
31393
144398
123251
45037
48693
62685
20528
91981
56999
27146
31055
39062
159969
125000
109621
106993
156169
181049
103091
105106
163382
54699
160640
18903
69421
134970
92143
10229
23722
110007
69999
56999
102982
52699
118298
103091
191066
192375
186986
131747
72290
58043
66995
41131
29453
51055
115163
188809
149125
116996
146995
106993
69999
166990
166990
93661
93693
70380
6025
16295
196998
89696
3863
146995
69999
118060
156153
77502
159699
116563
152695
8026
66995
56999
5473
146995
165419
199136
28225
186986
159699
36999
156965
144859
52520
129143
69389
171596
80351
116996
155699
115693
6999
69134
156965
91165
130299
183191
66995
82024
110258
172713
863
132523
147517
18074
148693
134909
166990
70751
39199
199853
191645
96198
2121
199991
54065
4859
169996
95936
23834
143161
159461
153959
146995
133241
191309
114693
49243
114161
62925
139862
100151
69999
130582
115761
64693
30403
106823
46695
85233
95261
156965
159699
6049
58159
166990
38639
157950
156965
154699
146995
52642
131351
116996
60699
56999
109015
151381
9858
12410
187661
116996
53994
148809
69999
5932
90263
166990
146401
152345
6695
105691
19392
59816
106993
26195
146995
192730
11681
23105
196426
122757
183130
156965
172506
152155
186986
113651
5926
145689
28265
154699
15269
159042
45986
90030
163003
166990
64502
4533
41320
168149
116996
110393
645
186986
146995
16481
90698
110699
44504
20345
83639
152345
156965
40508
106993
92042
19886
105529
65409
69999
96626
138986
122287
94019
189962
98218
49522
132258
4610
28263
156641
69063
146995
80643
54521
104240
1499
152695
130609
195899
35518
90698
146571
1319
58901
46106
24223
132099
1499
143609
38404
186986
11845
122911
58760
146995
153841
186986
141957
93115
55691
199994
159193
66698
38393
125659
136166
155863
22564
81533
118409
38401
44864
188369
166246
161612
33224
26021
138689
93809
82681
73909
67237
25906
153061
66698
111959
154081
40862
120245
199999
12156
186986
69999
199998
26996
199945
154831
66995
90434
166990
142495
61690
55253
199994
32903
91030
25196
63698
85067
5515
80695
166990
19861
139206
85469
145569
1081
42506
104966
15655
8090
143881
12091
82328
49386
20705
122251
39688
102203
106993
60049
119082
158431
131838
187771
51664
16441
186986
110620
92881
99849
62822
194140
145171
66995
16812
96315
154916
158563
27762
129123
121655
146995
59018
147754
169996
5351
105295
32089
126823
106993
141209
38172
131644
120849
54615
169996
106882
191701
193808
69999
18044
124637
169996
92699
109105
186986
136202
109441
138022
90305
186576
142153
140155
79859
189401
186986
158551
122699
66995
35611
64839
64808
77124
25238
143195
116583
2546
28090
184693
190265
115465
69999
109888
69999
66533
15583
165391
160690
5213
150431
33933
141228
103619
125044
71292
2571
181943
81698
186986
122699
136166
131041
65372
116996
95093
112396
101804
55169
186986
169996
116996
64229
39655
116996
86993
42056
188458
61630
503
154699
142750
171555
55843
74785
189503
177975
17812
122699
141491
160690
112339
32515
80695
2179
169996
35463
113689
155611
101204
84650
92438
106993
88199
173077
38652
96110
63005
116596
146995
112313
186986
169996
69999
33802
29949
69182
106993
126545
166045
156965
13211
169996
129910
164242
33928
197377
82598
154159
182434
106993
102509
81533
15915
156965
56999
55569
146045
153628
66604
135683
67134
105304
17299
69999
47075
114941
136198
182458
6049
119465
186986
166603
68431
186986
168007
38684
150933
153691
118522
56495
128784
194927
130762
139066
143363
40690
91470
116996
106993
5581
56999
66995
56386
169996
186986
54669
133633
50366
6145
60611
186986
81698
84662
60343
118466
24903
138181
109501
151381
190909
25423
167216
46262
34693
99889
116996
108503
42359
180683
26528
10699
15752
125657
113689
93291
54699
86329
128323
106184
149469
135131
130040
51449
107429
8290
12883
165469
160869
64033
39062
168468
83186
139423
23765
39119
29345
62612
98444
186986
161333
199998
106993
185699
156965
196810
66995
125209
189253
195276
163141
90044
67075
81443
36429
32869
49055
6410
22262
143863
182615
199610
55663
94145
106993
53180
106993
24113
123511
91883
50938
15859
115965
100364
62242
9199
172888
34063
169996
166990
166990
41369
88740
66519
156965
55631
62695
39363
66369
66995
184751
190565
84569
63250
197867
119869
104408
61961
116996
65387
20141
16645
63698
175033
69999
120699
109693
27045
109374
21503
186986
166990
56999
32531
193463
53033
161461
34399
156965
156965
4523
13312
119401
166990
186986
63509
69859
116996
20800
148502
60239
101891
156965
199126
191451
25469
56999
160526
78932
141863
96
41014
84080
169996
32090
56999
165010
136147
195695
166990
69999
89796
109340
184840
116996
106993
105983
50455
11467
40625
16293
121699
23210
195189
22133
116996
85699
48588
118445
34743
54065
8200
63949
29556
122459
88959
106993
125323
62695
182695
22084
56033
4502
193877
130225
91695
66995
101698
192833
113059
189338
52165
166990
199995
39003
81698
136869
40050
38699
34429
35159
111866
156965
96626
85661
81698
160102
135681
16201
106906
199965
69999
169996
66995
56999
186986
153898
116996
37071
69999
146995
189698
166403
33205
4695
130870
166990
16999
185655
22063
77552
66995
186986
113827
30911
158239
146995
150800
32920
146995
106993
95399
88181
62695
41612
9364
199998
153605
142165
142212
54363
100960
158329
31684
138300
31109
100238
123118
156965
169996
599
158551
191699
169996
178162
69999
141689
131899
156965
120770
156965
156965
116996
11848
130448
56999
149829
141399
180331
185338
190042
120982
166990
91495
132504
20200
57659
134465
82562
106993
51698
43653
92993
133359
159245
14293
116996
18633
34351
146488
199603
10533
199996
96275
95261
169996
122999
186986
116996
166689
66139
152695
9464
26008
125063
181310
116996
45155
929
199992
102816
15889
47687
101698
33693
165469
160240
110699
124615
80200
109693
103423
91695
108465
199412
85339
41183
56999
164475
166990
193218
18001
67710
77143
161845
186986
35949
96332
106993
31823
11979
96036
51062
21695
125638
155953
806
169996
11142
56999
154025
110002
36563
13505
2993
156965
80989
186986
163409
1681
121369
129821
181983
199266
43169
166990
101912
23593
38249
62851
168958
42053
81629
132652
9699
165013
66995
80827
55051
166990
165551
146995
142193
121677
29255
106495
122023
156965
14051
2690
69565
110281
43999
1045
140778
199995
65269
82921
189319
140605
52046
61
64640
156965
161197
77870
164949
14590
48883
537
50989
128951
413
116996
119249
10018
83165
3343
36923
100483
80596
56999
176170
189170
8464
196998
146995
139687
94853
165043
91433
146401
129968
66995
2999
141689
10693
199998
146995
21965
48158
69341
199998
261
109309
136261
9262
169996
110165
40010
185499
54455
197505
140629
53964
95045
129798
104864
145409
106993
42778
62054
15665
151969
34802
100599
55061
106993
126883
116996
66139
15643
54583
53266
128603
132113
60618
135175
39101
182695
194695
48953
100118
135976
146995
155278
187660
128349
146995
23489
141511
169996
81957
1061
109961
124102
156965
55449
66018
55691
93241
69999
140363
166990
45823
42521
69999
36303
66995
156965
56999
75703
88699
43243
66995
185646
100343
199133
48018
146995
158756
56999
5470
91304
64648
156229
56999
109159
14893
130198
42699
131928
69630
146995
138661
62903
134951
149399
116996
54011
39112
69999
26113
182915
129245
23671
12658
159969
36401
186139
52157
15429
56993
35869
147277
116996
108352
82699
41639
159699
136999
25603
103829
66995
84230
44644
91695
42062
166990
81526
116996
13999
80695
99439
199996
31531
39623
56999
80902
195331
192193
54154
146995
124162
25919
122092
26998
20606
189962
65549
173913
23900
77589
20051
92957
154849
92830
63199
26538
186986
148823
113095
116260
103864
142325
160553
156785
166990
184693
183055
69999
114501
159128
51398
26366
52038
199990
1663
143863
101615
128119
23063
32340
72270
15432
96348
128642
89696
6262
104933
120566
80488
91045
186986
149269
62003
136295
148613
61260
36148
40532
12695
156965
164996
95209
46231
143363
43131
169829
69999
103451
91981
169996
2066
98495
80516
151121
1898
9776
69999
91199
116996
196482
152009
142325
56999
70951
80123
128846
2132
106993
136733
46999
129245
8642
189661
63559
54493
106321
43699
136923
109693
18926
6143
83806
152940
190622
66660
186986
91513
19104
185161
115415
116699
190129
64196
42699
200000
114693
5686
139833
180960
93391
125348
199999
45622
52978
85549
56444
90698
59606
3966
121351
199630
23558
147286
55691
160716
4138
59932
100819
33857
101823
184986
44099
29101
184940
27103
116996
24403
25645
114089
106993
104900
131465
106969
62395
102229
186986
102964
146759
109693
166795
63626
2161
18862
128116
63658
180463
146995
49698
46999
47694
129851
50420
196246
8599
192121
129938
192464
161698
49901
117794
181180
39941
156965
199924
113125
109693
172501
183682
50906
54101
25061
15315
64810
162805
36664
51650
130511
169996
116996
186986
140559
46061
32762
59699
156965
9641
109141
66995
45230
109108
142921
106993
199328
121420
61339
80369
151433
69999
124862
166990
51862
146859
119981
4801
170583
186986
126695
200000
81439
183520
121192
35569
146995
98543
196974
106993
169996
20195
108886
18698
128507
41996
140559
160553
69999
55516
99812
130199
194515
95988
14221
94519
32182
133309
52308
2920
15566
153691
114979
5240
69610
134269
163211
66995
160180
183130
55099
26338
51962
36882
106789
74815
33693
22618
4402
29101
161032
160690
40081
59699
187918
191699
86998
63445
182753
12695
141959
106433
90638
33563
176897
169996
146995
56999
12695
13566
66995
45665
9903
48652
166462
184115
189841
54121
2825
156039
4892
162643
42872
42909
94539
153025
169583
43063
29161
69999
8563
199995
3616
115234
101051
3299
13106
66959
109258
49241
96998
9090
2933
191223
198860
38903
56993
6999
69999
53693
150293
16655
169996
130601
180430
143995
89609
26213
161305
81702
156965
140559
102862
125233
169996
105023
102909
58689
125403
195695
142319
92642
194003
112403
146995
132429
140965
188503
44095
166990
191563
28319
162859
2410
106993
198196
165415
199995
132004
56002
122011
33941
197469
140232
42923
142619
96782
69999
46862
24672
93066
156965
105341
93489
89839
137285
199995
139683
111626
15139
144689
156965
178659
54415
127616
38219
175002
166990
20411
143159
183482
68183
181695
38189
95923
48429
146995
30341
20877
116996
170589
122552
156965
24088
45733
69999
15665
42481
131695
33899
14051
63698
101483
8005
146995
108453
34063
97068
5531
130190
106993
91411
46695
64693
123229
169891
143699
166990
156965
105199
94495
25882
50644
29863
95983
24488
51206
196588
120965
50902
95781
13427
164462
169396
24655
29409
134859
121689
35353
96689
116996
94949
21829
25010
100756
6568
84988
182503
40013
128698
90263
119180
156965
56999
48656
44305
106993
23302
132393
56998
56999
199997
105632
95869
104338
60196
66043
169996
116996
101461
106993
125198
162859
51491
83026
25226
120620
24351
120699
35341
125369
84866
55431
106433
180241
101064
129304
189962
141499
179336
152695
181695
8506
86653
90999
143881
189847
116996
6708
16406
188805
199998
116101
3911
123208
15699
87170
107458
3236
11589
29695
147666
36843
99409
125651
146995
66602
68465
193696
36026
99683
169996
98138
83939
149165
186092
63748
59188
163363
159699
10253
196219
182618
72217
88121
96688
128032
53843
183913
35969
40246
191413
171466
28166
46330
132843
71580
195695
133644
69999
156965
64888
27771
95402
106993
85432
172099
54489
146995
166990
114872
113213
149125
11126
182576
41460
44539
30309
95689
146995
69465
189361
162277
49559
155758
80831
63698
73974
181695
179303
156965
189869
158255
9881
100059
193539
92824
1023
66995
146995
116330
169996
59495
150845
449
69999
1664
15161
56915
39577
108691
186986
81533
112699
2045
195469
142325
55691
50861
111353
197461
196998
146995
185162
11624
150695
25399
99989
161033
103736
152653
137865
116996
69645
520
126695
99431
80929
290
165415
23633
154439
66995
163663
113255
192323
10004
13901
99299
56999
169996
169069
146995
14119
44962
65543
21803
181048
89409
150439
12211
166990
5662
14308
116996
106993
166055
59261
140500
109814
116258
191162
152263
94062
4695
60846
111883
49463
68699
2469
144374
109913
190487
29693
87293
138218
103822
99349
186986
198318
83332
106993
106993
39287
65869
186229
146995
181695
182242
166645
54583
53503
138459
16222
169996
90605
114229
56233
132666
185089
24965
188816
61196
45692
167924
102345
84615
130105
19603
120119
189169
171167
104426
55203
186986
197589
58593
84859
90698
30825
199102
185959
42269
41036
84965
83882
51199
143821
184315
167279
88098
35699
118568
16231
56380
182059
139683
59029
132829
56999
191999
28431
91864
100141
132442
169996
172583
70005
106993
146995
143091
39246
26697
4149
158469
190933
98561
191210
36119
17011
162293
16334
26833
153692
91569
196045
130699
148693
50263
169996
64289
23010
169996
26544
94489
137305
9910
21688
139549
53401
116996
152629
1980
130699
2620
196795
9465
9119
45097
95316
193169
186986
129403
69999
48689
128258
91688
26526
46915
56999
192310
135131
23609
56999
192662
186986
69999
98131
92809
139301
112113
129583
89329
70039
96539
169996
156591
10239
9359
46792
32695
46999
95311
52417
116996
6212
12695
181219
31403
44382
84484
143332
156245
166990
189258
138689
41201
106993
80808
33589
84059
30322
93039
161133
190613
135349
199997
195023
34403
131960
114257
153372
60190
76425
66995
84697
64693
138661
130699
115343
86385
26230
95065
101698
126993
54903
98101
32888
101790
132658
42013
186986
136082
40013
115164
26501
138998
146995
124121
6695
146995
122699
1098
115105
116615
16451
104504
160061
163439
128881
138423
199900
111447
105275
162693
73394
125789
53000
84703
186689
74456
116996
33693
102332
22083
169996
88093
97330
133519
148843
145363
82031
106993
63421
48436
86533
56269
4238
156965
66743
7286
144195
186986
198183
106993
106993
53302
6666
190691
66995
49066
11551
146995
106993
69999
2321
124853
124359
166990
159631
135629
163265
166990
138153
195572
102509
116996
194489
121576
52169
19563
156691
168841
54405
186986
18497
169996
166990
57687
68551
65020
1046
19965
11485
53455
6295
20021
8212
110390
108106
26408
142403
161341
63489
122050
100690
66995
44566
122699
101168
193999
52310
135221
149899
123931
12987
116996
114903
113251
52169
159665
78091
108553
124343
186986
104695
11861
156151
158591
166730
194695
156965
156965
148861
136138
86822
37317
185646
106993
149599
149589
149111
66995
165901
191281
45403
81698
148265
137257
94993
92873
154591
52883
61129
144961
83939
162641
133559
91864
133406
89696
142243
99451
86475
134165
69999
143141
92415
60124
127485
199997
186364
163291
51316
166990
60912
56999
66995
125925
14113
83465
144031
154849
108266
43146
189456
132740
186986
55359
6695
195065
104116
193055
56999
115931
106993
13633
193064
102656
116996
154205
106993
1523
36846
156623
43241
115693
189058
55569
123118
166990
102610
66995
5983
56999
3698
152695
108691
166990
1060
199992
101747
188522
146695
31209
77499
109201
619
52366
145363
23041
111341
34059
140689
123601
44815
66995
188843
128923
146995
22861
92884
166990
2893
83362
114259
91678
31109
146995
170856
156965
83290
169996
121241
116996
13693
119618
114883
19427
9881
122439
823
126823
135939
164489
95261
126043
198463
160302
39569
119203
85604
89818
159412
14051
66995
168449
6115
166990
41953
94543
103864
148690
67849
143389
63698
104809
3260
130103
169996
128274
186328
56999
45189
38408
95161
6299
188843
106993
146995
129222
130421
90926
1958
186986
169996
124249
159115
189401
146995
104621
188311
131441
41186
125162
15787
99529
55015
105909
102045
53021
24044
28750
23893
154563
159121
99692
124993
53302
149045
191042
92098
66995
88441
18440
153421
186664
161698
116886
150695
166990
116996
120017
118294
156965
56999
26624
10399
9059
56999
116996
109693
6618
69999
26560
86431
69999
177299
49930
64031
38652
116996
49575
143419
32105
112090
91963
108691
150169
53933
153539
169996
56999
183663
141565
170686
122862
105654
2404
181613
48653
127498
44699
94961
81409
162625
32413
104671
166990
124130
137592
7648
142619
143699
143699
115609
56999
199993
169374
3541
156965
73538
111974
33069
26027
126006
138401
106993
85831
186699
33123
123666
99692
54699
133446
143363
13569
19141
56482
173417
166990
119067
56999
194869
152729
166441
136999
89713
76738
151645
4192
151813
33618
69022
69999
181609
41119
166990
142061
22761
146995
182926
69999
143345
85523
31890
166990
46695
191066
133631
101698
199474
181932
6695
10811
156965
164016
166063
46129
171656
180165
66412
40265
116996
2264
62201
138131
184259
156469
96904
129606
114635
146995
142153
192851
104689
58818
55691
83290
101421
68662
6963
144161
186986
109315
141163
164125
139683
184259
65592
4916
85947
36965
52642
2966
139066
106993
606
9362
152063
1928
167834
88539
186986
73777
122415
141689
50590
33398
102910
156965
181211
82293
162423
38162
123465
146248
160690
188138
124599
119010
132212
138139
59183
111493
40183
3923
88829
36823
42047
189698
15876
52699
156019
75397
126031
133219
183415
66995
140689
13982
94693
121115
77116
81065
60578
88661
119093
166990
43933
126883
159699
26212
100420
66995
101453
77739
20522
25061
34693
111926
118176
66995
4580
56681
100591
38053
19238
106993
148693
80488
180806
54699
63863
52583
18453
153400
51698
3083
193819
120430
184915
186488
103013
89599
90708
148772
156965
156965
91312
98519
14382
139128
146995
115693
182129
143443
132442
50120
103963
166835
40818
19328
68699
105053
58784
32907
86662
190901
116996
10866
126998
66245
180317
183262
130126
71647
188079
60450
16999
70815
150695
166990
32621
45950
169996
151091
192518
50849
190265
169996
106993
96461
81128
191481
119242
33986
74242
126998
76203
169063
161523
105218
50993
130818
144019
98330
32561
41539
290
51122
152545
91253
13353
156965
118486
69999
116996
101060
151465
113161
159169
116996
161083
106993
2490
54983
3333
113996
156213
54269
24968
106993
15829
13880
69999
130795
150459
14639
166990
32416
37427
78751
153228
40
149363
13569
166990
69545
82223
73788
15331
116996
449
56999
33693
134269
30489
152574
146995
106565
89561
12118
56999
169996
161992
184291
199298
199991
31149
109693
119899
135991
45419
98058
153691
163984
44866
148569
13693
161543
142773
166541
66995
3583
125332
146089
165832
16239
165603
156419
69999
29551
82889
121292
131194
50359
90659
68983
89563
9362
148021
133699
9609
24666
148669
6999
69999
115833
162122
55812
9043
105705
123521
2490
140689
118070
182695
26823
153311
13996
116996
81698
194695
90686
156965
166990
85168
158863
106993
105549
58635
159235
99177
156965
158645
156361
43909
92641
45665
50803
9808
158177
114661
49012
141747
21419
25989
189253
181213
139619
29971
6695
43493
156965
170991
50632
148004
56999
123551
161243
165882
4132
108534
94889
32458
50345
69999
8105
35291
55134
166990
194165
134105
66995
196991
88591
186118
17896
152645
68318
2690
9631
56999
156965
190911
143699
156965
116996
69999
166990
115523
21433
66995
146995
4593
53699
146995
146995
45823
90949
162859
85931
65210
122203
69999
27175
22615
29740
195695
517
147198
193663
126998
193824
13277
165463
55949
150695
40993
157744
135061
129063
12095
160690
126452
105509
123699
105361
64693
191413
27007
123631
166990
62869
25025
33161
164668
180220
191413
1339
162530
155965
160098
116996
45555
195695
18099
101599
106010
66995
51839
48446
91846
62739
9587
153248
146995
104581
156965
185902
87831
48208
182271
123666
162558
922
169996
128848
66995
93563
169996
166990
169996
156965
124837
69999
140159
56999
156965
193861
186485
45408
143813
15439
132698
193064
8341
133039
1159
189619
92255
106993
29530
146995
86693
104102
156965
64391
161698
180683
192903
184103
198319
152942
180541
12049
41493
188563
116131
5738
123923
131864
54363
169510
123938
39870
181695
16829
196829
56999
101698
172
54065
41332
49263
169996
101989
150383
31665
116996
186986
199999
33209
66995
4412
49030
113288
198947
152293
51820
53551
197939
152833
96055
66995
3050
131696
84093
186986
139459
92546
116996
140363
186986
186986
153151
112901
168013
11318
11290
116461
69553
14589
6565
36999
39469
106993
96998
140689
180512
13615
9615
64490
148301
22949
104564
88573
86105
191469
116996
156965
106111
142671
111269
92688
89669
43153
126366
146995
133030
90449
69999
29677
96998
31902
156474
90239
156965
94321
148693
42791
115229
939
80986
69999
135939
98143
66602
184910
48089
92861
118493
56999
69999
129901
151465
106993
146995
190306
13841
69999
36553
106993
145219
183043
72089
84008
69238
144031
111698
13644
146995
96132
162415
36962
182796
69999
4910
52132
113909
38162
111211
61153
18999
192019
176237
198241
156363
88503
81128
56999
51174
158093
106993
116996
101299
149503
100960
105359
116996
181389
1901
169996
186986
181938
53633
143699
48532
121063
182999
83836
156192
193160
190265
16295
20530
169996
82704
193208
94365
142167
58247
39108
16999
192502
199995
156965
119996
123238
56999
9768
10806
104996
156544
69999
4909
56999
23633
42638
156965
126930
143609
106993
186986
2621
116329
127965
109693
269
133953
188011
192693
69999
42541
128462
39699
115693
144315
106993
151465
49939
142259
23165
150019
186986
6436
186986
58691
146995
86693
169429
33429
199803
184844
140281
106993
46496
156965
2048
156965
47757
109643
15994
44026
116996
189381
48969
5660
103981
97755
396
184873
102505
55999
156965
104851
146995
156965
8861
109232
184352
22006
11621
88233
4430
69061
39509
186986
69999
140689
24434
169996
20018
48338
162698
163969
18029
153691
84553
83539
89696
145955
56999
121099
152501
78854
12161
132630
186340
90130
76591
24022
149165
114229
162451
54965
106993
121463
153691
133563
168048
133204
56610
138251
121013
128698
131939
20889
193755
122039
81509
169996
98543
98669
45964
138689
35249
66995
150471
52960
49093
69999
199338
95005
66698
111959
132403
103115
110119
145689
145990
106630
65180
50081
104252
146995
69999
161933
86723
66995
106993
152833
113090
62495
295
179055
66995
199118
156965
13063
13693
115693
109523
56999
134105
48998
3338
85193
40351
144689
124360
81199
31150
105955
134699
6506
163801
93489
104039
115265
146995
45286
94669
101480
61206
189698
66995
51409
18286
113998
189054
85933
166990
14403
11819
88633
150695
164531
46568
107450
166990
146995
98654
100213
40892
69999
69698
8623
4640
69169
95233
19862
5807
69999
132310
169996
192693
133040
116626
98801
2330
146995
15699
146603
122699
136699
116996
153539
26431
17254
114623
113177
159339
113626
69299
110945
126677
69999
139683
135131
169996
62686
123118
81089
70135
13747
192820
179864
161359
66995
19819
59852
143183
113066
67975
146995
76911
133139
193441
120951
18838
66995
20482
106993
114641
66995
68699
24255
32400
18653
198238
111593
29080
101561
190466
11029
131840
68281
91754
135699
130720
82902
8221
98482
189898
130915
12452
5217
103629
198010
96622
133931
2255
165609
6082
31298
128096
199020
159301
15484
184629
181205
94463
106993
72390
19767
40363
156965
116996
63489
184620
123674
190906
5618
33862
124090
92864
199996
106993
25091
169819
43046
189258
82565
194639
108753
130030
146995
88381
163563
183969
46921
168924
126965
142249
163278
33493
20593
66995
138070
109693
10609
123612
65489
120545
66995
103561
163629
109238
156965
56423
54167
133519
189698
52951
119842
122700
138689
60580
15401
186323
148643
25240
189258
62644
45691
41126
169996
83698
166990
186986
164180
169996
2392
36278
133519
128683
91555
90698
92948
29623
136919
118691
135320
15859
169996
151363
121931
100449
47707
116819
116996
37383
177801
101804
104393
169465
49591
164125
140583
181157
105456
145213
66995
101012
90928
116996
98905
31964
26339
110930
56999
48693
101323
164575
123666
81980
40938
69999
135408
193663
189251
62887
166990
113621
208
168666
51433
11183
141460
41845
133325
145441
102375
129595
143774
155925
105169
49565
112859
15823
166990
22195
28203
199990
90430
156965
137584
140221
119966
72050
156965
95805
129288
30341
109105
114281
164699
180664
6057
125816
177484
31917
166148
150306
92515
93341
195553
96461
106993
186986
8639
143609
196308
102699
56911
156965
159699
95799
153156
6259
99121
168350
166990
99692
146995
196563
77772
186986
114691
154363
14249
44278
165695
124862
54363
96982
100960
43409
118682
48961
123218
187225
166052
106993
163811
156965
99973
118619
106993
101698
147955
58538
144859
123010
20030
163439
139844
104043
156965
154855
168809
148343
109761
17129
110302
189401
11261
156965
92413
189823
123143
154750
65392
28839
46348
98153
5113
31389
115069
42343
2386
166990
116996
110970
199995
81698
155724
120818
159281
4861
113689
155413
21662
135699
144284
4245
122836
162145
140689
169996
142969
101195
75631
196220
618
181312
126923
169996
92993
44155
184499
146995
177320
46955
39390
33443
113822
2242
14923
197105
116996
101495
186986
197729
61293
220
96449
31981
105341
119699
8039
12665
51698
106993
72668
144689
163252
186986
4049
50164
124952
99341
36439
146210
166990
167126
69999
25090
118691
118481
37233
157913
16165
138655
57715
35983
186092
190858
53812
92698
82699
90698
54903
189613
181915
131938
168159
161638
34469
132242
115625
69999
66041
14843
156965
295
65881
9854
158029
25698
15511
133060
52286
173146
99364
5431
92424
7996
81103
91165
63698
156965
29398
48341
160690
198
86126
21867
16862
12862
130699
47759
156965
175134
41698
56999
133858
49246
50926
90386
164695
131696
46993
112408
49930
63478
166990
125842
65609
91045
64693
186986
186482
105895
64585
37884
69999
18015
22118
199865
132389
168446
9929
160838
128437
195281
40025
83282
56863
159959
128491
194695
116996
34983
132696
41058
192147
89696
135221
166990
102159
56999
80583
21388
146995
118138
169996
64329
38518
144853
113533
155165
96604
30747
48693
156965
8880
156965
166990
182785
162698
186312
111341
15031
62456
3155
66995
1831
146995
44420
58489
110699
86689
139523
59531
154029
25386
106993
116260
33029
18180
166263
24331
129599
64858
106345
66221
32848
91750
104408
166261
96998
52000
163265
33513
133963
156965
125695
134059
134465
95311
199998
56999
140191
38999
156965
169538
146995
132303
125326
35270
69160
186986
36699
116996
106717
66995
146995
150929
162004
156965
13639
126271
160337
136699
34813
81364
150293
168440
98823
194041
45939
56649
182939
75684
156965
5401
111638
56526
25945
190130
21325
66064
22111
185243
61690
689
166990
102640
173035
129393
146469
41869
100960
66995
154296
106993
33597
26000
19249
18801
139549
60331
189698
131696
119465
132045
88522
51990
150429
66995
14191
21613
200000
79485
24364
8825
199195
118553
103099
199995
64633
81698
30341
35251
123033
98139
20805
68581
199992
106993
12310
181695
181314
49417
162192
84404
69999
46849
181414
84440
66698
156965
120699
112363
196663
168806
66698
154023
91163
192820
26045
91463
22186
153511
112202
148693
90165
146721
45259
140690
195883
10223
136778
32012
121322
78068
1172
40949
95465
104129
66609
104518
115231
8070
5513
156965
71079
74545
185735
129125
156965
16806
151939
182510
154906
45939
186841
51125
106993
30523
82660
162013
53951
6230
169996
18698
116996
52405
106993
11536
25015
125329
156965
106993
125465
166990
103262
168065
38949
12049
175323
6995
15699
63698
156777
106993
80992
119842
69999
149433
192620
76695
186986
138689
106993
52490
88339
9929
116553
21537
166990
200000
117152
110699
109543
13322
92949
128700
57865
33461
86693
114301
119549
180181
122926
54109
171035
111463
190829
26504
156965
56999
32959
132099
135807
160169
162332
96164
96955
146995
94489
80165
180399
121266
56999
156965
95041
18
159463
56983
49122
146263
106993
166990
80825
111443
122462
131608
133898
154149
150572
42593
168996
38309
189393
112460
69659
66995
53101
4364
81563
56999
12959
81964
114910
131962
195283
13198
171349
41203
146995
18806
136699
33181
91591
144269
164563
10418
82189
169996
96595
14809
162869
43609
3313
46862
5699
186986
146995
95923
102939
538
179844
186906
151121
56999
186769
8369
10970
186986
69999
39717
39419
26006
109423
101536
194015
38
29038
189439
86269
5870
10942
7720
185618
148501
68455
166990
182653
89962
106993
35681
108449
143724
142699
16630
193696
150481
104861
144133
184693
88019
146009
165955
169996
199151
190313
188941
94667
149503
36122
69999
192040
158923
116996
156965
166990
166990
69999
156965
190699
134105
136449
84495
66995
116996
101986
163622
80587
116026
161698
63962
83698
151903
69999
182595
51698
173978
24209
87329
199994
189361
32354
80517
38338
36999
99115
156965
69999
180629
48962
60815
103465
140015
166990
38393
62246
164125
98449
83243
47950
38058
19170
128438
50663
97014
101182
128698
141770
21695
146995
149125
103699
199523
16232
63606
89849
68045
53531
140501
49069
125858
4299
90089
54455
81616
106993
89309
16811
15389
187479
126499
69999
122882
169996
27312
90910
13151
146995
28241
7849
113329
167091
160806
154699
156691
166504
38125
165124
109693
40022
368
64693
21190
134105
51062
146995
139149
183619
105649
36423
183859
166990
107829
141785
25625
116996
160382
158829
135699
186986
137994
192434
199991
1565
166990
53819
86269
122839
67766
122533
38618
134859
35129
47961
44699
16486
68230
185069
12943
156965
15923
80530
85269
139683
23415
114693
103049
114343
20920
69999
65621
168071
145170
135546
38196
52531
114269
199980
134455
24082
2269
104739
14683
131579
154265
86639
122242
80506
151853
68893
40862
119299
193696
186986
24369
106993
12260
139683
64693
28225
64891
181241
123663
65883
71001
92551
138911
186986
181219
138989
52655
119839
166990
52130
17825
41645
56983
90868
130681
53231
108119
56999
61211
59655
38452
59545
32209
864
56999
169996
22253
86269
66995
65203
22063
21329
195695
143699
60121
40219
190921
191066
120098
145933
103895
140143
143519
108662
66995
150163
30445
104504
108365
135261
118115
94142
62598
181345
61690
35993
199990
106993
32405
82826
164531
65359
91975
146184
186986
69999
112916
140208
169996
140443
183109
20563
160109
56605
10689
150589
22805
12541
155123
16598
48693
56356
69999
96060
68699
45803
103981
189335
16950
66643
26612
34309
118210
185012
128406
165013
86693
16999
62245
141014
181243
63015
66995
113689
101698
165212
84961
186986
110
53569
29609
122209
8539
38272
110699
38225
122438
101816
48626
64123
175650
39168
155502
49263
141023
169996
58633
146995
95405
56999
188570
29262
3086
126114
106993
35611
120206
6481
133222
102359
56333
26863
144253
196643
110699
36999
169996
116983
93083
13569
61445
110090
156965
45363
101323
169996
1464
192853
115265
56999
116996
16809
13060
41281
161832
87135
106993
135131
90995
19288
159461
12695
186986
64231
28563
6101
106993
199999
83822
116996
46999
127455
156965
59028
116674
104084
136089
144541
84030
2582
23299
2519
27706
15665
44699
56999
66826
5399
44129
50420
52561
165838
179455
66023
166990
1553
56999
144908
188013
183318
148693
72681
52153
50385
12153
12260
69999
169996
165262
129453
85640
74606
162039
135619
164581
152363
146995
186986
42046
33008
149459
45683
116996
106993
56999
36
165605
180623
56999
114343
45541
186986
86011
89904
110599
126683
49993
69999
86854
69999
38037
28622
193863
115529
146995
64693
56131
147375
49283
125003
188311
136869
54521
3343
15665
91695
180909
191038
60086
56999
22580
6218
66629
6644
184194
196123
48992
197374
113398
119293
169996
154243
169331
96409
143063
200000
180244
66995
161621
186986
46210
182695
88149
112439
31092
35491
196090
186488
2858
42566
154351
104512
58445
55009
169996
199992
14183
59822
55259
148265
141462
186986
134245
199613
50399
152013
92465
66995
906
154988
186986
191969
183802
130699
2882
13766
52490
96055
106993
120459
89696
140605
66698
66995
156965
132959
25951
9972
125695
55920
62242
153043
125098
11569
61299
156342
81691
186101
68819
3352
69999
69999
80809
114413
146995
131011
62669
106993
197498
166990
19562
182695
13052
166990
105208
1398
24484
110431
128993
69999
144259
155461
3698
106993
147245
39003
53969
169007
40569
62098
169751
99859
81816
175694
51698
156469
93419
147817
50066
181241
106229
51122
140891
35951
170947
106993
144349
186986
108691
186986
165259
66995
108809
21415
116996
25316
104968
121306
152838
10104
80918
63848
14519
154811
66851
165913
36842
189698
141689
113639
66995
21445
68658
186986
158381
116563
1220
69999
186986
60580
99191
123934
119201
160253
131293
50846
156965
99159
78153
116996
120459
16329
168926
66995
190202
103699
85738
163321
28296
5351
163294
71243
84904
60598
166265
10930
81443
184564
140689
18301
148165
146833
150273
47123
40273
66418
68489
136858
196880
165083
16999
59215
120699
156965
146983
140015
181698
189393
79367
139459
99743
18574
130629
196810
178135
166990
41725
26443
165653
111595
113641
146995
68213
16438
46400
158881
131881
3099
99690
118413
6026
38195
13399
55358
186986
192041
195995
173211
94443
41621
134600
188409
50608
161263
89329
155809
144689
196389
146995
110164
23809
181529
66995
116996
163621
53531
152653
125098
70740
8699
138004
69999
80351
116996
79698
10369
45295
110359
166259
62465
96620
80986
91695
136999
169151
37501
10595
88189
103543
139716
139439
96046
122198
131696
85411
123853
13495
156965
68583
69999
15493
66995
21793
28090
142619
111362
141413
24203
62695
11162
76849
169160
29633
43599
199613
34843
56999
146995
62189
104695
113081
114623
55727
116492
156965
83983
180062
88527
143245
116996
158784
125645
153551
66995
20673
67466
39363
147695
111499
124189
51299
169996
125204
106621
59918
52846
166990
3669
148663
100153
131696
146995
110735
56138
136943
18682
35963
133796
194805
11812
98359
27318
65980
25699
199992
186986
165811
146995
66995
131303
120126
160805
141451
198433
126398
186986
122429
42455
159869
2458
115421
161846
102359
5804
136691
122699
181212
39503
68699
186986
168043
162615
165997
59266
55411
40463
41915
5002
122850
173792
86505
31543
44411
56999
69383
12661
117073
188369
166780
105443
166990
54521
8431
34897
130899
98053
9445
189186
127534
66995
22847
89859
41698
1951
27632
19640
101810
7094
153359
156965
34693
155552
184159
108022
125253
166912
48117
31559
4730
9549
116996
138949
24315
102965
163938
186986
86705
123462
189661
25849
190335
190833
66995
192453
61258
146995
66995
104157
12511
8682
128032
198659
10315
49690
112663
88098
54699
66592
166990
195053
2772
114613
61655
156965
125935
43130
133927
109399
54833
181283
164848
198966
189433
116996
158699
126463
194165
42703
190933
3982
189509
156965
186986
16064
140689
69481
138349
199997
98977
11996
156965
35588
171872
186986
121980
196699
169907
5
106993
198385
91309
119864
100141
110822
106993
92980
69999
2353
141013
116996
116808
161459
166990
8002
95111
111130
189746
51691
139481
48389
10290
96998
116996
156965
64282
169339
165507
15115
98138
199463
164822
126629
184693
59819
54581
54042
32128
29842
196863
93306
108421
153025
69999
196756
61701
12323
56999
169996
5923
143316
169996
114965
2214
8002
66995
3310
116996
164490
63065
98929
92891
116996
192403
28541
23461
30309
30333
114161
64131
134699
183637
8445
58098
2699
166990
106846
161926
2596
199992
166990
63663
132893
128066
18933
151901
158837
119569
115693
55099
48240
113819
57031
40013
161698
93833
185498
56221
186986
36098
132307
186986
25229
60228
10220
10299
85177
181901
194003
69999
69451
86091
28549
148693
130884
85121
42062
132218
60318
145054
20949
117237
116996
126220
144524
166990
131015
30084
166990
116996
44090
110339
54199
8831
194581
159699
58704
182695
2161
141780
139241
28006
88203
118130
156965
39509
119038
68699
42022
40520
23736
512
141616
69999
124249
69529
96366
138862
88019
170509
105046
18089
63844
46211
151243
31063
95309
126983
20431
125669
118249
50893
190061
183289
168949
101363
162897
141359
125776
88971
186986
150695
66065
169996
182989
31861
181695
136669
106993
180539
141689
40543
155965
199998
82919
156965
96436
63461
119089
131696
55151
168446
169996
161541
15471
83539
132389
194483
43618
65168
199994
93481
141307
169996
8111
36119
147298
143141
6999
111610
34863
41143
113689
106093
186986
52145
102479
56443
109045
188044
141689
175237
26165
88539
82386
87102
124883
4525
104695
109693
6999
27823
171416
149699
51563
156965
102842
104194
156965
166990
13998
188345
156965
80499
12816
188125
154113
116996
38655
74628
1861
20215
60049
116996
162838
191038
6626
186986
193118
28081
21853
186986
95141
27910
109505
45363
116325
183269
143699
168868
22688
96391
48481
128125
38882
122649
129882
140465
63398
182233
188409
20039
181554
56985
135061
60121
55439
92938
56846
114983
31903
16122
112264
163543
168481
135159
133421
34991
156965
116996
199481
191822
133939
193195
188372
57274
66995
13569
192455
198698
164504
173163
89309
169996
56999
4444
12558
186986
106993
146995
150475
90682
60124
128807
156965
90656
36999
134074
132613
25337
154414
44318
170711
150349
73379
996
116996
182803
91695
1996
116996
107588
182926
85523
106993
69306
2633
39511
66995
152263
139149
126054
109788
4051
30262
184469
45303
62465
50555
170205
100958
66995
13683
189026
30066
1660
51962
69999
50551
104381
46262
20512
119165
116689
66478
188773
186986
116996
189258
146995
114059
185760
55437
184438
186986
50164
65963
189223
148853
159403
103001
10029
108741
160982
198378
26241
18339
116996
199802
193495
59966
69999
55983
69210
193625
27670
166990
149048
148265
10520
10210
91465
141441
9341
20501
13043
151561
199993
8101
63906
16999
95959
121928
45504
185539
62210
118411
143618
199990
28265
10690
106814
56999
142078
123666
84223
25846
3513
46999
61519
50481
69565
169996
28036
16923
52849
120699
131620
160400
82671
199999
165695
10813
170833
78410
132499
91533
166990
72167
156965
177376
150294
151189
133636
106993
33693
177362
146995
92804
24100
186986
109519
59221
36699
182405
145750
112699
133169
166393
51929
68041
11699
111242
21545
192403
122740
69999
64693
56999
122483
61010
2483
88082
56453
169996
69999
166990
186986
146995
52621
183341
80450
69999
158591
139672
6929
155153
180008
69999
129061
116902
130775
199523
92201
107329
21986
23073
146995
66995
196858
87223
6695
39699
23015
169996
69999
190838
58318
189140
113846
19861
69999
48469
35360
90698
146995
75955
171378
109219
83813
59469
162649
66995
156965
55939
103483
69999
126695
331
83015
169616
198155
199996
33330
116996
73954
10568
112110
106993
66995
139053
106993
172858
34693
106993
45099
50266
199997
16670
135893
111842
33632
152869
120699
129852
168269
31910
18664
153611
82129
106138
69999
66995
40269
146237
45964
139359
90745
69999
124104
64244
151523
48305
62393
69999
51043
18646
8022
85243
18666
156241
197329
926
3065
45699
66995
54151
152263
146995
116996
51494
35919
132442
183373
156965
186986
186207
153691
11304
151355
187577
156659
46115
48530
129699
13313
66995
122461
66995
30818
68165
123541
39232
91993
151043
39993
93846
58099
80550
146922
106993
1339
15150
122439
145569
119810
51038
130699
126403
46674
169107
133230
169996
106993
68699
35699
156965
109363
22159
15597
169996
96998
46441
143263
4681
115753
95416
169693
45015
116699
29174
118782
169996
153327
122699
66995
33253
81986
64693
49953
61049
140069
153539
66995
161060
184689
173352
16999
48589
93318
106861
41495
139096
130747
140015
115063
15543
128410
12092
150601
640
116049
69999
110003
64693
9941
48196
66295
93698
50380
33693
146995
165250
196217
118012
156965
69999
34591
166990
152720
110623
99017
66995
152501
93949
130115
36066
121609
100005
2489
83940
69999
112289
53831
116996
48245
199998
66481
5831
13292
33172
166990
161519
168317
9112
95825
69886
166990
119326
90109
125465
85853
43726
55519
122023
80218
190049
53310
69999
57335
132086
146995
29105
116426
15415
93347
131059
139884
8420
81928
69999
6506
159689
94169
58159
13663
105206
104963
133913
30235
24571
131444
163061
5669
43151
90161
112271
133366
128125
85679
83099
21190
156965
55691
69915
128923
51893
146995
55849
152869
51093
148199
68659
94151
166990
118913
150949
120923
63230
113020
186986
9311
138619
108448
106993
156965
64324
169996
168593
153445
12605
156965
122399
60423
196060
125695
184693
34693
140095
46829
18645
136281
9223
54065
70436
192362
19463
66995
199993
115529
95883
26330
111109
45093
108245
91505
117359
41920
96961
49896
122603
91304
30442
106993
60023
2756
46104
6805
186986
108139
166990
153623
17517
158941
168143
166990
164501
125030
4813
69999
106993
164016
114859
66995
129087
186509
185663
31989
156965
162236
8809
84982
56999
6263
149239
106016
169996
139028
162124
166990
127488
81698
69999
15415
166990
55663
161849
145433
116993
56999
110281
34439
86081
115293
140069
56999
33349
90341
184369
93031
98543
138998
126193
60803
43133
45364
142853
89039
126124
24151
155895
69999
125695
81463
159796
166990
108538
30313
199507
48781
166990
26858
33664
191023
146995
19844
3292
166990
106993
38333
16999
188843
15901
166990
31639
169996
11699
166990
66995
199993
106433
190649
103093
156965
69631
193948
16586
138506
15477
134039
9046
126389
69655
197573
124966
45013
15415
115897
16999
145659
12030
36943
143519
129026
83600
142543
10565
195469
81514
116299
50084
129622
86596
192693
162465
71403
110863
112262
158863
56999
6526
152231
186986
92189
95583
92398
148693
81181
187771
199990
193663
84463
169996
33842
141301
19950
116996
36338
186986
25856
171669
125695
8699
160009
8969
34309
142225
116663
110699
118529
108119
126663
24998
28893
161405
21499
15859
30066
102269
66995
66995
116996
162509
188899
50182
188939
1066
186986
128024
115919
28402
18541
162566
138845
36119
68521
130199
88539
92305
169996
105046
66995
50902
70465
23549
156572
153061
46115
158024
23813
56999
6065
153451
5759
165739
39363
26051
125299
184105
162949
88933
90449
198949
181695
114623
47672
82698
53002
99692
131819
18689
4639
66995
189169
55691
22418
186986
26998
154563
67779
116996
138046
58043
118586
50456
108183
12295
88
9123
25630
40169
146995
194455
58666
4839
69999
11941
113822
102495
12445
166990
53072
123341
61653
2222
138475
104183
116996
69999
68809
186986
9489
73333
58582
150620
141803
85840
169996
98153
16168
92892
125669
30169
115569
101829
101489
72487
112944
167487
39581
55661
65923
141325
76549
116996
17662
90698
115643
105975
118005
59291
176470
130406
169996
58241
153539
143461
155989
12489
9818
106993
68679
7433
54811
166990
143699
93151
62515
198013
143363
147490
130699
190543
164431
14599
143113
110830
136083
1338
169996
25898
55834
16246
69999
122031
80338
189529
148501
107711
149705
87057
189661
158247
100896
186986
56660
194945
133159
56999
138218
108420
151977
108226
24982
146995
82606
111169
186986
92333
110862
67091
106993
69999
50101
140043
150323
116996
320
143411
139683
165695
10098
131162
80062
82541
81698
29
180869
190561
2090
93329
42062
89123
88753
132883
169996
7550
168884
34897
69999
121035
16000
90698
131381
110261
109276
50242
15923
37878
122218
106993
186503
101823
165610
186419
132373
37334
32549
147459
105869
9862
184099
60404
98809
180123
78105
196998
26595
56999
102212
129313
29593
125921
32458
25698
44739
29553
199998
9622
63445
176310
162039
139141
130555
32210
68989
141516
125695
181919
124382
48866
192265
106993
23195
64100
63421
185411
173380
48693
117009
28313
124163
96757
148693
63698
143669
104695
173003
99351
106180
185659
28151
1048
26339
46666
19319
100960
3331
111671
85269
169213
91695
186986
9011
116996
69999
115151
186986
166990
198636
151699
46659
57973
102686
21955
16999
124826
20450
85801
199961
61043
49330
54419
106993
94819
61169
106056
56999
50114
112862
106993
118919
121951
114803
140263
141689
101698
11293
39211
129065
121906
85818
173977
79910
135261
12499
82699
26528
146995
54101
106663
65874
16804
102045
156965
181208
116996
30466
56999
9986
129205
169996
150809
163330
24166
197316
146995
69698
20252
30689
38429
122533
27869
128698
101805
94325
56999
156965
40124
26998
193923
18095
36132
56999
51962
56999
110372
141461
191329
69999
18030
116996
56999
136999
64196
108019
59552
163330
99241
91695
101163
105169
121680
104458
45166
13325
30275
131324
93840
187521
26528
114883
20441
198367
93348
146995
80825
59845
54401
155129
9664
14239
57759
169996
53318
39581
186351
164264
84181
45131
89938
193359
50408
151949
54393
168580
185663
104200
161151
21533
198862
39922
75481
63541
139222
144069
152465
130699
125389
81839
136609
10666
63636
59841
128159
66995
103209
42459
164510
126596
142123
128465
46651
89918
186986
31202
156965
194797
136111
99230
146995
66410
105545
82699
121559
108691
182418
156511
21473
156965
18106
160640
106993
81065
141696
166990
20092
142565
139369
196208
184843
62894
135131
182971
106993
79765
118963
45338
155203
65356
28586
83311
45398
180683
5113
181247
145433
193495
39833
191153
166990
66995
146995
128853
134584
65111
61986
126695
66995
193232
165552
181992
152311
84577
79735
183145
166613
148693
46219
118061
144829
116996
140532
192317
169996
139501
61690
144689
192693
145245
160157
39407
56999
43999
39953
13919
186077
105124
26699
190622
122131
30419
59699
57293
66089
56999
81533
93281
146089
120699
81203
104889
80351
146995
3106
31495
66106
20614
106993
186986
87108
69999
189485
156965
169996
21471
138659
169429
81698
150695
68699
41136
91138
138099
54065
43209
161859
138841
100403
162163
6833
166990
158692
53531
130538
49565
69311
186986
12652
181803
20411
106993
57602
102979
109693
42053
137429
64063
146995
51893
104101
154265
128045
163483
26155
151774
60145
84998
146995
82466
189166
106993
1201
124809
156965
120699
33693
19641
148853
108258
85259
10245
160690
146995
115693
82846
110830
165695
46196
156965
80469
156965
113539
20791
158563
156965
165364
158349
112681
185069
56999
112459
12521
4804
16819
192043
39806
60153
145819
53902
24562
196331
106993
145023
4022
174677
23216
24305
114329
38551
69999
176858
48318
34949
160481
136099
30776
66995
66995
69999
182111
16244
56999
100511
44222
155381
123364
169996
18838
186986
90092
113941
38903
5449
102269
153691
4273
105409
69999
66995
9195
119366
9817
66995
16791
151699
165629
152829
116996
160606
145873
5064
56999
154699
106993
91624
45341
153325
23004
80263
52699
79208
135483
181513
56291
124652
11069
146401
133984
14815
125423
106993
95035
56999
84698
165119
194695
56155
114407
186169
9379
10796
19956
135159
66995
116996
66995
171007
146995
15653
166990
10055
152345
79663
66583
139393
91621
163393
180986
106993
106993
65906
115788
73521
144933
186986
66995
189215
4364
146995
37713
112040
144269
193696
161089
96699
29695
38424
199501
62695
64555
164303
16916
181213
64426
164642
199858
138062
132004
169996
189936
148004
48589
106993
106993
128831
32540
140448
129581
140220
66995
126482
98543
31809
18092
106993
198433
90165
42116
141538
75662
34039
59561
128939
63292
38966
139252
81919
152695
156593
68246
168118
166990
199995
169699
13999
104018
96366
196490
176598
105253
169996
121319
16015
122558
36829
109133
56999
169996
44119
59699
44699
191469
25932
149983
169996
106993
143817
119293
196663
56999
164330
66995
165995
187595
69999
95069
166349
38408
146995
87048
23195
140689
32920
33329
102982
139813
166990
186986
169465
169996
21514
126265
82477
106993
154512
198698
149251
108152
133812
196810
114909
166990
43969
116863
66995
66995
175113
134465
196489
89696
169996
66995
26602
83240
16645
156965
124099
37297
48401
44699
159699
26858
98129
84121
46516
95152
193055
16452
44843
129461
66995
13238
56116
163287
163479
94421
166990
169996
16666
155863
63962
163969
66995
169996
22345
184381
92699
51698
99245
139483
106993
168541
92495
43222
7081
7954
113689
153564
195523
108691
180022
13449
85168
36063
36691
50520
127372
165161
104330
195930
151289
139969
42506
69999
44024
81398
1229
69999
199223
115631
199610
145974
46695
14893
12695
180330
190618
124301
4115
26903
166990
106993
191269
10400
200000
12253
116611
88381
194035
82690
88699
69999
41165
149483
62044
199918
6999
82945
106993
196915
46219
86102
145441
3602
66995
65049
48596
124606
33647
32038
123666
92083
69262
56555
153859
131398
331
89699
85053
152465
182663
3200
62881
169996
199999
109576
111722
61499
66180
30712
169996
169996
182104
169996
43988
114059
100082
116996
112561
124019
88861
186986
26392
81649
165774
36229
38639
8999
158269
165229
193583
28646
140117
79363
133918
113689
18199
159699
30698
146995
40366
146995
129722
161589
181513
32354
67840
169996
56999
89576
116996
156965
169996
10666
123449
60215
133699
146995
101904
2386
16980
195505
124183
159665
119465
165695
6212
116996
166990
69999
20186
138496
51655
42338
125525
41851
82825
19699
123465
50963
161198
100406
134999
35519
54469
61563
116996
126695
56999
13124
130000
95541
191210
9969
23924
143699
138575
33663
124328
135159
90698
85021
186922
166990
195169
142841
186986
11960
14699
81638
100265
62362
166990
163663
84086
69999
160589
139683
150621
116115
38408
36682
66995
62695
62869
108529
8538
119093
45672
51223
22287
2893
5641
117210
170636
64322
36359
156965
106993
146995
196904
195469
6161
94463
50861
109063
106993
47549
116233
47940
2225
154699
142505
136511
30539
91666
8482
144223
192809
133899
129565
120249
108691
169996
186986
182908
25349
164462
150299
86753
23603
59455
138398
146995
69999
192383
12504
160177
128309
119982
66995
45099
4488
116996
27073
115265
