45
101
010111110001001000001101000
101010011110010000110001
01011011110111100101000111001
010
111
011101001
1110010000
0011011101010001010101111110
0000110
00111000110100100111101101
110011010
010011110001
101011111100110011000000
100111101110111100100101110
10111111011011101111101
1100111
111111101110011011001100101
1110110011001000010000100001
1010110
00101100001000001010001101101
100110
00111111101101
11000011011001101001010001110
1100
100001001100011111
1010010001
111
100000101
1111010
1010
000111000111100101101
01110110110011110011110
1100100
0010010000000100000111001110
0000000110001010001111
111001110101001110110001
1101001101110100110010
111110010
00111111111011
000011000101100001010000111100
01111000010111010100011100101
10101110001111111
10001010101010111011000
010111000111
