31
1011101000101111111011111010
1111100100111
01100011101001001111101000111
01101000
00011010101011010001
101101
0111111011010100011011
01100
001000
1010111001100110
111111101011100100110110001100
11110
1110101100111000111
1100000011000110110100100
1001100
111000001001100101
011011111100011100110011001
00
0100000101101100110
0010111011111110111011110010
010011001011100101111100000100
0001110100100010001001101010
10010100
100011001101001101
010
1100100011101011100100
00110110
10101000110011100111101101
0110011
0101
00110001111001
