30000
5000
8138 9466 994
1104 1737 298
13926 17723 3098
2522 2630 68
16815 18960 1030
799 3866 2951
3413 3460 33
24812 25411 100
4258 8920 2972
15594 16627 661
20434 22997 1288
11377 13057 1664
18850 19727 369
5559 5794 158
8069 9670 718
9617 13908 2961
16017 17982 202
19182 23945 1466
21011 24048 1902
16950 21242 1269
16508 17231 492
16234 16649 24
20890 21785 885
19521 20760 967
4571 6455 1612
2994 6964 3734
927 1874 634
6158 10911 4732
23038 27857 1792
21223 23539 337
3223 4377 999
5230 8866 2534
9888 10549 170
19817 22654 227
4462 6696 132
4554 4930 306
8279 11671 3311
520 4485 613
8288 12431 3593
2033 3255 743
19600 21510 86
16621 18922 558
20167 21909 523
22134 26597 4099
6578 9190 347
16040 16265 48
17993 18422 306
20921 23002 166
15963 20496 804
7697 8074 165
19232 19269 8
14753 17177 1794
2820 4378 858
17582 18523 645
7876 10626 2410
5322 9390 775
969 4721 3028
13432 16549 965
21998 25345 1213
11187 14698 1333
21594 23919 90
14409 19116 607
15175 17702 1322
3462 5323 497
24560 24834 104
14702 15898 1092
17583 19211 767
5802 8984 2125
19470 22707 2170
12452 15716 2868
10016 14505 2605
6358 10993 1159
15979 18548 2188
22892 25004 214
11638 16396 650
16853 17945 916
5417 5618 13
17145 18662 380
19730 24156 4096
1427 5790 2970
18239 20525 111
15539 18563 1666
2223 4073 1003
10418 15120 3911
14332 15512 951
1885 5064 1203
6294 6366 51
16729 21471 1495
724 3509 354
12603 16809 1689
8811 12505 1267
14941 18462 763
8706 12490 3635
17106 19149 1359
21898 22002 80
5825 6571 270
24914 25712 140
18359 21490 1658
4419 7744 2234
1410 5377 2954
8403 9404 758
14995 18871 3371
17638 18913 322
23267 27065 1316
13226 14442 1146
3922 8098 1836
862 5577 1255
4160 9018 2543
23575 23614 14
14814 18750 3193
5329 8996 917
15717 18291 1537
20993 25990 3360
5386 9341 3112
12130 16717 3321
7296 10815 2884
15697 19997 3354
8870 8989 84
22448 26515 2613
3675 8099 1597
11555 11754 18
12596 14872 1180
20892 23248 2075
21745 24275 1219
11722 15202 3191
9083 10811 185
204 2677 84
3850 6281 1314
9490 10636 570
23542 27266 2405
23128 26328 1006
2933 5012 2069
21372 23161 1271
9205 13074 2010
9722 11448 1418
17147 20226 175
6954 7663 697
14379 19243 3101
879 5124 4138
9083 12042 450
7544 11842 1854
12642 15107 1416
11365 11623 99
7277 11834 3830
23158 23875 563
71 2150 913
23128 27016 3639
143 319 63
9852 11266 126
921 5828 4308
7175 10149 1178
19999 20683 301
16964 17457 373
10660 10685 3
24802 29034 1169
2334 4522 1220
21274 22753 1432
17762 19085 613
21437 21694 71
17981 18443 122
2611 6122 3398
8163 8871 95
13904 15562 137
13332 14103 599
17953 19439 426
18793 20259 1285
9371 9466 72
6289 9538 1452
18554 20741 919
19088 22286 739
6766 7278 296
23061 24563 465
17096 18030 920
11879 14120 1968
18951 22286 1835
23501 28062 1492
24447 25230 707
7583 11542 3795
16425 21350 1856
123 5002 2500
13012 16810 2393
13078 13924 660
5842 7905 410
23446 25943 1427
1236 2682 1391
14198 17001 2288
19130 22882 3235
18849 21904 709
16276 19900 1655
18223 21765 1418
1472 2580 1104
22562 27354 4349
4380 7748 3357
10290 14766 105
23970 27608 2517
1973 4174 1884
21006 22763 921
15130 15177 30
9218 11886 150
12892 14380 727
20201 20269 33
18032 18893 787
20627 20839 90
3936 4432 490
283 3967 6
11434 14992 2546
3726 7793 2076
15691 18933 2858
355 5163 1573
21067 24882 3630
5259 7661 667
9805 11546 1301
4678 8185 2035
3038 4430 1312
8349 11985 2973
668 914 167
24434 28553 1339
15770 19392 1385
9496 14372 9
24834 29427 3215
13919 15464 8
8200 9458 300
717 5426 984
20848 22626 1322
15683 20156 3460
3145 6221 1533
7578 11187 3205
4629 7064 980
16668 16720 39
17239 20388 582
21428 24189 702
13060 14441 82
9849 11905 379
21348 23537 1166
1600 6172 4088
956 4815 2249
18438 20503 1542
7869 9736 1375
10862 11516 361
14051 16713 619
2158 2847 94
18826 22349 636
9900 10454 500
23166 26945 3545
2629 6010 1350
1153 1314 89
24123 26147 1110
17223 17941 429
22406 25261 707
18091 21236 2340
8555 9653 99
15243 15417 98
19679 22328 1377
8086 10585 2389
24108 26884 1313
19998 24184 4004
13186 17049 1040
20110 22322 1990
1014 1584 256
23478 24925 1440
4359 8956 2459
16801 21266 2295
2695 3417 298
11805 14724 2758
11237 15370 1291
24331 28507 395
15853 20203 1721
4780 9194 3975
21180 22557 1052
20406 23181 684
5063 8389 1655
2694 3983 21
6911 11516 895
14319 16935 1480
7649 10795 1697
588 3508 1066
12924 14962 1687
10434 11357 421
7128 10718 789
17575 19684 128
6776 7052 252
9034 13729 4622
10989 11430 244
1433 3506 1711
2312 2438 23
10929 11381 84
21115 25170 3545
6077 7264 754
24337 26194 439
4722 4968 179
22596 25650 559
2106 5218 1918
21782 26186 3478
3154 5998 867
4248 8178 490
18044 20544 2087
23881 24443 247
7430 8901 1119
11585 16419 1797
22466 26357 584
21402 24102 2378
15920 17965 425
20563 24907 3027
19640 23636 3103
17454 18469 144
6159 9441 597
7839 11315 1798
18858 23852 3574
4907 8787 3443
6544 9150 401
5855 7585 331
94 4113 2870
14956 17243 639
11628 15878 1456
18515 18975 391
11169 12644 1332
18856 21803 1378
7434 10889 763
10738 15062 128
19059 22417 2604
2364 4419 427
10671 13864 2004
22672 26796 3840
505 722 143
19918 24181 2843
13290 15579 2031
21843 23639 928
19600 22528 956
23080 26969 3586
11253 12634 1171
19027 19874 250
2484 5410 2776
20284 23179 590
8943 9538 142
11129 14132 100
6814 8879 1983
12405 15064 1074
3118 3484 95
1832 6203 832
21171 25911 389
11200 15288 3600
12806 17099 3453
13328 15198 663
17058 19513 263
10133 13207 296
9059 9501 95
14876 18117 1503
13624 17091 2132
14628 15493 100
10960 10968 2
6961 7404 50
13421 14811 71
6696 9191 180
23639 25726 719
6863 9682 2263
22264 26822 2376
23741 26791 837
9823 11054 1023
3809 5030 400
17069 21684 1830
24705 29168 2064
19336 23489 73
8693 12043 1301
5314 6905 463
23028 23644 287
22508 25584 6
3136 7746 1852
15912 20520 3902
2801 3729 896
6852 7806 497
15959 20689 3241
4006 8826 522
18126 20086 15
1115 2215 753
7337 7993 647
24155 27639 875
523 4959 3490
22822 23588 486
2012 6609 3563
10232 11167 869
22061 22866 242
18820 19535 472
490 4144 751
12768 17526 165
24348 25374 87
5890 6193 241
9628 14549 710
7071 9992 428
11057 12776 1112
5929 6048 52
21498 23975 444
22862 23030 76
14120 15461 1034
7741 9435 8
6965 7123 2
8735 12176 1396
6276 7818 551
24978 26311 276
2855 4394 250
7203 11818 4415
20097 22464 2202
7255 9833 2253
9144 10155 313
3633 4968 727
21179 22616 710
23958 28316 4230
48 2420 754
24830 29056 3068
20628 25425 4211
2804 7132 3333
15456 19287 828
563 1819 831
24517 29078 1058
17657 22119 3261
11570 12406 91
13814 16364 684
5456 6476 850
7651 11049 381
12196 12826 260
3026 4441 433
18942 23315 3705
22136 24727 2222
14568 19515 1583
17138 22010 920
24640 28372 817
23492 24287 617
16119 20853 4223
11674 16142 3554
10248 13803 1171
17328 21231 2161
16111 19450 2343
11696 12351 42
3109 3285 104
17113 21793 2946
8519 10562 851
4867 6381 993
17228 20793 2219
12756 17181 2023
20085 24431 1037
15429 19535 1851
20837 22841 365
177 1261 213
9941 12874 1772
22373 26602 799
22175 26984 2332
16387 17233 304
9713 10415 32
22573 25441 17
8642 9410 66
12130 14894 1211
20508 25280 3025
2179 2293 18
11977 14425 2400
6598 10017 192
20698 25579 4332
17039 21874 3628
9614 13644 222
6246 7415 777
886 952 38
20436 21316 557
9874 12693 1663
7277 9279 637
4995 5046 16
13920 17016 1366
6164 8264 1934
13775 15316 876
18853 19080 81
9520 13467 3440
22809 23294 462
16050 16264 212
10203 11858 768
4114 8114 313
12703 13108 264
11233 12370 442
11522 16492 1643
4233 6310 932
4419 5336 200
10619 13343 576
24587 29207 1837
2087 5432 1784
8938 11408 66
15819 16394 110
13159 15487 1135
16106 17229 466
8651 12439 217
8243 8899 503
12719 13906 209
21743 22441 211
13800 17334 3307
8938 12248 946
23648 27949 1267
10856 11771 568
8997 10899 477
3329 3459 72
16753 21123 2080
5431 7268 709
24997 29789 1457
12870 16098 2423
17570 20696 454
13936 18191 651
8362 9106 702
8162 12081 767
23314 25350 1763
6077 10390 1262
24187 27440 2101
20552 20924 38
18912 22078 1405
19243 23297 3692
14544 18201 1826
21748 22982 906
21018 22633 1130
22432 23577 191
22780 25009 530
3488 8275 363
16398 19833 1069
918 4498 1029
6356 8997 2629
1785 2420 323
23623 24051 272
12456 15090 118
23361 25813 2261
22785 26278 1879
19446 20187 681
3302 8145 4811
15361 20141 1585
14766 15832 116
8790 10439 1294
9822 11130 304
21747 25556 2012
18313 18899 304
4748 8201 1526
8992 9083 91
23232 27525 4165
14197 15212 491
22484 23365 417
18538 23522 4030
24655 27361 2514
989 1444 170
3480 4381 584
10037 11482 830
24746 24953 62
21946 22744 125
23989 27357 2172
10711 13675 755
8011 8068 41
23190 27325 296
4135 7523 332
7255 10908 1967
6392 11055 2881
12719 15692 1718
21554 23380 1597
2418 2763 72
15867 20762 2359
2285 6061 2257
20977 23820 2789
12672 17637 2569
15616 17452 1389
1653 2524 516
23666 28563 79
7713 8182 161
24959 28574 2849
22296 22538 120
3122 7205 2325
5091 6229 472
20674 23164 767
10038 10294 11
5939 7176 583
20755 21237 179
24880 29711 3246
13685 17520 2010
9250 10962 520
13779 16347 2494
11131 15284 2054
9171 13287 2014
18636 22852 346
1064 1092 5
13880 18751 4118
11261 14400 1392
22932 25571 1315
5289 9830 2077
13968 15884 1254
17322 17888 32
9815 12070 1475
11898 14965 168
10293 14176 1903
15218 17215 1847
8593 12816 2837
23398 24011 300
321 5179 1736
24836 28722 1588
14097 18878 468
11757 14571 322
4587 7167 1765
5295 9900 2699
8085 11128 1540
7173 11285 4002
7847 10950 434
22353 26035 3111
7058 10868 761
24011 28818 3664
2041 6641 2082
8058 11797 565
2902 7193 1838
12166 14936 454
3710 4197 425
7157 9329 1135
255 1407 19
9658 12754 1053
6044 10538 1991
17314 19410 1544
17010 18802 1465
9724 11199 1276
13193 16060 2126
17649 22240 3704
1864 3112 1116
18197 22762 4007
17022 18362 303
17644 19418 461
10303 13954 3051
14439 17590 2330
13940 15981 1779
20942 23677 2023
17954 22574 522
16637 18003 1327
21989 24971 667
11065 12930 1820
12684 16202 3116
14707 17466 2083
20817 21117 167
3589 5199 1032
19378 21337 308
21623 23113 1172
24722 25613 227
21811 25989 571
23774 26261 1727
6422 10852 3310
11400 12006 73
15423 19651 3508
24295 28122 2333
9691 12149 467
16563 17220 470
4248 6336 1623
3245 4857 28
4795 6512 193
17088 19480 1007
16538 21047 2121
21315 22310 667
5646 8782 2
12842 15940 1173
3907 6417 1566
1774 1828 53
9289 10262 608
4844 7829 2814
2381 5703 1822
8266 8660 118
24069 27748 1361
4930 5932 822
21644 22636 130
7625 11474 3844
21693 24550 1077
24556 29216 2557
6975 9616 2551
21590 23291 1696
13939 17533 1024
2916 4404 696
5925 10867 3178
8861 9166 131
17308 19267 1657
22024 24338 1943
9269 12100 2162
6363 10909 813
6395 9328 580
18906 22901 1111
23239 28215 3350
21169 24186 2165
19266 23826 381
17578 19348 250
17610 20670 1443
1939 3278 285
15611 17220 1256
15947 19841 152
6627 11011 1406
6325 8840 611
970 5476 171
309 4006 447
7340 12174 2800
18219 18954 42
17799 19640 1474
22581 24312 507
7350 9088 1395
6267 8801 2006
16662 18876 2189
12941 16107 70
11519 15173 485
2545 4255 904
8339 12052 481
13021 16103 2736
24666 26272 182
17809 19716 1192
10112 11910 208
2313 7135 2553
14773 18579 1751
22223 25493 648
12033 15906 3364
2948 6998 626
13748 17150 2767
7972 10055 399
1436 2765 256
10492 14181 950
264 1529 20
12664 17447 4363
21486 23830 1413
10939 13312 1679
21712 25074 3141
19935 20209 126
2039 3246 483
6518 8109 1373
24792 29529 1694
16153 18088 1809
13604 16072 1931
10521 14684 3613
1783 6421 79
19628 22855 2798
7677 8347 180
8758 12966 3297
22016 26830 1148
11247 14562 2381
19232 23205 884
22839 24109 912
5578 6099 142
7927 9537 1476
19654 22074 1805
22902 26647 2251
8798 10059 1053
7793 10412 780
20897 25058 3065
24967 29239 3305
3514 4305 687
23497 23538 15
19133 19512 146
20572 22813 67
19683 23111 309
7571 9054 461
3695 5925 1979
23824 24907 312
8346 9533 391
11239 13966 242
19581 20145 375
8560 9047 259
19489 23269 720
5565 8505 1884
9295 11004 1480
20730 21930 212
1825 2830 87
6380 11116 2292
22333 22431 42
13697 16279 1412
19035 23598 732
6858 7360 346
18060 19089 512
16582 17137 314
14488 18312 492
9176 13064 2352
287 4617 1966
8333 9440 409
18987 21573 1515
9149 12017 757
9311 11524 817
7653 9667 1954
8560 9908 1063
246 3526 2762
9716 11813 287
1457 4383 1834
6830 8962 985
902 5156 464
24698 27389 221
22016 23499 140
13996 14380 251
21525 25951 1154
5212 9310 1299
20430 21040 240
6964 7956 165
110 462 14
9709 9953 155
21602 26252 1203
17639 20575 1772
22854 23882 574
7753 12152 937
8355 12846 4189
8932 13558 2575
8695 13607 3522
8297 9367 985
19866 24212 1943
5504 9934 4283
24175 27546 2171
892 955 31
12056 12392 19
23764 27214 660
7522 9468 76
10631 11603 354
15096 18633 3488
8188 8248 49
18377 21721 2840
5076 8978 1786
10700 13348 320
18448 21691 2205
17051 20616 587
3982 8661 3131
14335 18268 3320
24411 28672 1427
14742 14820 59
5083 5441 133
10031 13623 2249
3531 7214 569
23597 27028 527
1719 5004 2302
22930 23156 126
22666 25974 1457
23033 24258 809
5596 10103 4024
2234 4777 1189
23842 23852 9
21232 22075 202
445 5260 2345
24713 29673 3882
21013 22051 369
3198 8044 3123
14886 19070 2674
16424 17692 1006
2334 5139 2558
19301 19743 320
15245 18162 1022
2797 6807 1878
19983 22677 1181
5703 7635 563
6635 6878 216
9756 14477 2323
12064 12972 68
15571 18114 1245
18067 21747 587
1005 3708 1785
13620 15526 156
2491 7040 73
9874 14803 1863
24170 26641 765
1288 3735 1971
9991 14083 648
4229 4802 407
918 3469 2360
3633 4413 587
8561 13168 89
2048 5436 928
8745 9499 440
21679 25680 1248
9099 9350 213
12042 14555 565
14553 18171 1447
16686 19811 456
19175 22431 2843
5213 8507 690
7699 7843 88
9684 12568 2274
21030 22629 911
20570 20625 55
17662 20167 1182
24811 25611 382
12695 13598 655
10347 12947 1278
13988 17850 2419
20985 23540 1938
16169 18139 500
505 5214 456
23660 24628 72
18934 22122 2824
19032 21891 379
4794 5216 174
13559 15252 732
18110 19266 637
3416 5323 739
18170 19553 466
23175 23324 92
10544 15334 4669
3736 4343 315
2829 3866 718
20204 24747 2824
11143 14311 2833
22082 24826 786
17653 21600 760
14220 14667 238
11476 12427 446
17696 21394 936
4350 5369 48
1047 5659 2070
1581 5780 2701
24408 25724 1304
6057 9982 3809
23002 25004 913
16816 18524 1708
12478 14746 822
6697 11183 3936
17666 18861 378
4299 8192 2426
23711 23995 222
16877 19190 128
15338 16146 18
15944 19702 66
21280 21465 159
19587 21069 125
7822 9930 1871
22657 24622 1186
8150 12252 1355
1509 6028 1316
23714 24168 135
6689 7249 462
5511 9328 2665
8188 12671 72
7831 8571 611
1712 4074 938
20125 20716 273
23877 27306 1649
14956 19440 3680
12613 13172 412
17002 18430 520
14306 17328 1594
15543 19269 585
9574 10122 44
1294 4443 1745
8185 8783 11
23534 27921 1262
3429 6958 1285
836 4033 227
5699 7143 254
18963 23214 1103
21875 25788 1343
3217 6799 1993
14796 15367 366
483 3696 2729
18525 18572 1
13807 15667 1117
3527 8314 2568
15484 16457 462
9367 9676 297
13628 14191 356
19241 22559 1027
2958 7763 173
18635 22728 1230
8498 12482 3008
12908 15692 1792
21756 24333 895
3645 8358 1818
23327 27041 1606
19342 24145 1012
24410 28078 1136
15614 19385 2418
7993 9851 819
6618 8611 1109
24166 27112 1437
15994 19999 1944
8700 12010 3257
20466 21143 601
15384 15837 108
5358 5514 32
21206 22221 382
11902 12950 54
19961 21927 121
9363 14249 1826
4865 5478 131
23909 27001 1518
19945 23020 929
3831 8100 3243
23839 27213 1428
418 4460 1776
23977 25929 1759
23462 28369 1925
19440 23270 371
18395 19041 105
2733 6180 1063
11232 13403 1481
4963 5975 548
6301 8331 1024
16012 20706 1149
2984 4617 335
11941 16634 1945
24708 26152 772
16633 21479 2194
4272 7462 509
4226 4782 209
22359 25014 1518
3802 7940 415
3953 8882 116
13794 14462 106
18444 22736 1552
11081 15979 4852
6593 7857 575
14685 17890 1472
24383 27287 2034
1648 6332 1092
3197 5561 2250
13986 16772 1536
5890 8908 823
5983 10178 2255
12298 16716 1410
1262 1635 17
23596 28584 4974
24642 24755 88
10946 13700 1267
10335 14434 2792
3029 6932 2539
6274 6807 532
12611 14971 1250
9829 14789 2814
22211 22554 20
23540 26677 1513
11552 14369 2771
1380 5144 2938
17669 18928 802
7089 10860 408
664 2865 1204
16912 20156 2328
22130 23893 957
10244 10819 322
7343 9301 1259
18902 20650 206
9694 10805 287
14563 15889 830
4407 6714 698
20022 22425 376
11754 15403 3096
23917 28070 796
15588 15772 17
1072 5236 2151
4448 7467 2072
7259 11538 500
22642 26912 455
18615 22273 3090
5929 6321 370
12723 14656 1212
18599 22732 2070
6215 10438 2109
9234 9253 12
13220 17339 1604
14184 17189 2061
10676 11721 1043
14013 16888 869
6188 6547 334
16952 18191 779
17211 21028 225
7945 9630 1233
2641 2745 56
15147 20118 1696
4919 5722 538
11063 14165 3007
3190 5126 659
10839 12853 145
11506 12236 37
8820 9147 139
21172 23420 1432
9352 13875 1063
23625 25030 1352
12153 14104 1471
569 4099 919
9531 9990 276
21767 23234 318
20319 20619 139
13843 18782 41
1862 5244 2704
21097 25286 3570
24817 24874 31
12372 12666 256
18988 21591 1649
12141 16851 3877
5129 5583 406
14618 15788 211
20646 23879 883
17740 22378 3028
4615 6425 1368
4708 4927 80
7570 10725 2620
20158 20560 376
12292 16984 311
1564 3972 1017
21361 22807 521
24774 29045 396
13823 16311 2198
21243 25550 3521
24894 25190 243
14245 18697 1377
12461 13128 497
17658 21741 3762
20262 25191 80
9559 12719 78
8252 11762 725
24310 26686 1590
23802 27390 191
16874 20946 3729
11276 12872 578
7212 8906 993
5238 7330 748
1557 4635 2332
2187 3002 489
1646 6131 3768
10457 10463 5
18329 22056 293
15869 17071 488
17919 20475 1206
24972 27925 2058
13911 15180 15
11452 12815 648
13760 16740 1398
22571 25673 184
6101 7823 428
4496 6276 1634
18535 21693 2619
6226 8583 1661
5655 10493 2438
24607 27377 2348
6917 7095 49
10748 11036 52
9912 12319 954
24284 24674 47
7177 9329 1686
24254 25577 915
9543 10318 117
2257 3314 557
16752 18411 919
22958 26204 2632
12350 16360 128
17117 20288 570
10246 14215 2505
1330 2849 31
506 2104 1447
4503 6031 664
12510 12709 154
17136 18601 820
149 2243 1780
23637 26422 198
21983 25037 2351
8416 11271 1835
4739 6361 338
21496 24277 129
6910 7226 263
1903 5802 2217
6077 9715 3633
15371 19351 2370
9641 13371 917
19943 24156 3180
24402 28257 294
7139 10966 3657
6627 10075 3134
5417 9171 847
16457 18201 1699
4989 7274 1144
9289 9976 641
21722 24010 1343
2953 5467 2020
15902 20254 2463
3415 7169 3592
22336 23731 24
19311 20282 136
9677 10501 610
12234 12330 31
21980 25543 1108
6110 7285 349
17755 20848 2815
5835 10373 3702
13932 14318 192
18133 21423 2882
17648 17907 219
17074 18421 1331
15516 19925 340
18428 19967 51
16244 20584 2548
11629 11931 287
11296 12943 643
11278 15945 1573
7767 9622 814
22373 26782 2477
995 5299 746
5505 8330 1805
19680 22249 2139
20698 25118 3583
21698 22436 596
11987 14257 1952
22305 25978 3139
9964 12787 1373
1347 3530 677
16822 18617 178
15451 15642 135
13722 16162 2017
13057 16331 1953
9028 11328 2242
17817 22700 4380
18871 21184 634
12311 13219 28
4190 7583 2001
22468 25903 1429
21397 22406 15
1533 4987 2828
17964 21413 180
19149 22359 2303
9863 9886 10
4092 8961 1213
5837 7853 1880
21731 23082 1008
9295 11718 540
17258 17984 247
23053 24036 565
1564 2063 409
20628 25013 321
1145 1850 638
21117 24529 2313
15017 17954 1867
3359 8164 4733
23176 27745 2562
9766 11212 40
996 2400 262
11575 12177 582
15086 16238 865
839 3033 1787
11702 14098 2075
6006 8911 51
12021 14426 611
12925 15922 1260
2434 2640 111
2258 4020 820
5729 7744 536
3222 8212 486
18697 21208 2198
2878 7402 1491
6413 7049 348
5483 6843 587
6416 7172 535
23428 24007 503
20243 22509 1559
15484 19691 34
8517 9669 810
10194 12762 2465
12081 15879 56
2908 4322 251
23669 28207 635
9711 11468 848
10440 12708 389
16042 18473 813
15472 16377 47
12745 15464 929
24209 26060 1672
8212 12604 2670
22855 24718 995
7903 12875 1506
3181 3300 9
2348 4791 926
9984 11808 887
17505 19247 507
11909 12501 282
22590 23310 377
6452 7638 693
902 4396 1075
23919 25048 429
9343 12206 2263
1028 3337 1712
22868 24273 872
5822 6002 88
21688 25159 770
14760 16305 1337
22253 25669 1327
23350 23767 85
18543 22966 90
16697 19813 525
3516 6549 1135
13838 15644 1427
22503 24949 1879
8027 11154 2609
11331 14857 3169
7204 10832 1749
7744 9602 756
12896 17373 1348
10901 13586 1870
14940 17416 78
15902 19783 3442
1706 2670 927
9134 9924 656
19153 19942 587
16351 17780 1258
10157 11518 743
14361 16310 613
6186 9103 1550
14758 15542 379
4830 6574 1712
19715 21180 899
1848 5125 70
1341 5405 1195
8578 10429 1849
7863 12238 2874
2795 6410 855
17731 21615 3059
11519 15275 1029
12227 15068 1548
11075 14991 3486
8842 12970 1586
5896 9540 1407
7357 9879 1481
16382 20359 3280
13657 16877 400
20610 25565 1820
13605 14208 504
8046 8248 126
11339 15161 1338
18673 22361 490
13772 14403 487
11295 15908 4269
1565 1910 106
8404 12556 2357
16863 18677 525
4805 5454 312
10505 13702 197
6610 7537 512
16626 19559 1939
14094 16841 1286
1327 2484 760
4555 4889 238
5018 8556 2124
12764 17028 498
5664 6464 714
24997 27182 355
13263 15832 292
1146 1900 116
4925 9283 2829
21066 21168 4
15647 17717 583
19362 22503 373
2867 7813 846
5272 6444 151
18721 19863 714
14348 17164 164
18342 18878 97
9421 12661 763
21056 23858 605
17856 21043 2113
14602 15212 167
13716 14321 502
16215 20109 752
4978 9692 1620
19092 20963 874
20837 22241 676
24086 24799 591
15222 18189 897
124 2071 629
13266 15736 1347
23254 23759 410
5660 7389 201
4349 6816 1375
19648 24588 3889
19537 21019 1323
18197 18876 595
21414 21851 228
3463 4859 392
23377 24900 873
5470 10157 1857
4732 9041 2086
24803 27628 931
21215 24436 3061
22437 26688 2317
14760 18415 396
13511 14674 817
13517 13925 171
3154 7265 873
13690 17538 115
4496 5229 709
4613 8459 1407
4802 9364 4342
2965 7629 4412
23471 27796 873
16990 18203 604
13476 15986 2080
7524 11726 514
23923 26151 1926
15213 19274 10
18768 20559 903
23178 25213 1466
13580 18551 472
12109 13993 280
1691 6481 426
6032 9027 2557
21160 24237 772
17403 18374 506
17957 22848 3862
20350 20845 385
16689 21285 4285
1418 4601 1660
21146 22934 1596
23778 24586 101
11163 14860 1099
9038 11360 712
7804 11989 438
6319 8508 1272
23832 24946 1049
21561 24803 2633
3995 5924 1522
11986 12251 244
17902 22617 562
1611 2974 26
337 2424 250
9516 13099 2826
17915 18894 583
18766 21504 345
5056 6072 713
16064 16802 136
9612 10275 601
16051 18387 1800
22091 24043 1295
15293 18269 2874
10534 14975 1348
14960 15653 671
23775 23915 109
23740 27420 1367
12172 13967 318
19155 20742 1464
137 189 33
21888 25539 3337
6917 10848 886
14509 15408 317
4331 6042 610
3839 7421 2015
612 4637 634
635 4941 2217
1252 1916 9
11998 14638 1659
23987 24540 119
1575 5546 2168
13852 17473 256
10674 15229 1131
18737 20736 566
15791 17679 597
24193 28496 348
14996 15118 108
11557 15282 3301
3114 3136 9
23768 25296 103
4068 6602 1826
1883 2163 233
18821 23746 2458
20118 24180 2584
9752 14189 1895
1646 5572 3157
17482 19445 917
19282 23552 1523
9994 13112 287
2799 5468 1794
11738 13556 1708
16110 16202 41
18098 20837 2288
10919 14494 2866
8673 13101 1631
11965 14358 677
21851 21868 16
20646 25291 690
8922 11933 435
16848 19039 1694
13909 16165 2138
21254 22293 437
16187 19516 911
5483 10300 594
17352 21492 2407
8129 12058 316
17302 18163 692
9385 9917 14
22806 24999 2106
13434 16191 1320
5516 6542 663
14442 18063 2937
16048 19352 3156
6749 10930 3736
7147 7268 117
21058 25572 2539
12493 13738 161
3962 7460 2660
9255 11386 1600
11361 13311 1525
2472 5031 394
10185 11996 1580
23501 27558 3333
5530 10255 2732
23710 24457 79
10002 14739 3946
8845 13779 3815
1769 1819 48
14905 15056 85
5793 6716 499
13231 14415 202
6943 9991 486
16817 20256 3065
17450 18611 1149
6932 10387 1911
2430 6862 3512
24775 28876 2597
19240 20620 225
17696 20325 1136
2205 3085 383
9002 11865 1192
2118 2414 92
15356 15470 109
22690 22844 92
6675 11090 1182
12254 17253 1890
6058 6179 40
21403 21884 415
2112 5493 2550
4060 4323 229
8768 12807 3351
23945 25179 974
24006 24917 776
8507 13368 4600
24204 28808 1031
21335 25780 2837
1106 1928 779
5002 5657 15
18864 23851 3392
7246 11426 1699
5248 6930 1495
22612 25370 1749
9292 9767 465
12169 15470 776
23146 26896 1756
8916 10457 1358
19249 22145 2456
4017 8673 3283
10855 13028 599
17260 22019 1026
19935 20380 250
12233 13463 72
22296 22652 106
712 1309 511
927 3989 1230
19904 22169 1986
15773 20665 954
13472 18369 2946
6993 8023 213
5924 10842 1162
4858 5841 627
8050 11409 1192
13415 15353 1203
6747 10203 3100
7586 12324 3004
3970 5961 185
8 3674 766
4738 5267 277
10327 11593 296
16285 17883 968
21475 25037 385
12678 15242 1279
284 5247 2627
19692 24274 3491
9247 10690 506
11436 15231 1296
7976 8880 311
11529 16361 2846
2486 4090 849
10346 11313 261
13659 17407 2016
24415 28419 3814
18384 19852 1405
12326 15574 3045
9057 12109 948
1847 6793 530
9428 11475 1995
3258 7632 3827
18323 19739 608
12507 13080 523
17793 20653 1626
22674 24238 1045
19641 23986 3362
16574 20527 3866
24494 25976 1406
10261 13492 1304
21357 24617 355
9815 12719 1579
3483 3839 87
10241 10273 13
9070 9607 268
8750 13619 1695
3329 4369 1022
3132 4393 1064
17572 20574 772
2656 3010 101
16642 20193 1726
21939 23097 118
19040 21814 2331
10693 11410 98
9897 10834 818
22302 24422 1434
6411 8284 1131
19955 23538 429
23816 25581 1392
13621 18004 1703
13308 17796 3652
17688 19347 997
16964 17618 357
20709 24892 2524
24466 27790 2727
18499 21751 2238
12709 17236 3695
7987 12921 2079
18023 21941 3181
24802 25047 6
22213 26947 2564
10763 14221 1349
18622 21974 131
21310 23146 1029
3605 6296 550
5622 6415 605
2688 4937 2096
16828 21626 2622
4986 9198 562
14451 19066 3881
9828 11292 1464
9154 12720 2157
1429 1600 169
24153 26951 1180
1733 4121 2232
11349 12261 72
23641 27303 227
16552 16703 136
22490 24743 1838
15168 17664 1238
13411 14718 829
15540 18403 34
1731 5088 2767
4931 6014 431
3544 7419 3484
20991 23665 2281
4493 7102 971
22614 26306 1259
7394 11250 2910
11479 11807 13
19226 19534 17
22439 24906 794
15685 15846 5
10311 10623 224
12838 17386 1564
15757 18309 1111
10757 13354 960
21941 23372 454
19188 19361 65
19480 22230 80
20908 22178 381
8264 8512 167
14926 18598 3082
8872 11116 316
24967 28545 3053
11834 13738 925
24101 27033 764
12964 17126 2092
4783 8731 734
20543 20924 259
5436 8685 2177
3370 7646 3803
5754 9727 1899
5784 8482 1861
13663 17169 53
14802 15401 56
3088 6196 2257
3624 7736 808
13855 17777 968
23051 25234 681
8912 11487 1530
21045 24872 1354
15124 19402 2029
18720 21599 619
17927 20565 2574
11741 14995 95
2622 6658 398
2488 5837 1655
1726 2632 387
3542 4890 129
9238 12475 1081
15197 17317 331
24466 26282 226
21979 26043 1235
5893 6496 9
3525 7466 1389
15020 19975 2502
17019 19468 1865
1850 4596 299
9539 10785 30
18294 20667 569
12504 13912 792
8938 9816 721
9909 11894 277
10836 13382 1806
10335 14014 2146
11098 15040 2824
18060 22676 3751
3417 4574 722
18907 19949 1030
18161 22728 3480
43 3589 263
15732 17053 1256
12866 15159 1071
20250 21998 1187
17409 18183 457
20865 24309 2780
18673 18697 18
21743 23404 889
22867 24922 189
19708 22062 1104
8046 8770 291
21158 21681 504
22005 25337 2726
17936 19794 294
18786 19036 119
15915 16807 825
1859 2604 543
15761 20154 3338
10027 14210 4171
23339 23667 140
14605 19578 3943
8055 8975 115
21446 21559 97
21846 25658 293
17164 20380 383
5054 8773 463
18457 19836 188
3685 7510 3492
4994 9571 965
21262 23494 212
17919 22208 1549
18171 22679 1762
15851 17983 280
17724 22360 3930
1398 4765 2593
21794 25587 3594
16805 19284 2132
20331 20599 238
10508 12151 135
14128 19052 200
288 1319 635
24302 24888 584
6360 6884 431
926 2196 95
2457 6303 1681
7502 11309 3264
12655 13928 914
13331 14158 98
19651 23922 3367
12764 13649 747
24457 27098 587
24585 28916 3534
11224 11405 88
21848 24829 1938
2159 3819 1100
18165 21547 1371
14545 14641 70
6214 9300 2858
7696 9847 159
23730 26204 611
10424 14377 1884
2260 4209 1071
2522 5484 692
24806 26168 1041
14767 16591 34
21173 22142 692
14384 14859 443
4599 6243 345
9735 11082 1309
16062 18264 1041
17429 19845 36
8860 12844 638
15178 17344 1049
16516 19668 2873
7669 10159 541
17176 22052 695
13640 16789 3045
3254 4739 867
18340 21221 961
1640 5996 1331
4710 5380 55
8017 10351 905
7191 11328 3093
14263 17828 1911
1992 5736 1206
11364 14714 1770
10215 14707 3835
7058 10629 3316
23494 27774 3877
23523 23675 110
18877 22009 1261
1195 5557 72
13702 16951 1067
20950 23281 705
359 4808 1346
9141 9546 271
23117 24153 315
23763 26436 1025
17845 20665 2556
1169 2859 90
8559 11326 1108
11702 16447 3489
20398 25323 1556
20179 21831 981
4993 6877 276
13764 15272 798
9438 13589 3061
11198 12089 259
7172 9932 2460
19184 19300 70
1373 5476 1692
19496 22579 1078
11876 12496 121
19906 20453 236
18391 19158 126
23700 25696 1002
9033 13595 165
7202 10433 1230
1969 2302 29
7840 8864 947
22485 24442 1197
7601 10927 1756
6110 8345 914
13699 17818 725
13711 13712 1
14854 19275 205
2407 6974 207
24256 26971 1586
14589 15600 100
16083 16474 362
16659 17133 343
20168 24323 646
14800 19603 3587
1158 1195 20
22481 25881 674
14222 15359 94
24864 25881 576
22418 26228 3085
21940 25964 1214
4200 5432 279
23197 24531 133
3069 5319 1854
15707 16971 344
3022 7356 3199
8230 9469 518
6502 6910 142
6884 10631 1069
24003 27574 3231
18863 19094 170
9556 13746 3391
24987 25023 30
22021 25866 3246
468 5392 3767
11782 14943 2093
11516 13048 515
3866 7642 1224
14114 14327 106
213 2042 1327
20993 25428 4412
8571 12907 2119
24148 25298 584
1683 5638 1973
3883 8581 541
20984 25947 3851
11813 12500 334
17237 19135 1896
317 2671 2323
19386 19796 331
43 990 139
20637 21195 80
11003 15143 2545
20405 24551 2159
12098 15273 467
15524 18439 636
24241 25058 204
22049 23602 554
24189 28219 807
8246 9965 776
15454 18550 353
8091 11826 2735
9756 13122 67
15891 20240 1019
23127 25691 592
14637 14832 123
10555 11722 303
16563 16949 4
17578 19121 1178
22112 23282 657
7203 10992 394
11421 15327 1487
16442 19695 2510
23480 26389 1971
24347 26509 1437
5510 5570 26
13312 14530 961
6962 8632 554
18104 20219 1781
1941 4877 2414
23397 27693 549
4034 8754 4053
5933 10406 3588
16407 20670 3107
12647 13906 408
15999 20114 3502
11604 11689 63
6616 11586 137
14219 15532 809
19890 21441 1127
10393 12840 82
23631 27770 3771
23710 28187 3906
17016 17067 44
22198 25255 1770
4673 7054 874
2049 5266 2830
24901 25689 24
12696 14880 539
14406 18577 2454
2470 6721 1620
926 1740 468
218 401 61
4247 5413 974
456 2376 1511
23433 28405 4192
3498 5526 58
21712 22750 814
18071 20117 1953
18583 21371 1187
2941 3154 129
14357 18218 3465
21583 24247 2525
8750 12362 2945
573 4250 1722
10318 10895 484
8787 9344 101
20723 21509 651
1333 4248 2202
20002 20573 266
14921 19899 4281
4513 7646 1741
857 4778 2284
15944 18833 1280
3606 6088 248
1027 5572 638
2411 3542 742
10380 13514 3106
21694 25957 2891
9409 14346 657
23132 25141 735
12542 13100 450
9437 14348 3774
17316 20683 2482
12231 15681 117
10240 12644 1663
19890 23883 2429
19910 21505 1129
16318 18952 1229
7716 12715 4641
13943 18295 2092
15867 19728 735
14499 17009 1181
14357 18019 3290
9898 13453 3297
6146 7312 328
8406 12952 2222
16246 17176 21
3994 6364 1412
8851 9683 491
14813 18734 41
122 274 80
15779 17478 1066
15911 20547 2698
21003 25797 4390
11754 15726 185
24752 26610 1848
4906 6184 1263
523 1345 330
18271 23010 3176
2161 2785 428
6792 8278 89
24512 28096 2374
6487 7856 487
4379 8315 635
17821 19342 1455
16224 20273 3881
11731 16426 1579
6759 7442 656
6424 9805 86
8932 13704 1199
9232 10069 417
19368 19830 413
3357 5821 714
4860 7802 140
12589 17201 1292
13518 14236 507
868 1859 888
20283 22258 1210
11343 13880 304
496 2681 1373
24188 27151 2409
14477 16245 365
17198 19629 2391
16387 20400 2893
1114 5041 2259
12656 12965 157
909 5080 3
4416 6925 1022
17966 19305 436
20569 22339 1550
14390 17999 2711
23705 28584 584
12710 16520 3675
15889 19643 2213
5034 9241 903
851 2742 853
18512 18512 1
16757 19572 2167
19152 22517 2288
23371 24016 111
18055 19758 158
14557 18331 2371
1542 3591 1322
10360 10447 50
9288 10314 657
22998 24000 372
21157 25254 1855
6987 10542 400
1883 2801 225
8088 11780 3517
24874 27083 1498
6069 10704 602
7 1021 592
17442 20774 1016
23877 27323 3038
9910 10208 126
2457 5292 1930
8425 10235 1673
6127 8435 485
21666 23169 1352
21206 26016 2741
15420 19517 17
1014 3125 1874
9020 9367 157
8787 9757 935
736 3280 1666
137 1189 517
15947 17960 1813
4664 5661 111
21183 23501 518
573 2458 812
10866 13191 486
23273 25026 878
4861 4874 3
24572 26179 842
21949 26130 3492
18843 21804 1605
20183 25152 989
7076 7128 4
22855 26487 1563
24701 26905 2006
6659 6980 39
4954 8768 1730
19711 23627 2792
2189 4062 1297
24489 27812 3101
19390 23790 1195
2566 5764 2475
21851 25090 3238
17478 19443 307
10296 12309 1191
12153 16481 2624
12063 12370 59
21318 23743 1468
19185 23060 155
10194 12559 318
22738 26327 1393
11757 16133 1576
4384 7888 202
4074 7252 1683
14287 15764 585
24699 28391 398
5020 9861 2789
14117 18004 329
19473 23827 3225
17748 22322 1732
12661 15292 135
9289 12725 1519
13323 17426 3824
5253 5886 446
17041 20022 769
24584 28648 1791
13753 17933 2640
11358 13314 448
4751 5235 361
10877 12856 747
23069 25963 2547
23108 25805 2198
2322 3138 301
5536 8527 2855
7976 8034 1
13131 14337 183
17602 17836 188
24560 25964 980
3290 7955 2668
13932 16180 2090
20817 21663 364
14542 17481 383
11973 15721 1614
13336 16663 1931
19257 22349 1636
15212 20182 2351
11666 11740 1
3092 7750 2977
16946 21268 672
20872 25731 807
15378 19213 2134
197 5003 1159
13250 18136 3083
16481 21146 4584
21470 22457 938
22941 24476 1225
6795 7436 22
1682 4693 58
614 4014 2576
16237 21131 1834
8620 11893 2030
3548 5944 831
4864 8328 1776
8230 10297 1670
5958 8321 1282
16334 19053 1628
21505 24827 3262
17753 18776 87
5562 6129 470
19005 23314 1207
6831 8203 757
19636 22133 73
22983 23841 829
8837 10082 100
22516 23721 471
12410 14743 1890
21690 23889 112
1857 5082 3127
9722 10349 340
20431 24149 1174
18463 21040 2233
13413 15212 633
23614 24543 558
24967 26306 1234
8938 9735 656
19652 23863 328
13431 17484 572
6262 8260 1348
4739 5680 148
13188 13853 381
20761 23584 1528
16124 19835 1650
11076 11971 271
3737 7006 2861
6199 8073 681
13061 15887 143
11234 15099 3155
2009 4465 2139
2020 6488 4239
4494 5682 1082
11854 16117 3422
12631 16785 2034
1038 3860 1075
3084 5970 690
15407 17308 401
24384 27874 554
4301 6424 1009
16700 19311 847
23774 24640 803
23536 26848 955
12781 13663 838
4065 4221 144
14336 16345 122
18553 21851 237
10718 13494 1195
15600 18686 815
17481 17924 151
1964 4915 1124
760 3409 1217
1510 3635 1719
11928 13878 33
12673 16922 161
13582 15398 258
6632 7895 133
16787 21505 815
24485 26716 552
2105 2428 197
9094 11240 2069
21748 22052 265
24138 28447 2011
18010 19349 1266
22287 27041 1739
9313 9543 5
4613 6191 780
5668 5982 225
17212 21122 681
10476 12596 815
12020 14933 194
11168 15240 3243
9711 13371 660
22756 24544 1096
21810 21937 93
16580 19069 1545
19627 23663 2039
6991 7169 133
7636 12612 1431
22130 25051 1492
21419 23660 2013
16791 18349 95
3607 4897 742
11419 11447 7
18260 21061 2680
2075 3966 1252
23238 26255 2670
22368 23520 721
9153 12844 2968
15580 19346 2889
10868 12314 1130
9018 13934 4130
6100 9085 743
13749 15568 81
13830 16243 1479
16867 20052 2831
20846 23900 2956
5927 5957 29
1160 2914 867
6884 10940 2499
3238 5081 1349
18229 23045 1752
17111 21895 191
860 1887 383
724 3983 705
1041 1360 232
20266 23368 1953
8256 9263 346
21028 22232 506
21504 26304 2848
21537 26024 2203
7195 8514 278
17528 21807 987
19933 24469 43
21805 25972 1565
14773 18121 1057
4372 5065 108
21547 25692 3300
12517 15770 368
19318 22327 2899
20862 21276 319
7434 12154 3672
14991 17600 2148
9781 10444 28
2131 6209 3623
11147 14850 1222
21728 24667 197
24891 25552 399
663 1368 11
19842 22726 440
15510 19896 3157
7256 10415 1743
15659 19402 335
21364 24813 2348
4556 5959 1184
10032 13403 436
24804 27273 127
1188 5657 154
24527 25725 416
16356 17257 282
461 3749 944
5613 9360 3442
20662 22176 1069
19168 23494 3498
4811 7766 1336
133 2557 901
10811 11861 555
21594 25270 2904
20984 24232 2353
14370 16618 1754
17674 20950 834
5536 6510 33
14713 18846 49
2489 4407 103
20991 22938 1467
3643 5126 914
8523 13465 720
10503 11911 530
18003 22087 487
22291 23119 677
13015 13619 357
4359 5028 290
17933 21641 1605
759 1402 255
22255 24703 1730
232 1865 856
8786 10890 1633
4239 7131 2597
17798 18429 54
911 5812 2289
22246 25152 813
10832 11372 70
13402 16098 25
4709 4757 34
9950 12723 1353
15208 19916 2288
9934 10241 164
15770 16696 452
6913 7852 763
9062 10046 258
17517 21212 970
22223 27115 3089
20405 23837 1276
11035 11072 23
14443 15275 268
21039 23392 1415
20037 20256 216
6260 6458 72
24890 25768 498
6038 6577 265
17358 18438 637
18176 20332 360
9959 13886 2174
22938 25855 2036
10729 14214 3230
22776 26208 1478
4086 5663 510
7844 10982 2318
8761 12009 2158
2945 5729 1157
16332 16702 186
13086 18024 525
8107 9358 1067
3043 5244 1762
3607 6225 2024
11840 13727 1085
13869 15878 1853
6381 8018 544
10346 12000 373
10383 13787 2919
3425 5792 83
20762 24911 2977
6671 7715 680
9446 10374 21
21935 23037 64
19731 21327 667
19571 24345 1307
18533 19207 391
10328 13041 2579
24695 28233 1767
14129 17095 2899
14628 16488 1181
4029 5218 987
567 5084 885
19333 19468 74
24193 26009 39
3231 5247 1060
94 2451 804
5496 6027 511
19862 21754 1563
2974 6206 2808
4522 7171 864
7815 10404 686
10740 11298 107
8823 12611 1980
20755 22822 1529
3113 5137 91
17710 20317 2166
1420 1421 1
7658 8346 236
9274 9870 38
12661 13534 115
696 4091 126
16685 17642 521
14429 14515 4
13030 17388 1234
18024 18719 306
19446 22901 64
5394 8898 769
10579 14767 1293
22094 26345 559
7413 9552 1359
2418 5484 1489
807 2096 550
6780 10483 2679
11388 15581 1475
19756 21724 1960
16895 19106 1408
11802 13930 1247
909 3066 477
9107 13599 4158
9611 11588 1866
9450 11932 695
11247 14740 629
5436 6911 171
2057 2450 47
8143 10745 2027
8137 8364 174
7238 7905 383
10681 11384 291
11133 15689 3419
12919 16766 1615
10730 14743 1452
11455 13462 243
6104 7723 1117
23230 26328 1672
5056 6450 1271
17625 21971 1732
23961 27613 637
1912 6737 4475
22995 25845 840
22940 25796 745
17598 21782 125
19291 19835 433
4217 8040 1835
1761 6664 691
23909 28857 3387
21470 25340 3828
15629 16076 46
19970 21574 1493
9839 11020 584
9822 11297 840
10823 15246 3528
23068 25702 2384
15741 19194 1106
4301 7030 1183
23168 27662 2616
5379 6115 325
21842 26153 606
768 1444 71
24582 28662 1589
1768 6598 4491
1072 1588 502
19946 24449 1667
19503 21571 446
5769 8905 2486
9061 13223 3728
8199 9367 1058
6096 7417 1257
5538 5747 2
24566 28014 1543
12765 14086 731
24232 26149 797
16535 20832 286
16133 17528 252
16609 18810 901
22265 25924 2310
2337 6270 2788
23245 26523 2158
5553 8194 974
12134 17010 4195
12502 12654 68
2765 3831 713
2839 5700 836
19831 21899 918
3866 7124 587
3935 4571 600
18775 22953 1874
761 3156 2323
24202 24734 461
22731 22796 10
631 1947 512
2028 5606 2870
24646 28443 2411
23832 28584 2400
5431 7884 2230
16167 19371 1611
4766 8011 869
6008 8690 1578
5804 10476 1169
8376 10379 357
6731 8150 593
24192 24777 573
1545 6512 1055
11751 14848 866
12439 16225 1940
19024 23322 648
22053 26517 1392
22586 24366 1585
10036 14803 3421
17147 21229 498
17278 18285 663
15233 18072 87
8730 9400 595
3039 6244 1790
22373 25145 1942
8597 13549 55
18295 21696 3046
650 1200 348
18663 21729 1517
3750 7958 1546
22182 23566 354
15649 16191 226
1116 5071 2600
24737 25994 507
10643 12214 700
1536 2702 104
24972 28870 2556
7076 11223 3655
2762 6737 3280
418 3784 2468
16661 18678 1189
16003 17358 1193
23822 26431 1499
21720 24321 47
21703 25894 530
13975 16032 752
16884 21137 2301
9624 10463 451
24716 28311 2676
9481 12655 1556
5015 8964 1621
12505 17282 399
14197 15068 812
6672 6873 33
8050 11675 392
5148 8699 2289
2245 3814 805
12871 14255 1284
5303 8074 2309
2033 3779 708
21866 22889 764
23448 25690 1445
23127 25678 1619
12468 13422 504
12020 16327 1523
16151 21145 337
13744 16018 2122
842 1533 361
7235 7921 669
24518 28472 669
23131 27629 502
9667 11299 508
2609 4326 1468
15380 18509 886
17821 18275 192
20302 22041 389
19146 21265 857
13759 18428 3970
6436 7690 166
17480 22333 989
23805 25577 37
18037 22760 2850
15899 19334 1476
24064 24475 127
2732 3570 636
5550 8514 2373
10734 11343 258
12951 15147 1553
17616 21883 1140
2256 6767 269
6170 8331 2055
24031 28070 31
5447 6873 111
10457 12713 993
4745 5631 251
5221 5902 260
9964 11607 854
17243 21986 2010
921 2546 516
6474 6684 68
20576 24509 148
18795 21059 2156
10753 11165 93
18171 20149 999
7028 8730 349
8217 9540 235
21132 22301 171
7808 9209 811
610 1303 142
12056 12181 10
15647 20135 4047
21375 21926 223
10175 11156 63
23146 23390 154
21578 22094 161
3348 4290 503
23752 25016 528
14962 17095 1223
10077 10567 58
1681 4108 1001
9036 10299 118
10110 14738 2984
19044 22981 166
11718 16311 800
13542 14036 141
13138 14238 217
5742 6832 19
424 5013 2073
2691 6890 2567
5293 7705 46
23682 26212 358
14856 17611 273
11618 16333 3871
11414 15759 1958
5800 6403 208
16250 21249 1199
23988 28055 1833
11590 16230 2136
23477 28110 1579
18669 21966 1782
3588 4647 205
7750 10060 1952
3402 7863 3876
23580 26820 394
16986 20636 1001
17850 22245 888
21847 26204 3346
4299 4321 21
24482 27519 946
13972 18144 1393
9050 13619 1222
8939 11573 1846
16182 16268 30
6740 7960 164
16255 18985 2186
8690 11486 968
2022 3555 308
4094 5933 138
6154 6255 38
14503 14761 123
13761 16018 1375
9652 10727 112
402 2982 1418
9865 13332 2011
21296 24810 228
20582 20894 245
22954 26601 68
5723 6553 786
10074 14470 1003
705 5005 194
18712 19135 104
21519 25877 4070
12257 15406 2497
21217 21251 17
20067 22536 439
7676 10403 400
20556 25297 3358
19831 20600 78
21498 22481 182
16572 19875 1749
1139 4749 575
16591 17517 408
9884 13446 3329
16535 16678 132
9510 12477 629
12171 12374 88
10693 12857 632
5882 8400 209
784 5379 2446
6922 9566 1862
22682 27135 4249
21541 22532 763
13247 13765 42
16447 20423 1819
1289 2449 1087
24286 24850 460
16608 17078 95
21999 24957 211
13363 17992 2786
5107 8053 2445
3866 5427 1541
6466 6531 16
23378 24578 423
19761 22216 1197
18175 22214 1396
14244 18497 4074
8815 11401 1758
21029 23631 2517
18638 23211 3143
10752 11863 14
14831 18734 2689
20704 23578 1615
1407 2346 560
4905 8069 1502
20904 24408 2768
847 3604 2751
5031 9573 1974
10294 10910 463
4597 6871 1558
6347 8870 1223
16417 21075 1222
8374 11696 2071
87 2637 825
13306 16128 108
6353 7160 798
14433 16685 2224
11635 15946 4201
5289 7884 257
10964 13145 336
9627 10868 756
4645 8448 282
1962 4321 2311
13025 13531 132
14860 17168 1511
9457 11705 16
22159 24532 423
14538 14799 10
19790 20104 89
10553 15356 2280
899 3638 220
4469 7133 1560
17745 18000 26
6308 8723 1458
17397 22347 429
13063 15373 1693
9829 12779 2114
11964 13695 800
3582 5510 1339
6632 9530 1785
3995 6432 544
15966 16694 92
15170 16250 610
14233 15154 729
22373 23194 717
12324 12528 197
9823 12221 273
15131 18882 3150
17631 21518 2745
19166 22968 1088
14403 15551 735
3466 4477 866
11647 14890 1444
6110 7816 29
885 3044 1179
9018 9664 469
7287 10558 1362
15654 16342 387
2936 3204 177
15487 19080 2173
11543 15226 2898
1193 1829 316
17701 21625 816
5182 8651 1716
20846 21796 854
16861 17101 62
24821 26330 685
21538 21704 56
6810 11194 4292
6826 8810 963
17225 19614 1316
3360 7138 1932
3193 3367 1
4204 8302 701
717 2954 1386
7203 9945 478
7373 11494 95
12258 16891 1223
6897 11544 2818
21788 24420 804
22090 23489 919
3012 3318 277
1437 5028 3338
15872 20353 4049
770 4849 643
5972 6256 261
7252 10974 1715
23468 27520 877
22181 26910 3344
22075 24622 1972
24601 27683 2678
7821 8790 409
7722 9578 554
10549 13554 1753
17634 17861 194
8062 12160 2712
7123 7600 458
8823 8830 3
24427 24739 92
9917 12024 1747
15823 19418 2178
8156 12567 1327
10044 12198 1917
19413 19994 18
24838 27703 842
20125 22991 2232
19634 20459 185
5952 10585 576
16357 20592 744
6655 11116 2288
1119 3898 2527
18689 22079 718
5894 7728 1677
8713 12120 888
4485 7561 2271
17599 17867 147
19238 20130 764
21351 24237 497
2223 3924 744
23152 23605 327
5008 7993 2191
237 2994 2223
12940 16475 75
995 5475 2394
21078 25438 819
22344 23582 596
22674 26672 1177
10552 14872 2117
20671 21322 571
10937 14187 394
10948 15848 2561
8947 9833 257
1378 5121 1770
22527 23093 144
1088 3606 2052
14149 18513 1073
17909 21992 1256
5945 7361 447
16849 19304 582
18764 20028 12
21843 26050 4055
6192 10912 4296
14856 18140 643
8355 12973 2494
4156 5926 1033
23214 24804 323
24920 28455 422
718 1923 842
3825 6685 517
23272 27543 332
17737 21769 3911
10006 12239 865
8263 12139 2851
13060 13217 36
7022 7150 79
2118 3493 875
8892 11647 973
24206 25274 899
5584 6452 522
20251 21807 840
12621 15435 762
18349 18759 7
17397 21992 1513
22024 26439 2017
22512 22531 19
10420 13829 2049
10190 13248 646
7081 10919 1446
13418 15346 582
20290 23331 1687
573 4093 2806
1577 4038 2103
15876 19986 2268
450 2294 1034
21261 22195 395
3463 6032 1099
9021 11337 1858
24864 27115 2205
2395 7076 1909
4956 5237 258
10837 12025 362
11671 12272 506
11515 13446 645
21119 25551 2286
16475 19246 2721
14872 17366 41
9196 11342 930
15957 20013 331
22976 23606 142
7669 12304 1029
14903 19651 2939
4914 5800 467
16133 18975 2256
17614 18448 21
15071 19573 857
206 969 549
7797 12444 391
11221 13527 1150
7957 9587 1215
2877 3249 300
24410 28444 2270
13190 18129 3334
17293 18488 387
7986 11190 1089
10035 11084 666
7915 11593 1747
19263 23044 1229
1847 2996 194
19666 23781 3037
8421 10110 414
14848 16855 438
17698 18341 272
16108 20225 3833
15385 19831 2564
17058 21957 2877
3741 8487 2679
21203 25769 3531
1406 2823 784
10094 14748 2482
19936 20019 73
9676 13282 2757
18174 18660 42
24955 27788 2759
17453 17498 14
21399 22541 148
11693 14468 1394
13545 14050 436
17205 20357 400
5334 7215 442
18222 21253 39
15785 20160 3781
16363 19355 195
20958 23522 1041
1082 4297 841
1783 5217 1783
14243 17875 2918
10431 14594 1835
983 5454 2552
8577 11737 1333
11494 13417 414
17296 19634 1381
10049 10159 6
3496 5286 802
23983 24576 56
15008 16922 563
17160 21942 1440
18652 19365 404
15275 18803 524
21036 24729 1635
9803 12290 1555
13627 17123 900
14134 16306 1508
9865 14202 2010
5067 8639 2883
10843 11441 44
20934 25360 4241
641 3292 2636
19951 23343 725
10677 14947 1631
19389 24353 1901
7757 10763 1321
3621 6382 321
5848 6559 567
22521 25898 2879
5169 9384 758
16807 19688 881
2096 6071 1455
19254 23292 960
17703 22323 3357
5954 10832 3275
14699 18386 41
553 4664 710
15152 16839 997
7317 8944 1461
22835 23922 299
6509 10097 1662
22432 24315 301
3647 5638 1873
1359 1793 388
23280 27067 145
21596 25708 1454
18607 18772 71
11991 12292 69
21287 24484 2712
8951 11457 867
21602 21855 167
23452 25250 199
13582 15658 1279
8114 9952 245
3160 6911 1239
17605 20851 221
783 5517 4017
2230 3568 306
18524 18607 57
1100 4441 1849
6489 7353 12
11178 11391 56
9617 12469 587
4567 6901 298
19584 24458 1429
2024 2642 484
3032 4994 994
13900 17157 568
22323 26911 3689
8501 9900 1075
21297 24433 1963
13683 14473 652
16218 19806 3275
16774 20903 2544
14310 15940 66
17032 21857 1056
5950 6755 339
21582 26084 4101
14120 16937 1201
12389 14163 836
5922 7517 757
24147 28981 4823
16472 20591 2381
17357 17623 40
18506 21695 651
13519 15141 876
19126 21276 752
3303 5906 319
5776 8477 2209
11136 14463 2388
24943 27489 28
16239 20863 2508
12245 15026 573
6582 6921 274
4773 8598 1347
19059 20807 661
8736 10113 170
11947 14084 113
20950 24511 1174
15252 19113 2358
14438 14580 140
1197 1762 137
24656 27309 1378
1781 5970 3242
16649 20162 2827
13462 14061 525
2940 3916 167
11255 16086 4778
20279 23279 904
11644 14191 882
13695 13881 25
16071 20161 602
21599 25303 2681
257 2318 94
9326 11289 886
4680 7953 1316
13300 15906 1034
18895 20778 1473
12453 14933 2164
2617 5721 1934
15380 16038 359
15252 16972 742
19368 20737 158
23470 25890 2342
13894 17092 1317
14071 14239 37
19578 20548 105
22437 26729 984
2092 2825 151
10973 11048 42
7180 11333 92
12622 14861 267
5987 10594 4224
7519 8782 998
22369 23841 542
16739 18420 224
13870 18469 2359
16455 18464 1728
23855 24814 903
14364 18660 698
16819 19793 1703
3523 6712 513
5465 6780 1169
7410 7843 219
4722 6740 1746
19753 21253 911
7720 9522 1238
13960 16200 995
24850 29447 4216
15636 16286 164
12662 17255 1429
13132 15785 33
22509 27266 486
16093 18041 771
22717 25604 1070
1128 4050 464
20802 23712 796
22636 25807 1793
11862 12408 273
6115 9923 3498
9040 11666 1257
21637 23774 647
24904 26456 1209
22101 25227 2410
21817 25391 2814
15107 18982 527
13126 13186 29
9464 14244 3999
3296 5929 1998
2884 5696 1853
7087 11416 3805
22291 24232 130
13736 16440 1582
7650 11521 472
14876 15179 151
10168 14713 386
22776 24046 558
21679 25570 1704
21571 24713 1401
4602 8344 3112
21521 24733 191
16710 18989 17
3209 5678 584
12710 16180 2348
22970 27899 492
20868 23161 640
6038 10655 3777
3345 5150 266
7780 12067 1207
4035 5904 815
4334 6999 271
8307 10546 2090
9956 13385 2995
564 959 51
12557 15087 1962
23797 26346 819
24431 28414 2124
10760 11096 224
15145 16059 623
9774 11182 1017
6126 7808 73
10035 10155 62
14706 18074 1827
22370 22766 173
17486 22437 4799
7113 9305 1430
11907 15185 1011
2012 3585 506
19030 23505 3444
5236 7872 1182
17829 17852 22
2417 5674 1707
9963 13245 1315
7743 9026 974
12076 14195 1590
8119 12297 3794
13350 17732 4081
21943 25636 3351
22416 26022 1922
658 4310 1350
12920 13398 99
2685 6624 328
14238 18712 117
21132 24071 1961
10998 13795 288
14528 19106 129
15603 18997 743
14225 14666 413
14618 18172 1321
3932 6670 1144
16176 19735 1246
1389 2280 478
19338 23436 2672
10351 14050 3139
15808 20697 2555
18342 19536 489
22797 26054 2078
7654 8560 754
11064 14465 662
14514 17584 1735
12533 15460 2809
4780 8571 2678
20475 21490 335
24626 24798 153
10100 10517 333
22018 24350 2041
11780 13367 770
10035 14843 4350
16021 20626 3546
21837 26581 1244
6962 8394 889
5013 6961 1302
12596 13013 43
10655 12868 919
3346 3493 135
15619 16281 278
19107 22772 2427
15467 17537 291
11539 16517 1733
6306 6946 115
6445 7234 632
1733 5060 302
23501 28057 1734
21938 25902 3686
15692 16202 331
11430 12403 196
11522 11758 104
5354 10129 2549
12687 14631 1526
12674 15599 1154
21388 22251 486
8155 10153 134
23115 24318 1076
14824 15890 465
10521 14742 3937
4851 7630 1936
5143 6154 396
15474 15724 95
19367 20314 574
8038 9835 1387
4131 4503 213
8228 9925 817
1822 6027 921
19760 23849 1200
21460 25275 1173
17675 22357 4660
2965 3857 835
16699 18272 627
17003 19254 1861
15471 18380 2241
9893 12545 1148
4369 5262 30
2264 7237 2987
8931 13439 164
13933 16427 506
12956 15723 1275
18729 23561 4240
6028 8048 602
10010 10293 269
19962 20450 372
8449 9565 987
23227 24544 967
21447 24335 1017
22321 25043 2691
21388 23548 518
15037 15869 14
1009 3283 27
18123 21400 419
16583 18821 1344
16707 16727 20
21417 23723 1864
20617 23604 1554
1613 6348 347
3949 7409 2974
6172 8738 1272
14657 16032 1238
17450 18618 503
11128 15618 194
13929 18877 3937
3212 6454 2321
13189 16241 1993
11788 16582 1798
2223 3535 1016
4146 6996 2501
17705 18874 972
2947 6786 1014
8816 11810 2333
19882 20727 501
2772 7029 4120
22056 26633 37
1461 1899 320
15125 16710 713
19658 21315 1148
13027 17333 3865
9346 13076 112
304 1320 399
3745 5683 861
20246 22357 2084
12015 14352 2070
5877 8647 2129
4191 6243 259
1965 3744 1672
24038 28837 1529
20166 22795 176
8181 12210 3192
16988 18584 1351
1219 2906 1096
866 4877 2205
16783 20534 1394
1054 5995 2154
6607 9191 1884
7902 12545 1808
16947 20796 3770
11821 14898 1754
12119 12509 275
17779 19848 1034
6680 6903 187
8863 12900 1772
24025 27736 2230
17064 20216 2200
17925 22185 1395
22582 26616 1457
8101 8739 320
10210 10436 82
19175 19409 58
3442 3713 160
2716 7390 2793
14303 18361 1033
17359 22315 3645
5431 7018 59
20644 21751 997
960 2229 772
16020 20212 3989
20158 20980 266
2873 7469 4115
7983 9360 325
24328 27196 79
15494 15818 15
201 1472 1160
5957 7067 789
23957 27579 1116
20151 24643 3168
20897 21999 552
17423 18582 400
13344 14045 298
8130 8896 96
20202 24047 2253
23810 26825 286
11384 15148 886
24412 27387 2626
19966 24292 2994
7757 8801 53
15073 18670 525
5829 9270 1865
9182 9534 3
15989 18464 1678
18138 22432 3728
13496 16245 469
13721 17758 2365
15423 15857 195
10187 14104 485
5730 9324 61
11033 15842 2097
2618 5310 125
13404 16577 1080
17849 20448 1971
3093 7989 4051
14277 15570 979
1330 5480 3568
2765 4288 351
23390 23943 302
23906 24597 178
6750 10367 2529
23771 25529 70
16230 21064 1974
22331 26910 1897
13224 16176 1156
3431 6959 3416
14126 14298 141
17196 21254 1071
12290 16489 3934
19988 23669 2108
1577 3132 945
24117 26406 1913
20881 25187 1699
5178 8679 3121
15989 19569 102
9642 12948 3194
15966 18033 315
9871 10304 285
24058 26224 124
8673 8807 103
5964 10765 1925
16438 16566 120
24350 28553 3795
1508 6370 4308
20958 25254 3601
14259 16976 1494
14400 15329 869
23158 24004 224
16244 20296 608
17263 21986 1464
23085 26383 2777
15095 19774 2200
21225 23582 673
14922 15432 145
21566 21709 40
17090 20187 1035
3214 6439 193
10595 15278 852
13575 15968 1957
9293 11768 34
3155 7873 589
13638 17977 621
18327 22472 1798
2211 3267 148
12798 14502 1406
14165 16740 2336
21841 25695 1428
9752 11349 339
361 2923 2520
6903 9075 1573
9954 11395 875
2971 7528 4048
4207 6082 260
18005 18842 789
8796 13374 3399
4690 9199 1521
1581 5222 986
1263 3201 1279
21030 25988 2833
22646 27555 1489
21909 23943 1102
7600 9713 766
8618 11423 355
6313 10218 140
11723 15966 376
19271 23945 4405
10397 10821 202
72 1387 985
20724 23147 954
2654 2864 1
20262 23326 153
2866 7314 3373
16017 20308 1144
21066 24357 2911
14216 17089 2264
7012 9935 2812
19053 23445 4266
11483 13164 407
2085 6322 3706
1314 1445 106
22305 22875 298
16586 18556 1377
17165 18437 457
11142 12649 631
5218 7900 1855
1038 4066 1109
19600 20353 322
10635 12903 38
6449 9518 2291
18393 19576 836
1749 3024 788
4666 9430 1525
21943 22779 383
7548 11087 2196
21354 23254 1436
15754 18861 147
10868 15323 1834
10138 13472 562
748 1851 978
23552 23789 49
3943 8676 647
12790 16533 3131
17935 22205 7
17087 17153 21
21193 23865 295
5633 9667 2999
2777 3325 449
7397 12271 977
18654 22905 628
10980 15470 3174
14099 16422 957
10722 11321 328
21063 22728 355
23569 27558 2264
10981 14082 3011
24915 25109 167
10076 13125 591
16300 17962 1127
19024 21106 964
9215 11898 2543
22 245 146
2840 4365 1473
4854 6059 591
15049 18145 2075
20747 22227 157
11034 12536 707
9686 12630 338
3019 3948 3
14563 18520 3321
8502 9232 568
5173 9810 4330
18714 20993 382
16842 19464 2138
9344 10915 353
22371 25000 504
12533 15859 3042
2286 2680 271
3357 3579 71
17071 19081 414
1151 1449 198
16394 17837 650
11662 13995 623
22294 22530 209
5782 9381 2286
24180 26379 1718
10160 12707 2477
1225 1625 252
14925 16159 761
20642 22727 1173
24709 29067 2213
1361 3807 937
6711 10911 2345
10040 13568 2338
14447 18645 1539
23173 26277 414
3534 7533 2456
23503 26772 1539
22140 23299 532
4042 6870 1762
19114 24034 3993
6995 11489 1060
7996 9252 301
5759 6275 295
20646 21906 1250
24173 26011 1352
20815 23457 2324
6379 10668 736
16189 18317 391
6173 9943 1147
22910 23574 585
9693 13823 665
14964 18956 271
17845 22258 3339
22690 26885 189
23112 27746 1059
20704 24338 2465
22482 26790 996
6318 8436 446
17245 20920 199
5716 7366 16
14559 16735 1076
22342 23734 893
17936 18196 197
810 4986 2857
2525 4713 1587
10715 11304 293
19066 21425 56
23763 26735 950
11175 14962 1213
5107 5430 92
16878 19852 2171
6454 7992 1202
10631 14223 2692
24911 29377 3042
4123 4381 73
18344 20750 2280
16469 17880 1392
10855 14413 2367
24799 29730 2581
21442 24723 537
18018 22916 2728
20620 24947 1439
2767 3579 346
4434 6593 68
4361 9245 3538
13382 15100 549
20026 21730 693
6105 10217 2845
20076 20984 774
14664 16995 554
7927 8386 227
734 5605 1266
20251 24246 1873
15429 16121 15
2106 5577 617
5604 9475 2193
6779 7969 87
21802 24044 1350
24424 25812 236
8287 10208 1653
15506 19406 796
9330 13796 3591
17683 22018 3971
23858 25001 722
11220 15776 3676
23194 23261 60
21414 23828 207
4709 7058 495
10046 13697 1594
3275 6852 2155
14502 19268 4103
13090 15588 745
11265 12919 524
476 808 83
12951 15939 824
4063 6469 195
8075 10937 2272
13212 17411 2206
23540 25705 901
4006 6356 228
9353 10050 147
10472 13446 1973
16684 17005 236
7336 8068 362
16924 18416 1113
20360 23208 2129
19257 23810 1269
1594 5047 2946
15388 16691 289
523 1380 496
15669 20309 515
18561 22719 895
19022 21776 1245
19361 21074 53
7977 10373 1661
21552 24559 1463
7789 9265 174
14447 17371 838
23311 25879 1353
1550 5676 3560
22000 26151 3061
7040 11657 4010
19391 22928 2930
17336 21736 1928
22640 25338 1996
14116 17075 2555
1432 5056 1862
2261 6009 2439
11907 13543 304
11809 15403 910
1189 2456 360
22838 27408 3299
20981 24133 502
16671 20659 3011
6462 11319 406
11783 12258 356
9564 11464 695
13678 14779 81
16806 17323 372
10685 12679 1193
9217 13291 3933
22346 25638 3243
13753 17350 3301
19949 24349 1192
5031 7808 489
4908 7754 382
21310 23483 1313
16167 16469 265
12651 16871 2841
7928 10986 3013
20025 23357 2278
9581 11765 1946
20206 21989 571
16273 17520 993
15401 15917 52
1787 4300 2113
2147 4614 642
10842 12485 87
23929 26645 1295
16343 17951 125
24552 27326 2504
8960 13473 1132
2540 6332 265
12434 13333 719
23913 27448 2924
3852 4325 206
9737 12435 1046
4239 5986 1681
3939 4672 111
7084 8437 559
24204 27105 553
21188 23663 647
7412 9247 697
10399 11958 49
9163 10932 339
6720 10491 3090
7619 12298 1257
20836 22141 574
23266 26478 721
15743 15854 82
1397 4837 2560
10555 11200 471
16301 20652 723
8421 10793 449
23324 27027 1474
10253 10949 610
10495 15004 1755
459 4730 723
13074 14258 706
12605 13578 352
5692 7985 74
17533 20345 1715
5489 6614 818
14608 18831 1781
9190 13243 3501
14037 14410 362
380 3267 1810
15255 17938 761
3518 8020 97
3782 7384 3539
6598 8384 1264
22434 24592 715
2931 5705 1154
12821 14603 1266
17401 20097 2222
10463 13290 1662
11913 16614 310
2047 6850 2686
11657 14107 991
7166 10350 1364
11456 16048 732
19723 23145 1424
12903 13469 501
1897 2916 947
11409 13710 265
6598 8545 1086
794 1139 334
3414 6262 2141
19671 23523 1652
13772 14784 499
6991 11842 3617
14017 14715 687
16504 17915 817
5957 6550 235
14979 19800 1084
23852 26499 2185
9770 10663 702
10295 11226 259
20897 23926 765
16781 17812 553
9343 12306 2643
8389 9890 845
24872 27007 894
16741 21470 2618
21499 22240 110
6710 7416 152
9894 10446 517
15977 20400 786
1551 6518 1018
8014 9446 136
2796 6158 127
14074 16308 1650
15527 20451 224
18959 19086 84
24319 27132 2607
9183 13852 3012
24157 25048 181
16544 21117 3211
22837 23265 342
20347 20590 55
14955 16367 1398
8555 11537 861
23745 23996 248
7345 8067 559
20675 21838 54
10650 15243 2282
14061 14335 203
16945 19308 1603
24939 27627 2663
260 4681 791
19260 20827 1064
21985 23068 91
18285 21088 1222
19947 22257 837
16871 19010 964
7174 10109 2816
5452 7384 341
15383 19330 1811
18881 18956 48
18037 21863 3760
2155 4327 1747
5607 9608 3754
17466 20433 1206
1895 6759 800
22155 24501 1294
20707 24735 2494
1084 4259 3136
7297 9539 1343
17881 18738 543
4599 4919 75
10454 11404 431
20800 23878 799
406 4995 4012
18041 22373 1895
16469 21418 4375
7512 8615 265
2051 6720 4188
14554 15410 749
14561 16739 879
9302 12911 1272
7389 9733 1548
24395 25991 845
17544 19428 304
17081 20645 1696
15944 16719 483
19247 23548 4073
16489 16924 327
21059 24358 1931
12362 13376 318
17779 17888 57
16633 18355 217
5393 9070 3088
7335 10289 1744
4719 8978 2153
17882 17983 53
16117 16253 89
46 4579 1707
23631 26461 2440
21914 22341 198
18779 23317 758
446 5416 698
16008 16671 449
10429 12618 590
24675 28880 4056
12116 12427 285
16869 19990 711
1576 3867 632
2096 4154 1130
14007 16088 252
4513 6348 734
4080 7588 423
1488 5763 1609
16843 19142 25
14563 16678 1257
1108 4256 750
10936 15289 3986
7453 8119 636
15989 18143 1699
8400 12345 194
20878 20882 3
6839 9020 891
9239 10942 1535
13704 15432 1535
14453 16221 428
5231 6211 806
19152 19514 43
17038 18916 375
12385 17156 1533
24939 28626 927
17801 20947 1115
3808 7934 137
13826 16344 960
24252 27283 3001
24921 28406 1572
20327 23034 988
12034 16167 2528
18205 18246 40
21087 22399 465
8758 10161 402
1335 5295 2062
4450 5034 142
21283 22673 1181
21003 21522 302
4228 9138 2137
20054 24577 1304
19040 23585 206
18589 18894 222
10075 14563 1185
17476 20769 1512
23777 25731 518
3059 5929 2453
4268 9153 2071
10516 14675 1416
1513 1660 72
8929 11040 1450
4281 5331 357
3517 5468 561
16611 18482 24
3709 7404 17
6504 9648 1326
4603 6145 1447
9692 10186 233
2044 6655 3021
10290 12584 2135
11229 13101 1834
9398 12471 2733
13494 17840 2785
23092 24121 647
18825 23596 4499
13145 17921 4389
5991 8186 705
13119 15456 1480
15816 20208 1408
9522 14306 4338
4498 7247 708
13401 17119 1375
15810 16324 396
2504 3860 1302
6908 10992 2980
18679 18839 6
15210 16712 1054
10122 11314 789
11702 12393 317
4024 6461 1197
2063 2271 4
22758 23521 453
14422 15094 381
6596 11226 4344
4394 7990 1109
18709 23464 1519
17452 21682 1280
24429 26718 864
3841 8207 1005
22186 26486 4265
10183 13183 1709
23680 23817 22
2839 3196 156
1403 1526 28
14056 16285 1736
8221 8933 426
21161 21185 18
16903 20192 1405
24531 24887 23
17997 20870 59
10076 14829 4451
17796 21485 590
19512 22529 1209
10045 11604 277
9926 11232 1000
21039 24967 3226
16267 17263 623
13585 16304 1117
14382 14555 135
21441 25207 633
21349 25523 3897
13096 17905 2338
17179 20295 1213
17534 20315 2564
5580 6569 845
776 1546 385
4598 5277 500
965 2353 112
23606 24049 105
2276 4170 1446
19484 22437 2810
19572 22467 300
10070 11265 357
17162 19637 174
10074 14454 971
11805 13540 1065
21924 26685 1151
2950 4611 433
14428 15283 309
22627 23161 424
8914 11272 1145
19173 20583 668
18729 23672 1032
23578 24761 124
6772 9194 108
10351 12302 23
15249 17709 1512
22137 24681 1322
10148 13479 254
19285 22955 775
23248 24465 374
8058 13038 4392
19797 23160 448
9591 11398 410
23594 23798 86
21810 26148 2569
21081 23506 380
13851 16742 414
20395 25386 4758
17803 18354 136
13289 15862 1883
11316 15620 1339
5395 8030 2525
7545 11062 1406
21825 23701 1212
1557 2448 285
13456 15323 1355
5382 6798 133
12785 16412 996
2965 2976 6
19870 21720 1396
11986 16087 1377
16960 17411 375
17508 21453 1730
17807 18078 214
8243 9991 250
7791 8137 1
15668 16735 195
1660 5730 2800
19697 21092 489
15316 19479 113
7932 12606 4325
19598 23174 1615
24202 25746 1244
20627 22213 1100
6772 7665 614
21073 24397 390
12960 15436 314
12884 13006 44
20511 25078 2936
12581 12939 314
2556 4985 1633
3402 7545 2040
7976 12497 4110
22470 25738 447
8205 10515 2032
3853 7362 2437
10344 12469 471
13042 15819 2416
816 4896 2557
13112 16906 3427
14104 18655 1828
15769 17897 2027
8059 8544 379
19768 22438 1683
11519 13151 29
2871 5949 2619
7079 8354 743
14858 19308 3895
12503 15239 427
21068 21830 296
19021 22599 62
21814 24158 1647
24329 26878 1771
754 3975 2890
3011 4586 1338
13200 13648 13
3058 5244 2181
16405 20264 1993
9764 12907 1429
21231 21235 3
18102 22632 1946
11486 14121 2493
17460 21077 424
11628 13584 10
8838 9039 121
13635 17881 1723
10059 14381 4097
2842 3177 272
24655 27727 2292
3418 7514 443
20696 21741 76
155 3666 3279
2367 4095 242
12430 12766 2
329 416 23
1720 4550 1967
22378 23159 759
14018 16752 303
9275 11336 1314
21045 21725 23
22516 25959 1910
7416 9109 255
16820 17917 689
7971 10481 1527
10940 15208 1356
8566 11723 2723
6524 11119 3808
12660 17500 1641
7024 10484 1535
23417 26140 1862
22409 23603 1088
24641 28419 1715
1624 3292 985
16968 21677 675
3660 5773 527
6429 7525 590
15643 17301 975
3846 8335 3209
18020 21532 1464
3756 6139 1526
23282 24065 406
23700 28546 2062
16518 16557 8
1950 6258 4114
18906 19550 59
2195 6849 4650
19685 21900 702
10478 11004 61
18915 21772 2039
10872 11515 522
7928 10735 1202
20208 23466 2088
2524 4855 364
1675 2224 241
1211 6071 3392
15393 15471 42
7882 9844 488
4418 7839 335
692 2225 713
9930 12861 1762
12402 12548 68
12965 13326 259
2488 2878 92
14920 18848 2044
13735 13760 22
23420 24919 1463
6205 8528 1493
7050 11977 692
15286 17149 421
92 2543 108
3409 6150 1384
4846 5303 51
7670 10139 2032
7538 8615 363
18683 18876 134
22310 23305 334
33 3092 2380
9434 12229 121
13424 13507 74
6986 8122 305
17614 22097 1417
22588 22826 172
42 3663 3552
6981 11673 2975
19502 20699 1074
1851 2402 414
1716 6400 691
23970 25214 674
2930 5847 1744
19224 20301 954
5370 10095 1829
21716 22890 676
23079 23410 222
12935 14686 1307
18001 21399 1974
22150 25874 3201
19748 23549 2529
19761 24714 2386
24051 24110 46
8516 8614 63
4818 6259 40
16394 17511 454
3950 7728 3158
17639 18786 499
1924 2416 294
8111 8982 776
11500 13545 241
15831 17494 377
17211 20599 2961
15551 17550 568
20249 21061 268
15468 16285 659
7621 10058 1236
22856 24841 303
11525 12545 233
1780 2549 565
580 5076 3893
12978 17426 2722
14265 18555 1308
1870 4858 2953
6516 11092 606
3431 3656 8
19317 22228 376
15505 19805 3458
3102 7861 3840
8245 9646 1304
3352 5144 889
14698 16912 1696
7634 9989 81
14447 18500 941
10062 12601 90
6635 8171 1006
16450 20126 2441
23801 26803 2535
23778 26076 1012
16948 18770 182
2800 5173 1033
23132 27474 2885
8181 10722 2471
12890 15578 1506
2064 5767 792
8980 13021 3629
20268 20696 170
23430 24940 1003
730 4384 2450
4893 8272 3166
22194 25118 31
803 1361 248
8043 12381 1353
22124 26645 2633
1192 2499 1181
5548 8617 1541
1726 6263 1249
2013 4006 1788
20201 21441 163
9563 9887 197
1669 3499 1439
15845 19194 1550
9355 10407 993
24209 28437 3454
13018 13215 136
10461 15272 1583
21007 24393 2417
22994 25444 1401
17545 22051 4320
397 551 67
8427 11309 2177
15864 16496 556
4717 5508 467
19841 23476 2791
849 879 20
19647 23369 183
21371 25102 2938
10184 10410 20
9996 13860 981
6660 7596 55
6397 6623 192
6451 10399 1745
15770 19430 265
1028 2435 69
14336 14827 313
23386 25970 651
16239 18508 187
4733 4761 28
19304 19860 59
4480 9022 1549
14596 15862 939
22941 23481 50
3137 5736 1761
9716 10883 660
3226 3788 162
20613 20992 330
19183 21181 1995
5320 5589 109
17559 20191 24
4963 9293 2453
10623 13148 2257
6296 10447 1147
19845 23864 2505
15761 17271 1243
24743 28320 3462
10013 12939 2462
10529 14799 1893
18040 20742 508
2067 2923 634
21661 23051 144
2354 7314 2326
4227 6824 1276
6733 11133 3219
9810 10062 143
4881 8844 259
216 4165 2413
2057 2434 152
17894 22874 1205
4554 7170 1018
7441 10631 2113
12649 13194 196
19870 22933 2375
12981 13929 201
467 4992 646
2019 2797 548
20869 23825 1454
18590 22207 1102
12118 14176 129
7068 9650 2545
16071 16574 314
14300 16014 45
692 2641 1159
8362 12347 2421
8640 9743 566
11382 14483 911
6292 10460 1119
2608 6330 495
24953 28374 198
12153 13577 807
15792 16637 213
6241 6360 44
2939 5839 592
1670 3130 27
18480 19256 574
6504 10083 2428
16784 17663 653
6062 7033 532
21907 24003 2048
13959 18035 1331
13807 16392 530
2689 4385 1315
9968 12623 2596
7817 10387 1103
1756 6536 656
4743 9397 3275
12756 12893 58
2985 5721 676
12348 13698 714
5478 7891 412
20214 21654 1177
5268 7200 641
4292 6909 1788
4719 8192 2698
9113 12473 1318
8594 11388 1101
6607 8258 513
2795 4224 604
15394 19494 3403
696 5067 1336
15497 18857 404
9562 13624 525
21402 24050 792
6141 10357 619
20575 25230 3229
3676 3692 4
15050 15588 464
8133 8455 224
23717 25170 1350
14754 17986 3176
15424 18465 2353
2956 7279 1198
1317 2123 666
13608 16369 1656
21887 26198 3004
3520 8375 1755
23237 27183 3538
8173 11329 885
6198 9713 1347
20860 23358 2104
4226 7738 3484
5326 8382 1443
4674 6155 1235
15034 15220 70
1092 1841 605
11209 13370 382
4940 9836 2340
19310 19825 363
6404 7370 840
5247 9457 300
9283 11867 1044
4045 7871 1383
2012 5024 793
10502 11661 174
19157 20050 148
9173 12673 2359
23160 24245 982
20514 21701 66
22851 25580 559
11699 14046 1058
21483 26107 2862
5304 6001 517
5871 8131 927
7116 8626 430
2648 7227 3744
6673 9645 1864
16059 20883 4139
21128 21910 674
1948 3795 97
20470 24102 3323
2968 7047 1020
5625 7369 316
23612 24750 261
977 1534 111
13550 14467 87
10273 12911 285
7113 8181 808
10069 13500 174
13666 14839 176
8655 10023 195
21270 25022 1574
21308 21863 393
17460 19134 283
20354 20899 454
24396 29074 1184
1621 4719 1720
19119 20758 776
7894 8874 711
16317 17469 232
5729 10165 2339
9074 13050 1547
14940 17465 663
20490 20567 65
5964 10690 473
19133 22640 267
24659 28345 1969
22053 25427 3131
17660 21054 97
3621 5261 1278
4664 8549 1125
52 1851 247
17740 22409 2266
1021 5551 157
17419 22230 552
4640 5095 282
16681 20515 2883
8177 12442 3691
12550 17287 858
17528 19300 1451
6507 10853 555
11569 11657 43
4931 7160 1059
21473 25717 944
19953 23436 719
7701 11911 2460
4975 8119 2860
17082 19773 1040
23480 25147 291
7136 11364 2624
5021 7342 532
12696 16042 3271
4273 7406 936
4196 5884 539
13245 17131 428
674 5201 614
23895 26977 745
6878 10700 2837
13970 15524 569
20819 22011 1114
23747 27745 1527
8995 11983 181
20809 23668 1895
24246 28397 888
4992 6249 976
24095 24946 449
1536 5230 2389
13479 15700 1279
18093 18801 660
13170 14995 1259
16084 18176 1882
22037 25129 2519
9633 13007 149
703 3522 1009
21597 24229 1630
9317 10524 690
11565 16485 4171
11068 14879 1485
10917 11309 171
9028 12442 1679
20542 20603 46
19832 21116 1015
13427 14272 226
6982 7675 457
2505 7060 1720
1972 6026 737
24664 29277 2894
11506 13226 1038
20161 25099 1263
21550 25071 566
18583 22058 969
17260 18822 1008
18519 22182 2456
19880 22759 1679
8901 10452 1015
755 2037 1123
16144 20938 2290
21706 24012 698
13425 16466 2855
23328 25053 925
12275 15186 2767
16426 21103 1844
12752 13216 104
4877 7168 220
7470 7860 133
8908 12733 1521
7267 12031 3100
19131 22070 2329
22932 23629 222
21905 26783 2964
13845 15061 1110
23728 23970 225
16178 19059 2637
19619 23331 3512
6140 8669 202
890 1638 527
3191 8076 867
9440 9485 20
14901 17948 318
21984 24419 2087
9735 10605 119
16380 17586 1044
17190 17657 432
11726 14276 2299
11967 12141 49
12261 13365 563
5933 9899 2353
338 2939 645
14020 17105 578
19153 20593 1026
18694 18853 49
14419 18208 3698
22694 23773 457
19123 23806 408
17084 17857 601
19814 23475 2000
16939 18611 786
14803 15649 27
20711 24181 2781
17281 19549 542
22249 22800 392
22834 25426 1402
12081 16782 2337
4204 7805 2119
12664 13796 260
19686 20382 579
16344 17352 63
3167 3763 359
501 4714 2181
21917 26331 3763
22315 25002 1311
20641 25120 201
11495 14358 2256
20377 24134 638
23640 24841 137
11596 13344 1003
5490 5710 4
400 3635 915
21555 25822 1985
13286 17837 4496
15349 15687 138
17518 21597 3640
18107 18116 2
24012 26774 1098
14226 18979 1782
10720 15205 705
16272 20367 3402
15145 18672 2045
8873 13783 3844
22789 27694 2301
5858 7111 575
2161 3714 465
19116 22243 1646
9758 12674 2255
1602 1687 44
4743 9205 2888
11153 11885 263
23527 28387 2407
12864 16705 705
9273 13622 872
7667 10788 2872
13471 15662 694
10932 12834 1182
13468 17705 3937
21531 21608 41
6687 7544 409
10045 14113 1021
6410 9233 1907
22000 22389 184
3134 6276 1643
8857 13417 4454
3026 4436 889
10864 13611 2051
21662 25453 3424
1057 2724 1427
12654 14342 1226
11911 13073 881
12546 13917 1106
8305 9881 548
1223 1930 226
20975 23680 1412
1523 4985 2325
16345 17184 140
13436 15397 1141
4870 8213 2255
12978 13831 35
8824 13338 1307
8861 12833 1878
24968 25110 13
7432 10808 3072
5841 10360 536
3362 3665 227
23737 24382 247
5996 8555 553
1767 1973 76
19744 22121 2056
24977 27647 87
11946 15679 2426
9371 10095 499
14039 18080 869
11078 11422 171
2065 4825 1153
4759 5918 607
6331 10583 2520
3045 7680 42
22934 22975 5
5194 7218 641
7532 9344 518
6604 10762 1639
14789 16739 877
24293 28386 2101
21004 24548 2551
132 4694 3018
23140 25497 1673
11658 14799 1362
10450 15279 180
2740 4988 1495
20778 25177 297
21457 23057 864
12962 16858 2117
23240 23962 438
348 493 64
16989 18660 209
13649 17430 1509
3317 3669 237
10130 13456 2804
5777 7705 1849
10739 14097 1647
5666 10486 2736
18190 20959 652
12196 14128 1769
12567 13915 1164
10383 10419 9
2553 4258 1112
7195 9091 240
20353 25068 3008
20385 24198 2385
2568 3172 391
2114 4049 1308
13179 13528 284
14151 16221 1053
4096 7781 2903
1162 4084 1103
14069 15517 1238
21551 26402 2913
18706 20479 576
19556 23041 2313
3579 6086 1216
11062 14001 2325
4513 6155 1150
11866 12054 22
9800 14112 2477
14129 17475 1858
13826 18340 224
17602 18004 273
16189 19039 1553
24977 29443 3242
15257 19116 1379
18570 23495 252
16122 19669 663
1642 5802 1761
449 614 68
15012 19878 1710
5590 10315 1416
6494 8063 669
23085 25906 665
15096 19918 2524
17923 19629 103
12058 12980 705
5319 7099 207
19754 21648 1042
16977 17421 234
10387 13523 2526
9304 13450 3866
22416 24976 2554
2665 4781 389
1790 5261 2220
8956 12319 3023
5669 7605 1779
20245 22800 2384
1178 2214 14
9627 10757 455
4374 6847 1609
2286 5242 1296
12826 16248 2126
829 5565 407
17259 18855 854
9694 10429 171
11820 14060 26
14670 19600 4066
11541 11878 32
719 2688 965
7979 10834 2617
161 2186 1555
2589 5071 1733
19358 23668 3720
5520 9601 1045
11055 11412 31
3176 4448 294
7030 8819 556
9272 10407 708
17352 21127 2257
24329 27506 2655
3968 4369 122
15681 18308 1362
13158 15467 2085
22335 23122 166
19195 20095 290
14439 19291 539
6028 8711 589
23911 28250 2345
10530 13219 126
13963 18155 3466
10466 13281 1537
24086 28016 2146
3490 3710 36
16553 17439 461
5722 8692 943
13816 15736 1405
15532 16347 138
6477 11437 2635
5566 9284 806
6862 9444 830
14512 14817 28
1782 4382 1027
169 3529 979
22981 26497 3300
2779 3177 217
8104 11844 1853
17763 22731 146
21929 22791 474
5822 10005 4166
265 4421 1812
16236 16938 393
20339 23180 2018
6847 10523 2488
19932 22775 1177
2311 5867 2219
10986 14650 2341
6221 7031 31
15119 18074 1120
13471 17670 2027
16475 18797 354
22167 22947 115
9825 11916 528
10282 13338 1243
21887 25202 3297
11633 15785 3889
4567 4775 208
14278 14560 259
18412 22233 2242
2729 4356 1161
21115 22058 769
14052 17860 1570
2491 6855 3221
17637 20530 2442
17190 21812 1100
24721 27809 1178
12523 15010 835
2417 5855 3431
9416 13161 1626
23415 27132 2944
22632 24120 830
17600 18366 673
5308 9525 1950
20947 21526 507
564 4288 2358
5969 9854 3239
7567 10683 2460
17320 21995 4335
24214 24746 362
16457 18968 659
16483 17756 1066
1235 2516 369
13835 17128 2171
549 5408 1045
18700 20148 1226
16236 20852 774
24443 27107 2574
10097 10553 44
13151 13540 325
3676 5320 751
5467 5995 370
12964 14828 1645
12427 12963 497
20138 20330 37
22163 23826 227
5389 7114 1291
20369 25048 4006
14474 18505 3394
20828 25521 2045
12493 16531 2121
24160 28488 3864
12124 12194 20
21647 22240 138
5349 9734 298
436 5416 3360
1666 5797 3481
22231 23956 299
23997 27095 935
24058 26420 250
19304 22053 2601
20086 22671 1321
21624 22003 200
14147 18710 1036
6030 9247 1254
2208 3439 676
15546 19952 2654
5053 8528 2001
8344 12933 1689
11492 12561 745
12468 13173 299
24797 28970 2922
4673 9303 2349
5259 10027 2017
1871 3613 462
5592 7885 710
21340 22621 789
18729 19181 148
7261 12099 1842
15301 18753 205
14599 19012 1905
6073 6395 321
14807 15256 208
13751 14864 976
19515 20658 178
19217 23588 3340
11411 11752 325
306 2114 418
3968 4461 23
22032 26371 456
1722 4403 1970
6608 10724 1098
3572 4251 590
104 669 412
11142 14733 1010
892 1202 56
777 5585 2164
13694 15599 182
19358 21541 1563
7768 9843 1637
23948 27212 573
4077 5432 666
6402 10022 3234
9908 14115 2650
4686 8248 2286
911 3456 769
5813 8023 2168
10502 13191 1580
19194 20156 288
15777 20539 3188
21895 25991 2437
22930 24002 396
1950 2553 207
19566 21215 271
5628 7180 25
16522 18059 1211
7477 11945 2843
13855 15100 807
21245 24661 1762
9839 14413 1078
8493 12422 3699
18937 21458 2436
23018 26721 1193
15368 19030 975
6212 7389 308
13651 14713 677
24283 27209 781
2032 5902 2643
16096 16409 171
24683 28741 799
3219 7361 2610
4438 5216 34
4814 6184 768
485 2745 773
2450 5726 740
20251 23877 3598
16714 19776 589
17460 21510 2196
16952 17694 188
24621 28721 1263
15575 18109 2486
3593 7883 1149
2340 6227 3684
18042 22702 481
4918 7810 428
2158 5261 1537
23034 25341 1291
11577 14383 147
2672 4475 1644
10673 12913 1441
22356 22905 384
15837 16049 15
8459 10393 699
17762 21954 2498
9086 9320 133
12624 15735 1094
14293 15816 1046
23060 24763 1656
17495 18641 134
657 3499 429
21963 22823 20
12845 15683 832
10397 13692 2200
19262 22244 755
17891 20838 2108
1529 5795 892
7258 11762 4504
16453 18396 971
18744 22885 1081
11678 14585 1266
6880 7427 261
15313 17779 732
13567 16612 2236
2718 6334 2029
11690 14049 496
20053 21945 970
15748 19172 3267
20970 24005 1157
23183 25552 1906
15696 20343 3067
565 5017 838
6184 8473 2086
15532 19993 3192
2751 3565 635
16618 20654 2723
2228 5908 2721
6904 11528 3472
20818 23047 2067
21912 25443 2587
7074 11098 3509
10513 12305 1333
2509 7490 3318
7886 12495 3483
9752 14551 3510
9941 10878 873
11596 16340 2293
12163 13728 1349
24424 26181 806
15756 18671 211
6795 10624 1991
8290 13133 2329
19238 23385 746
22964 26079 2573
10096 11476 739
23282 27355 2711
95 1324 482
1317 4763 1505
21033 21636 304
21213 22589 553
22028 23230 147
13016 17690 1152
5812 10257 3361
3653 6905 2295
13310 13542 5
14841 18497 239
2692 6319 204
15250 17043 1398
9964 11683 83
14230 16732 2352
22549 25989 1897
5198 8742 73
10839 14304 3062
11350 15536 1426
10988 14187 3084
7905 9658 263
882 3784 2219
21681 23327 506
953 5728 4576
18637 18963 83
2799 5825 2613
11152 16053 2855
22216 26324 321
2399 2641 3
4722 8929 3706
13357 16576 819
21650 23745 340
11866 13593 1575
24075 28597 43
10876 12736 1787
10711 14493 2435
2617 5572 1965
5266 9034 3486
255 693 70
19016 21256 1439
21464 25034 2618
11377 15191 3636
22634 25049 1276
20429 21484 268
6169 9966 405
7506 7954 36
4608 7390 2727
10572 12396 1717
22312 24749 497
20910 25283 4194
16302 19734 1313
2149 2712 246
591 5105 652
625 2136 834
16230 19508 1514
17004 21449 259
359 2222 334
11680 11951 163
14937 17574 2507
16311 19073 2363
12651 15095 1375
11617 12547 510
1987 5898 1956
22808 26326 1657
3496 5145 1056
19416 24212 335
18303 21399 1230
1471 6045 681
10796 12195 623
24523 27826 2979
18399 22559 2514
2556 3284 567
20554 20859 174
21119 25806 396
4541 5346 132
8384 9041 251
10718 11387 413
15291 18705 1029
2358 5015 1323
12798 12913 112
13444 14062 597
15248 15249 1
24705 25002 39
9044 11190 445
2269 3671 224
14979 16951 1660
24573 27351 889
2404 5745 3183
17507 22105 1199
11881 15960 3579
15332 20261 929
20154 20739 203
12317 15881 360
13570 15096 122
21557 23770 2019
4376 8386 208
22279 24535 1431
14814 18244 2208
3354 4636 1151
16119 18098 1937
12543 16324 269
1733 5353 1503
13837 14100 205
24516 27403 1599
4678 8086 700
14473 19143 1473
16635 16784 15
19773 19833 48
7669 8237 45
7585 10187 2349
17296 21001 2457
820 3843 66
13218 15726 357
15137 16937 193
24 804 588
899 1834 318
3016 7767 2661
15103 17253 1454
23642 25097 634
1876 3331 1342
3121 4138 845
39 3001 1025
18185 19087 64
549 1384 106
8123 10889 1000
23600 24278 199
11046 13445 222
2746 6261 1324
10236 11251 173
4908 9825 4317
24054 26418 994
8484 10478 60
5980 6565 210
10323 15201 1037
20416 24269 1577
13971 14248 11
15598 20040 2267
19627 20265 386
17919 20324 1797
18740 20395 1137
12891 16161 2263
21174 22548 526
