30000
5000
6823 6826 2
8945 8948 2
735 738 2
4051 4054 2
3997 4000 2
847 850 2
823 826 2
6311 6314 2
3531 3534 2
2783 2786 2
1389 1392 2
5417 5420 2
8793 8796 2
2909 2912 2
4519 4522 2
1239 1242 2
33 36 2
1087 1090 2
1173 1176 2
8341 8344 2
2721 2724 2
6387 6390 2
6263 6266 2
5399 5402 2
1103 1106 2
1361 1364 2
8993 8996 2
6539 6542 2
3339 3342 2
7115 7118 2
9127 9130 2
7987 7990 2
5617 5620 2
6415 6418 2
1965 1968 2
2785 2788 2
9363 9366 2
1711 1714 2
5983 5986 2
2405 2408 2
4747 4750 2
9371 9374 2
85 88 2
6339 6342 2
89 92 2
8477 8480 2
5977 5980 2
95 98 2
3223 3226 2
6517 6520 2
3755 3758 2
103 106 2
7313 7316 2
6079 6082 2
5925 5928 2
9783 9786 2
3583 3586 2
8649 8652 2
8165 8168 2
6897 6900 2
9719 9722 2
8185 8188 2
125 128 2
4159 4162 2
7087 7090 2
4833 4836 2
8367 8370 2
1513 1516 2
6053 6056 2
9219 9222 2
45 48 2
4801 4804 2
1745 1748 2
6703 6706 2
8529 8532 2
151 154 2
8663 8666 2
797 800 2
157 160 2
3083 3086 2
4667 4670 2
8079 8082 2
6431 6434 2
2419 2422 2
9815 9818 2
1443 1446 2
8035 8038 2
3009 3012 2
5637 5640 2
179 182 2
6629 6632 2
7733 7736 2
2603 2606 2
5853 5856 2
8687 8690 2
191 194 2
3071 3074 2
195 198 2
4623 4626 2
5973 5976 2
8743 8746 2
4343 4346 2
4179 4182 2
8747 8750 2
505 508 2
211 214 2
333 336 2
5125 5128 2
6655 6658 2
219 222 2
3599 3602 2
9703 9706 2
225 228 2
8087 8090 2
9701 9704 2
1481 1484 2
7023 7026 2
235 238 2
6165 6168 2
6449 6452 2
4577 4580 2
7565 7568 2
8163 8166 2
6061 6064 2
9727 9730 2
6305 6308 2
6813 6816 2
3425 3428 2
1893 1896 2
5971 5974 2
879 882 2
263 266 2
265 268 2
9929 9932 2
9697 9700 2
3335 3338 2
2429 2432 2
6209 6212 2
443 446 2
5817 5820 2
297 300 2
283 286 2
7241 7244 2
287 290 2
473 476 2
3953 3956 2
6321 6324 2
7891 7894 2
2307 2310 2
4437 4440 2
4383 4386 2
8085 8088 2
6653 6656 2
781 784 2
309 312 2
4299 4302 2
327 330 2
4499 4502 2
317 320 2
4151 4154 2
2539 2542 2
2851 2854 2
3199 3202 2
8077 8080 2
5193 5196 2
7963 7966 2
269 272 2
5211 5214 2
2505 2508 2
1537 1540 2
341 344 2
7979 7982 2
9299 9302 2
5577 5580 2
855 858 2
2709 2712 2
6635 6638 2
355 358 2
4167 4170 2
4093 4096 2
9863 9866 2
363 366 2
3805 3808 2
9685 9688 2
4177 4180 2
371 374 2
7599 7602 2
9481 9484 2
7567 7570 2
5149 5152 2
6211 6214 2
5595 5598 2
385 388 2
4057 4060 2
1015 1018 2
2601 2604 2
6383 6386 2
93 96 2
8791 8794 2
585 588 2
525 528 2
403 406 2
8547 8550 2
6761 6764 2
1415 1418 2
6303 6306 2
2987 2990 2
6169 6172 2
6643 6646 2
5135 5138 2
5369 5372 2
4359 4362 2
3395 3398 2
8753 8756 2
4161 4164 2
3825 3828 2
2367 2370 2
7329 7332 2
3803 3806 2
5395 5398 2
5719 5722 2
369 372 2
1009 1012 2
4243 4246 2
449 452 2
2811 2814 2
9307 9310 2
2365 2368 2
7137 7140 2
3967 3970 2
2319 2322 2
463 466 2
1039 1042 2
4323 4326 2
3727 3730 2
7179 7182 2
5511 5514 2
9903 9906 2
3365 3368 2
8655 8658 2
397 400 2
9249 9252 2
485 488 2
3795 3798 2
417 420 2
1627 1630 2
1433 1436 2
495 498 2
9489 9492 2
9501 9504 2
1875 1878 2
57 60 2
2275 2278 2
507 510 2
3499 3502 2
6309 6312 2
6763 6766 2
5331 5334 2
517 520 2
519 522 2
1905 1908 2
3705 3708 2
3503 3506 2
1333 1336 2
7027 7030 2
9645 9648 2
5409 5412 2
8239 8242 2
4189 4192 2
539 542 2
3877 3880 2
7003 7006 2
9907 9910 2
5723 5726 2
4285 4288 2
1933 1936 2
4757 4760 2
9117 9120 2
8157 8160 2
8581 8584 2
6701 6704 2
3469 3472 2
2649 2652 2
9411 9414 2
3591 3594 2
561 564 2
9217 9220 2
4265 4268 2
577 580 2
1619 1622 2
7865 7868 2
5455 5458 2
8689 8692 2
587 590 2
755 758 2
5573 5576 2
6837 6840 2
5937 5940 2
3769 3772 2
1327 1330 2
1307 1310 2
8805 8808 2
6993 6996 2
607 610 2
9453 9456 2
7789 7792 2
4881 4884 2
7097 7100 2
7209 7212 2
5019 5022 2
4871 4874 2
5433 5436 2
79 82 2
5575 5578 2
6647 6650 2
2193 2196 2
5385 5388 2
3191 3194 2
9491 9494 2
2843 2846 2
3667 3670 2
6159 6162 2
8463 8466 2
7499 7502 2
7053 7056 2
5353 5356 2
8823 8826 2
715 718 2
63 66 2
5215 5218 2
9197 9200 2
2487 2490 2
8007 8010 2
1999 2002 2
669 672 2
9221 9224 2
2621 2624 2
675 678 2
8327 8330 2
1817 1820 2
2491 2494 2
6801 6804 2
2065 2068 2
9337 9340 2
883 886 2
323 326 2
5011 5014 2
9779 9782 2
8455 8458 2
8487 8490 2
9463 9466 2
3985 3988 2
705 708 2
9141 9144 2
479 482 2
3933 3936 2
2019 2022 2
5681 5684 2
6253 6256 2
8415 8418 2
7493 7496 2
3107 3110 2
3045 3048 2
9591 9594 2
5405 5408 2
4559 4562 2
733 736 2
4311 4314 2
3477 3480 2
431 434 2
1605 1608 2
3281 3284 2
9993 9996 2
747 750 2
5895 5898 2
1859 1862 2
1151 1154 2
4041 4044 2
9269 9272 2
1063 1066 2
6291 6294 2
763 766 2
7505 7508 2
4429 4432 2
9233 9236 2
1787 1790 2
7155 7158 2
4993 4996 2
2313 2316 2
3149 3152 2
3569 3572 2
5969 5972 2
4063 4066 2
787 790 2
1229 1232 2
8583 8586 2
4453 4456 2
6895 6898 2
5233 5236 2
5675 5678 2
2025 2028 2
7185 7188 2
805 808 2
1717 1720 2
4547 4550 2
4775 4778 2
407 410 2
3881 3884 2
817 820 2
4357 4360 2
1425 1428 2
7205 7208 2
9345 9348 2
2607 2610 2
257 260 2
831 834 2
7503 7506 2
2847 2850 2
1263 1266 2
9601 9604 2
841 844 2
4115 4118 2
9699 9702 2
8139 8142 2
531 534 2
4887 4890 2
215 218 2
4647 4650 2
581 584 2
8177 8180 2
3631 3634 2
5597 5600 2
3981 3984 2
1709 1712 2
5865 5868 2
2139 2142 2
8989 8992 2
5957 5960 2
7281 7284 2
2531 2534 2
881 884 2
4061 4064 2
4435 4438 2
71 74 2
271 274 2
891 894 2
3943 3946 2
895 898 2
7833 7836 2
7175 7178 2
901 904 2
1523 1526 2
905 908 2
907 910 2
171 174 2
5819 5822 2
3541 3544 2
915 918 2
8261 8264 2
6615 6618 2
8067 8070 2
5797 5800 2
4977 4980 2
3571 3574 2
295 298 2
4565 4568 2
6223 6226 2
6181 6184 2
2463 2466 2
2935 2938 2
223 226 2
9427 9430 2
7293 7296 2
7703 7706 2
1285 1288 2
951 954 2
1849 1852 2
2653 2656 2
8935 8938 2
3745 3748 2
533 536 2
9047 9050 2
7909 7912 2
1809 1812 2
4815 4818 2
4087 4090 2
6411 6414 2
2743 2746 2
3017 3020 2
8361 8364 2
7113 7116 2
1275 1278 2
4239 4242 2
9399 9402 2
7263 7266 2
7887 7890 2
2415 2418 2
2323 2326 2
997 1000 2
9511 9514 2
1269 1272 2
8345 8348 2
8595 8598 2
3929 3932 2
6155 6158 2
293 296 2
6109 6112 2
5955 5958 2
1067 1070 2
6979 6982 2
7149 7152 2
7633 7636 2
1969 1972 2
357 360 2
8965 8968 2
1031 1034 2
5423 5426 2
9475 9478 2
2693 2696 2
9931 9934 2
4755 4758 2
1043 1046 2
7343 7346 2
4283 4286 2
9735 9738 2
7921 7924 2
1053 1056 2
6001 6004 2
9553 9556 2
9549 9552 2
1061 1064 2
3843 3846 2
1065 1068 2
6271 6274 2
6871 6874 2
949 952 2
6229 6232 2
7949 7952 2
6003 6006 2
5173 5176 2
1035 1038 2
4635 4638 2
7619 7622 2
9593 9596 2
3217 3220 2
4855 4858 2
6809 6812 2
2641 2644 2
639 642 2
8373 8376 2
5249 5252 2
1643 1646 2
5643 5646 2
2361 2364 2
8027 8030 2
8889 8892 2
8695 8698 2
1115 1118 2
5447 5450 2
1119 1122 2
4999 5002 2
835 838 2
1549 1552 2
1127 1130 2
1129 1132 2
1393 1396 2
7277 7280 2
6533 6536 2
1235 1238 2
4475 4478 2
9883 9886 2
1143 1146 2
9401 9404 2
1147 1150 2
7523 7526 2
8601 8604 2
145 148 2
6883 6886 2
5059 5062 2
1159 1162 2
1161 1164 2
4611 4614 2
8565 8568 2
4955 4958 2
7291 7294 2
3109 3112 2
9273 9276 2
8499 8502 2
2027 2030 2
1179 1182 2
2445 2448 2
2129 2132 2
1185 1188 2
981 984 2
943 946 2
4821 4824 2
3459 3462 2
1195 1198 2
5283 5286 2
8939 8942 2
2571 2574 2
6595 6598 2
8393 8396 2
7623 7626 2
5763 5766 2
6665 6668 2
393 396 2
6711 6714 2
1821 1824 2
3949 3952 2
1651 1654 2
2833 2836 2
1225 1228 2
1227 1230 2
9793 9796 2
6245 6248 2
9571 9574 2
6413 6416 2
8437 8440 2
6569 6572 2
8045 8048 2
8295 8298 2
4207 4210 2
1025 1028 2
9925 9928 2
8147 8150 2
1253 1256 2
1255 1258 2
7213 7216 2
6649 6652 2
2259 2262 2
7895 7898 2
5587 5590 2
6839 6842 2
3313 3316 2
7667 7670 2
5903 5906 2
3767 3770 2
3729 3732 2
6807 6810 2
6777 6780 2
3975 3978 2
7035 7038 2
4685 4688 2
1289 1292 2
4425 4428 2
4807 4810 2
2343 2346 2
2245 2248 2
1299 1302 2
279 282 2
3979 3982 2
2689 2692 2
7455 7458 2
9533 9536 2
2023 2026 2
1313 1316 2
1199 1202 2
379 382 2
5815 5818 2
4035 4038 2
6103 6106 2
1325 1328 2
1529 1532 2
8359 8362 2
6391 6394 2
623 626 2
435 438 2
2489 2492 2
461 464 2
25 28 2
1343 1346 2
757 760 2
9497 9500 2
9289 9292 2
6613 6616 2
6265 6268 2
7153 7156 2
1357 1360 2
7941 7944 2
4139 4142 2
237 240 2
2855 2858 2
6025 6028 2
3911 3914 2
2069 2072 2
4733 4736 2
5841 5844 2
7327 7330 2
4619 4622 2
2125 2128 2
967 970 2
1881 1884 2
5411 5414 2
8681 8684 2
3465 3468 2
9617 9620 2
4773 4776 2
2271 2274 2
2133 2136 2
8187 8190 2
541 544 2
2619 2622 2
8975 8978 2
7235 7238 2
4683 4686 2
1413 1416 2
1901 1904 2
8217 8220 2
315 318 2
1421 1424 2
9225 9228 2
7349 7352 2
1691 1694 2
779 782 2
3835 3838 2
4003 4006 2
2933 2936 2
2679 2682 2
9723 9726 2
4075 4078 2
7131 7134 2
4085 4088 2
411 414 2
7497 7500 2
3025 3028 2
9253 9256 2
2339 2342 2
163 166 2
813 816 2
4595 4598 2
6903 6906 2
5305 5308 2
7811 7814 2
1335 1338 2
3823 3826 2
7411 7414 2
8579 8582 2
3651 3654 2
543 546 2
2907 2910 2
5999 6002 2
1485 1488 2
695 698 2
941 944 2
1491 1494 2
7893 7896 2
1021 1024 2
3673 3676 2
87 90 2
3323 3326 2
9881 9884 2
1505 1508 2
6279 6282 2
1371 1374 2
3645 3648 2
637 640 2
6267 6270 2
2849 2852 2
2041 2044 2
2577 2580 2
5341 5344 2
2781 2784 2
1527 1530 2
3271 3274 2
6513 6516 2
6237 6240 2
3885 3888 2
3421 3424 2
8963 8966 2
6771 6774 2
5109 5112 2
4007 4010 2
127 130 2
6325 6328 2
9083 9086 2
2925 2928 2
7289 7292 2
277 280 2
6055 6058 2
537 540 2
5499 5502 2
4397 4400 2
1567 1570 2
1569 1572 2
9853 9856 2
1573 1576 2
5 8 2
2295 2298 2
3383 3386 2
7937 7940 2
4459 4462 2
9867 9870 2
7337 7340 2
1589 1592 2
5069 5072 2
267 270 2
6673 6676 2
2795 2798 2
7609 7612 2
9415 9418 2
3811 3814 2
8869 8872 2
2555 2558 2
7415 7418 2
1013 1016 2
6503 6506 2
8511 8514 2
1617 1620 2
2817 2820 2
6923 6926 2
8283 8286 2
1689 1692 2
2951 2954 2
631 634 2
9431 9434 2
2997 3000 2
1635 1638 2
7319 7322 2
3773 3776 2
5321 5324 2
1609 1612 2
2253 2256 2
3649 3652 2
7203 7206 2
3707 3710 2
6407 6410 2
3211 3214 2
5607 5610 2
8917 8920 2
1661 1664 2
2439 2442 2
8003 8006 2
4951 4954 2
8269 8272 2
6583 6586 2
2947 2950 2
7365 7368 2
5661 5664 2
6995 6998 2
903 906 2
1683 1686 2
1685 1688 2
6967 6970 2
9681 9684 2
1427 1430 2
4811 4814 2
657 660 2
5241 5244 2
6345 6348 2
7707 7710 2
3871 3874 2
5791 5794 2
9135 9138 2
6349 6352 2
6435 6438 2
1713 1716 2
513 516 2
1587 1590 2
3375 3378 2
5543 5546 2
3763 3766 2
731 734 2
8263 8266 2
765 768 2
5639 5642 2
873 876 2
1735 1738 2
6369 6372 2
5367 5370 2
203 206 2
1743 1746 2
605 608 2
1747 1750 2
8561 8564 2
4221 4224 2
6489 6492 2
617 620 2
1051 1054 2
1759 1762 2
9975 9978 2
1763 1766 2
7439 7442 2
1767 1770 2
3753 3756 2
615 618 2
8137 8140 2
6199 6202 2
4491 4494 2
375 378 2
8315 8318 2
2325 2328 2
1597 1600 2
7577 7580 2
2037 2040 2
1791 1794 2
7671 7674 2
3515 3518 2
2265 2268 2
1799 1802 2
9839 9842 2
1803 1806 2
1805 1808 2
1807 1810 2
4545 4548 2
1811 1814 2
1813 1816 2
1815 1818 2
4105 4108 2
9927 9930 2
7897 7900 2
9895 9898 2
1825 1828 2
255 258 2
6829 6832 2
8821 8824 2
6371 6374 2
6721 6724 2
7201 7204 2
2273 2276 2
9665 9668 2
8567 8570 2
6241 6244 2
1847 1850 2
9987 9990 2
7747 7750 2
1853 1856 2
3367 3370 2
9131 9134 2
5645 5648 2
5073 5076 2
1863 1866 2
6905 6908 2
9721 9724 2
1591 1594 2
3353 3356 2
7669 7672 2
3845 3848 2
4445 4448 2
737 740 2
9291 9294 2
985 988 2
9103 9106 2
5801 5804 2
9023 9026 2
8273 8276 2
8733 8736 2
1365 1368 2
1897 1900 2
9155 9158 2
7571 7574 2
1903 1906 2
2883 2886 2
1907 1910 2
9977 9980 2
5963 5966 2
9537 9540 2
2437 2440 2
3433 3436 2
3813 3816 2
1921 1924 2
583 586 2
8671 8674 2
9259 9262 2
9561 9564 2
7287 7290 2
1077 1080 2
743 746 2
2427 2430 2
6093 6096 2
793 796 2
3513 3516 2
2109 2112 2
5731 5734 2
3041 3044 2
6855 6858 2
4691 4694 2
7357 7360 2
2661 2664 2
8765 8768 2
5245 5248 2
9967 9970 2
629 632 2
6561 6564 2
8691 8694 2
5629 5632 2
7999 8002 2
1171 1174 2
1977 1980 2
5359 5362 2
8575 8578 2
6185 6188 2
6461 6464 2
4953 4956 2
8609 8612 2
529 532 2
291 294 2
1475 1478 2
9133 9136 2
8899 8902 2
7459 7462 2
2169 2172 2
2005 2008 2
9677 9680 2
37 40 2
2011 2014 2
2013 2016 2
5421 5424 2
2017 2020 2
3431 3434 2
2021 2024 2
1721 1724 2
8707 8710 2
4287 4290 2
2765 2768 2
2031 2034 2
3855 3858 2
2035 2038 2
7315 7318 2
2357 2360 2
1519 1522 2
2043 2046 2
829 832 2
4157 4160 2
3523 3526 2
2519 2522 2
2053 2056 2
6621 6624 2
2327 2330 2
1403 1406 2
2061 2064 2
1073 1076 2
5199 5202 2
2067 2070 2
4293 4296 2
2071 2074 2
2073 2076 2
8013 8016 2
3051 3054 2
2079 2082 2
5311 5314 2
6645 6648 2
2219 2222 2
5111 5114 2
9483 9486 2
6101 6104 2
2093 2096 2
7739 7742 2
9487 9490 2
6599 6602 2
923 926 2
2841 2844 2
6781 6784 2
4517 4520 2
5337 5340 2
3603 3606 2
1629 1632 2
8305 8308 2
8095 8098 2
3219 3222 2
8115 8118 2
2123 2126 2
1705 1708 2
4925 4928 2
6559 6562 2
2131 2134 2
7913 7916 2
2135 2138 2
5509 5512 2
2039 2042 2
67 70 2
9545 9548 2
9529 9532 2
1739 1742 2
2449 2452 2
7433 7436 2
987 990 2
4503 4506 2
5065 5068 2
8623 8626 2
2161 2164 2
8091 8094 2
4201 4204 2
853 856 2
2051 2054 2
5197 5200 2
1827 1830 2
8041 8044 2
2205 2208 2
8143 8146 2
5157 5160 2
3821 3824 2
193 196 2
6841 6844 2
9087 9090 2
243 246 2
4267 4270 2
6697 6700 2
9089 9092 2
3331 3334 2
1895 1898 2
2203 2206 2
9527 9530 2
2207 2210 2
8275 8278 2
2211 2214 2
3369 3372 2
383 386 2
8057 8060 2
2181 2184 2
4205 4208 2
2223 2226 2
4997 5000 2
8731 8734 2
8637 8640 2
499 502 2
8231 8234 2
6261 6264 2
429 432 2
2983 2986 2
6397 6400 2
2243 2246 2
1953 1956 2
9429 9432 2
1273 1276 2
2303 2306 2
4693 4696 2
1479 1482 2
4367 4370 2
1935 1938 2
3689 3692 2
5893 5896 2
9423 9426 2
3417 3420 2
3739 3742 2
7305 7308 2
9035 9038 2
2835 2838 2
4021 4024 2
2279 2282 2
3325 3328 2
3379 3382 2
7123 7126 2
2597 2600 2
2289 2292 2
7573 7576 2
6641 6644 2
5933 5936 2
6443 6446 2
2299 2302 2
9563 9566 2
4019 4022 2
335 338 2
3789 3792 2
4657 4660 2
2311 2314 2
6333 6336 2
2247 2250 2
7563 7566 2
4707 4710 2
613 616 2
7585 7588 2
1783 1786 2
7929 7932 2
2581 2584 2
1435 1438 2
6197 6200 2
2285 2288 2
5733 5736 2
7759 7762 2
1461 1464 2
8329 8332 2
7007 7010 2
3235 3238 2
4441 4444 2
9105 9108 2
1155 1158 2
7501 7504 2
2815 2818 2
4373 4376 2
8709 8712 2
1267 1270 2
6481 6484 2
9353 9356 2
2369 2372 2
1169 1172 2
3545 3548 2
4725 4728 2
2377 2380 2
8919 8922 2
8335 8338 2
2383 2386 2
1137 1140 2
1201 1204 2
3683 3686 2
2141 2144 2
9835 9838 2
3681 3684 2
5929 5932 2
4857 4860 2
1387 1390 2
3917 3920 2
4663 4666 2
4231 4234 2
6447 6450 2
5931 5934 2
7955 7958 2
1457 1460 2
3641 3644 2
5357 5360 2
3467 3470 2
5005 5008 2
2425 2428 2
8777 8780 2
9971 9974 2
7021 7024 2
9547 9550 2
3317 3320 2
9243 9246 2
1663 1666 2
2955 2958 2
6757 6760 2
9627 9630 2
3733 3736 2
2149 2152 2
2329 2332 2
2453 2456 2
2455 2458 2
4235 4238 2
2459 2462 2
2461 2464 2
8901 8904 2
6473 6476 2
7847 7850 2
6457 6460 2
5427 5430 2
2473 2476 2
9979 9982 2
2477 2480 2
6845 6848 2
2481 2484 2
815 818 2
3351 3354 2
663 666 2
41 44 2
6931 6934 2
1391 1394 2
6815 6818 2
4175 4178 2
2189 2192 2
3925 3928 2
4077 4080 2
4227 4230 2
933 936 2
5961 5964 2
5091 5094 2
2391 2394 2
573 576 2
5473 5476 2
6297 6300 2
9781 9784 2
8493 8496 2
7063 7066 2
4331 4334 2
9791 9794 2
2807 2810 2
5159 5162 2
2163 2166 2
5267 5270 2
3411 3414 2
9119 9122 2
299 302 2
2545 2548 2
5715 5718 2
4753 4756 2
8299 8302 2
2553 2556 2
7925 7928 2
2557 2560 2
4969 4972 2
899 902 2
7335 7338 2
3561 3564 2
6989 6992 2
5997 6000 2
9951 9954 2
6193 6196 2
9195 9198 2
1049 1052 2
741 744 2
9099 9102 2
6201 6204 2
3945 3948 2
377 380 2
2589 2592 2
5253 5256 2
3453 3456 2
7163 7166 2
6091 6094 2
3297 3300 2
8585 8588 2
3397 3400 2
9355 9358 2
3113 3116 2
8465 8468 2
9435 9438 2
7889 7892 2
2615 2618 2
961 964 2
8613 8616 2
3833 3836 2
911 914 2
5901 5904 2
9989 9992 2
387 390 2
2277 2280 2
6927 6930 2
3181 3184 2
6295 6298 2
3167 3170 2
3919 3922 2
2221 2224 2
2645 2648 2
7997 8000 2
8771 8774 2
253 256 2
6935 6938 2
2655 2658 2
8833 8836 2
1419 1422 2
1141 1144 2
9365 9368 2
2665 2668 2
8973 8976 2
5589 5592 2
7757 7760 2
1265 1268 2
8541 8544 2
8563 8566 2
5945 5948 2
3617 3620 2
7371 7374 2
1153 1156 2
6953 6956 2
1377 1380 2
9039 9042 2
1037 1040 2
3971 3974 2
7247 7250 2
6729 6732 2
7049 7052 2
2331 2334 2
4011 4014 2
5407 5410 2
4709 4712 2
2711 2714 2
2179 2182 2
305 308 2
2717 2720 2
791 794 2
707 710 2
7797 7800 2
4291 4294 2
359 362 2
2729 2732 2
1283 1286 2
2733 2736 2
9807 9810 2
6063 6066 2
7269 7272 2
241 244 2
5519 5522 2
2745 2748 2
5041 5044 2
1135 1138 2
6239 6242 2
2913 2916 2
2755 2758 2
3529 3532 2
2759 2762 2
1323 1326 2
7647 7650 2
1707 1710 2
249 252 2
4905 4908 2
4117 4120 2
445 448 2
3817 3820 2
8859 8862 2
5381 5384 2
1525 1528 2
8537 8540 2
7413 7416 2
8489 8492 2
7219 7222 2
6347 6350 2
1345 1348 2
6127 6130 2
6033 6036 2
7127 7130 2
2801 2804 2
5821 5824 2
3559 3562 2
2417 2420 2
8997 9000 2
8467 8470 2
3915 3918 2
8875 8878 2
4497 4500 2
7057 7060 2
3111 3114 2
113 116 2
5561 5564 2
627 630 2
2881 2884 2
2831 2834 2
2431 2434 2
7597 7600 2
5751 5754 2
2839 2842 2
6893 6896 2
4371 4374 2
9443 9446 2
5783 5786 2
9235 9238 2
6375 6378 2
3005 3008 2
8009 8012 2
2241 2244 2
9795 9798 2
2861 2864 2
5795 5798 2
9679 9682 2
2867 2870 2
5077 5080 2
2871 2874 2
2873 2876 2
8615 8618 2
8413 8416 2
5671 5674 2
2829 2832 2
6111 6114 2
6233 6236 2
5487 5490 2
8703 8706 2
2891 2894 2
2547 2550 2
6957 6960 2
633 636 2
2899 2902 2
121 124 2
457 460 2
6065 6068 2
3785 3788 2
1889 1892 2
2911 2914 2
1163 1166 2
3257 3260 2
2917 2920 2
2919 2922 2
2921 2924 2
2923 2926 2
9231 9234 2
8751 8754 2
1775 1778 2
4527 4530 2
1509 1512 2
1697 1700 2
7547 7550 2
4571 4574 2
6667 6670 2
8797 8800 2
2945 2948 2
8673 8676 2
4407 4410 2
6153 6156 2
2209 2212 2
9633 9636 2
6859 6862 2
5351 5354 2
1879 1882 2
857 860 2
4313 4316 2
5827 5830 2
3073 3076 2
9187 9190 2
7557 7560 2
1833 1836 2
4321 4324 2
2995 2998 2
9565 9568 2
2225 2228 2
7731 7734 2
9643 9646 2
7815 7818 2
7595 7598 2
3521 3524 2
4671 4674 2
4337 4340 2
4617 4620 2
3001 3004 2
3003 3006 2
5271 5274 2
5187 5190 2
483 486 2
641 644 2
6543 6546 2
6611 6614 2
2927 2930 2
2853 2856 2
8679 8682 2
8039 8042 2
1451 1454 2
9581 9584 2
8093 8096 2
5693 5696 2
7611 7614 2
8337 8340 2
3839 3842 2
2059 2062 2
6909 6912 2
665 668 2
8871 8874 2
1593 1596 2
3249 3252 2
5185 5188 2
2233 2236 2
6705 6708 2
2779 2782 2
7249 7252 2
3061 3064 2
6143 6146 2
843 846 2
5085 5088 2
3069 3072 2
4791 4794 2
6505 6508 2
5489 5492 2
2297 2300 2
6377 6380 2
9193 9196 2
3659 3662 2
7849 7852 2
3987 3990 2
3089 3092 2
9559 9562 2
3093 3096 2
8259 8262 2
8105 8108 2
3099 3102 2
5953 5956 2
5023 5026 2
459 462 2
3327 3330 2
153 156 2
709 712 2
827 830 2
4423 4426 2
3697 3700 2
551 554 2
8665 8668 2
3123 3126 2
667 670 2
7743 7746 2
6861 6864 2
9997 10000 2
4379 4382 2
7059 7062 2
975 978 2
6027 6030 2
3141 3144 2
4745 4748 2
8519 8522 2
3147 3150 2
8521 8524 2
7119 7122 2
3401 3404 2
3213 3216 2
3157 3160 2
5299 5302 2
7037 7040 2
3163 3166 2
1637 1640 2
875 878 2
5747 5750 2
3171 3174 2
885 888 2
8303 8306 2
6125 6128 2
4569 4572 2
1431 1434 2
2687 2690 2
5571 5574 2
3585 3588 2
3027 3030 2
405 408 2
2663 2666 2
3153 3156 2
4715 4718 2
8425 8428 2
183 186 2
6507 6510 2
7869 7872 2
3801 3804 2
5781 5784 2
979 982 2
697 700 2
2309 2312 2
7827 7830 2
4727 4730 2
6601 6604 2
2321 2324 2
5025 5028 2
9709 9712 2
3229 3232 2
9109 9112 2
213 216 2
4281 4284 2
409 412 2
1033 1036 2
3241 3244 2
7741 7744 2
6187 6190 2
3685 3688 2
6639 6642 2
8915 8918 2
27 30 2
9045 9048 2
4553 4556 2
4455 4458 2
5081 5084 2
2981 2984 2
325 328 2
3267 3270 2
9111 9114 2
9037 9040 2
6751 6754 2
4375 4378 2
3511 3514 2
3085 3088 2
3717 3720 2
1019 1022 2
337 340 2
9589 9592 2
4181 4184 2
649 652 2
3293 3296 2
4799 4802 2
9635 9638 2
6941 6944 2
5503 5506 2
2723 2726 2
3305 3308 2
8161 8164 2
3309 3312 2
4659 4662 2
7569 7572 2
3315 3318 2
6499 6502 2
1793 1796 2
3321 3324 2
2217 2220 2
2637 2640 2
2943 2946 2
2471 2474 2
2863 2866 2
9519 9522 2
4721 4724 2
7841 7844 2
2949 2952 2
6225 6228 2
4255 4258 2
3151 3154 2
1547 1550 2
1233 1236 2
6015 6018 2
8399 8402 2
1113 1116 2
7995 7998 2
7855 7858 2
8515 8518 2
1449 1452 2
849 852 2
6195 6198 2
1011 1014 2
2719 2722 2
3777 3780 2
6551 6554 2
9811 9814 2
621 624 2
769 772 2
679 682 2
2501 2504 2
8219 8222 2
3389 3392 2
5785 5788 2
5989 5992 2
8907 8910 2
7451 7454 2
3731 3734 2
3701 3704 2
2115 2118 2
7631 7634 2
3407 3410 2
3125 3128 2
5425 5428 2
7441 7444 2
477 480 2
5699 5702 2
4481 4484 2
6163 6166 2
1219 1222 2
2173 2176 2
703 706 2
3237 3240 2
4307 4310 2
5799 5802 2
5327 5330 2
6293 6296 2
7125 7128 2
3495 3498 2
3443 3446 2
5767 5770 2
3447 3450 2
3449 3452 2
6217 6220 2
2677 2680 2
5761 5764 2
3457 3460 2
3471 3474 2
4551 4554 2
4385 4388 2
7781 7784 2
7105 7108 2
9293 9296 2
7005 7008 2
3473 3476 2
3475 3478 2
2967 2970 2
2281 2284 2
1463 1466 2
2443 2446 2
2255 2258 2
3487 3490 2
9845 9848 2
6463 6466 2
6427 6430 2
6817 6820 2
6283 6286 2
5415 5418 2
9351 9354 2
3587 3590 2
8553 8556 2
3507 3510 2
7085 7088 2
959 962 2
7545 7548 2
7267 7270 2
7147 7150 2
2251 2254 2
1069 1072 2
5921 5924 2
3525 3528 2
9389 9392 2
2757 2760 2
4523 4526 2
3579 3582 2
1017 1020 2
3537 3540 2
4465 4468 2
9001 9004 2
3543 3546 2
3065 3068 2
1931 1934 2
3655 3658 2
8375 8378 2
8075 8078 2
7231 7234 2
1733 1736 2
2805 2808 2
7457 7460 2
3563 3566 2
3565 3568 2
2937 2940 2
7553 7556 2
5037 5040 2
1473 1476 2
3575 3578 2
5919 5922 2
4531 4534 2
6005 6008 2
6891 6894 2
7285 7288 2
7749 7752 2
4233 4236 2
489 492 2
6135 6138 2
3595 3598 2
3597 3600 2
4903 4906 2
7391 7394 2
3787 3790 2
1917 1920 2
4043 4046 2
6549 6552 2
7069 7072 2
9827 9830 2
4073 4076 2
2681 2684 2
2991 2994 2
7905 7908 2
6075 6078 2
4049 4052 2
6945 6948 2
5507 5510 2
8023 8026 2
3633 3636 2
4451 4454 2
6307 6310 2
5907 5910 2
6523 6526 2
9631 9634 2
4785 4788 2
3461 3464 2
4099 4102 2
1187 1190 2
8391 8394 2
3549 3552 2
5927 5930 2
6545 6548 2
5891 5894 2
141 144 2
3665 3668 2
7579 7582 2
6911 6914 2
971 974 2
2705 2708 2
5277 5280 2
4013 4016 2
6501 6504 2
4137 4140 2
3439 3442 2
7885 7888 2
2261 2264 2
527 530 2
3691 3694 2
4677 4680 2
9841 9844 2
4355 4358 2
6497 6500 2
6853 6856 2
53 56 2
8577 8580 2
7465 7468 2
4187 4190 2
4415 4418 2
3713 3716 2
1249 1252 2
6073 6076 2
1359 1362 2
4185 4188 2
5087 5090 2
3725 3728 2
469 472 2
1649 1652 2
4213 4216 2
1665 1668 2
4121 4124 2
5909 5912 2
2269 2272 2
6151 6154 2
3013 3016 2
7581 7584 2
2007 2010 2
3749 3752 2
6717 6720 2
2113 2116 2
5565 5568 2
6901 6904 2
8933 8936 2
6429 6432 2
5133 5136 2
3765 3768 2
139 142 2
7043 7046 2
3771 3774 2
1929 1932 2
1771 1774 2
2993 2996 2
7845 7848 2
401 404 2
3783 3786 2
7117 7120 2
1023 1026 2
6323 6326 2
3791 3794 2
3793 3796 2
5769 5772 2
5071 5074 2
9525 9528 2
3007 3010 2
8033 8036 2
5053 5056 2
7701 7704 2
6299 6302 2
8047 8050 2
9777 9780 2
4055 4058 2
8995 8998 2
3819 3822 2
2629 2632 2
6783 6786 2
8251 8254 2
3221 3224 2
4991 4994 2
4603 4606 2
7011 7014 2
1927 1930 2
5949 5952 2
1985 1988 2
6715 6718 2
1727 1730 2
4783 4786 2
8037 8040 2
1795 1798 2
5441 5444 2
7283 7286 2
8651 8654 2
6617 6620 2
3859 3862 2
1297 1300 2
8015 8018 2
3015 3018 2
3867 3870 2
5471 5474 2
5377 5380 2
3873 3876 2
9409 9412 2
4641 4644 2
1575 1578 2
8197 8200 2
4645 4648 2
9255 9258 2
3887 3890 2
1801 1804 2
7875 7878 2
6691 6694 2
5115 5118 2
7073 7076 2
7447 7450 2
8779 8782 2
5151 5154 2
7629 7632 2
7543 7546 2
4803 4806 2
579 582 2
3973 3976 2
5549 5552 2
9413 9416 2
819 822 2
1639 1642 2
3851 3854 2
5103 5106 2
3927 3930 2
8559 8562 2
9115 9118 2
2099 2102 2
1271 1274 2
3937 3940 2
389 392 2
3865 3868 2
9107 9110 2
8167 8170 2
1823 1826 2
3869 3872 2
6579 6582 2
5099 5102 2
4749 4752 2
3437 3440 2
83 86 2
7879 7882 2
6603 6606 2
3965 3968 2
1133 1136 2
3969 3972 2
9191 9194 2
8879 8882 2
9055 9058 2
9959 9962 2
1303 1306 2
5641 5644 2
3265 3268 2
1105 1108 2
7535 7538 2
3989 3992 2
7165 7168 2
6749 6752 2
3995 3998 2
739 742 2
5089 5092 2
9229 9232 2
3287 3290 2
2333 2336 2
917 920 2
4009 4012 2
2413 2416 2
3677 3680 2
3635 3638 2
935 938 2
3441 3444 2
9851 9854 2
4023 4026 2
4625 4628 2
2787 2790 2
2599 2602 2
8883 8886 2
3637 3640 2
4765 4768 2
5217 5220 2
3179 3182 2
589 592 2
5829 5832 2
4995 4998 2
4047 4050 2
6625 6628 2
611 614 2
7435 7438 2
1221 1224 2
6553 6556 2
4317 4320 2
1139 1142 2
2483 2486 2
1997 2000 2
4483 4486 2
6207 6210 2
4071 4074 2
9877 9880 2
1373 1376 2
8351 8354 2
1081 1084 2
4989 4992 2
4083 4086 2
1855 1858 2
1641 1644 2
8789 8792 2
8887 8890 2
3137 3140 2
7801 7804 2
8241 8244 2
7425 7428 2
4101 4104 2
5467 5470 2
685 688 2
1101 1104 2
5009 5012 2
8215 8218 2
2837 2840 2
2605 2608 2
8113 8116 2
4541 4544 2
8647 8650 2
9879 9882 2
1251 1254 2
5581 5584 2
7965 7968 2
5291 5294 2
4133 4136 2
4135 4138 2
3889 3892 2
8173 8176 2
983 986 2
4143 4146 2
4145 4148 2
7517 7520 2
4739 4742 2
2731 2734 2
3291 3294 2
8099 8102 2
6877 6880 2
2199 2202 2
727 730 2
9935 9938 2
601 604 2
7233 7236 2
9829 9832 2
4171 4174 2
1599 1602 2
759 762 2
1167 1170 2
1165 1168 2
9705 9708 2
4183 4186 2
1623 1626 2
5535 5538 2
3243 3246 2
4589 4592 2
6835 6838 2
51 54 2
3273 3276 2
6747 6750 2
5031 5034 2
6405 6408 2
1341 1344 2
8395 8398 2
4209 4212 2
8021 8024 2
7381 7384 2
9661 9664 2
4217 4220 2
1305 1308 2
4923 4926 2
2989 2992 2
5805 5808 2
1441 1444 2
2957 2960 2
2407 2410 2
6509 6512 2
1409 1412 2
3159 3162 2
6331 6334 2
3133 3136 2
7237 7240 2
5437 5440 2
7935 7938 2
5401 5404 2
2789 2792 2
4253 4256 2
4761 4764 2
8491 8494 2
3759 3762 2
7401 7404 2
2751 2754 2
575 578 2
8961 8964 2
8981 8984 2
9659 9662 2
9073 9076 2
9495 9498 2
921 924 2
9181 9184 2
3019 3022 2
3653 3656 2
8389 8392 2
4891 4894 2
6069 6072 2
7607 7610 2
373 376 2
3629 3632 2
5683 5686 2
2401 2404 2
4301 4304 2
6141 6144 2
4809 4812 2
1301 1304 2
677 680 2
319 322 2
5849 5852 2
8117 8120 2
3263 3266 2
4319 4322 2
6175 6178 2
467 470 2
4613 4616 2
4327 4330 2
1557 1560 2
9395 9398 2
1873 1876 2
9801 9804 2
6491 6494 2
2001 2004 2
4341 4344 2
845 848 2
5941 5944 2
9961 9964 2
9769 9772 2
3761 3764 2
3173 3176 2
1757 1760 2
9573 9576 2
4863 4866 2
4361 4364 2
2675 2678 2
7951 7954 2
6219 6222 2
7071 7074 2
4795 4798 2
1731 1734 2
399 402 2
7389 7392 2
4417 4420 2
6659 6662 2
1981 1984 2
8957 8960 2
4631 4634 2
6363 6366 2
4403 4406 2
2351 2354 2
9361 9364 2
8927 8930 2
4661 4664 2
4401 4404 2
1181 1184 2
3289 3292 2
6725 6728 2
5481 5484 2
9761 9764 2
8825 8828 2
1411 1414 2
6947 6950 2
6827 6830 2
4109 4112 2
5609 5612 2
5131 5134 2
7705 7708 2
5537 5540 2
4431 4434 2
7251 7254 2
2569 2572 2
1117 1120 2
9007 9010 2
2667 2670 2
2969 2972 2
5593 5596 2
4447 4450 2
4621 4624 2
6335 6338 2
6951 6954 2
2961 2964 2
3999 4002 2
8285 8288 2
1057 1060 2
8513 8516 2
8049 8052 2
4467 4470 2
4469 4472 2
8959 8962 2
2877 2880 2
3501 3504 2
2799 2802 2
4479 4482 2
7129 7132 2
4067 4070 2
8497 8500 2
2375 2378 2
4489 4492 2
9171 9174 2
2647 2650 2
5703 5706 2
4525 4528 2
4079 4082 2
5705 5708 2
3847 3850 2
6227 6230 2
5055 5058 2
5749 5752 2
4511 4514 2
9387 9390 2
3021 3024 2
6115 6118 2
1983 1986 2
717 720 2
7487 7490 2
4869 4872 2
9091 9094 2
4529 4532 2
609 612 2
4533 4536 2
6693 6696 2
4537 4540 2
3861 3864 2
4119 4122 2
4543 4546 2
8873 8876 2
6041 6044 2
1363 1366 2
3939 3942 2
1539 1542 2
4555 4558 2
5247 5250 2
1125 1128 2
5541 5544 2
6969 6972 2
1 4 2
821 824 2
3233 3236 2
5171 5174 2
4573 4576 2
2399 2402 2
8191 8194 2
8221 8224 2
4065 4068 2
43 46 2
5787 5790 2
4587 4590 2
4971 4974 2
3977 3980 2
4593 4596 2
1293 1296 2
6343 6346 2
1959 1962 2
9717 9720 2
9207 9210 2
6767 6770 2
5839 5842 2
8815 8818 2
5967 5970 2
2875 2878 2
5527 5530 2
9167 9170 2
2697 2700 2
8923 8926 2
5137 5140 2
4025 4028 2
49 52 2
8081 8084 2
7779 7782 2
3907 3910 2
6203 6206 2
6573 6576 2
8929 8932 2
7405 7408 2
7187 7190 2
3883 3886 2
4973 4976 2
6937 6940 2
4651 4654 2
3747 3750 2
8551 8554 2
2263 2266 2
6789 6792 2
3535 3538 2
9485 9488 2
3391 3394 2
6273 6276 2
2859 2862 2
789 792 2
4673 4676 2
7339 7342 2
9283 9286 2
4679 4682 2
5793 5796 2
1561 1564 2
4921 4924 2
7825 7828 2
8317 8320 2
1291 1294 2
6985 6988 2
2495 2498 2
9821 9824 2
7685 7688 2
9939 9942 2
5093 5096 2
2525 2528 2
1699 1702 2
7993 7996 2
3055 3058 2
4713 4716 2
9189 9192 2
4279 4282 2
9263 9266 2
2809 2812 2
5965 5968 2
9817 9820 2
1615 1618 2
2187 2190 2
8589 8592 2
4249 4252 2
4309 4312 2
4737 4740 2
2965 2968 2
2119 2122 2
8333 8336 2
3143 3146 2
4909 4912 2
2767 2770 2
5651 5654 2
5831 5834 2
8507 8510 2
3245 3248 2
9257 9260 2
5273 5276 2
4763 4766 2
7033 7036 2
4735 4738 2
9675 9678 2
4463 4466 2
963 966 2
4223 4226 2
4777 4780 2
4779 4782 2
7303 7306 2
7871 7874 2
4963 4966 2
4787 4790 2
4789 4792 2
7775 7778 2
8767 8770 2
9691 9694 2
1209 1212 2
4669 4672 2
6081 6084 2
111 114 2
137 140 2
9579 9582 2
4743 4746 2
3935 3938 2
7589 7592 2
65 68 2
2151 2154 2
9061 9064 2
5255 5258 2
4919 4922 2
1611 1614 2
4827 4830 2
4829 4832 2
593 596 2
131 134 2
4729 4732 2
4649 4652 2
4579 4582 2
4841 4844 2
4539 4542 2
8985 8988 2
3613 3616 2
3703 3706 2
3863 3866 2
4719 4722 2
7821 7824 2
4351 4354 2
8151 8154 2
4861 4864 2
9673 9676 2
6031 6034 2
99 102 2
1331 1334 2
9313 9316 2
3611 3614 2
3557 3560 2
4877 4880 2
5885 5888 2
2191 2194 2
7805 7808 2
1633 1636 2
3187 3190 2
4889 4892 2
289 292 2
4893 4896 2
699 702 2
4897 4900 2
2157 2160 2
7009 7012 2
3555 3558 2
3095 3098 2
4907 4910 2
5713 5716 2
5501 5504 2
9419 9422 2
7769 7772 2
8715 8718 2
4823 4826 2
1279 1282 2
2359 2362 2
7531 7534 2
4277 4280 2
7635 7638 2
4931 4934 2
799 802 2
9287 9290 2
3577 3580 2
5123 5126 2
801 804 2
4957 4960 2
6699 6702 2
4947 4950 2
4949 4952 2
2963 2966 2
1937 1940 2
599 602 2
8617 8620 2
3409 3412 2
4961 4964 2
1075 1078 2
8587 8590 2
5789 5792 2
3947 3950 2
9213 9216 2
349 352 2
6259 6262 2
8895 8898 2
8071 8074 2
6289 6292 2
307 310 2
8155 8158 2
7643 7646 2
4081 4084 2
6423 6426 2
2137 2140 2
8237 8240 2
9157 9160 2
8845 8848 2
4825 4828 2
5479 5482 2
9973 9976 2
2335 2338 2
115 118 2
2121 2124 2
5013 5016 2
1439 1442 2
3415 3418 2
9381 9384 2
4259 4262 2
8481 8484 2
4333 4336 2
5027 5030 2
5029 5032 2
4849 4852 2
9049 9052 2
4269 4272 2
7927 7930 2
5039 5042 2
5725 5728 2
9657 9660 2
3657 3660 2
4387 4390 2
1831 1834 2
3551 3554 2
5457 5460 2
2633 2636 2
2521 2524 2
9707 9710 2
5061 5064 2
9129 9132 2
4899 4902 2
3023 3026 2
5063 5066 2
3743 3746 2
3079 3082 2
9153 9156 2
6215 6218 2
5079 5082 2
1157 1160 2
5083 5086 2
4845 4848 2
7061 7064 2
8135 8138 2
9021 9024 2
6565 6568 2
7109 7112 2
7317 7320 2
3053 3056 2
7157 7160 2
4389 4392 2
5105 5108 2
8773 8776 2
439 442 2
2087 2090 2
7753 7756 2
6917 6920 2
339 342 2
4471 4474 2
5121 5124 2
351 354 2
8811 8814 2
893 896 2
251 254 2
5695 5698 2
2975 2978 2
5201 5204 2
795 798 2
3413 3416 2
5141 5144 2
5143 5146 2
9587 9590 2
5147 5150 2
6907 6910 2
4687 4690 2
2387 2390 2
7221 7224 2
2143 2146 2
6571 6574 2
5161 5164 2
5163 5166 2
9069 9072 2
5167 5170 2
5169 5172 2
331 334 2
4911 4914 2
5045 5048 2
4885 4888 2
3183 3186 2
5181 5184 2
1493 1496 2
9725 9728 2
5309 5312 2
4103 4106 2
5191 5194 2
2825 2828 2
9757 9760 2
275 278 2
8353 8356 2
9357 9360 2
8411 8414 2
4883 4886 2
5207 5210 2
2423 2426 2
7495 7498 2
1261 1264 2
1861 1864 2
8675 8678 2
7331 7334 2
6117 6120 2
5223 5226 2
7225 7228 2
9009 9012 2
5229 5232 2
6277 6280 2
4031 4034 2
2561 2564 2
5237 5240 2
4191 4194 2
7721 7724 2
1471 1474 2
6439 6442 2
4001 4004 2
119 122 2
9937 9940 2
8785 8788 2
9871 9874 2
8131 8134 2
3203 3206 2
5809 5812 2
1521 1524 2
8817 8820 2
8343 8346 2
4843 4846 2
5679 5682 2
8893 8896 2
3251 3254 2
1095 1098 2
5279 5282 2
5281 5284 2
9143 9146 2
5285 5288 2
5287 5290 2
5523 5526 2
2381 2384 2
9209 9212 2
9913 9916 2
5297 5300 2
7265 7268 2
2411 2414 2
5303 5306 2
9467 9470 2
5307 5310 2
9179 9182 2
887 890 2
7527 7530 2
4229 4232 2
6793 6796 2
5319 5322 2
3879 3882 2
9343 9346 2
5325 5328 2
3435 3438 2
1995 1998 2
5435 5438 2
6769 6772 2
8669 8672 2
919 922 2
5339 5342 2
481 484 2
931 934 2
1715 1718 2
5347 5350 2
9805 9808 2
6351 6354 2
7379 7382 2
5355 5358 2
5807 5810 2
4699 4702 2
3031 3034 2
6189 6192 2
5365 5368 2
6977 6980 2
185 188 2
8419 8422 2
4853 4856 2
3377 3380 2
7169 7172 2
4125 4128 2
129 132 2
4665 4668 2
3463 3466 2
4257 4260 2
5389 5392 2
8125 8128 2
4303 4306 2
2111 2114 2
2249 2252 2
4329 4332 2
1379 1382 2
5403 5406 2
5677 5680 2
2707 2710 2
9651 9654 2
5269 5272 2
1501 1504 2
2305 2308 2
1085 1088 2
5659 5662 2
2451 2454 2
9751 9754 2
7591 7594 2
8427 8430 2
1319 1322 2
3371 3374 2
711 714 2
2107 2110 2
2447 2450 2
5439 5442 2
3923 3926 2
993 996 2
8699 8702 2
2497 2500 2
1581 1584 2
5451 5454 2
8737 8740 2
4219 4222 2
6147 6150 2
5459 5462 2
3715 3718 2
4945 4948 2
1445 1448 2
9599 9602 2
7881 7884 2
2315 2318 2
701 704 2
6469 6472 2
7663 7666 2
7195 7198 2
9933 9936 2
5483 5486 2
2643 2646 2
2393 2396 2
4411 4414 2
7199 7202 2
8445 8448 2
5495 5498 2
8293 8296 2
8447 8450 2
4163 4166 2
21 24 2
5505 5508 2
8453 8456 2
455 458 2
2893 2896 2
2055 2058 2
5515 5518 2
5517 5520 2
8159 8162 2
3533 3536 2
3669 3672 2
2753 2756 2
6445 6448 2
3307 3310 2
7485 7488 2
9383 9386 2
3709 3712 2
9385 9388 2
5539 5542 2
8257 8260 2
2009 2012 2
8639 8642 2
5621 5624 2
9823 9826 2
7479 7482 2
8485 8488 2
5881 5884 2
5557 5560 2
5559 5562 2
3451 3454 2
6089 6092 2
6745 6748 2
5567 5570 2
7171 7174 2
687 690 2
2379 2382 2
3337 3340 2
7145 7148 2
4203 4206 2
3101 3104 2
1447 1450 2
5021 5024 2
6105 6108 2
9311 9314 2
7275 7278 2
8769 8772 2
4609 4612 2
5547 5550 2
5599 5602 2
8225 8228 2
9457 9460 2
9185 9188 2
6739 6742 2
6849 6852 2
8365 8368 2
7507 7510 2
5615 5618 2
8683 8686 2
5843 5846 2
1675 1678 2
2267 2270 2
7139 7142 2
5627 5630 2
6975 6978 2
3625 3628 2
1773 1776 2
2803 2806 2
1007 1010 2
1353 1356 2
3445 3448 2
8721 8724 2
8019 8022 2
3077 3080 2
2551 2554 2
3201 3204 2
5275 5278 2
1189 1192 2
9889 9892 2
877 880 2
7807 7810 2
3029 3032 2
4295 4298 2
5667 5670 2
5669 5672 2
6919 6922 2
5673 5676 2
1741 1744 2
7239 7242 2
597 600 2
5465 5468 2
965 968 2
5857 5860 2
1595 1598 2
2373 2376 2
2573 2576 2
4439 4442 2
8943 8946 2
2287 2290 2
8531 8534 2
4689 4692 2
181 184 2
9953 9956 2
3741 3744 2
5569 5572 2
5711 5714 2
3483 3486 2
523 526 2
5717 5720 2
1091 1094 2
5721 5724 2
1213 1216 2
7551 7554 2
3067 3070 2
6713 6716 2
2301 2304 2
3609 3612 2
5985 5988 2
3619 3622 2
8977 8980 2
3419 3422 2
8119 8122 2
2567 2570 2
2977 2980 2
5017 5020 2
6045 6048 2
7765 7768 2
8247 8250 2
5251 5254 2
783 786 2
5755 5758 2
4797 4800 2
1541 1544 2
865 868 2
4515 4518 2
5771 5774 2
3175 3178 2
2979 2982 2
5777 5780 2
8855 8858 2
3209 3212 2
1005 1008 2
6627 6630 2
7593 7596 2
3303 3306 2
3735 3738 2
4681 4684 2
2083 2086 2
3341 3344 2
7539 7542 2
5521 5524 2
5803 5806 2
7679 7682 2
167 170 2
1397 1400 2
1571 1574 2
9833 9836 2
9515 9518 2
3195 3198 2
9057 9060 2
5155 5158 2
2727 2730 2
4211 4214 2
7649 7652 2
8891 8894 2
837 840 2
4505 4508 2
5835 5838 2
4917 4920 2
6179 6182 2
6831 6834 2
4967 4970 2
5845 5848 2
5847 5850 2
8431 8434 2
9653 9656 2
2349 2352 2
3033 3036 2
4813 4816 2
8827 8830 2
6329 6332 2
7605 7608 2
3593 3596 2
3955 3958 2
9237 9240 2
2091 2094 2
6791 6794 2
4597 4600 2
6213 6216 2
5879 5882 2
3311 3314 2
3087 3090 2
661 664 2
8479 8482 2
1287 1290 2
7967 7970 2
645 648 2
859 862 2
5897 5900 2
1601 1604 2
691 694 2
3121 3124 2
5905 5908 2
3103 3106 2
7355 7358 2
3547 3550 2
9125 9128 2
5915 5918 2
7953 7956 2
5613 5616 2
9025 9028 2
5923 5926 2
8645 8648 2
2761 2764 2
5127 5130 2
353 356 2
3 6 2
5935 5938 2
5743 5746 2
221 224 2
31 34 2
5943 5946 2
2973 2976 2
1099 1102 2
6949 6952 2
1957 1960 2
9005 9008 2
5657 5660 2
549 552 2
5689 5692 2
101 104 2
3941 3944 2
4723 4726 2
6609 6612 2
273 276 2
259 262 2
7373 7376 2
4567 4570 2
395 398 2
5979 5982 2
1429 1432 2
1991 1994 2
7803 7806 2
7383 7386 2
6547 6550 2
7975 7978 2
7081 7084 2
9471 9474 2
197 200 2
1971 1974 2
7469 7472 2
2537 2540 2
647 650 2
6007 6010 2
955 958 2
6183 6186 2
6013 6016 2
1381 1384 2
9097 9100 2
3807 3810 2
6235 6238 2
6023 6026 2
6119 6122 2
3139 3142 2
5313 5316 2
4901 4904 2
3277 3280 2
3647 3650 2
4347 4350 2
1887 1890 2
1321 1324 2
6043 6046 2
6495 6498 2
4509 4512 2
6687 6690 2
565 568 2
7375 7378 2
7783 7786 2
6057 6060 2
5859 5862 2
1247 1250 2
5889 5892 2
2905 2908 2
6067 6070 2
7333 7336 2
6071 6074 2
1603 1606 2
3207 3210 2
1399 1402 2
415 418 2
4819 4822 2
6577 6580 2
3663 3666 2
6087 6090 2
6465 6468 2
3639 3642 2
2741 2744 2
2165 2168 2
6097 6100 2
5101 5104 2
7625 7628 2
6689 6692 2
39 42 2
3269 3272 2
5257 5260 2
1483 1486 2
6929 6932 2
3489 3492 2
1207 1210 2
1259 1262 2
8243 8246 2
4943 4946 2
3177 3180 2
9041 9044 2
5697 5700 2
9733 9736 2
2183 2186 2
1551 1554 2
7253 7256 2
6139 6142 2
8055 8058 2
3063 3066 2
6983 6986 2
7067 7070 2
1531 1534 2
5707 5710 2
5691 5694 2
3047 3050 2
1737 1740 2
8267 8270 2
4521 4524 2
4557 4560 2
9785 9788 2
3105 3108 2
591 594 2
6171 6174 2
9407 9410 2
6773 6776 2
1577 1580 2
7055 7058 2
1241 1244 2
2657 2660 2
3721 3724 2
553 556 2
1769 1772 2
1455 1458 2
8979 8982 2
7695 7698 2
9759 9762 2
2479 2482 2
559 562 2
7167 7170 2
7309 7312 2
3189 3192 2
9923 9926 2
5623 5626 2
1687 1690 2
7639 7642 2
8473 8476 2
2371 2374 2
8847 8850 2
9803 9806 2
5259 5262 2
1459 1462 2
2769 2772 2
6021 6024 2
4173 4176 2
9731 9734 2
1655 1658 2
2897 2900 2
5959 5962 2
9013 9016 2
9163 9166 2
753 756 2
1349 1352 2
6251 6254 2
6803 6806 2
8941 8944 2
7627 7630 2
1197 1200 2
3699 3702 2
869 872 2
3247 3250 2
175 178 2
8831 8834 2
571 574 2
4731 4734 2
2201 2204 2
8451 8454 2
5051 5054 2
7971 7974 2
4513 4516 2
9847 9850 2
7471 7474 2
957 960 2
2585 2588 2
2763 2766 2
8701 8704 2
1109 1112 2
8535 8538 2
7659 7662 2
2257 2260 2
7509 7512 2
2701 2704 2
3227 3230 2
4325 4328 2
6313 6316 2
9941 9944 2
6317 6320 2
1909 1912 2
1877 1880 2
989 992 2
9531 9534 2
6327 6330 2
4485 4488 2
6605 6608 2
1755 1758 2
4591 4594 2
8483 8486 2
6733 6736 2
8911 8914 2
7431 7434 2
5463 5466 2
3959 3962 2
1857 1860 2
9843 9846 2
4605 4608 2
8409 8412 2
6357 6360 2
9439 9442 2
8291 8294 2
4563 4566 2
3225 3228 2
7537 7540 2
4717 4720 2
1797 1800 2
9139 9142 2
9505 9508 2
2791 2794 2
6379 6382 2
9981 9984 2
671 674 2
6385 6388 2
4837 4840 2
6389 6392 2
9303 9306 2
1729 1732 2
7341 7344 2
6049 6052 2
5139 5142 2
2885 2888 2
7181 7184 2
9507 9510 2
5231 5234 2
6409 6412 2
973 976 2
9295 9298 2
2513 2516 2
6417 6420 2
3573 3576 2
8631 8634 2
9123 9126 2
6425 6428 2
9905 9908 2
4575 4578 2
1979 1982 2
247 250 2
8213 8216 2
7587 7590 2
6981 6984 2
6441 6444 2
1667 1670 2
7161 7164 2
2089 2092 2
2739 2742 2
239 242 2
501 504 2
7687 7690 2
5419 5422 2
6459 6462 2
3145 3148 2
9983 9986 2
6833 6836 2
4873 4876 2
1045 1048 2
6471 6474 2
8175 8178 2
8755 8758 2
5429 5432 2
7917 7920 2
9265 9268 2
1511 1514 2
6485 6488 2
1765 1768 2
897 900 2
3381 3384 2
6493 6496 2
1453 1456 2
2635 2638 2
8407 8410 2
3679 3682 2
2941 2944 2
1989 1992 2
2075 2078 2
5513 5516 2
4169 4172 2
3505 3508 2
6515 6518 2
413 416 2
6633 6636 2
5525 5528 2
1913 1916 2
6525 6528 2
6527 6530 2
6529 6532 2
441 444 2
2541 2544 2
2725 2728 2
6537 6540 2
6863 6866 2
6541 6544 2
6257 6260 2
8727 8730 2
3393 3396 2
7077 7080 2
8121 8124 2
2625 2628 2
6555 6558 2
6557 6560 2
8001 8004 2
6161 6164 2
6563 6566 2
1579 1582 2
1975 1978 2
4495 4498 2
8633 8636 2
9605 9608 2
4935 4938 2
2517 2520 2
7351 7354 2
5737 5740 2
3621 3624 2
9327 9330 2
7819 7822 2
6589 6592 2
7449 7452 2
1385 1388 2
8441 8444 2
5867 5870 2
5227 5230 2
9771 9774 2
5605 5608 2
3553 3556 2
8527 8530 2
9199 9202 2
6157 6160 2
6337 6340 2
5995 5998 2
1837 1840 2
7691 7694 2
6487 6490 2
4985 4988 2
7835 7838 2
1947 1950 2
7039 7042 2
8355 8358 2
5343 5346 2
2159 2162 2
7977 7980 2
3519 3522 2
545 548 2
2823 2826 2
7735 7738 2
4399 4402 2
1779 1782 2
6651 6654 2
1829 1832 2
3115 3118 2
4305 4308 2
4381 4384 2
301 304 2
6663 6666 2
7095 7098 2
8211 8214 2
9075 9078 2
9629 9632 2
1749 1752 2
8301 8304 2
9161 9164 2
3671 3674 2
6681 6684 2
3905 3908 2
6685 6688 2
6819 6822 2
3901 3904 2
9957 9960 2
3117 3120 2
5579 5582 2
6315 6318 2
4461 4464 2
4045 4048 2
7699 7702 2
8517 8520 2
5765 5768 2
207 210 2
7461 7464 2
5729 5732 2
7645 7648 2
3751 3754 2
6719 6722 2
8693 8696 2
6723 6726 2
6085 6088 2
4225 4228 2
2699 2702 2
5293 5296 2
1083 1086 2
2185 2188 2
4271 4274 2
4197 4200 2
2775 2778 2
4959 4962 2
8571 8574 2
1175 1178 2
5779 5782 2
5075 5078 2
6753 6756 2
9165 9168 2
4701 4704 2
7561 7564 2
7395 7398 2
947 950 2
7111 7114 2
2827 2830 2
2535 2538 2
1723 1726 2
6973 6976 2
6775 6778 2
9873 9876 2
6779 6782 2
9315 9318 2
6361 6364 2
6785 6788 2
1673 1676 2
6869 6872 2
5873 5876 2
6987 6990 2
6795 6798 2
6797 6800 2
1563 1566 2
683 686 2
8203 8206 2
105 108 2
2147 2150 2
9433 9436 2
5485 5488 2
8775 8778 2
8127 8130 2
1693 1696 2
5097 5100 2
8255 8258 2
2563 2566 2
8443 8446 2
8319 8322 2
2047 2050 2
1355 1358 2
5221 5224 2
5861 5864 2
1789 1792 2
2363 2366 2
2587 2590 2
6843 6846 2
643 646 2
6847 6850 2
7843 7846 2
6851 6854 2
5825 5828 2
1951 1954 2
6857 6860 2
7261 7264 2
867 870 2
4599 4602 2
7307 7310 2
6867 6870 2
5213 5216 2
5315 5318 2
6873 6876 2
9603 9606 2
4937 4940 2
2903 2906 2
521 524 2
2237 2240 2
5947 5950 2
2465 2468 2
729 732 2
73 76 2
7777 7780 2
7065 7068 2
3827 3830 2
6899 6902 2
3757 3760 2
3481 3484 2
8905 8908 2
143 146 2
5035 5038 2
4895 4898 2
6913 6916 2
3719 3722 2
1839 1842 2
1517 1520 2
6921 6924 2
2227 2230 2
6453 6456 2
4771 4774 2
5709 5712 2
8107 8110 2
6933 6936 2
5379 5382 2
773 776 2
23 26 2
8853 8856 2
6943 6946 2
3627 3630 2
3329 3332 2
6285 6288 2
9855 9858 2
2029 2032 2
6679 6682 2
8083 8086 2
6959 6962 2
6961 6964 2
6963 6966 2
7159 7162 2
9955 9958 2
3643 3646 2
4261 4264 2
9375 9378 2
6887 6890 2
6477 6480 2
8803 8806 2
1089 1092 2
2397 2400 2
9317 9320 2
6915 6918 2
6765 6768 2
655 658 2
3493 3496 2
8685 8688 2
5871 5874 2
4859 4862 2
1329 1332 2
487 490 2
1193 1196 2
5449 5452 2
5363 5366 2
9641 9644 2
5753 5756 2
7015 7018 2
5851 5854 2
3479 3482 2
2033 2036 2
233 236 2
2195 2198 2
7853 7856 2
7029 7032 2
5665 5668 2
5333 5336 2
5393 5396 2
7475 7478 2
5877 5880 2
7041 7044 2
3517 3520 2
651 654 2
1121 1124 2
8385 8388 2
5119 5122 2
681 684 2
6205 6208 2
2819 2822 2
3135 3138 2
7693 7696 2
909 912 2
9493 9496 2
6123 6126 2
3399 3402 2
19 22 2
3897 3900 2
7075 7078 2
6083 6086 2
3363 3366 2
1751 1754 2
509 512 2
1029 1032 2
1657 1660 2
4393 4396 2
8757 8760 2
8209 8212 2
925 928 2
3127 3130 2
9245 9248 2
7541 7544 2
7103 7106 2
8311 8314 2
7107 7110 2
9789 9792 2
2747 2750 2
6759 6762 2
9373 9376 2
285 288 2
3345 3348 2
1131 1134 2
437 440 2
8851 8854 2
3737 3740 2
4039 4042 2
7325 7328 2
7133 7136 2
7031 7034 2
3455 3458 2
5625 5628 2
3333 3336 2
7729 7732 2
475 478 2
7079 7082 2
9033 9036 2
321 324 2
3075 3078 2
1865 1868 2
5225 5228 2
7907 7910 2
7483 7486 2
1899 1902 2
3991 3994 2
5745 5748 2
9755 9758 2
7273 7276 2
7173 7176 2
4107 4110 2
7177 7180 2
2953 2956 2
6037 6040 2
7515 7518 2
117 120 2
7823 7826 2
7189 7192 2
9947 9950 2
803 806 2
7549 7552 2
1851 1854 2
2773 2776 2
9503 9506 2
2409 2412 2
9911 9914 2
7207 7210 2
5153 5156 2
9305 9308 2
5323 5326 2
4391 4394 2
5585 5588 2
9051 9054 2
61 64 2
5453 5456 2
5177 5180 2
7227 7230 2
7229 7232 2
9869 9872 2
9865 9868 2
1835 1838 2
2593 2596 2
161 164 2
9205 9208 2
8539 8542 2
3589 3592 2
5373 5376 2
2639 2642 2
8505 8508 2
6137 6140 2
7255 7258 2
9609 9612 2
7259 7262 2
4029 4032 2
3091 3094 2
4237 4240 2
3849 3852 2
1941 1944 2
7197 7200 2
361 364 2
5993 5996 2
3857 3860 2
9081 9084 2
9297 9300 2
5759 5762 2
1613 1616 2
6319 6322 2
5235 5238 2
9403 9406 2
9215 9218 2
8841 8844 2
3279 3282 2
231 234 2
4335 4338 2
1725 1728 2
6365 6368 2
945 948 2
8749 8752 2
8761 8764 2
8321 8324 2
47 50 2
5883 5886 2
7345 7348 2
7321 7324 2
8625 8628 2
8271 8274 2
3347 3350 2
2105 2108 2
2385 2388 2
205 208 2
4615 4618 2
1867 1870 2
4675 4678 2
4493 4496 2
5205 5208 2
8729 8732 2
9369 9372 2
9787 9790 2
3283 3286 2
9809 9812 2
4939 4942 2
9145 9148 2
7359 7362 2
7361 7364 2
1183 1186 2
381 384 2
7367 7370 2
7369 7372 2
2683 2686 2
5687 5690 2
7677 7680 2
8363 8366 2
7045 7048 2
9223 9226 2
4767 4770 2
7385 7388 2
5317 5320 2
3497 3500 2
4005 4008 2
7393 7396 2
8495 8498 2
6511 6514 2
6799 6802 2
913 916 2
7403 7406 2
4097 4100 2
7615 7618 2
7409 7412 2
7101 7104 2
4585 4588 2
7969 7972 2
1963 1966 2
4129 4132 2
8101 8104 2
7423 7426 2
5773 5776 2
7427 7430 2
7429 7432 2
4405 4408 2
55 58 2
4053 4056 2
3343 3346 2
7019 7022 2
2101 2104 2
7443 7446 2
7445 7448 2
3301 3304 2
6623 6626 2
5837 5840 2
471 474 2
1543 1546 2
4059 4062 2
8025 8028 2
1215 1218 2
7463 7466 2
4153 4156 2
5987 5990 2
1487 1490 2
8573 8576 2
6657 6660 2
2813 2816 2
2901 2904 2
7559 7562 2
7481 7484 2
7681 7684 2
969 972 2
4345 4348 2
3423 3426 2
9687 9690 2
1317 1320 2
227 230 2
5243 5246 2
4443 4446 2
1507 1510 2
2283 2286 2
9585 9588 2
7959 7962 2
1555 1558 2
7511 7514 2
7513 7516 2
7183 7186 2
29 32 2
7519 7522 2
8877 8880 2
109 112 2
7525 7528 2
6029 6032 2
7529 7532 2
1223 1226 2
5033 5036 2
1311 1314 2
6971 6974 2
2579 2582 2
6433 6436 2
1107 1110 2
6597 6600 2
1097 1100 2
2651 2654 2
3011 3014 2
6925 6928 2
6011 6014 2
6727 6730 2
35 38 2
9279 9282 2
761 764 2
889 892 2
4273 4276 2
7215 7218 2
3875 3878 2
2291 2294 2
7575 7578 2
5129 5132 2
6531 6534 2
7961 7964 2
7583 7586 2
4851 4854 2
367 370 2
1943 1946 2
3361 3364 2
5493 5496 2
8947 8950 2
555 558 2
6113 6116 2
635 638 2
7603 7606 2
1973 1976 2
2887 2890 2
7817 7820 2
1499 1502 2
8277 8280 2
3385 3388 2
8153 8156 2
9837 9840 2
9521 9524 2
81 84 2
6399 6402 2
9897 9900 2
15 18 2
3405 3408 2
2395 2398 2
4929 4932 2
7637 7640 2
7533 7536 2
7641 7644 2
8357 8360 2
775 778 2
2493 2496 2
8619 8622 2
7651 7654 2
7653 7656 2
2959 2962 2
8405 8408 2
2175 2178 2
7661 7664 2
311 314 2
7665 7668 2
447 450 2
7051 7054 2
8759 8762 2
3951 3954 2
7675 7678 2
6581 6584 2
7211 7214 2
5633 5636 2
5917 5920 2
595 598 2
2915 2918 2
6393 6396 2
9137 9140 2
5591 5594 2
2503 2506 2
503 506 2
9347 9350 2
2177 2180 2
9749 9752 2
1111 1114 2
3427 3430 2
1079 1082 2
7711 7714 2
7713 7716 2
7715 7718 2
6991 6994 2
7709 7712 2
7767 7770 2
7723 7726 2
7725 7728 2
8457 8460 2
619 622 2
1041 1044 2
3275 3278 2
4339 4342 2
7737 7740 2
313 316 2
107 110 2
1993 1996 2
7745 7748 2
3675 3678 2
8417 8420 2
9893 9896 2
5049 5052 2
9349 9352 2
2533 2536 2
6707 6710 2
7761 7764 2
7763 7766 2
9647 9650 2
7377 7380 2
4915 4918 2
3131 3134 2
7983 7986 2
2509 2512 2
1925 1928 2
4695 4698 2
6269 6272 2
5345 5348 2
7785 7788 2
7787 7790 2
9555 9558 2
8123 8126 2
6177 6180 2
5869 5872 2
5951 5954 2
3837 3840 2
4535 4538 2
929 932 2
547 550 2
8179 8182 2
2985 2988 2
7407 7410 2
8739 8742 2
135 138 2
7947 7950 2
1351 1354 2
6437 6440 2
3097 3100 2
3893 3896 2
8141 8144 2
7829 7832 2
97 100 2
9053 9056 2
9261 9264 2
8913 8916 2
6341 6344 2
5203 5206 2
4419 4422 2
7047 7050 2
2659 2662 2
6695 6698 2
9615 9618 2
9639 9642 2
3359 3362 2
4629 4632 2
7859 7862 2
7861 7864 2
5757 5760 2
3957 3960 2
1149 1152 2
3349 3352 2
3357 3360 2
2353 2356 2
1645 1648 2
7831 7834 2
7243 7246 2
6275 6278 2
4147 4150 2
2549 2552 2
75 78 2
2613 2616 2
2103 2106 2
2469 2472 2
5553 5556 2
7991 7994 2
3903 3906 2
5289 5292 2
5603 5606 2
1671 1674 2
3829 3832 2
9797 9800 2
4263 4266 2
4751 4754 2
7915 7918 2
713 716 2
7919 7922 2
9921 9924 2
7923 7926 2
4983 4986 2
3373 3376 2
2057 2060 2
5863 5866 2
7933 7936 2
839 842 2
8289 8292 2
5113 5116 2
9569 9572 2
9775 9778 2
7945 7948 2
6287 6290 2
2595 2598 2
3259 3262 2
3623 3626 2
9029 9032 2
6999 7002 2
6743 6746 2
2231 2234 2
1055 1058 2
2155 2158 2
6095 6098 2
5391 5394 2
3539 3542 2
1093 1096 2
1469 1472 2
2171 2174 2
3607 3610 2
7257 7260 2
7773 7776 2
7985 7988 2
1695 1698 2
4601 4604 2
2229 2232 2
5335 5338 2
1203 1206 2
7299 7302 2
7939 7942 2
6865 6868 2
4477 4480 2
8005 8008 2
9613 9616 2
6709 6712 2
4879 4882 2
7025 7028 2
2003 2006 2
8017 8020 2
6019 6022 2
2673 2676 2
4769 4772 2
5383 5386 2
7135 7138 2
8549 8552 2
8031 8034 2
7791 7794 2
689 692 2
5685 5688 2
5067 5070 2
9459 9462 2
8043 8046 2
4395 4398 2
2627 2630 2
5295 5298 2
8051 8054 2
4241 4244 2
5477 5480 2
4835 4838 2
8313 8316 2
8061 8064 2
8861 8864 2
3931 3934 2
8937 8940 2
329 332 2
8397 8400 2
8309 8312 2
7727 7730 2
4507 4510 2
7217 7220 2
9669 9672 2
5529 5532 2
3491 3494 2
4095 4098 2
8297 8300 2
7419 7422 2
1559 1562 2
173 176 2
5975 5978 2
8611 8614 2
5775 5778 2
8103 8106 2
4805 4808 2
4297 4300 2
8109 8112 2
8111 8114 2
767 770 2
1967 1970 2
9965 9968 2
2857 2860 2
2213 2216 2
9713 9716 2
2609 2612 2
5209 5212 2
7001 7004 2
9543 9546 2
8133 8136 2
1277 1280 2
2559 2562 2
2293 2296 2
2971 2974 2
6059 6062 2
8381 8384 2
4449 4452 2
8149 8152 2
6099 6102 2
6231 6234 2
3693 3696 2
5195 5198 2
3355 3358 2
6587 6590 2
3799 3802 2
777 780 2
4037 4040 2
6035 6038 2
8171 8174 2
9763 9766 2
8063 8066 2
1503 1506 2
9945 9948 2
8807 8810 2
8183 8186 2
4583 4586 2
1401 1404 2
8189 8192 2
625 628 2
3155 3158 2
3983 3986 2
77 80 2
8349 8352 2
4643 4646 2
8423 8426 2
1423 1426 2
8207 8210 2
7093 7096 2
977 980 2
1653 1656 2
833 836 2
8677 8680 2
1753 1756 2
4839 4842 2
7399 7402 2
2691 2694 2
5165 5168 2
6455 6458 2
4091 4094 2
8233 8236 2
8235 8238 2
9909 9912 2
535 538 2
9901 9904 2
3161 3164 2
8245 8248 2
199 202 2
8249 8252 2
1777 1780 2
5057 5060 2
1923 1926 2
5611 5614 2
3205 3208 2
7839 7842 2
5183 5186 2
8265 8268 2
771 774 2
5461 5464 2
8523 8526 2
4123 4126 2
5551 5554 2
5261 5264 2
8279 8282 2
2317 2320 2
8205 8208 2
6479 6482 2
8287 8290 2
2403 2406 2
6467 6470 2
4705 4708 2
1243 1246 2
8089 8092 2
2999 3002 2
9113 9116 2
7091 7094 2
8181 8184 2
2685 2688 2
3485 3488 2
8053 8056 2
4149 4152 2
9745 9748 2
2347 2350 2
433 436 2
4637 4640 2
9241 9244 2
7943 7946 2
4981 4984 2
5239 5242 2
8331 8334 2
3841 3844 2
8593 8596 2
3035 3038 2
1669 1672 2
9441 9444 2
9405 9408 2
6483 6486 2
8347 8350 2
347 350 2
5413 5416 2
7017 7020 2
6173 6176 2
1383 1386 2
1845 1848 2
7931 7934 2
5015 5018 2
7813 7816 2
7883 7886 2
8369 8372 2
7089 7092 2
693 696 2
6889 6892 2
9693 9696 2
8379 8382 2
4247 4250 2
6395 6398 2
4275 4278 2
8387 8390 2
6047 6050 2
5475 5478 2
9523 9526 2
1245 1248 2
7851 7854 2
2015 2018 2
8401 8404 2
8461 8464 2
5497 5500 2
7301 7304 2
9011 9014 2
7809 7812 2
7397 7400 2
7477 7480 2
3781 3784 2
8881 8884 2
5813 5816 2
8621 8624 2
851 854 2
7083 7086 2
8429 8432 2
8735 8738 2
4069 4072 2
1701 1704 2
4353 4356 2
8439 8442 2
1679 1682 2
6825 6828 2
9469 9472 2
6107 6110 2
8449 8452 2
567 570 2
2591 2594 2
9637 9640 2
6637 6640 2
6077 6080 2
1231 1234 2
6535 6538 2
4015 4018 2
3723 3726 2
8469 8472 2
491 494 2
2049 2052 2
8475 8478 2
6133 6136 2
5887 5890 2
9309 9312 2
5329 5332 2
8371 8374 2
5635 5638 2
165 168 2
5387 5390 2
2117 2120 2
6965 6968 2
8097 8100 2
2939 2942 2
8501 8504 2
8503 8506 2
7555 7558 2
1785 1788 2
8509 8512 2
1681 1684 2
3567 3570 2
8867 8870 2
3059 3062 2
7903 7906 2
7437 7440 2
603 606 2
4487 4490 2
91 94 2
9173 9176 2
7857 7860 2
8711 8714 2
8011 8014 2
6221 6224 2
4377 4380 2
8953 8956 2
8543 8546 2
995 998 2
189 192 2
8435 8438 2
8069 8072 2
3403 3406 2
8555 8558 2
8557 8560 2
1339 1342 2
6955 6958 2
2869 2872 2
809 812 2
1843 1846 2
1647 1650 2
5619 5622 2
2045 2048 2
2631 2634 2
423 426 2
3197 3200 2
9461 9464 2
6403 6406 2
8969 8972 2
4965 4968 2
4289 4292 2
8591 8594 2
5913 5916 2
1477 1480 2
8597 8600 2
863 866 2
8843 8846 2
1337 1340 2
5555 5558 2
8607 8610 2
2197 2200 2
3231 3234 2
7387 7390 2
3797 3800 2
6247 6250 2
5175 5178 2
5981 5984 2
3815 3818 2
9421 9424 2
9891 9894 2
8629 8632 2
785 788 2
999 1002 2
9275 9278 2
2529 2532 2
5545 5548 2
8641 8644 2
4027 4030 2
209 212 2
8903 8906 2
8569 8572 2
4409 4412 2
5001 5004 2
8795 8798 2
2777 2780 2
8659 8662 2
8661 8664 2
7489 7492 2
4607 4610 2
719 722 2
3039 3042 2
7973 7976 2
4369 4372 2
2797 2800 2
1761 1764 2
3319 3322 2
2341 2344 2
9175 9178 2
9397 9400 2
3295 3298 2
1945 1948 2
1369 1372 2
9425 9428 2
1315 1318 2
8697 8700 2
7873 7876 2
5655 5658 2
2889 2892 2
17 20 2
7191 7194 2
6879 6882 2
2355 2358 2
9017 9020 2
5741 5744 2
8603 8606 2
3509 3512 2
1295 1298 2
8723 8726 2
8725 8728 2
8545 8548 2
7657 7660 2
3687 3690 2
9689 9692 2
1819 1822 2
7223 7226 2
9321 9324 2
3831 3834 2
201 204 2
8745 8748 2
811 814 2
8627 8630 2
3711 3714 2
427 430 2
7837 7840 2
8129 8132 2
6353 6356 2
6039 6042 2
8763 8766 2
1883 1886 2
1987 1990 2
2617 2620 2
1659 1662 2
5533 5536 2
8377 8380 2
5179 5182 2
6145 6148 2
8781 8784 2
8783 8786 2
345 348 2
8787 8790 2
3899 3902 2
8533 8536 2
149 152 2
2215 2218 2
3695 3698 2
9335 9338 2
8801 8804 2
991 994 2
1495 1498 2
7617 7620 2
8809 8812 2
9449 9452 2
6575 6578 2
6373 6376 2
4581 4584 2
3853 3856 2
5855 5858 2
6997 7000 2
4131 4134 2
4697 4700 2
2239 2242 2
465 468 2
1553 1556 2
8835 8838 2
6401 6404 2
8839 8842 2
6875 6878 2
2145 2148 2
3921 3924 2
751 754 2
8849 8852 2
1123 1126 2
7901 7904 2
3299 3302 2
8383 8386 2
123 126 2
2127 2130 2
365 368 2
8865 8868 2
4913 4916 2
2095 2098 2
725 728 2
1047 1050 2
187 190 2
5371 5374 2
3215 3218 2
2565 2568 2
155 158 2
8885 8888 2
7421 7424 2
4427 4430 2
9623 9626 2
1497 1500 2
511 514 2
8897 8900 2
6121 6124 2
8657 8660 2
9583 9586 2
6607 6610 2
9773 9776 2
8909 8912 2
9 12 2
6475 6478 2
6521 6524 2
2433 2436 2
8229 8232 2
8921 8924 2
4421 4424 2
8925 8928 2
1565 1568 2
1217 1220 2
4413 4416 2
2703 2706 2
6451 6454 2
9447 9450 2
3963 3966 2
6255 6258 2
6585 6588 2
4933 4936 2
1367 1370 2
8949 8952 2
8951 8954 2
4363 4366 2
8955 8958 2
4199 4202 2
4349 4352 2
419 422 2
1607 1610 2
2865 2868 2
7297 7300 2
6741 6744 2
939 942 2
937 940 2
8837 8840 2
5739 5742 2
3057 3060 2
4501 4504 2
8983 8986 2
8339 8342 2
8987 8990 2
3049 3052 2
8991 8994 2
8863 8866 2
7755 7758 2
1719 1722 2
453 456 2
8193 8196 2
9003 9006 2
1177 1180 2
4831 4834 2
1211 1214 2
6671 6674 2
5443 5446 2
3129 3132 2
1885 1888 2
6301 6304 2
7621 7624 2
1059 1062 2
3809 3812 2
9027 9030 2
9655 9658 2
5939 5942 2
4655 4658 2
5735 5738 2
5301 5304 2
8433 8436 2
245 248 2
4215 4218 2
2931 2934 2
6131 6134 2
6567 6570 2
6675 6678 2
2511 2514 2
1939 1942 2
3891 3894 2
9059 9062 2
3605 3608 2
6281 6284 2
8195 8198 2
9067 9070 2
8227 8230 2
9071 9074 2
9607 9610 2
4711 4714 2
6677 6680 2
9079 9082 2
2167 2170 2
5219 5222 2
2575 2578 2
2583 2586 2
5991 5994 2
9919 9922 2
5875 5878 2
9095 9098 2
2389 2392 2
6009 6012 2
9715 9718 2
2499 2502 2
169 172 2
5563 5566 2
391 394 2
6519 6522 2
9611 9614 2
9963 9966 2
5811 5814 2
1625 1628 2
9831 9834 2
9915 9918 2
4017 4020 2
6669 6672 2
4633 4636 2
7877 7880 2
4195 4198 2
1869 1872 2
6367 6370 2
9455 9458 2
7521 7524 2
4433 4436 2
8931 8934 2
9147 9150 2
9149 9152 2
9151 9154 2
7363 7366 2
861 864 2
6939 6942 2
9159 9162 2
7899 7902 2
1621 1624 2
6755 6758 2
5701 5704 2
1003 1006 2
4703 4706 2
9513 9516 2
927 930 2
9177 9180 2
6129 6132 2
7799 7802 2
9183 9186 2
9747 9750 2
5531 5534 2
5663 5666 2
2097 2100 2
9227 9230 2
3239 3242 2
5647 5650 2
1533 1536 2
1237 1240 2
9203 9206 2
7417 7420 2
425 428 2
8065 8068 2
9211 9214 2
5043 5046 2
6683 6686 2
4315 4318 2
8857 8860 2
2879 2882 2
3081 3084 2
4627 4630 2
2715 2718 2
8323 8326 2
9101 9104 2
3255 3258 2
4639 4642 2
3581 3584 2
9239 9242 2
6811 6814 2
5375 5378 2
7099 7102 2
9247 9250 2
3193 3196 2
9251 9254 2
5107 5110 2
8605 8608 2
2895 2898 2
3913 3916 2
3993 3996 2
8813 8816 2
6421 6424 2
3895 3898 2
2485 2488 2
9271 9274 2
8599 8602 2
8635 8638 2
9277 9280 2
6355 6358 2
281 284 2
5007 5010 2
9285 9288 2
4653 4656 2
6249 6252 2
6619 6622 2
8403 8406 2
723 726 2
6167 6170 2
7673 7676 2
9301 9304 2
8199 8202 2
4127 4130 2
8999 9002 2
4193 4196 2
5469 5472 2
7141 7144 2
1405 1408 2
5263 5266 2
9319 9322 2
7689 7692 2
2821 2824 2
9325 9328 2
1465 1468 2
9329 9332 2
9331 9334 2
9333 9336 2
563 566 2
5431 5434 2
9339 9342 2
825 828 2
5491 5494 2
9341 9344 2
3601 3604 2
1001 1004 2
3261 3264 2
7143 7146 2
673 676 2
5117 5120 2
9359 9362 2
4141 4144 2
9077 9080 2
4251 4254 2
9367 9370 2
9887 9890 2
3185 3188 2
5601 5604 2
2671 2674 2
1545 1548 2
9379 9382 2
8819 8822 2
1535 1538 2
1781 1784 2
7347 7350 2
3527 3530 2
9391 9394 2
2735 2738 2
7683 7686 2
1257 1260 2
2527 2530 2
6593 6596 2
2845 2848 2
8717 8720 2
4865 4868 2
1871 1874 2
1919 1922 2
569 572 2
1347 1350 2
59 62 2
7311 7314 2
5833 5836 2
6631 6634 2
1915 1918 2
9043 9046 2
1911 1914 2
1631 1634 2
2077 2080 2
3119 3122 2
9437 9440 2
6359 6362 2
6737 6740 2
1375 1378 2
9445 9448 2
6149 6152 2
5727 5730 2
9451 9454 2
9417 9420 2
9377 9380 2
7601 7604 2
3043 3046 2
8029 8032 2
9093 9096 2
177 180 2
1407 1410 2
7279 7282 2
1961 1964 2
9473 9476 2
8253 8256 2
9477 9480 2
9479 9482 2
8059 8062 2
2435 2438 2
9621 9624 2
5899 5902 2
497 500 2
8223 8226 2
6243 6246 2
653 656 2
4033 4036 2
9499 9502 2
5003 5006 2
261 264 2
7323 7326 2
11 14 2
9509 9512 2
7013 7016 2
1585 1588 2
9541 9544 2
9517 9520 2
7473 7476 2
8281 8284 2
3169 3172 2
9323 9326 2
2771 2774 2
7193 7196 2
2623 2626 2
2063 2066 2
9535 9538 2
2507 2510 2
9539 9542 2
8169 8172 2
1309 1312 2
493 496 2
6787 6790 2
2793 2796 2
9551 9554 2
9085 9088 2
7911 7914 2
9557 9560 2
4941 4944 2
3429 3432 2
3387 3390 2
1955 1958 2
9567 9570 2
721 724 2
8073 8076 2
659 662 2
9575 9578 2
9577 9580 2
1417 1420 2
5361 5364 2
7467 7470 2
6885 6888 2
7717 7720 2
6821 6824 2
2737 2740 2
7453 7456 2
9595 9598 2
9597 9600 2
4111 4114 2
5189 5192 2
2523 2526 2
7981 7984 2
871 874 2
2337 2340 2
5583 5586 2
8967 8970 2
4979 4982 2
7121 7124 2
9619 9622 2
7613 7616 2
1489 1492 2
9625 9628 2
2421 2424 2
7655 7658 2
8307 8310 2
2441 2444 2
3165 3168 2
557 560 2
2749 2752 2
1145 1148 2
7863 7866 2
7719 7722 2
9281 9284 2
9649 9652 2
7697 7700 2
7271 7274 2
4975 4978 2
2543 2546 2
4473 4476 2
2081 2084 2
2515 2518 2
451 454 2
9667 9670 2
5823 5826 2
9671 9674 2
2345 2348 2
1027 1030 2
5649 5652 2
9015 9018 2
4155 4158 2
9683 9686 2
9063 9066 2
7491 7494 2
217 220 2
6051 6054 2
133 136 2
9695 9698 2
3961 3964 2
3661 3664 2
229 232 2
1841 1844 2
1071 1074 2
953 956 2
2713 2716 2
9711 9714 2
6881 6884 2
4561 4564 2
7989 7992 2
8971 8974 2
5047 5050 2
1395 1398 2
8705 8708 2
515 518 2
9729 9732 2
7795 7798 2
6017 6020 2
1437 1440 2
4867 4870 2
9739 9742 2
9741 9744 2
4847 4850 2
5265 5268 2
8653 8656 2
4245 4248 2
9465 9468 2
9753 9756 2
6419 6422 2
9169 9172 2
3037 3040 2
9943 9946 2
9875 9878 2
9765 9768 2
9767 9770 2
7151 7154 2
2611 2614 2
8741 8744 2
7 10 2
4457 4460 2
421 424 2
2467 2470 2
9065 9068 2
6661 6664 2
343 346 2
1583 1586 2
4875 4878 2
2457 2460 2
303 306 2
9663 9666 2
9799 9802 2
8799 8802 2
159 162 2
5349 5352 2
2085 2088 2
8525 8528 2
6191 6194 2
9813 9816 2
8667 8670 2
2929 2932 2
13 16 2
147 150 2
8719 8722 2
9825 9828 2
9743 9746 2
3285 3288 2
9121 9124 2
9019 9022 2
2669 2672 2
1677 1680 2
9201 9204 2
5631 5634 2
8325 8328 2
1891 1894 2
8471 8474 2
2475 2478 2
1515 1518 2
4741 4744 2
4817 4820 2
9857 9860 2
9859 9862 2
9861 9864 2
6735 6738 2
2235 2238 2
5911 5914 2
4759 4762 2
1191 1194 2
1281 1284 2
8713 8716 2
3615 3618 2
3253 3256 2
9995 9998 2
8421 8424 2
9885 9888 2
8643 8646 2
7353 7356 2
5653 5656 2
7751 7754 2
6805 6808 2
1949 1952 2
9899 9902 2
7793 7796 2
9737 9740 2
807 810 2
4113 4116 2
5145 5148 2
9819 9822 2
8459 8462 2
6731 6734 2
9917 9920 2
3775 3778 2
5445 5448 2
4781 4784 2
3779 3782 2
4365 4368 2
4089 4092 2
7295 7298 2
9031 9034 2
7867 7870 2
2695 2698 2
9267 9270 2
3909 3912 2
2153 2156 2
5397 5400 2
9393 9396 2
9949 9952 2
1467 1470 2
8201 8204 2
7245 7248 2
8829 8832 2
1205 1208 2
6591 6594 2
7957 7960 2
4927 4930 2
69 72 2
9969 9972 2
4549 4552 2
749 752 2
4165 4168 2
4793 4796 2
9849 9852 2
6381 6384 2
4987 4990 2
9985 9988 2
8145 8148 2
5095 5098 2
9991 9994 2
745 748 2
1703 1706 2
7771 7774 2
1 30000 5002
