30000
5000
9495 29873 836
6022 29630 14726
5212 26876 16032
1321 23238 7288
3505 23942 20123
2318 26352 1352
7895 28848 3183
4671 26680 9782
8604 29825 8116
869 22719 1601
8224 29356 6530
1449 22296 10937
9345 29402 8343
7620 28151 5741
6666 28611 21872
8862 29096 2948
317 21157 9567
7120 28019 3049
8997 29028 3618
227 27517 19290
5270 28437 572
9263 29956 9332
4600 24821 5183
2799 29830 4770
7492 29126 1925
6867 29218 21654
2787 23404 13773
4497 25926 10534
1055 21525 17581
5868 29882 4726
8264 29712 5795
2189 23245 274
5585 29244 15059
2282 23077 19842
7851 29837 18531
8213 29551 7667
3489 28484 23508
9674 29996 2723
9332 29754 10656
6767 29765 3981
6533 29139 9045
5660 25700 6566
9788 29821 6087
5438 28328 21935
3362 23409 3787
879 24328 9576
4993 27093 4136
6424 29559 5402
1255 26797 16940
4448 26769 6704
7008 28077 486
9630 29962 9241
9546 29709 11369
1708 25519 17519
1382 26879 93
7341 29093 7473
4087 27757 906
3081 28352 2931
1067 23532 9365
5564 25626 3994
7524 29150 5247
765 27702 19784
7917 29698 19969
3499 25802 9109
134 23921 12812
1225 21734 2605
1878 23888 17844
5507 29522 7123
2583 28204 912
4458 27439 3239
2710 28991 17899
2209 22273 1770
7668 27861 7271
5771 28879 1235
566 20759 18943
4997 25237 11983
4029 29186 1695
7595 29375 17177
2684 27190 404
7310 29977 3933
5514 27599 17899
3634 26619 1448
1642 25856 7630
8562 29423 6159
4952 26981 9650
7471 29246 17138
9919 29967 12157
5554 27098 17469
9807 29937 3802
2405 24640 4996
1180 21748 8669
243 23297 840
2051 24344 5838
4065 25847 2830
4785 26345 14347
3184 29553 8430
964 24142 14015
5005 29977 4261
3128 24112 19969
9166 29683 9511
2644 24845 716
2147 28226 3884
8449 29083 15784
6404 29501 7035
2800 24772 12659
2528 29575 13927
5788 28049 1949
884 27723 12158
9775 29866 3463
2671 25485 5136
367 23835 9265
1219 24755 770
1117 27373 23239
4277 29147 1110
493 23997 12671
4562 27265 3630
2533 29424 19364
2508 23382 8578
873 29938 22280
7314 27390 7548
4877 27538 10591
2571 27074 21030
4766 27616 5352
6230 28257 21256
8141 29992 9190
1675 26544 10902
7330 27998 4349
7427 29919 2116
2210 23848 8752
386 22323 16376
2664 28406 8348
377 29866 12428
7801 28438 1927
6727 28903 4694
4021 29996 14470
5110 27513 9087
5641 27974 13683
9854 29985 5381
1499 29266 26034
7764 27976 866
2213 22282 13197
4622 29905 20410
2389 27114 1649
2276 27990 8671
4234 25089 1384
8421 28714 5244
2808 25351 157
1999 29845 16751
3579 29574 4095
5797 26229 16780
380 28084 661
5106 27891 1176
8240 28825 8307
8840 29839 16706
9905 29921 3068
9688 29824 3626
1865 27066 23145
2396 25422 9574
8807 29632 11575
5917 26388 179
9689 29835 625
218 29517 9098
8995 29201 1474
6268 26626 6604
128 26629 8674
3466 29789 3489
1852 27041 8544
3529 25466 5757
449 21111 252
6944 28227 478
3205 25110 6515
5326 27279 14453
5423 26324 4885
4550 26021 12318
1058 26094 16577
236 23592 12714
1495 23829 4109
4105 27847 235
6532 26915 14477
6258 28580 1696
275 20325 3889
8899 29595 4381
2394 28712 3120
4681 27232 21364
6169 29198 5164
7457 27910 17024
1310 29971 15100
2378 28307 16520
381 21900 733
6656 29714 9041
2514 25521 19203
9182 29833 14496
5417 25974 4952
1081 27609 2885
1241 28496 26879
5773 29005 14618
243 28267 22171
6883 27451 8098
1612 22192 6193
5757 29244 1042
2247 26321 4020
4689 27450 14370
4659 29224 5997
534 23280 4160
6959 27572 11002
9833 29864 9542
6302 29417 72
6903 28135 19170
3902 25637 5025
313 24058 5588
2655 29788 25154
5956 29437 13200
8305 29288 8914
2359 22992 9516
5657 28681 1573
3755 28681 2659
1910 23099 9966
2985 25636 622
1953 28944 24951
1107 24013 15388
4428 28548 12805
2162 22853 6448
7564 28081 5745
350 24809 4527
8342 29644 7274
3704 26534 13548
5340 26417 11038
205 25155 17043
2202 22431 2017
3879 26961 13790
1162 25460 3907
2752 24300 3410
3233 27743 5469
120 23074 21654
7888 29195 4975
5881 26193 2906
1782 28679 6844
8623 29380 11506
9431 29623 10808
7358 27784 8142
6673 29816 9285
9123 29481 7609
6266 29373 7402
696 26434 2669
4684 26982 1301
7473 29020 9044
893 27637 8338
9721 29968 3319
1988 29366 14366
9131 29749 18390
8083 28821 10435
2918 29657 3125
6901 27274 7807
961 23199 7126
2425 28647 15647
6309 26983 18273
3570 26543 15860
8856 29477 6859
2492 27811 9922
9919 29988 6159
9177 29864 10750
8002 28044 2927
1416 26602 4614
380 24061 4401
7498 27859 11913
8038 29883 9676
1134 21163 7498
4151 29262 23882
7599 28062 17211
218 24239 13531
9626 29634 17301
1714 24226 1891
4677 25922 10664
5320 26669 7599
4621 29351 6466
5649 28666 20660
518 25327 18475
9309 29621 17380
6836 29485 10336
2351 27802 23903
9779 29866 6151
8873 29181 4168
8063 28835 2911
3848 28067 317
2590 24394 8123
936 25755 7793
1563 27569 6477
4045 25544 5729
922 27030 22135
6841 29870 8814
6285 28511 2392
230 24217 8338
3339 23551 9087
5481 25560 1238
5327 27253 11024
1766 24552 17241
4198 28969 19289
8363 29262 8450
8823 29903 8174
9721 29795 849
8661 29526 13265
4713 25917 7824
8738 29701 16616
1209 21459 17320
6410 27656 16077
4370 26417 4602
5633 26786 11866
5916 27300 550
332 22856 10063
8617 29902 3081
4308 29503 18651
6786 27713 4239
1584 26827 4027
3012 23180 2831
6703 26774 3771
7139 29104 7836
770 21022 13891
6761 27171 14343
4625 27294 3292
3132 24351 11070
4378 28701 7406
7488 28905 12016
2930 25658 14986
1229 27360 3120
9525 29890 18345
5629 26895 14088
7441 28087 15175
653 28346 13820
7809 28351 9154
1776 29873 3598
2933 22948 5547
1298 23281 9019
634 24099 20432
1902 23868 4150
6049 29941 12809
4786 26301 16882
6423 26835 17491
6106 26992 6534
9018 29536 2563
8904 29848 16272
9934 29934 5568
9897 29927 16655
4519 24833 14828
6634 28838 3378
2326 28463 17747
333 20543 15769
5050 29219 297
5981 28865 6939
5251 28451 20510
7400 28010 12798
7276 27839 2858
7787 29800 16439
2532 25034 2354
3564 29891 22739
7595 27819 10586
3892 25685 16121
1444 25220 14617
2269 23007 1243
1870 26579 6584
9313 29496 4162
5627 26452 10777
4438 29403 6160
3321 25140 8915
5251 27896 3303
7857 29510 17644
6203 29105 5999
5590 27727 21477
1731 25246 7615
4892 29725 17865
3663 24040 18146
1508 28786 4154
1617 28738 14437
7879 29850 171
3817 29840 23384
1114 21144 10721
7548 28142 11140
1007 29305 23966
2461 29328 2608
834 28544 24433
4637 28625 15872
1092 26289 3985
2312 22501 16444
3168 26513 5079
6512 28831 5501
2302 24374 4524
4276 26784 7211
2723 25454 14449
3007 26428 8231
1986 25207 19778
6279 27448 5377
5592 25723 803
7022 29768 8196
5654 29348 3553
139 20813 17627
7040 28856 4106
2728 25339 2952
8771 29079 9400
727 21425 11490
2009 26905 13084
322 28883 3068
3660 25814 663
2840 23257 17879
9678 29706 10926
934 28617 5100
3394 26273 18596
3034 25581 6175
4374 29991 659
325 23209 5743
7 27512 13435
2763 26466 6684
3118 24402 14931
4501 28256 371
2486 25832 4887
2614 28250 5584
403 22722 738
8440 28764 15040
298 28967 15901
3223 26607 8282
8416 28981 10175
335 23980 21677
6123 28777 8714
2941 26052 16984
5283 26925 10556
3205 29679 21256
1614 29044 9305
8093 29279 10448
4913 29198 15707
6680 29100 891
2167 24651 3389
2317 25746 1488
9415 29583 8625
6316 28940 5916
7527 29715 15757
5076 28446 1239
6211 27384 16129
491 26569 10064
4201 26606 3515
247 28463 7915
1644 22678 11541
2527 26059 7857
9590 29797 5532
2407 28761 23206
8004 29219 2072
2430 25529 9046
6725 28680 8732
7493 29488 6037
7916 27968 277
4847 29282 7109
5779 27984 3230
9748 29998 10905
3643 29214 17299
3268 25726 12441
3073 26250 22585
6402 27231 7894
774 23747 1409
5908 28400 8976
6739 29970 6338
8639 28664 15231
3088 27117 8449
2157 29537 14669
1473 22355 14329
8704 29020 10007
7933 29388 2316
8651 28671 15384
9056 29326 6182
1822 25024 5327
5863 28425 9196
5073 26350 9543
9375 29720 9154
5475 26767 9061
8853 29072 14066
1671 23056 3172
9417 29846 8788
2734 26427 6518
6437 27285 6293
9162 29338 3388
6231 28770 3985
2461 26735 3045
2741 25147 13252
1483 27125 18803
1128 21862 4773
7540 28164 12699
1314 25175 3606
4052 28620 3266
3262 29277 5134
3229 26873 6908
4209 28173 754
4994 25455 3896
4307 29462 9260
7784 29506 9286
4406 29268 16842
8024 28566 6363
1840 26360 3032
1169 24904 16304
1071 26354 16549
3657 24312 5696
4527 24668 8628
4868 27159 8138
7790 29680 5015
2178 27699 14339
8166 28714 2398
978 23644 3111
2389 28126 10602
813 29758 3802
7142 28695 2956
3740 25663 6857
925 21265 1720
6393 27686 3306
5177 26138 11590
1093 26791 19310
17 26477 3326
1807 27491 6605
3576 25619 8732
2870 28115 17940
9208 29788 3604
2175 27684 2317
6168 29235 3102
1476 25591 4886
259 28479 4485
9402 29526 10095
3788 26214 2957
6248 29566 21223
7665 28650 3450
5703 28285 9027
6646 26664 12315
2670 27137 6673
2314 28330 4803
1296 26258 19596
414 21507 5382
7005 27808 13549
340 29113 20959
8187 29254 10871
2086 26455 3797
4312 27074 1418
9544 29972 6096
5430 29979 17118
5486 25717 933
9677 29774 10063
2370 27996 6387
9918 29953 16646
5065 27406 3250
9852 29886 7171
7660 29734 5415
8534 29276 19796
6918 28999 3229
658 28476 2651
2135 29412 23104
4039 28229 3810
1439 21897 11509
7543 28419 12976
1121 25508 8241
6977 27147 18488
8304 29638 20072
4480 27917 20771
93 21130 10692
871 27069 8182
2287 28952 12064
1392 25646 9806
2335 24337 16132
9523 29813 6877
4516 29474 1756
6300 26723 9450
6673 29187 2759
1526 24665 3895
5611 26266 5902
957 23793 9497
7894 28758 3463
1163 23302 5672
3596 26480 9871
6544 28297 8655
104 28079 19094
6443 26741 6631
7877 29694 9486
3612 25824 14420
4366 26877 3045
8791 29933 8958
9180 29998 4532
4744 28042 3393
9961 29991 10438
8925 29323 11723
2557 24945 11478
2217 24000 11479
9037 29636 2943
8543 29933 2679
8256 29705 3403
8338 29677 16964
2986 25269 10506
4448 28911 13355
5086 28795 2382
9438 29923 10413
2251 27522 627
5013 29672 22114
1223 29115 2441
8820 29254 16477
3155 27795 24521
1207 26625 19293
928 23453 7078
5757 29957 21009
4104 24868 8715
4147 28803 22314
7056 29446 2977
6076 28491 15515
6686 29569 20535
2296 24408 18109
3954 25751 3080
5990 29877 23480
3119 24840 9936
1037 22891 15410
9340 29784 4432
247 27596 7446
1670 25956 12532
8047 28961 17913
4747 28596 1508
1825 26439 7498
9150 29968 5894
8785 29402 16715
2576 23754 5100
5808 25829 2821
5699 28775 1254
2205 22497 8115
5902 27355 3512
2967 26078 5948
1473 29778 25356
363 25236 22138
4120 25359 5169
2683 29760 21494
5366 27919 2108
1551 24953 20883
6341 27541 3935
7409 28425 6461
635 23640 21641
6024 27585 3131
3802 27698 2603
1410 24962 15319
8911 29169 8460
5049 26942 5146
3553 26859 7084
7568 27887 3761
6444 27039 3728
7087 29914 21575
1556 22324 1099
1615 21767 19914
4076 25441 14553
1112 24795 12464
7523 28676 11462
5209 28391 11004
2989 26154 14542
7100 28201 13073
2197 29444 3595
9383 29643 935
92 24954 2552
1460 24724 7770
13 21203 6737
2887 29851 331
9313 29560 776
8396 28655 8192
891 23766 21717
7936 27984 3608
1094 26845 10771
8129 29830 6415
7177 28987 4808
810 25118 2578
2323 28927 5825
8840 29409 11694
1297 29054 14649
7959 28079 3447
2859 28488 4316
2869 24072 885
225 22294 3556
3805 24803 5519
4743 25569 760
4435 26174 8427
1434 25388 2650
1224 24857 4246
6809 29761 4169
343 27384 4877
114 28153 3995
8898 29615 12296
1748 24080 8259
5194 27839 8235
4012 24060 8130
8484 29050 16408
6561 28974 2180
7783 29693 14433
3014 27715 9117
4752 29492 3506
8616 29838 1284
1424 21942 8472
5630 28403 6272
3643 28083 13535
8774 29348 10756
8790 29440 12563
6955 27706 18089
8860 29530 11444
9566 29841 15133
610 26580 5243
4885 29797 4685
3082 25124 1941
7558 27928 8962
3892 28055 2797
2004 28054 1649
4944 27539 14264
4505 24718 14795
1338 25314 23621
4300 26133 20174
2357 23930 7620
21 27313 20537
184 27736 25795
333 26646 25343
1926 29384 9838
782 24456 4763
8366 29146 13659
6800 27327 12968
545 20925 12137
6198 28191 1579
6986 28016 7693
2743 22787 6639
8538 28726 9829
7279 29415 10285
5224 26940 19815
230 26280 9922
2622 24784 21923
52 26191 16327
6263 29952 11199
7496 28901 4109
1208 25149 16720
2418 22952 6216
8050 28156 8520
278 24987 7007
1695 27752 23218
163 29465 15227
2552 27085 2715
7712 27851 16723
9045 29946 5812
7800 28031 11716
5468 29484 5300
6757 26981 6482
1740 24498 8708
7214 29647 6508
6137 28323 1805
4868 28693 3170
6799 27349 11242
6011 29380 1280
9982 29988 12159
9491 29551 6894
9985 29987 9673
2390 28899 6865
8711 28747 4916
560 22128 10656
8601 28733 6779
5588 28585 2120
7641 28927 11142
9240 29451 13395
1313 29318 13389
5361 28211 12063
464 22301 7602
3436 28580 5046
7279 29550 21815
6959 27415 11371
4725 29807 5663
6150 29572 8488
4211 25848 8392
8078 28427 13785
4223 25223 8879
2459 22755 13943
5008 28066 19517
4039 28652 15478
1462 24532 503
7845 28853 2853
7344 27589 19960
1805 22350 18362
1001 26836 19753
9738 29959 532
8109 28517 6871
3438 24205 5780
4454 29194 15604
6327 27702 4437
2089 22090 2876
3408 26812 9725
8128 29950 4615
940 27528 2001
3330 25563 16007
7269 29780 18562
890 25181 20972
9198 29366 4252
1725 22569 11129
3522 29389 29
2762 24394 511
3920 26131 4016
4820 25977 7329
4801 27451 5982
1475 23102 7775
5981 26562 15591
1930 27311 6825
4492 26904 6249
7478 29464 4429
2785 28204 3054
3114 24603 1159
5338 26125 12773
8662 28766 17231
957 29362 953
1023 25977 9704
1186 25526 16123
4991 29653 18025
226 20845 14819
1044 26185 19745
1452 26181 8793
1222 27619 18002
2912 28750 4051
4705 29444 16867
478 23885 9383
5679 27140 14250
7636 27838 18782
2917 25306 14178
8337 29051 8058
8240 29441 2927
4739 26661 15983
1769 28659 2198
9277 29723 17516
1050 22237 5615
2828 25491 16345
1098 21296 5710
5958 28635 7716
2655 23563 4011
718 25415 383
2618 29134 21765
7914 28500 7351
7949 28899 7700
9767 29983 2706
9282 29442 2658
9397 29915 20432
9280 29424 4891
8682 28745 5868
8356 29408 18275
820 28517 1157
2144 27857 5240
6188 27362 12701
2501 26913 14747
1502 26847 24788
362 21435 6209
787 28802 1846
5684 29777 17955
7819 29054 4749
2929 26291 11834
6943 27532 3235
2952 27673 21753
9567 29586 7824
3736 26497 21054
873 23189 4963
1586 26181 1961
4403 27587 8739
8622 29386 10490
3280 24853 1420
1668 21970 6711
4222 24410 14171
4942 29686 5180
9821 29940 19267
4609 27780 8718
9651 29753 5654
1144 29034 7500
9412 29695 10755
1050 22443 15614
2435 25546 14147
8792 29895 7358
6779 29180 9949
6892 27444 1387
8749 29291 10343
9786 29987 9970
4446 29086 4899
4868 29411 1626
8201 28765 6550
6893 28320 16984
1977 27548 15601
212 26241 25675
8518 29978 13270
986 27210 2584
2108 24747 4638
2250 26713 4356
7787 29385 3195
870 24967 16577
9202 29215 980
812 23368 14255
5763 27826 5022
8298 29517 8318
753 28099 14536
5145 25648 20234
3292 29432 9682
2361 29024 671
9487 29734 8535
6857 26913 18256
911 28707 14798
7591 27980 4716
2966 24581 857
6354 26866 11789
8396 28928 6197
4613 29482 21495
3199 26450 10846
1409 23322 8043
5142 25189 1570
2220 25389 17401
3962 26949 5516
3605 24582 10775
7923 28263 4016
1777 23197 52
9137 29420 4453
2150 28683 4808
739 29419 2166
813 27847 14915
3307 27665 6508
1338 27672 19885
5793 29452 5509
7514 29721 8222
739 21438 13929
3604 27217 9987
2458 23887 8677
6034 28405 18746
7420 28925 16173
6358 26370 14561
380 23873 23314
2691 22748 5271
7810 29324 8364
5317 25646 5022
5856 29371 6212
3486 27296 17301
8634 28755 14505
8444 28521 14690
6682 28153 14973
5867 29713 23827
2894 29349 7893
2742 23343 5921
672 25787 19334
5344 27077 17625
6296 26568 7610
8983 29752 18399
1089 28505 4738
7930 28275 2901
1090 25401 10736
2328 24491 680
5556 25591 16380
7631 29469 20864
513 22676 9876
3524 24665 7408
4090 25980 13123
8059 29859 8303
133 24630 3532
3208 24899 6942
1301 26027 17407
1596 24189 511
5621 29808 2621
9736 29857 14330
4913 29719 10785
176 23560 5144
1356 25397 7668
1520 27136 6037
2554 28090 893
7411 28905 9287
5672 26524 2594
4187 26743 11406
3473 28272 9417
6430 26599 16846
8531 29375 14316
1496 29100 25497
2823 26808 8588
7314 28471 20783
515 27278 5710
8959 29084 8621
8685 29060 12000
5561 29803 22618
1142 22676 4755
7439 27990 3210
4377 25630 9347
7959 29008 7571
8363 28615 9158
5661 26979 9238
1176 29084 16056
7087 27509 14853
2941 29462 829
6476 29596 9521
3444 29736 994
6344 28892 11703
4241 28782 23394
7919 29840 19936
1271 22810 11164
2006 24957 3736
2531 27850 180
3898 26248 13828
7557 27784 11683
4991 29523 10596
1603 29251 20944
5359 28542 7761
6937 29727 15298
6998 29005 7350
1140 22918 7272
2673 27541 22234
8333 29870 12371
5770 29795 21902
2085 29736 24477
8423 29157 13770
5056 25412 2780
8030 29094 14646
8721 28941 1477
276 24313 2895
6272 29874 9868
2155 29301 21360
7550 29086 5992
2453 27037 9345
573 22757 1031
5298 28587 13979
2403 23502 7278
2628 27218 863
3484 25447 19480
9287 29308 11367
4144 27977 23776
9163 29600 18913
2467 29898 16715
2554 23561 998
5224 27068 14727
5472 28125 7868
4023 27391 12799
2779 28951 18688
3141 29356 15320
2795 23808 11620
6816 26920 14948
133 28789 24775
102 20859 2390
8583 29653 3018
5489 27147 16996
1482 25024 7822
2877 24167 9896
5100 28774 10923
1631 29338 21539
4123 25008 9314
7473 27896 830
5377 28246 2014
3071 28400 22941
103 23978 12666
6126 27785 4169
3042 26755 9957
8544 29913 18123
4895 25124 17938
2434 28106 15038
4335 24859 20448
9602 29773 10616
5458 29965 7286
73 21903 3080
2715 23626 5147
2883 25829 9654
6533 29501 16655
1763 24843 3462
2400 27354 17824
6779 27263 10141
2076 26311 8083
929 24531 2181
1938 26486 13886
1147 23546 8591
4476 29072 3303
8331 29041 9664
2540 27038 17644
2578 29491 17581
2250 29043 7555
6070 29259 3877
8006 29524 10439
5245 28161 3724
9898 29978 8819
2377 27234 8761
1771 29713 7214
842 22829 8968
8929 29848 7297
1212 21298 14362
489 23726 5437
3276 25236 19633
5674 28408 3111
3317 24494 18801
6165 27498 16431
5166 28989 14371
1663 27607 5289
4775 29607 1103
6507 26713 13518
5186 28110 15425
340 24678 2881
2959 25750 7859
8055 28605 5929
6265 27058 4962
8708 29196 8471
113 28074 21443
3101 23323 2881
2714 26210 3624
6965 27530 6893
9828 29867 4005
757 22555 6582
6319 26599 1237
1373 23950 3447
9693 29970 15114
4536 29656 15145
1636 25585 8642
6058 27764 20647
9382 29837 4264
2793 28639 10565
1785 22505 4614
37 28547 1758
8668 29088 2926
6358 28133 3112
5346 27571 16759
8578 29022 11638
9897 29926 92
3946 24789 12156
5967 29548 12234
6513 27337 20264
153 24359 17858
943 24020 6117
7878 29940 5177
4702 27458 20090
2671 29317 16819
7628 29741 18332
4792 28743 10792
8666 29336 1346
3088 28492 6451
6827 28160 5724
1533 24106 18358
1604 23606 7373
7720 28151 7229
9556 29754 124
4322 27882 3806
8101 28162 3193
6751 28271 19709
5879 28637 7630
1391 24538 1161
9728 29940 8750
7792 28439 6654
919 21379 11463
4330 29058 17518
754 23428 10144
9267 29926 12655
6343 29563 7285
3205 27788 7550
6098 28613 18471
1118 27753 4896
2393 26243 21621
5758 28587 4302
4579 28462 785
3713 24520 3316
7999 29598 2169
5193 27408 2825
6184 28117 6203
6762 28455 2371
1112 21503 10578
8203 29348 11646
7756 29180 9745
2551 29404 25231
5218 28316 10950
2246 29326 5756
3073 28051 10785
3571 27641 961
490 25034 4763
7143 27386 7670
9682 29713 19356
9203 29638 6655
3320 25198 1458
6995 27409 4906
4411 29275 687
3736 29192 13523
7921 29512 7584
920 29203 8944
5193 27399 21339
9369 29604 17451
1699 25292 1003
2632 29082 19111
3726 29242 4923
2486 22951 1272
658 24233 21403
2276 22831 6853
9777 29936 1469
125 21256 14056
9746 29956 2926
8842 29179 4943
2477 28849 10916
276 29334 13355
2382 24186 8879
9579 29582 4886
2934 29414 11368
3200 26989 13209
6763 27081 13954
3309 27501 12642
4360 28798 5099
6740 29888 6105
8841 29997 7435
5296 25392 7389
4585 24938 11868
14 29397 20560
2060 29089 13418
6839 27727 15024
8498 29121 7986
7879 29279 7067
6516 28873 16307
6270 27288 963
3690 24601 11799
1918 22117 12796
8453 28720 2098
5341 25881 3276
3574 28461 5049
5918 26200 9299
5678 26624 4906
6272 29631 9437
9463 29986 15312
2984 23745 10803
620 26194 9944
6993 27532 7504
739 25554 19022
8246 29237 782
6177 29407 9540
8323 29411 655
3124 29593 25359
3866 28553 13376
3555 25362 7100
7444 27536 9239
70 22164 8056
7251 28101 8262
5070 27697 724
4500 29241 17059
8434 28497 7010
616 27576 2842
2577 25566 20141
9560 29598 9215
7369 28467 5841
9793 29818 5931
2730 26897 20836
9083 29508 19047
5591 26699 6880
7983 28791 9406
5033 29347 34
2996 29740 19103
4143 29414 6659
9225 29252 1475
1651 25016 19569
6950 29977 20174
4080 25975 13730
5515 26380 18954
5420 25432 4689
8214 28473 10162
2891 29743 502
6199 28262 9958
3604 26701 10653
1990 29341 11520
6149 28312 9039
8105 28320 1879
5225 27672 17635
7664 28158 7576
4049 28284 19213
3171 29136 20053
1259 29823 18489
8861 29400 7888
9804 29962 7684
9891 29994 18391
3170 29740 5118
505 22900 21534
8849 29318 11160
8936 29845 8916
6998 27073 10269
8836 28969 7479
6971 28150 1159
4442 25276 2939
3883 26781 21481
4371 27291 16477
6067 29673 508
6972 29260 3062
7302 29173 13462
6692 27223 7060
9967 29979 15178
8738 28964 19364
9186 29345 15495
149 20196 19548
8587 29916 6609
862 23025 5500
6546 29528 2915
355 23709 11585
1630 25764 12992
8640 28727 6274
9435 29944 18206
4383 25069 8905
2569 26501 1691
2257 24297 3354
5566 29899 10463
3707 28455 20452
3436 25574 9831
6194 26746 8823
404 24531 22610
7457 29980 10178
5787 26200 3341
7889 29841 1238
3592 24198 1936
5831 27127 20772
1791 22707 4375
9011 29232 11940
6913 29735 7165
6649 29259 1695
1245 23344 2330
3570 24483 3054
1662 28745 4663
3964 24437 11238
2778 23573 3512
1978 26358 13182
7231 29741 717
1179 24892 16238
8106 29931 15920
1720 27551 1477
3862 25463 7952
3105 28442 11090
7025 29044 12906
1591 28779 18481
3455 29799 1320
1189 24654 19995
1813 23826 9196
9376 29541 16824
4363 29629 7347
9603 29666 12626
8703 28914 3118
8736 28972 8561
1741 28251 5191
6477 27920 5672
5722 26072 2027
894 28918 8816
5392 27774 2697
2331 24156 3115
2580 29244 14713
1785 23026 10762
8906 29798 17937
667 28072 20921
7878 29971 14112
413 28486 893
8593 29071 7220
1991 23918 902
1576 28231 19583
7213 29965 6140
3707 28212 7659
2406 23885 10382
7891 29976 7772
9192 29572 14608
2450 23915 1334
7304 27972 2155
3140 28400 12998
6437 29419 7803
9783 29824 2806
7958 28613 2355
9146 29952 16337
1152 24493 2432
8389 28915 11139
5924 28173 989
3676 25446 14382
2171 28947 25473
5700 26431 13059
9946 29977 6636
1877 28208 3523
9814 29915 15469
4889 29338 12766
4509 28577 9497
4599 25103 1966
8611 28723 5945
8389 29850 7810
4981 29833 4300
1370 29989 2995
8310 29362 19097
1150 22324 15894
5556 27856 8794
910 28614 6954
8179 29121 6258
7308 28918 11983
1144 28423 20999
3823 27755 411
264 25832 4691
4701 27449 12419
4319 25198 19881
1235 24566 17329
188 23873 22046
5821 27521 5533
6106 28009 15414
2675 27150 14458
8525 29595 9708
3773 25264 4963
5255 25931 1355
4064 29741 13232
5743 28188 14861
4779 28351 5893
3095 26767 20963
1361 26086 1200
32 21013 2119
4369 24612 13283
5266 26825 15128
9156 29583 11718
4090 26655 3971
2301 22465 7262
1579 29968 4666
4646 28051 8901
9615 29943 3608
167 29046 17061
2001 24852 8741
5306 29110 9088
8402 29839 15578
6465 29803 15736
4191 24855 5121
1638 28748 5479
3325 27714 19490
2135 29883 4995
9649 29727 8692
110 27816 2873
5613 29320 22432
3747 24580 10755
3990 26551 5194
3562 29361 18712
1377 27280 15291
551 25696 3001
8575 29125 20507
2747 29588 8927
1609 28514 15350
6789 27294 2379
99 22514 9011
365 29084 19955
1719 22069 602
3064 29024 12655
5433 26513 2482
7907 29535 2228
4417 27244 9389
4925 24963 4866
1009 22077 9910
9702 29779 3664
7155 28545 9706
3988 27430 21811
6035 26736 11333
9454 29572 4054
8415 28793 15640
2708 26269 454
2124 27696 3678
141 23314 7481
5579 29233 16671
7574 27617 12002
1753 27370 572
9185 29438 16521
2968 23671 6426
9692 29816 9465
6015 26673 8633
1991 29240 24669
8055 28722 6398
945 27319 8910
3171 28585 11359
9981 29987 14878
9353 29547 12362
8348 29025 20534
7148 28177 18963
3058 27818 4280
6444 28945 9074
9480 29558 13407
5178 28126 4943
2329 25011 3851
8687 29553 6050
2261 29800 459
5497 29169 13962
9878 29886 2570
2312 29687 11309
8905 29248 10331
6975 28034 13376
5108 27588 11463
2233 27106 6182
2056 27894 2300
2484 22963 10858
7110 28112 5205
9935 29989 2713
9916 29948 20007
3347 28909 21051
2000 24462 3759
4417 25335 5637
2425 24705 5808
1901 22617 6811
5023 29554 2463
3356 24219 2873
5441 25914 4611
2841 28630 10356
1451 25963 20880
5028 26898 18489
3597 28200 3213
3820 29405 16480
3908 27679 23450
4422 24662 11599
5557 29314 20044
1992 29675 9777
4848 29074 18151
7717 29119 7776
6762 28988 3429
9873 29935 4796
2088 26644 5
2163 24690 8235
511 25865 25213
215 29752 18722
5813 29221 18430
9748 29754 983
8529 29263 19281
7979 28139 92
75 27634 24865
974 25353 17865
2950 29027 22812
3123 27606 11209
1374 29834 14372
4308 26510 8567
5457 28476 2220
7092 29134 11099
123 28012 3427
9499 29915 9668
1354 24568 7204
2020 22636 20126
7078 28034 9951
6944 27774 16943
1505 23406 14953
5464 25702 1077
7577 29983 5849
2942 27962 2856
8398 28948 5792
692 25305 4208
4828 26630 5441
4608 27406 22251
2693 26464 8431
5001 28499 22490
3318 28205 425
8273 28889 7829
9876 29992 16894
4861 27464 5275
7312 29618 1471
447 21438 9315
3502 23668 9566
8162 28669 18913
8028 29924 3591
6143 27964 5059
1885 25353 3132
724 26185 20107
4085 24638 14595
794 26352 13711
2779 27263 24053
437 29598 16757
1759 27238 7623
3751 26148 213
1977 25858 5000
8216 29545 2880
3466 28074 18034
376 25754 12526
9803 29965 3095
8499 28942 16794
9166 29516 10085
3144 25256 15816
6686 28830 5462
4870 26911 12415
5459 28625 20493
5735 29926 17347
8075 28921 5537
8193 29820 1851
7530 27997 4423
8133 29914 4007
6114 27153 8639
8104 29197 1611
518 29806 14093
9946 29950 965
7813 29081 8033
5722 27667 11153
9170 29964 1194
7500 28315 20445
3847 27284 1816
22 26278 5992
3437 28977 22843
8904 29874 8063
86 29495 17484
9009 29336 7951
8931 28933 2923
6008 26432 2740
4020 29742 23104
365 21707 17039
4843 28142 10806
757 29066 3587
7377 28621 15496
1425 26761 9417
8818 28949 838
2243 24901 394
1747 26456 19632
5538 26320 6456
8609 29096 10304
3673 28062 9449
6365 27234 633
2965 27288 16169
1948 28213 15324
9632 29898 7951
7695 28820 8577
276 25535 3338
8118 29085 9653
3401 26944 5729
4845 27917 5523
3613 24895 14888
4269 27953 4415
8111 28723 3364
7420 27481 12516
3403 29744 416
2195 29041 1208
9692 29772 4492
7126 28738 3977
3527 25253 14776
5034 25160 12374
9141 29273 3330
8218 28669 19337
4342 26714 14597
2586 22889 1847
9878 29995 17176
8528 29740 20840
2640 29653 10780
4594 24827 9567
6037 29859 12539
1648 29457 7163
411 29042 13289
1789 22327 16492
5219 28846 8735
1215 27051 13975
5389 25511 7163
2454 28515 22277
9770 29921 3861
4790 29948 524
3376 26700 1772
2522 24602 9117
4780 29105 314
1166 24406 6139
5891 28451 1493
2059 23329 10925
4153 29973 4506
5183 26220 3428
7006 27805 13604
6878 27389 6479
8178 29403 4993
9159 29921 1591
4088 25031 4928
1272 24090 659
9775 29934 15104
1193 28455 18895
2977 24124 9693
1789 22736 10583
8029 29163 13723
4662 26481 13363
9115 29121 19840
674 29036 2188
1139 22637 4963
5959 27155 20887
6930 29173 2988
465 25611 21589
9430 29736 1640
2654 23840 16101
3112 25806 21004
5166 28862 15080
2075 29670 4379
9790 29904 1575
5391 26665 1091
8652 29781 7221
5058 29134 2477
7509 28381 8549
1311 22159 3161
7913 28817 987
1711 22494 415
6105 28169 229
7469 28541 10660
1551 29729 11243
6191 27555 5187
5156 28290 4727
5739 29857 3825
5575 28804 7457
478 27787 25346
6359 28296 10284
1227 22298 2219
1282 28959 3225
2614 26940 4142
3392 25034 9365
5652 26311 718
9752 29969 10585
4590 26531 2861
2980 29233 21801
7801 28982 13569
8082 28647 11270
1461 24984 12639
2232 27882 6438
2646 26215 20773
925 25256 3904
3134 26696 20933
2407 29860 89
905 25095 15420
4142 25494 879
5369 29376 7704
606 25108 5864
4179 28229 23351
4364 25952 9238
2261 27454 12879
7392 28830 18765
9760 29780 18504
6773 28604 13
8095 28224 1601
3415 25140 11305
6810 28904 718
2534 29853 3375
7755 29197 5010
4410 29579 4763
2360 27638 3661
1701 25427 19837
6252 28986 18178
3422 29972 4001
7003 29144 8113
6436 27492 9200
7447 27954 4260
3385 28202 8219
263 22818 696
8981 29565 6289
9179 29892 2427
5297 26395 1759
1475 26616 5674
6211 27789 7253
9079 29679 6319
403 29317 1551
2193 25207 10192
4520 25779 176
8840 29928 7358
2441 25468 389
8296 29628 3774
8489 29091 10999
5078 26121 2998
8461 28733 8937
9298 29997 9024
5618 26927 12543
4820 24895 18532
8378 29475 1184
9196 29624 8934
1619 28207 17228
229 26169 7443
6504 28252 5552
1270 27838 25949
4686 26093 15371
6864 27383 5026
6296 27644 6786
8371 28371 3364
6488 28695 10522
816 28942 22992
5177 27007 10584
1345 27736 22320
5338 28533 19875
6302 28154 4851
4956 27580 7273
8154 28545 1891
1209 29108 8194
2253 22452 4616
1608 23187 348
9481 29759 9570
2951 28885 19560
2572 24185 5961
6597 26877 14664
1069 29454 14994
3166 23639 9518
7225 27765 3715
2956 25033 4770
646 22086 9604
3860 27921 3764
968 26008 5813
9601 29629 8104
8348 29867 9667
3082 29502 23628
7266 28507 4604
97 23099 10255
3216 25257 21152
2003 27987 486
538 26241 13547
2316 28796 377
9431 29590 11895
3692 24449 10678
9471 29707 8918
3653 26066 19900
1326 26661 8089
9079 29610 8096
1295 23314 31
8950 29953 16984
2739 27183 7133
7479 27791 11805
419 28317 2946
6351 28106 2999
7299 29417 3420
3950 25865 19949
11 28477 14938
743 23451 9125
1924 28564 1573
6897 27061 4853
4465 25684 2866
2614 23997 6746
2766 24701 1085
8838 28899 8152
6430 26587 15071
823 22074 8997
8461 28848 387
1843 27650 20260
5438 27164 18
1577 22189 165
8100 28673 12590
3644 23731 6719
1295 24465 16448
5098 27956 3215
4061 27655 21396
9343 29440 845
6710 29590 12920
1634 28704 24711
9339 29981 2689
9931 29957 11021
9839 29889 9101
4689 26977 5913
1672 29297 2146
6908 27511 16279
6908 27985 8004
9393 29581 12098
82 29692 29075
3047 25988 14882
7963 28183 8484
763 29347 1470
2422 22576 7354
4803 25038 7546
8232 29938 18671
9039 29767 10157
780 26673 2286
6779 27181 4231
4607 27548 20968
7870 29289 2207
6513 26790 10946
7144 28365 2378
8050 29587 4450
841 25442 6729
9647 29728 3136
4624 29095 9328
9817 29850 9013
5769 26376 10569
4724 27341 15400
3412 29433 15569
7218 29347 7631
2014 22423 19029
2065 23140 8600
8886 29726 2525
5255 26696 7220
1216 29484 11395
7291 28824 4867
7488 27911 2630
4297 26300 6408
218 23904 881
1156 22709 20905
7233 29338 19353
7698 29449 19513
3298 26923 8017
5603 29161 19956
3186 25699 11903
9622 29737 17276
3565 23696 9173
839 21381 12072
4344 26678 9531
8536 29518 1182
3100 25559 12045
8238 28432 10904
5047 29444 14656
279 21749 8073
5936 29372 167
6681 26905 15632
1540 22588 13873
6993 28881 4521
987 25960 17433
9702 29795 17492
7190 27265 4461
7585 27804 13777
3397 24383 19950
44 23454 8641
8002 28384 16407
217 25170 6237
1861 23768 5454
9142 29945 17783
8253 29191 10481
7046 29227 7719
6429 26909 16212
3018 23182 14635
6804 28488 6849
483 22375 8032
4859 26363 4771
7265 28044 7364
4984 27039 12007
6930 28277 3460
9216 29487 3096
4863 29914 17421
5793 28145 10231
8366 28927 6665
6648 28168 19366
4619 24712 382
4970 28816 20606
1062 26747 4247
1964 29082 16279
5714 29392 3678
4406 27542 18793
6633 28774 6467
99 24754 7986
8334 28782 386
2287 29420 9734
9192 29635 9427
9136 29932 11149
2577 28379 11129
6909 27754 8386
7381 29593 18849
6516 26590 7424
2108 22959 764
3864 28001 23873
6542 29382 10277
7908 29980 879
4207 27784 20545
6870 29470 20115
2027 27756 12871
4783 26549 6241
1022 23454 17151
8674 29570 8969
178 24433 4006
2156 28634 10058
3237 26664 2004
7515 27862 12408
2475 26901 1650
9052 29913 3590
6835 29689 19004
2649 23024 12899
1876 22356 5883
3392 24645 879
173 21088 10828
2127 27427 385
4156 29539 20267
6042 27706 9781
6194 29697 18571
9355 29914 19934
3760 26355 12916
5093 26072 18343
1204 27137 24206
9997 29998 12710
3002 25181 4414
9937 29948 11168
3419 23520 1580
9023 29166 2463
6317 29552 3351
9501 29748 11453
3671 27836 6977
884 22613 11506
9882 29903 15709
1766 24260 10724
6442 29019 509
8146 29920 5040
1069 23487 11805
6399 28348 6179
6378 29700 1574
4337 27350 3289
2027 24580 14029
9269 29663 5820
284 24809 19813
2074 24757 11914
4703 28066 255
3293 26947 16487
498 28860 13037
1599 27470 22783
9327 29816 12716
760 23789 21912
4017 26457 16900
4415 28460 6764
8836 29522 1644
4539 27308 7549
2519 27876 5107
9197 29569 6888
4843 27877 2669
6321 29311 4585
8379 28801 10772
180 25750 1453
196 29989 516
1478 25224 14149
4149 28349 3676
4633 28940 2914
4892 29664 7900
2267 28785 18941
8688 28937 3558
2425 29071 24923
8096 29472 21140
4083 26872 774
8849 29722 5396
7616 29373 5266
2163 27089 5942
925 25913 7310
6678 28161 2365
1100 27881 10052
2255 26233 20353
5023 25799 18506
9021 29968 11775
1505 24393 7164
5258 28472 714
5935 29707 375
627 25342 974
1530 25963 23354
7832 29614 8490
3137 26437 5771
739 25727 21698
3888 26684 20482
429 27014 21950
5851 27752 3327
5998 26495 16010
502 23140 16203
2494 29726 20615
9224 29280 14018
8046 28188 20011
7868 29975 906
1869 28966 11655
70 28061 22641
188 23414 4656
5270 26827 870
2828 25942 16949
183 21683 10872
1330 29510 14576
3269 27180 5273
4886 25154 18936
3497 26131 17309
1050 23716 22227
98 22196 9880
2884 28469 8346
5677 29659 19599
9836 29909 16764
5152 28016 10358
8690 29264 15720
1782 24955 21254
6703 29966 4643
4289 29342 23104
933 27145 17622
608 20902 7335
6268 27479 18107
6344 29286 5023
790 21712 13206
2839 24997 5058
9023 29040 9078
2517 29022 20130
4305 28529 19331
2776 27802 24308
9093 29928 2599
3225 25738 12708
2964 23423 4812
1756 29339 26108
2791 27917 11125
1492 22339 2640
4496 26978 9234
7036 27153 7066
4243 24459 12004
2284 23695 3953
2219 29778 17551
3760 25201 5358
8853 29903 16512
4434 26427 5673
4077 27579 6868
9453 29560 12226
5665 25716 14851
3630 24394 9679
70 26748 420
9904 29917 5164
8539 28801 9153
2836 26640 5441
1287 29353 23715
17 27127 18837
7703 29770 17803
3783 27944 12317
8592 28787 6498
6570 27841 3097
3405 28649 6726
1975 23073 685
5793 27131 5056
5433 29512 17453
8124 28557 15477
309 29084 26955
4329 29094 15142
4078 28630 9516
1644 27989 275
3505 24293 12780
5343 25630 9377
7031 28871 9593
2439 29356 22847
7218 28767 16284
202 25684 12631
4920 29813 12340
8324 29353 15327
2718 24397 8209
3712 25544 4981
7137 27943 19953
1987 22089 16911
8033 29355 8806
8663 29573 9005
7140 28576 8608
7992 29523 17975
1122 28127 16804
3642 25465 15015
2664 23574 9104
2949 24672 1446
6565 29123 7614
3206 29590 6798
8715 29121 3273
3284 29828 6922
643 22947 3670
8025 29587 10803
959 25233 2097
419 29064 5809
9942 29992 10657
6218 27890 16210
109 29940 23065
8443 29197 7378
1879 26171 21080
5151 25241 10469
7081 27148 11065
4096 29691 3159
6933 27460 6830
5809 28105 8032
6883 29641 5154
5703 29039 11430
76 25727 2219
8575 29863 5487
3312 23639 16895
4811 28199 3023
2892 25731 5934
7257 29571 16713
8986 29152 5667
467 24053 5849
5255 25888 4141
7099 28179 18309
1548 27170 24770
121 21768 18275
9211 29356 1047
2755 23732 5418
1336 29519 11737
9580 29901 2116
7623 29096 1195
4006 28203 10906
4119 25877 7694
3760 27006 14313
6679 29849 1868
78 26393 5803
5510 27695 1337
5713 29995 6157
5531 28810 22130
5327 28265 13492
9946 29997 5713
9772 29779 6892
9605 29792 18244
6219 27994 18585
4343 27823 12617
1276 29090 4686
5297 29014 1526
1874 22862 5087
3602 23605 18644
6291 29462 14426
7126 29646 19322
6353 26973 16746
423 21409 16789
3217 26208 5321
536 26418 165
3423 27069 13236
9420 29822 11673
4179 29947 4291
5984 28952 14283
1112 28689 24728
5481 26826 2345
6275 28279 8366
9188 29833 3115
1638 26621 18317
6866 29015 19004
485 20755 2700
2659 25321 12644
5692 28888 5735
2057 22471 9749
4154 26735 9664
1774 26869 7509
4357 29101 18687
5121 28495 20473
5855 26704 8879
5405 26766 11392
9683 29994 4675
4511 24593 6468
1911 26311 650
2592 24507 2091
6691 28404 7264
6180 26238 3615
7345 28244 7073
2072 26775 13079
6715 29654 4139
43 20993 7044
8185 28648 8566
4433 26449 21798
2671 26570 2324
921 21335 18487
7777 28449 11366
4539 29393 410
2487 23587 14406
5689 27016 7408
6659 28258 12725
779 26985 25600
9882 29960 11144
7888 29145 4627
3961 24320 8909
6352 26972 7716
6520 26544 3747
6972 27967 676
5577 25933 12593
6397 29785 12015
647 24131 453
5688 27201 11761
7192 27990 11161
4792 25102 8056
786 24901 1803
9592 29974 1820
3408 27459 3847
1391 29030 26174
5857 28423 7354
6387 27492 684
9058 29910 15775
6532 27836 4031
1487 27283 15264
1674 25130 1067
8587 29897 8870
1973 22509 7714
4983 25064 11296
7485 29216 5328
861 29329 28411
1053 24928 1089
4992 28786 16811
4447 29794 7294
2829 27436 6050
4981 25305 5247
2973 23846 8099
550 27189 14633
4578 26070 7998
8767 29093 9802
6058 28631 1839
6336 28566 9240
368 25602 16571
6384 29274 8511
7969 29636 2103
2804 27781 3750
8648 29218 12882
1197 25567 16973
7153 29228 19942
5883 27222 9264
7518 27561 18942
1202 29890 25322
6582 29324 14358
5386 27111 2772
4941 25914 3894
2188 25770 21978
4994 28340 7943
882 27073 4664
2977 27468 15720
3644 29782 25898
1957 29580 23875
1125 22986 18483
9431 29665 17447
9605 29871 12399
314 21112 10045
1839 28635 15671
778 29625 1245
543 28309 16752
7292 28737 4681
936 24899 3019
889 23856 6157
5603 27593 9954
7358 29964 20440
8085 28422 16585
4879 25992 6366
381 25857 22042
2031 24046 18052
9775 29865 18449
7153 28860 7475
4375 27062 5448
9595 29655 1020
5649 28588 8033
7433 28737 1986
1942 29404 3109
2446 23267 2241
9115 29753 10504
7813 28303 18310
160 24901 5030
4140 25437 12849
3619 25106 11651
4787 25938 4445
9741 29917 15982
8637 29777 9737
426 28973 8139
315 21305 3613
8415 29318 5406
5939 27495 7627
333 22938 8917
2454 22695 9718
1664 23457 19423
3944 29201 17886
3182 26079 19111
4280 29112 17358
575 22379 21259
2879 29655 23780
8384 29330 8157
3685 29663 13580
38 21762 20356
5099 27618 19531
1616 26366 16241
418 22166 6263
8381 29029 7158
6743 28492 6219
7354 28070 2428
95 25068 4864
5257 28010 14794
4254 27308 8418
8365 29011 8991
312 29337 2780
4141 26648 1033
7252 27916 6811
1547 24302 5964
9265 29380 7708
6396 27486 1320
6763 27139 19797
542 24700 6822
3350 29896 23806
9069 29204 7619
5307 28491 14075
7998 29897 9777
3419 29210 17942
5909 28001 12506
8465 29339 18284
5258 27105 2997
1704 25565 5347
388 28895 1969
1084 21697 13711
931 28674 1088
232 27938 5858
5686 26257 9771
8724 28934 7862
5542 28891 3342
1302 29161 15871
1810 27984 4328
1434 25249 23267
4911 26496 21508
4273 27925 1273
5554 29635 45
7849 28063 8746
9240 29256 10964
5991 28244 6850
8005 28779 12169
6420 28763 10481
7198 29155 9757
2175 29827 12424
1612 26083 10807
5262 27055 14677
2689 25725 3857
2291 23843 13056
5342 25692 8937
9874 29920 9441
3638 26643 17853
7812 29732 10486
1714 22619 17529
4272 26166 7903
9681 29695 4245
7088 29055 10194
6074 29684 20773
6613 29668 2784
346 28672 5981
8776 28957 3669
4376 25437 10829
438 20782 19856
2501 23247 2040
3297 27428 1702
7340 28388 13299
8971 29594 11864
8203 28716 502
5075 26420 8929
4744 28701 21971
3842 27745 1482
43 22826 9361
8450 28859 2083
4897 27361 6551
7806 29687 9325
7431 27784 2504
4566 26936 15569
9640 29684 1352
8184 29457 9272
8923 29343 6223
293 21847 1076
3336 24099 4960
582 27920 10
3218 26816 17775
1260 22725 7683
3719 28995 6372
532 22358 16603
9229 29903 13234
1729 27636 242
713 20739 6728
5388 27487 7784
3050 29791 26144
5499 29873 19653
2068 26319 8949
6302 27203 3109
7515 28602 2449
9727 29871 1779
5230 25845 11833
4524 27473 11059
2058 22275 16398
3083 26091 9373
7385 29228 3208
4408 28306 8221
9169 29382 3343
5591 29602 15013
1385 21765 6823
8930 29404 11774
8649 28818 229
8708 29654 6371
1838 29558 12182
4990 25724 15972
2001 29258 14863
1457 29239 4181
1051 23816 402
6753 29734 20732
1355 23775 908
3961 25795 9507
9879 29902 4475
8205 28412 9231
3108 26666 8738
1013 21356 5445
1824 29731 19747
6631 29673 21315
1442 27381 12284
2625 28722 25288
1557 22742 19434
517 22015 2129
7843 29942 10038
5260 26081 3766
3212 29798 22630
7676 28280 4721
5100 28217 657
2655 24769 2576
1905 29643 4379
968 29659 22044
9486 29659 4452
3793 24732 6265
1164 27462 22817
2058 28227 1392
5480 27324 8367
6051 28005 2008
9459 29783 19042
9594 29719 18077
7146 29871 12227
7683 28743 17127
8172 29610 220
780 28017 1251
5451 26049 14559
1080 23516 2968
9927 29946 17120
5083 29134 316
1967 26845 23354
1011 22938 7094
12 20147 1546
7593 28262 2839
829 23740 6458
4792 26731 3796
5132 25435 1449
8923 29897 5382
8289 28345 15306
9833 29861 1554
3388 26816 636
5291 28724 4747
9948 29998 12980
405 23652 21847
1050 29138 26320
3816 27948 20752
4060 28786 9451
5046 28294 1545
6635 29169 1547
2202 23742 15949
268 23097 16353
7061 29167 2073
7580 29881 11244
8334 28758 955
4082 28197 6382
24 24686 20776
9860 29909 16885
9627 29930 10641
2157 26635 7823
2380 24677 3740
5651 28463 21741
5666 26503 19488
3228 27912 23572
2681 29328 12215
7195 29665 31
2016 25753 9371
183 20815 1178
5536 25930 9608
4524 25371 6125
2264 26043 14528
7611 28129 2213
3133 23511 106
2590 29587 16154
2195 24172 3552
7854 28170 16748
9797 29798 6890
9643 29771 2590
2531 24295 14934
8862 29335 7800
1932 23697 16560
8896 28899 8838
2663 24945 15599
8800 29023 1519
6971 27618 2880
9674 29796 10061
391 23632 18029
8597 29359 17864
702 21751 10286
8273 28767 20263
7285 29443 419
168 29738 847
2739 26566 4879
2377 23046 14473
411 22526 18776
6517 29558 472
4418 27813 21350
3046 23161 19529
9707 29957 11142
1555 24618 9005
1921 25881 8741
1659 29844 9573
195 27041 292
9075 29967 5153
9180 29932 5254
2908 29802 9484
7928 29414 18020
3957 29704 17955
7883 29480 17579
991 21964 13266
3963 28737 4266
795 24924 22690
7605 28998 10497
5748 25972 13287
6718 28129 2218
5815 28315 2173
7769 29763 15959
7378 29391 15562
9542 29995 19187
432 21709 1388
7887 29653 6745
5887 28149 2327
5797 27892 19123
6869 28978 1376
4488 28901 4212
9475 29820 19346
1390 26538 20862
211 22417 3283
5014 27673 4551
8090 28236 10663
3617 24472 3361
4107 27043 1827
9895 29944 17660
1639 28765 24794
6471 29187 17078
3836 29790 20990
4245 26177 11064
3408 24053 13819
6599 26621 11241
5072 26818 9279
5475 29103 8858
4783 26913 189
1922 29562 27235
2057 26048 4555
2187 26560 5060
9426 29910 13878
396 22975 5705
1730 25650 7964
1692 26400 11475
8069 28668 6316
852 28543 2922
3072 27143 10389
7786 28133 14753
886 23786 13124
2647 27813 3027
9626 29926 6925
8124 28669 15789
933 26333 4150
994 24696 14211
3562 25199 3070
991 21608 10536
2518 28261 3453
6590 28332 8608
2297 22892 3436
4114 26971 14602
2471 28580 13180
125 28275 2995
3160 24209 2596
5603 26445 18080
6641 29638 4717
5684 26249 12886
8321 29412 18376
1216 27824 26044
2737 27100 21326
9875 29926 17942
8205 29293 6338
3203 28944 5046
8101 29068 110
2206 26480 22424
2970 24076 12974
7304 28989 4019
7935 27945 3829
7741 28537 4977
6713 27747 18544
7254 28190 7042
2317 29301 26903
5798 29387 9300
8319 28533 5678
170 21156 9759
6909 29855 8903
229 22299 5198
7801 27823 4728
5416 29480 4856
2703 28080 20612
1762 29144 20972
1356 21754 10815
7256 28664 429
8532 29999 5593
758 21353 835
1967 24543 1918
2716 27236 1952
8245 28855 2246
8453 29199 11381
468 24049 14106
7312 27465 7959
8217 28533 13509
6432 29211 11318
6928 27541 19911
1182 26247 1935
2426 23704 9884
2117 22490 17373
1081 29785 22051
2311 22945 8731
9542 29712 5457
6213 27143 530
622 23621 6402
1312 22249 10512
5619 26766 13341
754 24247 22
5652 29230 7813
9886 29946 15174
3516 29621 732
2324 29855 699
6589 28281 2787
2571 29838 21828
4542 24614 7331
1021 29172 27898
2427 25272 22037
1325 23389 13317
8307 29604 8673
8967 29554 9456
5381 26522 4661
7396 29382 18855
4654 29722 22771
409 24050 5804
5134 25137 1949
2993 29896 25418
5665 28267 12608
896 27622 5737
1226 29848 21666
9976 29996 12620
5568 25876 12204
9172 29562 14705
5333 28657 9552
5710 26453 12007
2814 27724 5647
9057 29269 14019
8090 29795 7750
6168 28157 6539
4851 29012 7511
7174 27774 9826
3803 28252 5431
8771 28786 11997
216 29139 16157
4226 29361 7720
4204 25795 2333
545 21960 17859
7232 29985 5712
9690 29762 1286
8147 29432 15000
1470 28984 3793
6332 26513 6996
2717 25463 10919
6370 27135 8075
9570 29732 16981
5558 27310 20036
5315 25934 10111
3073 25099 1742
9921 29959 15112
6599 28622 11165
4487 25882 10303
1682 25245 1057
1451 26647 7513
5334 27137 3703
6112 27312 4160
6963 29679 5040
5371 26954 4056
125 22591 4714
6139 28657 7528
1463 27798 3828
1991 25115 1538
1757 26912 3586
286 25742 17100
3758 27654 1700
8670 29778 11743
4905 29658 2013
2700 29271 4944
2077 25900 21662
1900 23456 9595
7957 29214 8926
4197 28038 2857
5804 28647 1474
2400 27485 6193
3743 28706 2625
1427 23994 9846
2883 26332 1436
618 24581 4087
881 27562 24692
7287 27321 12643
2249 24409 4629
5613 27056 14098
8811 29470 3182
726 21161 18939
5234 27098 15048
7884 28943 11536
1233 22263 4713
4589 28329 16704
5639 28480 10375
1770 25524 20041
9793 29909 1946
414 23336 4529
2669 23564 16699
3192 24473 6169
142 29762 27450
679 27491 26210
1270 23031 5484
5996 27352 7960
9517 29679 13186
6358 28097 3024
7450 28281 5282
5463 29804 1939
9505 29935 10432
6557 28589 961
4490 26566 3201
9992 29997 6141
4066 29671 24231
1307 25541 16438
3842 26600 1897
9205 29439 833
9383 29595 18214
7891 28709 2231
8398 28616 3175
759 20972 3591
6641 28863 451
7545 28831 5557
3008 29212 5874
6568 29108 516
6418 28963 18732
3080 27975 17398
7699 27758 10861
2271 25371 790
1040 22171 13611
6083 28199 19779
2467 29288 19065
1479 26590 2717
6498 27765 9567
2192 27007 2569
3018 24750 7277
3527 26889 20550
7045 27853 11133
6486 29607 21414
7406 28391 12082
2973 27054 5417
5827 27520 647
2543 25246 2519
3357 25583 349
5911 29200 14130
795 20918 17601
1628 29365 17963
4443 27747 13965
5199 29708 197
7711 27931 10497
479 21666 5406
9187 29752 7318
1738 25456 3972
5769 28727 18176
6870 29840 1620
2326 26058 7442
7219 28216 6544
2050 27806 11183
9070 29603 1837
3340 25275 17198
941 29415 568
2868 26627 22110
918 21265 8665
203 27608 22627
1115 23611 15799
8390 28410 8887
3275 25632 21400
439 21896 9155
2603 26151 8512
9465 29812 6954
7597 28663 3549
6368 29309 11666
1270 22544 14687
4686 26978 10144
391 24325 19322
4837 27089 22106
6836 28285 20148
1116 27483 6076
2758 25037 799
2660 28411 16254
7397 29047 8413
1704 23761 7129
956 27405 1310
2898 29549 14664
2050 25926 3400
4160 29838 24886
9975 29990 5563
9017 29317 76
1601 22533 18991
5375 25548 14473
1702 28259 23932
1934 25011 20200
7997 28204 12802
6368 27811 3554
3789 27721 11143
9943 29988 9975
4863 26267 4328
800 24525 14072
8261 29722 6115
9071 29774 10026
734 26805 6730
4671 29209 5078
5227 26433 9769
9177 29182 10428
7263 27452 798
394 22569 6473
87 28040 4519
7054 27549 4501
7976 29073 3916
2307 24974 8198
3107 23180 2577
7693 28140 6821
2487 29193 2874
8520 29881 12604
1246 23286 8913
75 28411 15013
4281 26525 19157
2197 26490 6171
7439 28313 19226
4971 25226 10981
8131 29715 8283
4730 29914 3171
9593 29817 20099
7096 28689 5428
8132 28293 19477
2921 25460 9142
5207 25744 10921
6115 27735 5147
2900 23519 5063
4680 24765 4907
9392 29853 17072
4753 27377 4158
2442 25235 22116
1094 23628 5675
5633 28907 16500
2329 28132 5366
2602 23645 15663
2138 22967 13656
8057 29288 12701
1565 27848 23202
6432 28177 8908
6044 28848 5896
8335 29999 1538
2536 28763 10608
2356 22770 10412
685 22458 20157
9371 29661 5370
1960 28074 13584
6409 26709 5857
1187 25213 7071
2030 27753 15468
8512 29620 12581
5555 29475 6006
2134 25773 23607
2748 26525 12011
2130 23953 19874
1828 27289 6124
3634 25904 21783
2043 23113 19664
1171 28927 4446
5018 25392 13881
2535 27356 3329
2216 22562 15536
7608 29902 3804
123 28931 17315
8992 29153 5490
637 23609 6974
1675 26963 7520
5499 29346 17368
2695 27145 3062
4981 26124 8182
3081 23398 4114
8522 29051 735
4 27520 23479
5630 26596 13993
3357 28243 4361
23 22194 3303
6847 28651 4862
2901 25149 6988
8479 29358 12427
2611 28816 2798
5277 26440 8457
1660 29416 26676
3959 24471 3133
8950 29455 12538
5407 27208 7560
5704 29936 6795
1806 29840 6324
1068 27637 2655
9999 29999 13054
1565 21808 8604
3675 27032 2028
6908 29637 4116
298 26780 10762
1213 28007 10435
3987 26781 4849
9291 29585 7887
3280 29501 13156
5740 29189 14
99 24696 8048
5911 26155 18919
4183 25321 5557
4442 29170 10130
9067 29639 2912
1660 21725 14768
9443 29778 12073
9175 29992 3858
8580 28585 11186
1197 26731 23867
2574 28437 3387
1091 23622 2343
1734 26942 3152
6580 28786 3371
785 25913 3233
2160 24282 2695
5012 27119 20444
7774 29409 6479
4307 26067 17180
9637 29749 10787
7799 28923 9020
7077 27723 15466
6167 26421 14988
3395 29786 18669
220 26858 12417
3211 28661 3060
4790 28938 6596
8813 29263 6407
4039 26174 97
2366 24759 7514
4747 29307 1559
9803 29897 181
6005 26750 10442
1547 29583 590
5204 27011 9697
9645 29923 2408
4564 27494 21196
6344 27601 11353
2352 28230 700
1072 21808 7453
9885 29987 11995
7060 27204 9548
7006 27028 14059
3442 27670 7177
8296 29649 2546
7422 27755 16998
5979 27417 3266
985 27396 12064
8210 29112 6847
532 25469 15880
8982 29720 13595
1232 25252 4804
1568 28516 4633
9991 29994 1335
3605 24703 4122
5369 29359 6327
6309 28753 4322
1118 28468 5196
2854 26003 17239
430 21801 15562
5263 26915 16633
5620 28777 16353
386 28286 3208
9315 29441 10403
4283 28481 14944
4348 25451 17782
274 27790 11788
544 20689 15267
6091 28707 19675
3342 25215 27
6841 27529 14638
197 26454 26108
1014 23510 480
2148 23028 19344
7140 29891 2226
932 22017 7324
8498 28935 12901
9016 29948 8153
2269 26034 3095
3399 29070 39
1744 29608 11138
4817 25644 7885
6312 27570 3610
9883 29930 4907
7892 28203 3427
9402 29748 14184
8930 28982 10854
5143 29356 3647
950 29297 459
8204 29880 2794
5399 29276 15016
2637 24428 16763
3113 27697 11612
6217 27919 8407
5850 27854 1250
3557 25296 18777
4112 29141 7245
4428 29819 13638
7872 29241 17821
2423 29366 1579
7185 29304 460
1288 25146 20993
312 24811 22450
8771 29601 521
4075 29613 14089
2223 23622 17838
7869 29925 21723
1672 25891 6304
3757 25909 14995
4805 25630 10819
1688 21998 6644
3709 26115 9563
1926 21973 3792
7723 29391 6651
2525 25919 6352
9000 29937 6632
7785 27789 6290
7852 29528 2838
2592 26805 12551
9821 29906 6585
2481 27110 13274
7461 28268 19271
3877 29174 16309
5700 27275 3141
2516 23649 17299
9967 29988 13861
303 22428 8515
2154 29789 22769
7262 29696 2224
976 24647 14048
7822 27891 91
2897 23149 8415
8098 29060 1452
6330 27907 16626
1940 26392 10546
6561 27096 20385
1627 23899 3201
2684 24433 4952
8972 29048 13506
7301 27766 10535
3226 29394 6673
7711 29007 6325
7174 27479 5254
975 27180 5592
8395 29643 2003
388 21723 14239
9422 29732 12976
769 29630 11656
2300 25014 2251
4287 27207 3591
2625 26976 5264
9675 29976 18349
896 24063 4106
4331 28306 8403
9941 29995 3244
2211 26365 18462
5979 26508 5272
7131 29410 6706
1916 27827 12257
3475 25222 8887
2554 27099 4382
6162 28289 13047
4516 29838 2212
4593 26728 12216
3990 29007 3775
8834 29239 12992
550 24874 8414
2234 24812 713
3855 28498 12984
4824 26256 9207
9674 29907 974
9239 29558 8727
769 26447 6742
2434 29010 12867
4464 27339 10273
6496 29570 14478
9084 29212 2321
8709 28963 18401
6881 29156 467
1661 22981 8172
4679 25724 19617
8857 29265 15381
4129 26220 13266
6401 27839 12982
8860 29964 6664
1449 23833 19295
6167 29940 22671
539 26478 13855
8285 29943 169
3512 25581 8028
5515 25589 8421
80 27331 15300
6772 27195 10184
6833 29660 12988
6358 28774 20172
2392 27506 3614
6515 29316 18731
645 27819 12918
2192 27356 5653
1862 22195 340
4933 28708 2271
4939 27122 12764
1226 27870 2100
2617 24171 376
2133 28410 1975
5512 27886 19008
6877 27302 4052
2192 24508 622
4417 28790 2253
1760 22177 10084
2757 27038 14054
6581 29502 3490
2636 26374 21543
2213 23230 11304
3924 28014 23036
925 24280 21868
6369 29227 7783
3224 29184 25930
8507 29069 3084
4378 26245 9840
2190 27133 8738
6648 28553 7479
5312 29643 12405
1481 25010 22594
4213 29637 3835
5851 26444 5957
1164 28665 25421
4476 26728 5687
9011 29858 10602
9558 29773 10306
3253 27590 2400
5788 26798 10136
2219 24738 19796
1391 23898 9783
9684 29756 7800
8466 28752 8204
9367 29635 7723
7499 29082 14766
1914 29628 22884
6371 27562 18378
2783 25324 17963
4171 27045 7237
6394 28459 2495
206 26261 14336
2511 29942 18742
212 26052 4408
310 20899 5461
784 29681 1854
6809 27959 6790
2569 28452 16336
6820 29819 3421
2145 26890 10719
495 23572 5285
8853 28884 10554
9371 29992 6645
7544 29649 6147
919 23696 13366
9413 29512 9807
3927 29747 10956
2244 22518 16401
1502 23253 19496
2103 24591 250
2610 28106 3744
557 25297 12151
2406 22717 7811
8885 29488 5366
2720 29043 22843
458 22312 8264
1563 22140 20352
5869 26842 17612
918 23788 18109
8110 28799 16746
3459 26559 6125
3094 28806 12558
1665 22410 749
3209 29220 18281
750 21733 13006
7715 28483 1468
6801 29107 3259
5613 27806 21575
8731 29488 16235
8803 29153 9381
5010 28527 19785
2039 22426 9676
4725 26168 12854
9453 29528 16243
7065 27568 13616
1768 28589 23638
5898 27713 5181
8866 29014 4685
9065 29572 6081
7658 29118 8650
9658 29718 19504
4261 27036 18101
9842 29933 2656
3295 24269 9702
3838 27610 6569
3043 27203 7869
2841 25368 3055
5844 26271 5055
6597 26849 6720
5509 29138 5641
277 24504 18196
5722 29221 12698
2639 24177 18414
217 29683 18864
4952 27380 4593
7632 29527 11373
650 21959 6131
4361 28148 18943
6643 28831 4942
5900 29856 18936
3283 27558 7967
7338 27724 10626
322 24700 21510
6091 27892 5156
7484 27879 8794
5471 25907 8061
9804 29920 8109
2501 27528 9083
5633 27653 6252
7337 27364 11438
9279 29584 11607
730 28857 11062
6116 29511 7717
2090 26827 3399
4422 24912 4440
7994 28108 15421
200 26216 15248
253 24960 15926
1829 28451 20840
9691 29789 8135
7912 29520 7063
5792 26662 7295
8049 28259 8873
2969 29330 222
1154 23142 15296
6509 27721 7839
1532 28573 12499
6274 28450 15912
8346 28736 5615
7627 28214 16101
3217 29527 25301
2126 27206 14562
2483 28272 25082
6380 28608 7808
6611 26658 18238
1027 21854 20789
4443 24737 13428
7449 29377 9990
6076 28643 7207
9293 29527 3800
1326 28413 3220
7582 29580 2356
3521 26203 1260
5330 27590 17031
346 22879 9522
4568 25575 19599
2571 28525 6452
3255 27464 582
9263 29423 10603
4282 29024 1774
9143 29604 19631
2696 29592 17169
3558 26165 18163
7533 28447 19389
5859 27207 19248
763 24662 1204
5148 29267 6390
708 27867 1213
5562 28791 1426
3856 28984 4086
7884 28249 7385
4766 28177 6026
2319 28824 2172
8002 28463 9392
742 26348 10992
8169 29389 20724
8765 28880 4829
8262 29733 2721
3182 25053 15865
5164 29114 20246
5699 26967 11865
1632 25726 18389
5358 29448 5708
7341 27356 12898
7756 29422 10598
2209 23706 3275
5334 29146 8524
216 24899 20711
950 23510 9011
4787 25171 1200
6414 27894 20667
7308 28377 6346
6397 29771 18032
553 26840 3893
8134 29024 14143
1528 28873 22382
3735 29819 4134
6856 26944 1934
6532 27495 6204
492 28969 10921
18 26962 13745
5871 26103 1641
3303 26610 17331
9667 29983 11448
7191 28558 13206
4615 29745 10246
8952 29233 15879
7130 28243 15035
2895 27679 13884
9641 29856 9828
2271 24112 8729
2528 26290 2204
3225 28608 12661
7247 28050 1670
6142 28175 8059
7656 28410 14143
6650 29422 13401
6512 26835 12302
8794 29382 748
7756 29217 145
7355 28069 10532
5459 28521 19547
1524 22384 8464
7561 28324 949
8513 29094 7806
3452 23528 15386
2474 28831 16475
3136 28199 5105
1093 26576 5014
8945 29894 1130
4588 26966 2935
3500 25648 786
4051 24420 2666
5281 25786 7552
8270 29112 1210
2285 22837 19132
9809 29945 11344
8279 29911 10602
3739 28540 24451
714 20867 5811
471 21041 14179
2034 27526 6671
8961 29799 16051
3378 24393 561
9938 29983 1640
7134 29136 11783
3755 28756 20916
7112 28313 9271
6619 29136 518
6922 29175 8371
9675 29762 3647
3411 25664 6709
9102 29193 6879
6381 29602 16198
1710 27901 21656
7634 28471 11326
776 21420 10394
2697 27350 7815
4054 29393 20748
1345 23836 16450
3412 28862 2756
1653 26952 698
9317 29337 18171
2052 26998 8417
9 28466 9749
3719 24121 18505
8572 29586 17587
8039 28396 10581
7347 29450 343
968 29788 13986
5403 27783 16237
4173 27855 7547
2973 26243 4296
3758 29847 13303
382 20967 4474
7062 29503 7078
8895 29905 4705
8460 28600 8836
9323 29497 10570
1130 25573 15097
8918 29969 16692
627 29328 10005
3043 25388 4045
728 28070 1260
9110 29138 9958
4100 24165 791
9103 29163 1117
64 20367 10533
742 29889 19375
4883 28588 15717
270 21120 4253
3139 29915 4647
3486 26266 3513
5051 29378 7327
7228 27412 17353
4230 24663 8309
3419 29031 7833
2853 26720 15777
5106 29704 899
2495 23350 9406
4078 25486 7916
6336 27123 4381
8839 29274 763
5483 28684 3278
1297 22106 3972
1540 29219 11641
2195 25845 19042
8065 29448 2136
833 27975 8140
207 25105 8832
909 27734 14283
1824 22194 10152
507 22294 2063
1208 26458 2129
5462 25613 16085
8483 28632 1840
2522 25668 20613
678 24215 5492
3132 29605 10693
6063 29220 5285
8407 29339 12929
9010 29547 10279
169 22850 102
8044 29773 14196
7040 29681 9434
5436 27675 19451
8786 29386 2058
2092 25789 6359
6068 27030 13061
6691 29193 4230
4249 25312 10079
3770 28754 9912
4209 25657 20218
885 24990 2219
9177 29784 9805
9080 29416 10707
218 22366 87
1946 29729 9473
6582 29356 9814
1686 24175 5263
4683 25824 8337
2006 24833 2962
4405 27867 2197
6779 28222 11531
3158 29698 22168
150 25628 4973
5533 26816 17600
8693 29554 19318
8772 29420 7912
7513 29169 19873
301 29746 2481
6305 27060 4878
4125 25817 10572
2831 28548 14133
5873 29071 7263
6431 27092 9083
5855 28880 9606
5717 27626 14147
1388 21948 20227
9740 29997 15599
4598 29140 8584
6467 29600 16552
5431 29766 19540
7404 28972 17626
2417 23293 18901
8782 29134 3883
9991 29992 3130
8803 29619 8163
7839 29341 10273
9025 29057 4149
2833 29938 2737
6386 27721 10734
1326 27345 18717
8900 29961 5973
3018 26831 15353
6123 28373 10861
9939 29995 18948
6161 27006 9496
3356 29752 5863
1502 28132 5009
8322 28859 469
9966 29991 9237
1198 27512 22818
734 24732 8359
302 25755 9003
3491 23786 729
5881 28421 2170
6857 29867 10279
4584 28270 23462
2240 25493 8955
4817 25984 12231
7739 28735 5012
7722 29944 5021
4626 27618 9473
2205 22404 3956
5180 28400 6096
1427 25787 15642
526 24427 13069
1433 24862 533
9280 29336 5940
7049 29644 8267
8061 29635 9834
2178 22292 19364
9998 29999 11380
5734 27325 7155
2149 23959 2379
280 23140 15278
95 24961 5165
9406 29746 2950
3332 23406 2151
1525 24356 2614
1683 23801 3408
9023 29815 3024
2182 24986 9014
6491 26830 3780
8840 29019 13578
8885 29365 9277
5674 28001 5307
4193 26847 20026
2311 27184 5423
8904 29760 10053
2539 23843 4063
6481 28324 8284
5428 26345 5552
1799 25574 6230
2696 23646 1042
9083 29813 10997
9571 29708 4749
1293 26489 3647
4819 29591 13323
7061 27996 2388
8196 29061 11046
730 21458 17595
8449 29475 14799
702 29482 15638
889 25063 5715
3345 28008 7546
8812 28924 8652
4624 27182 21213
6541 27844 12080
4341 29468 21024
6806 27042 14443
4519 25302 8610
2737 27246 16463
6154 27743 9936
3108 28293 20476
7088 28243 6070
6709 28681 17637
986 22323 1208
4749 29302 22090
1729 28489 4596
5028 27704 2713
1214 25276 14976
2634 27005 12150
543 21221 5293
6841 28380 1331
5 21712 15133
175 21390 19409
5748 28069 20361
3378 25350 1070
2355 26406 735
4793 28364 1280
9134 29301 55
8466 29474 11572
8738 28769 15747
6349 26525 19946
1893 28293 24965
7801 27924 7837
9154 29191 9719
8363 29163 13153
4213 29279 7682
517 23402 11168
1116 25166 17893
6698 26775 13917
5751 28915 15977
4903 27462 16982
1426 24994 18929
4222 25033 8190
6758 28362 2949
5199 26290 19936
7264 29754 12793
1875 24663 1296
3666 26176 22444
1711 22401 19924
885 22551 10446
2586 24669 19433
7649 28212 9212
4844 27068 8756
6823 29289 10837
7911 28113 10929
9683 29960 10594
2756 24298 14072
2860 23810 11734
9088 29420 1446
759 21934 6839
8647 29613 19637
34 21253 1486
6884 28039 4596
5841 29007 11466
6856 29626 13381
1743 25897 11114
5099 26761 7123
1902 25176 5546
1537 26192 11788
4277 27439 1518
5209 29379 2836
8247 28487 14556
8299 29006 18337
3537 27029 5081
5754 29847 11054
1089 27214 5666
121 29831 2768
8410 29170 9834
3981 26000 13974
9167 29715 9494
7296 27319 6013
1555 27541 24192
7380 29316 7794
8707 28788 19601
5962 27075 6693
8527 29160 13017
4073 24399 3119
5427 26257 16054
479 28500 19449
6882 27361 12197
2345 23562 1363
8702 29854 12681
972 24163 16394
8141 29075 19605
2699 28925 6412
3506 24280 9997
7344 29934 6051
6653 28447 10981
974 25454 1929
9281 29532 5009
2437 27685 318
7835 29304 1843
3329 25697 1636
6325 28751 3413
2808 26462 23045
5212 27501 13812
366 29870 5670
2904 25358 1938
6040 27014 10206
843 21607 17738
3260 28721 18494
8554 28836 12695
7290 28100 6461
1725 27960 14004
3113 28413 3907
9849 29879 8161
3219 25376 465
2881 27140 20649
3919 24850 3067
1079 27207 16305
3031 26576 11046
5798 26113 17805
4768 28652 17600
8342 29618 10138
8446 28964 773
1778 25986 2737
323 29383 2552
3446 24604 14417
2962 24116 5872
790 22799 6750
7338 27545 1283
3329 24141 9622
9445 29600 4093
7773 29823 4532
1052 29190 22808
6450 27299 17021
5260 29438 24060
939 25928 2295
6986 27769 7704
19 26196 16783
6654 27609 6786
3690 25884 4521
6200 28056 3449
6165 29191 20033
3923 29604 11718
9889 29948 7726
2288 27032 1294
5501 28417 10039
4680 26983 6490
2608 24945 1313
9010 29187 4023
534 25845 5687
1637 26157 14240
115 28128 4232
2376 24400 8470
6792 29256 6715
2945 28126 4427
6459 27859 13390
6632 28590 7415
7701 28585 17631
3851 25855 382
814 21906 15733
2121 23266 2384
763 26051 6049
9750 29902 16925
9132 29300 4731
3155 25181 62
3182 26581 14147
6111 29601 8981
2372 26257 21823
7494 28343 1365
4603 26534 11600
7117 28264 4429
9860 29912 9510
3551 29336 16913
9382 29956 10817
4714 29984 9402
1192 29160 10326
4746 26657 19675
5643 28744 15300
1656 27803 11825
3101 23339 4234
2729 27435 17946
7596 27790 5604
1968 28009 11425
6114 26439 8992
2019 24130 10595
3228 29482 120
1728 22509 7210
3126 26325 216
4106 28160 8635
86 28310 2510
7822 28762 17475
8311 28347 11482
9943 29980 12443
9081 29189 10111
1731 29703 9438
1332 22577 3152
95 26121 4071
8494 29635 3424
6321 29488 4771
7899 28874 4639
2401 25349 3338
2974 23507 13054
3978 29785 1994
3119 24368 11081
1005 28538 65
1033 28384 18560
7483 28086 4323
9472 29964 7768
7162 28989 18023
5272 28799 4172
769 25846 123
3137 24660 6621
1876 26372 16709
4358 29582 14626
2524 29695 13210
242 25701 23539
7818 27885 11728
9409 29604 18562
8887 29113 10272
2539 26820 20193
2033 24813 7735
1901 29382 2136
6447 27742 225
454 26287 4159
4694 29225 4653
9686 29883 8499
308 23627 18718
4575 29649 23712
7776 29659 6379
1490 22795 18179
6079 29587 9254
1566 29981 7040
6534 27423 3680
3341 28996 209
6071 27834 3819
9148 29337 5717
1190 27816 24547
736 27565 6032
6931 29616 14962
4716 27397 22413
9213 29432 16401
2249 23060 15715
8316 29261 18845
71 28636 26075
5942 26908 4176
7581 29820 21185
1455 24037 513
8865 29236 10203
5712 29113 3043
4038 26096 19973
1337 25580 3085
937 22140 5397
8450 29031 17481
1410 24309 20890
9387 29687 9029
2344 24709 21008
7802 29973 8048
3772 24477 248
7274 29772 441
6875 28001 3596
1426 26630 8655
581 28999 26262
185 29843 16905
1750 24205 3804
755 25263 671
6833 28658 8357
1398 28850 17354
8582 28948 2201
4717 24739 8683
9743 29869 12331
92 21904 7613
5386 29388 21009
8305 28463 7368
5611 27337 4731
4112 28221 2408
7619 28983 12101
8357 29641 2004
2929 29829 5858
8908 29334 11361
7520 28789 17195
2266 24280 11567
5 20559 10985
8176 29085 4306
1175 29677 1594
2053 25228 21805
5467 26115 13621
6079 28503 3435
4965 29390 4802
9834 29922 4588
6960 28922 425
1791 26142 1030
1137 27305 10200
2978 25469 19611
6432 28313 6038
7760 28941 1179
5233 26041 10567
7745 28438 8261
164 25413 5194
2593 28439 2352
9111 29480 5699
2997 23122 16366
9263 29847 1445
1582 24845 17574
1424 26680 4216
8389 29923 10026
5843 26421 11224
1787 29316 13159
1197 22608 127
7898 29042 11143
5227 26615 18560
1527 21742 9730
5532 29847 11354
4135 28025 5978
2956 29004 10906
5678 28009 14465
8640 28937 2543
1229 25445 7339
9939 29987 2489
3269 25201 672
6832 28664 12620
4280 28187 12862
9007 29874 1688
5237 29598 23698
8874 29477 5491
3283 25910 20335
8102 29982 18542
7520 29699 12360
555 24622 5756
4687 28284 2768
4956 29957 2647
8031 28251 10631
1994 23612 8920
7332 29319 10884
2193 29071 3142
8679 29901 17087
8171 29785 1773
5869 27156 9563
7510 28099 3361
9017 29026 6921
1520 25659 10841
1056 22758 864
3599 27968 15108
5254 28478 218
7068 28800 4086
8853 29059 5288
5287 29137 4145
6634 27972 7579
5728 27929 3291
7717 28339 5935
2305 26230 7250
2918 25924 14206
5196 26720 3484
214 23310 20616
1757 28722 7735
6902 28758 1850
6095 29856 18769
1378 24472 6595
2735 24570 8428
2246 27718 2908
8069 28076 5319
853 26747 4666
7573 28382 13593
2951 23301 2667
8698 29676 19013
6730 28457 9792
6534 27647 17224
2899 26379 22876
4272 24408 453
786 28994 8469
5592 25988 832
6925 28848 6029
6504 26507 12195
8912 29764 4280
3646 26959 3319
8484 29671 3686
2775 29772 10174
9931 29963 4172
601 23890 4591
8186 28236 6930
6189 27124 9356
6730 29207 7050
5817 29714 6175
7682 27741 11637
307 26666 3438
6971 27306 15834
5315 29389 10672
8895 29274 8287
9971 29985 1185
7892 28483 4870
6648 27939 6361
5842 28101 3563
250 20985 12904
4838 25013 10381
4224 27824 22269
1928 26762 8274
4588 28668 5133
2619 28009 69
1861 22991 1535
8523 28846 6135
7566 29679 12241
282 28728 8532
4295 29263 16242
5431 26634 4123
8063 29611 15980
2192 29006 3919
5432 28099 7621
1804 28052 21711
4566 29346 15384
6498 27825 17818
7192 27917 10364
6617 29830 19868
1065 26773 15672
1064 25777 6221
4081 28438 2147
675 22811 19092
9131 29803 1417
6604 26902 16211
2703 25989 11711
3645 26789 14642
3297 24992 402
4469 26739 6785
5300 28538 21416
7546 29587 4487
904 26649 2989
3092 26958 6274
7409 28057 915
3987 24007 9739
2919 29357 18581
8640 28973 6300
8296 29429 10050
228 24550 11268
2656 25205 15547
7261 28766 7173
899 29620 5154
584 21514 20455
1256 29056 21095
3810 28384 2836
7346 28277 4875
9474 29653 10360
698 28601 5996
1183 23616 5169
6750 29884 20412
1313 24546 6801
6491 29022 20450
9073 29197 15980
8763 28952 7298
6529 29417 1939
6583 28966 7861
3076 26120 20259
4254 29309 633
2096 26105 7142
9343 29997 2442
5796 26546 256
3955 28898 21380
241 22712 8635
3538 29398 1857
6423 27153 11682
1344 24427 4168
1938 23108 9019
8519 29908 13987
7186 29843 13671
9636 29806 11328
2464 25769 2076
1390 21548 7921
6315 29610 13777
5401 26913 19299
1759 24821 7084
4220 29619 4447
9408 29477 2785
2427 26560 16084
9102 29329 17561
9243 29962 19174
3756 27355 1276
868 25497 3045
7673 27957 2750
1120 25405 1685
1479 24563 9865
2594 22788 10508
7667 28769 7049
7892 28699 805
6049 26056 11279
584 21090 232
888 28896 21992
1931 27062 212
2236 23318 6439
6284 26955 7759
1995 29757 737
9311 29815 5926
3715 26975 1021
7082 28637 11534
1451 26358 3632
7939 29500 856
9866 29868 647
5334 29898 23890
9099 29235 7833
4794 26421 10883
7787 28590 11640
4714 29315 16886
1830 22119 6670
2865 29122 20636
1259 23403 20034
4797 26962 9121
3046 23647 4831
2629 24140 4590
7067 28724 20969
143 28381 3036
180 27755 19010
7862 28224 14176
7194 29288 21850
4830 27608 8299
238 29523 13662
5744 26764 8771
3582 28331 8502
6658 29297 17055
5374 26747 8645
2057 25930 18343
8975 29254 10812
3551 26361 1474
6254 26639 11590
4634 29586 6057
749 28696 19368
8865 29439 20112
1103 21450 336
3910 24959 14430
144 23981 7417
5723 28279 7404
8837 28956 2887
5363 26864 19283
2292 29685 21287
9014 29920 8553
2967 29145 14173
5065 28673 5123
785 28821 18935
1871 22798 5728
5912 29313 11319
3695 26990 16807
5582 28809 22066
6391 28445 13819
5022 27229 15483
7347 27875 230
4053 25602 16335
907 24016 4524
5118 25929 8499
419 25049 6064
7250 28962 3274
2716 27873 2464
8493 29453 4418
5349 28453 21392
556 26214 22306
2311 27084 12096
6634 29527 14816
1721 25859 18709
650 23253 13123
5480 28301 11355
8705 29014 9616
9406 29957 15837
3244 29964 18095
5140 26987 20791
1840 25951 1770
8610 29198 19651
2694 27634 6648
1846 26286 9327
691 21448 5528
736 23418 19502
2345 22840 15389
3664 26353 11693
192 21552 12043
1670 29898 17952
222 23210 3835
5961 26717 3143
4676 27694 2937
7847 29661 3315
6109 28863 18851
1549 26834 13143
2732 24870 17208
1996 27956 24578
7 24193 10383
7073 29129 10100
6652 29412 17414
865 25631 21466
4663 26765 6668
250 29991 8676
9423 29880 4919
2783 25757 18841
5024 28716 2553
8204 28811 10028
6353 27173 9791
8483 29948 798
8760 29111 11701
9534 29667 10565
9868 29895 6838
2907 27965 5366
7169 28625 20635
5212 27578 11639
2888 26778 385
1737 24656 21447
139 25330 18198
6706 29960 13406
5372 29376 21729
2333 24858 3927
6134 29601 13079
9251 29565 11142
3573 25941 2328
9690 29911 4752
7182 29922 12371
8582 29027 13215
1887 23840 2205
4747 28034 7008
7235 27294 11755
9432 29704 4393
1721 23963 5874
7129 29913 8275
5655 27827 8810
183 24130 20703
8296 29685 9182
259 28893 5648
1008 24324 17975
6873 27650 20663
2841 22909 12258
9616 29761 9970
931 23408 14788
9791 29830 10066
807 26917 2780
3328 25245 17315
8978 29580 8946
24 27084 24711
672 22838 12851
5854 27069 11713
9466 29966 11452
4621 29564 14272
6958 29106 10404
3081 29627 18709
7561 28971 1869
1753 22253 12946
4598 25412 11015
1674 27023 4860
1673 28571 19041
5387 25856 1722
842 26957 1569
4695 27380 19006
1101 29631 21156
2857 25396 1641
1050 21618 1133
7350 27949 418
4060 28188 22417
9610 29882 68
4373 28571 7640
4037 24799 3512
6147 26241 19474
1759 23598 16767
8751 29650 5495
6996 27022 5538
1279 23321 17438
7852 29981 10400
7813 29170 4354
5818 28322 4023
2538 25375 18981
7359 29505 8510
8267 28605 6610
9865 29927 18464
2059 29667 8679
8134 29124 3736
4709 25755 826
6732 27210 19192
687 28730 17333
9821 29832 3033
2918 28555 3177
243 28912 1800
2263 29453 2751
2486 26979 14904
2715 27999 1611
4511 28972 1963
7145 27758 1352
6602 28800 9799
2056 28207 18866
5930 26853 20388
4726 25189 8729
9066 29486 9375
4139 24849 932
517 24232 22738
3347 27567 13450
6519 27873 2492
8901 29029 6141
1836 23948 18485
5630 28719 20131
8185 29169 8374
2224 24764 6905
9289 29916 12031
7846 28798 5856
9483 29792 11303
9104 29992 17126
9611 29719 3234
7329 28185 1344
4516 29596 23828
2642 26441 15949
3432 25337 3000
695 24540 11163
567 27154 12544
1013 26790 132
6038 26794 15291
508 27723 3533
2298 23757 995
9006 29460 16074
8167 28643 16258
5839 28117 6662
7454 29856 17022
8149 28517 10953
1696 23740 14114
9584 29882 16122
3477 28323 12943
1580 29045 8928
5832 29765 7584
6586 27132 17733
4910 25655 4206
8907 29007 9680
6868 28140 6671
4579 28229 8167
197 25007 18358
354 22383 1412
8310 28961 13119
3585 27988 2342
156 25290 10341
437 22115 6463
7566 28702 7051
6875 28050 12092
912 24297 20384
503 27175 7200
2136 28980 963
1361 29014 20240
4852 27319 13032
4454 27339 6699
2695 24055 16528
6249 26908 1847
1680 27101 14985
5755 26018 6735
1585 23929 4547
6150 29823 213
80 25043 5665
6599 28861 18321
1550 29226 27200
6257 26564 264
9025 29053 5240
2252 27094 3619
9274 29426 13595
4884 24995 13294
3253 23667 2982
2954 26789 12804
2048 28608 5702
5037 29626 1177
492 25904 10811
9688 29829 19911
5586 26747 6995
1127 24817 4990
2161 24750 4471
2557 29698 7810
8887 29559 9139
3876 29463 14516
4559 28892 8014
5448 29499 4113
9331 29623 10260
1303 28357 9294
7146 29676 21106
5179 25778 10522
5303 27540 5886
798 29942 13877
6662 28312 19648
9169 29296 2275
2730 29031 17812
8402 29291 15829
147 29766 26943
2695 27755 1822
2803 24993 7702
1344 27364 9967
8653 29353 7634
9136 29767 20397
4809 28310 13207
4023 24075 5186
4049 28692 18214
912 28948 18556
7658 29018 2696
1724 23289 9292
9455 29604 5640
5543 25981 15204
2351 24850 12167
4056 28476 18129
85 23802 5141
3141 23578 503
8052 28106 11097
1649 21658 16107
1663 22469 2250
2701 22815 11798
997 21970 1524
16 20760 10940
6309 26375 11071
724 23336 4501
7809 28019 8854
3173 26161 8599
3370 27529 14892
2696 24690 7066
2442 24421 8112
9548 29783 8648
7760 29718 7285
2807 23870 442
3465 24510 7098
5201 27094 7321
2223 29701 5953
1398 29658 16051
4472 25862 19359
4332 27816 20917
2108 24335 20501
8323 29838 9510
291 26345 16629
6379 29813 19673
9251 29325 3851
2161 22231 11489
2558 26678 12763
2129 23700 17703
2116 23452 19426
9025 29886 20377
9614 29891 269
4396 28095 9169
2634 25460 21610
2268 27779 4152
4711 25928 2009
2251 25591 10476
659 23191 2129
9491 29574 19263
3668 26687 3511
9017 29465 13779
435 27982 5495
622 29358 28448
4511 24820 15952
6675 29380 17410
3080 23298 7450
4943 29417 9818
254 21994 12509
8345 29609 4897
6643 28957 8028
7165 29129 1629
5 23396 10084
7322 27504 15521
5263 29556 1834
9850 29902 2129
7420 28901 4195
477 21360 11249
5620 28513 3204
7032 28537 3532
584 22648 18569
5946 27883 11176
2385 23388 10526
5361 26035 5837
5184 29711 18207
6647 29015 912
1815 26049 8287
9978 29998 4545
1767 28461 4362
4582 27993 7668
7837 29267 17612
7398 28000 13099
4501 27933 10229
3682 27851 23185
1755 26434 23041
7026 28088 2330
5958 26151 6220
4573 26650 16158
8331 29994 9880
3199 27289 8511
2097 29974 3235
9725 29993 17387
839 21426 11769
8282 28753 10192
1697 24510 4782
3658 24894 12687
5501 29201 15100
7877 29036 207
5437 29807 11325
870 23277 17937
9550 29808 5139
639 27833 5022
2162 23794 14326
5630 26031 1305
3622 29659 221
1411 23049 19127
7741 27928 3104
9626 29644 8505
5591 29540 1089
4938 26108 4693
8832 29972 963
2479 26442 17233
6553 28409 4104
1493 27876 26324
4940 25662 16075
5544 28469 7188
960 22670 10538
2957 24352 20415
3278 26192 4512
5513 29355 3432
6204 26258 4076
9741 29799 7815
8964 29970 6521
301 24313 14037
2442 27369 10923
8452 29046 8141
2184 26613 7952
1207 27240 17017
8060 29649 5459
3976 27681 23122
5617 26185 5746
6796 28243 495
851 22270 7491
5848 26315 16305
1264 29493 15
3461 24203 7556
3631 28918 19169
7144 29403 3364
6347 26586 2376
9642 29935 11058
5749 25967 14558
3391 23785 5401
2589 25977 4178
1153 26060 19997
1853 21937 6376
7721 28831 7227
5121 29275 14429
5145 28683 2432
9586 29687 6901
9482 29564 1160
5608 28144 1402
6568 27617 3058
5556 29504 17282
1833 27627 20516
1399 27636 16992
3492 26536 3148
3293 27647 18934
4267 29657 9175
9626 29878 7961
4898 25686 9489
9033 29137 8987
872 22825 8654
6923 28764 16231
1328 25958 8151
5091 26234 8783
7880 28423 17898
4477 27331 5163
1586 28273 2931
9800 29868 4079
8611 29897 4391
8761 29387 7215
9369 29705 5982
2754 28879 13531
595 23393 14263
1191 22881 1360
1500 23108 10654
3290 27173 1383
5552 28891 5917
4904 24917 3616
7895 28242 405
948 22126 9231
8537 29064 1681
8751 28869 2235
7717 28754 6538
5837 28038 3643
767 24167 2418
274 26164 12944
7897 29666 14970
6844 29420 5027
3958 28035 9409
1573 23801 1670
9498 29559 13274
2616 24159 2673
8074 29418 15248
2385 22893 11465
9511 29883 3016
6947 28443 4690
6042 27722 6593
7654 29032 2567
2144 26634 8122
191 21678 2405
3919 28823 5661
8735 29328 5181
7381 27641 11494
6990 28096 2261
905 29698 13882
1672 27474 24858
5629 26575 20276
9559 29915 5739
2025 25770 18041
6568 26614 12488
4363 28545 2542
200 28767 8141
8670 29054 7348
6213 27728 13434
8251 28927 13453
4061 25009 11785
8052 29731 13236
2626 25558 10731
8640 28641 13825
974 22002 2965
6949 27654 20209
2971 27835 3941
1640 22476 1989
3179 27909 16128
5996 28638 7350
8625 29455 3886
951 21496 16622
2736 25297 3791
2034 23437 8177
1819 24593 3725
8477 29728 20404
8890 29887 7591
7060 27599 2716
5514 27197 5396
8515 28870 15310
5229 26652 12786
995 21968 4082
8392 28583 20180
9564 29974 12738
8870 29552 5005
4755 24790 18876
3878 24933 2628
8863 29343 5517
9346 29883 17804
7184 29717 14268
4464 25616 15880
201 20819 6651
1949 24881 7730
3050 24973 4896
3284 25699 15035
5424 29183 4129
8162 28741 4829
2671 26080 15235
6789 27230 3010
8451 29107 11630
7411 28118 8761
9086 29434 9281
4785 25693 1582
1813 28766 7068
5298 25514 9213
1051 29356 25510
4161 25632 2755
1481 24368 21249
513 22511 3581
5316 25708 3374
4968 27523 1005
7680 28626 7269
5478 27560 7875
32 29640 2127
5060 27146 8409
5845 29960 4554
79 23879 3513
1042 26482 21852
5258 26651 2021
7533 29979 12653
4455 26958 13378
4889 28067 11096
1696 27751 17910
9976 29977 8761
304 26996 14947
3598 23657 13355
2563 24824 18033
1728 29710 1001
7297 29593 7383
2875 25114 14568
8496 29438 15192
7302 29626 3257
6989 29394 7393
5136 29817 872
1556 21697 7314
8365 29444 7704
1732 23002 7732
5152 26251 9060
1578 29015 5894
1881 25534 21649
1460 23270 17476
2970 25015 13607
8978 29963 9454
6519 29553 9893
2122 25646 5789
9275 29824 9807
8592 28893 10844
9573 29727 440
3559 29736 7269
8195 28648 7824
914 25297 18271
2600 26646 17244
6262 29971 22894
1502 27356 23111
2756 26663 21262
3524 25029 5741
8906 29445 3756
3474 26682 9032
4255 27967 6748
1131 22425 15538
4326 27203 8597
2140 26135 13252
4957 28579 9070
7720 28514 866
545 21999 3181
8653 29800 1988
3880 24607 4902
9866 29869 18197
3601 27604 2287
4581 29062 4602
2455 27490 7625
2385 27390 21639
2685 29603 12317
2700 25911 8383
4650 25041 5976
6332 28354 21515
5842 29821 5860
7181 29902 13629
8265 28770 17236
8513 29922 9506
4713 25247 9251
6298 28219 9938
6225 27531 3870
2369 24547 18969
4205 26075 2079
9789 29908 10027
1011 27675 1369
1537 25999 20002
1970 28215 5399
4805 26412 5364
3955 27754 19509
4576 29363 8974
2216 25889 12650
2174 23440 18363
7941 29545 15001
127 26634 25526
2710 27405 1103
5918 27389 4703
8471 29765 19627
4676 26988 6596
5872 27516 8038
757 26068 12867
1697 24860 9344
6697 26901 9214
6709 29089 11948
7766 29601 441
1878 25099 5227
9649 29801 2626
5381 25716 2838
1197 22797 10273
7517 29556 2458
5777 28448 11918
1666 29892 22980
7914 29433 2240
4623 25083 15256
6427 26740 2899
7308 29475 19785
1494 22089 10539
2641 27651 20117
5375 28558 15795
8422 28941 17203
1183 28505 15321
8607 29768 9913
102 29254 11043
1090 25983 8211
8654 29767 9345
4704 25215 13714
583 22588 805
8209 29912 831
7630 27673 10115
7027 27740 11104
2584 25222 9385
8682 29883 20381
8788 28880 4083
4752 26235 245
9835 29965 19838
6480 29072 1273
4319 28864 4499
9015 29216 801
8287 29677 11044
9462 29692 14159
3537 28501 18425
9125 29764 4033
3585 28476 533
5058 27286 11664
9707 29789 10700
2037 28431 15141
1263 26319 10294
173 27781 6240
6912 29266 20977
4605 29671 1418
2139 24224 8506
2906 27571 4789
2826 23695 4554
3845 26823 9666
4523 26293 12636
979 26049 11420
1827 22183 1685
270 26617 20918
5253 27801 5527
4109 24896 3947
1207 27343 6396
9787 29841 1759
1377 23152 1810
8786 29494 10044
2016 22214 7764
4210 26189 12698
2965 28995 3459
1205 29547 852
3762 27052 8965
1006 29461 22078
8727 29769 8798
4551 27828 8297
8402 28915 4252
4720 29440 19148
2142 22359 4462
9684 29710 9484
6352 26635 10302
7258 28506 16404
665 28367 6685
6275 27356 2425
2593 24141 8359
2910 28521 175
8191 29840 5146
264 29675 23309
4532 28886 3316
5975 26060 20046
1193 27273 21680
9766 29874 13960
2261 25644 1525
1869 29690 12071
6401 28976 6271
5958 27050 8892
6501 27407 4936
1517 23997 12802
8514 29001 227
6901 29260 2243
1383 25513 18754
2058 26141 11246
815 29989 1062
2245 26984 16804
566 22586 4522
1706 27788 23372
5730 28875 20053
3316 27073 12059
6792 28773 5320
4381 28836 16227
6402 29819 17059
2007 28691 15379
1338 25241 7384
284 29391 15508
1429 21761 4146
245 22621 6777
3034 25710 4275
4869 25635 15760
112 21728 13067
8313 29948 4549
1841 23679 8688
8405 29974 1368
1999 27283 6064
7234 28108 16060
920 29729 13229
5646 27912 2613
4094 28650 20971
4907 26606 8503
4319 28800 5019
2727 22785 2231
3287 28933 24206
90 27967 8352
183 26995 1133
3925 26925 6033
280 20333 13352
9886 29981 5585
9619 29683 11456
6188 26469 7302
3648 23826 18952
6082 29076 160
6108 29306 10318
5098 27767 1038
1624 27185 11348
245 28577 2759
6549 26581 12831
5948 28585 18414
6773 27732 5061
6823 29870 10595
2132 28895 191
4184 29460 1557
9242 29622 9292
7518 28985 10641
9577 29863 4181
4388 26064 6070
1147 29698 20185
3953 29736 2587
6259 26348 8127
977 28989 3828
1072 23126 10064
9406 29568 2400
5576 28002 7989
9162 29834 11440
7054 29539 19449
7893 27938 11448
3318 26945 2477
6995 29212 7488
4119 27715 2755
5630 29500 17972
5813 26113 13667
5279 27046 673
4255 26150 2523
2410 22559 16797
6151 29302 21047
5625 29741 17354
4259 28579 8326
3844 27220 808
143 24248 14935
903 28151 5028
8108 29330 9789
8452 28823 1338
2412 24681 21545
1633 22257 8532
1321 27116 442
7259 27899 18066
4199 25292 225
4346 25757 12519
3789 28734 2251
6497 27075 7211
5563 28251 3141
4709 29289 8527
985 28695 3292
1458 29055 5158
6225 27991 8755
149 20951 10437
5964 29851 23122
6467 29858 17775
77 25671 9822
1193 23134 20663
2461 26071 11975
9217 29832 4459
9661 29676 1003
1838 25460 7647
1656 22420 8291
6792 28735 1579
1406 24183 12522
4992 27632 9735
9775 29931 18366
4117 28573 2157
5862 27679 2057
5321 25356 1949
8058 29022 11258
9920 29948 7079
6038 29015 9256
4410 25236 13288
6691 28476 18372
9014 29418 2242
879 23137 1357
518 25252 3051
9538 29591 5804
6487 28088 9248
4217 28681 16437
6548 27007 10412
2008 22056 4162
9441 29449 11109
5839 26769 18381
1745 28616 24121
9912 29960 8238
9961 29978 2885
8078 29656 5004
6032 26355 6147
3911 25277 3613
561 25463 18787
563 21774 7962
7659 28009 17378
3240 26872 2494
3288 25884 790
497 22616 1550
1452 24301 7000
4616 26670 21700
401 20424 10420
7908 29078 6144
3633 25763 6157
9726 29880 20119
2121 23327 8797
5471 28210 4855
2413 28238 10480
1736 28014 8086
1465 29662 1407
7198 28052 3521
140 26958 15589
1787 27488 1298
2522 28980 5239
3531 24228 3884
3067 25999 14144
1636 26553 2835
619 22203 5341
3578 24448 8505
8843 29342 6380
8605 29884 10188
4143 28301 14577
572 21743 6518
8316 29643 12274
5574 28477 8770
8419 29207 14988
7168 29979 10132
9757 29881 9445
569 25965 5718
7190 29873 4374
8129 28651 13614
2324 27225 6800
3287 27614 12622
2129 26690 1946
2821 28025 24501
4506 25618 7143
3496 28234 8125
8553 29856 10918
6161 27204 3135
3243 24703 8956
1979 26075 16600
9462 29731 4431
5765 29549 3497
8174 29179 9066
7061 29213 19654
5485 26797 3156
5174 29598 14617
3926 29407 19608
1121 29435 880
5847 29333 22984
1429 29044 14160
5489 28727 22563
4038 27394 4926
7435 29664 11038
1685 28107 13149
4322 28080 21729
4933 29603 22937
7784 28676 1602
4884 29332 19987
3424 27252 10150
641 29532 3974
4284 24969 7054
2471 28798 8401
6772 28582 4744
