200
529
527
535
543
531
535
547
502
537
546
502
534
526
550
511
545
547
500
519
521
531
516
542
506
512
500
533
506
506
514
529
536
528
545
518
540
535
529
514
544
500
514
512
527
524
531
518
520
509
533
517
525
549
504
537
546
534
521
536
522
513
539
526
539
545
512
503
502
524
503
549
501
537
530
512
550
534
502
548
549
505
520
544
517
518
530
550
504
506
506
546
542
525
502
512
543
539
500
506
543
513
548
540
539
539
544
532
545
505
548
532
538
541
520
550
528
530
550
512
544
532
530
543
511
506
545
528
540
513
534
539
508
520
540
512
510
541
533
524
514
518
537
540
514
540
548
507
521
529
509
515
542
528
546
501
511
524
519
520
545
513
510
534
501
543
519
501
520
545
524
510
540
502
530
523
502
543
510
515
514
516
520
512
549
505
530
546
528
501
515
547
537
524
531
550
531
530
541
528
514
