5
100 1000 10
54 81 8538
55 3 5024
55 85 2640
53 44 2826
45 74 1217
55 83 5918
83 100 9598
88 45 1630
61 23 1741
74 95 6144
80 92 4956
25 100 552
2 39 5079
14 78 7345
93 93 4912
27 75 3584
54 22 6005
71 20 2610
73 85 9500
34 60 2760
99 94 9837
46 45 9499
95 75 1031
94 36 3288
84 23 8155
91 71 2941
96 1 5668
83 84 4883
97 8 5118
71 4 4655
68 70 4595
61 15 9420
40 35 9081
99 36 1700
69 68 3860
44 93 6935
45 93 3503
100 64 3995
44 84 8680
41 31 4569
9 57 5422
57 28 6816
24 31 6218
40 20 2792
96 66 7798
10 76 5959
48 99 3489
3 68 9461
29 17 2
40 82 4426
67 96 3588
83 58 8359
35 97 5657
30 34 4990
43 57 2150
38 62 6468
54 1 3384
63 61 286
35 41 375
77 60 7444
93 37 1448
18 55 7373
91 12 7597
36 58 5721
91 69 6727
34 36 5293
40 80 3218
36 50 2640
44 44 6876
24 6 267
94 43 6659
66 52 3936
84 69 3192
55 62 9940
54 99 1233
37 97 9095
31 94 6268
10 69 171
94 23 8874
48 80 475
92 20 2976
67 67 8892
92 73 8243
92 76 7166
95 74 6949
4 3 3646
76 29 3409
33 63 3708
20 85 1501
55 13 4178
82 3 2333
76 21 8763
16 83 1623
99 74 5918
52 27 7335
97 89 916
78 85 9777
88 6 5082
77 66 8108
48 19 5972
89 16 9232
42 60 8634
2 1 7375
91 87 2139
95 54 8354
17 98 7393
17 13 9020
22 17 4875
98 92 8828
27 13 7325
3 87 7538
100 85 83
84 74 6109
46 84 5843
2 6 8748
16 77 2890
7 86 3928
38 59 837
96 31 617
44 81 7080
18 54 9744
60 1 7999
82 36 6304
79 89 6268
40 95 7452
86 40 9059
90 70 3736
41 51 6796
97 43 4309
74 26 9640
81 74 1733
69 94 9694
75 8 3446
56 57 2320
66 30 1418
45 4 3443
56 5 783
36 47 1487
96 99 2198
9 26 7206
44 68 5958
49 6 4226
26 62 1473
8 55 2540
46 23 3575
28 50 1520
98 77 6562
13 24 3941
82 29 46
66 48 2558
96 35 7595
94 13 4994
29 26 9988
72 88 1963
27 10 9484
11 65 8123
41 49 5815
89 41 3647
96 58 6806
80 92 994
44 46 7216
42 59 3702
81 69 8784
99 59 2603
29 98 5702
79 25 6649
70 94 1716
78 33 4880
95 73 6005
39 4 7907
39 93 7771
65 13 5007
88 90 6667
92 48 5962
17 61 8893
80 82 6550
100 57 4746
21 90 8207
88 36 808
21 1 5326
43 100 5599
6 51 5618
1 93 5192
36 43 4176
73 10 4097
54 62 3965
32 37 9932
30 99 3357
1 77 1595
20 35 7349
55 71 474
27 3 2246
16 23 2686
86 63 8147
19 69 2850
71 33 1190
76 20 4169
60 43 9759
9 26 7100
74 93 5561
3 28 7481
54 4 4884
33 31 9701
72 81 9848
31 63 5070
24 99 7577
33 4 5774
49 77 5603
99 83 2820
90 87 1232
87 50 7314
42 47 3679
26 97 4819
57 34 1932
25 51 2367
5 67 7227
75 38 6459
96 3 2698
93 21 2683
40 39 518
57 100 5625
66 83 2309
67 85 3050
21 24 2968
66 30 5502
14 4 8027
88 89 9085
36 60 1724
58 2 8617
19 51 43
82 44 6385
17 85 1560
71 93 7250
67 56 1624
41 100 6128
76 20 5206
81 22 3038
3 41 7456
80 28 6411
77 54 6498
83 49 5249
7 12 1184
71 97 499
100 48 8101
9 63 3269
100 6 3222
53 79 5278
36 47 2091
96 67 4279
11 20 8362
36 66 7205
22 39 5610
20 70 2737
19 82 532
11 32 9678
75 93 3736
84 44 61
90 82 5855
9 91 1908
23 66 1481
10 47 9007
87 34 8393
53 60 3731
55 3 3524
83 88 5587
36 16 7109
70 88 4376
39 30 1245
88 60 622
75 86 3106
19 20 684
84 65 2292
59 80 1936
36 43 3166
22 7 8813
27 25 3629
29 60 2750
19 72 3834
17 90 7158
98 39 4009
12 48 2635
35 94 7074
62 34 3813
42 47 1006
4 98 4293
29 61 8658
83 90 7405
73 45 919
74 85 2968
43 63 6251
71 66 4650
72 23 5418
63 4 2853
66 39 4818
96 63 5792
6 30 6518
29 59 1314
36 27 7713
100 47 9991
44 32 7650
55 69 367
13 26 1857
71 13 7975
59 29 3865
23 4 8334
54 70 6360
56 34 7013
42 28 1874
87 29 2582
46 14 6227
41 32 1237
73 19 7805
58 39 4283
1 11 408
92 83 4598
40 79 3941
54 74 3094
51 83 6722
1 89 5406
63 20 2181
48 61 2700
12 76 8927
31 22 1044
84 38 7019
49 94 7363
79 13 7665
75 16 7913
71 78 8438
90 40 4229
44 41 147
26 60 9576
69 37 3369
28 22 8033
54 70 1615
61 7 5684
8 15 6336
10 85 1431
69 66 9917
84 77 7037
72 93 6625
20 71 1512
10 24 3306
15 59 1147
45 65 9696
34 2 3694
17 41 8324
8 79 5667
28 73 8308
75 45 5062
94 79 2342
81 15 4649
34 26 3811
80 28 8902
30 39 6231
88 56 4660
65 86 7719
64 64 8051
26 78 416
46 25 6220
10 11 7693
75 97 7889
43 84 3713
7 5 2712
80 68 4837
35 50 2215
90 11 7982
10 43 1082
34 64 5611
87 63 106
64 80 729
58 50 9833
59 27 2454
67 18 28
22 8 8267
43 89 4967
31 92 7032
11 3 3528
51 3 410
46 92 4232
37 21 5648
96 68 5589
82 91 1010
74 82 1284
26 25 8111
21 47 4436
85 40 3172
33 20 653
79 60 4588
34 39 5485
93 48 9561
55 19 3688
100 34 9762
46 2 7626
68 65 8258
30 17 8945
80 89 3308
15 10 1696
29 76 34
8 7 7409
43 8 6426
85 15 642
73 100 5197
72 39 9772
52 21 7902
63 21 3836
68 63 4606
1 84 728
29 44 5295
88 38 5870
79 16 898
17 57 303
74 18 3387
100 83 7653
19 97 5142
8 97 3592
74 9 348
68 85 418
34 9 610
81 94 2147
90 88 789
78 3 5132
98 28 4326
34 18 3517
23 96 2509
39 58 1079
60 56 8410
47 69 2446
34 26 2162
99 38 7648
67 36 123
65 62 943
65 46 9196
88 41 6206
43 82 7830
95 78 4249
51 50 212
62 50 9089
99 42 496
46 82 3325
10 1 3581
89 7 1718
34 33 2481
17 88 5461
73 68 140
86 19 8648
13 13 2309
45 46 9594
100 93 4424
58 36 1711
32 63 2241
64 59 328
90 1 5551
72 25 2217
36 2 9730
21 99 5179
95 48 2824
8 98 956
10 53 242
77 41 6923
49 15 3754
12 7 310
88 54 2029
40 39 6428
86 54 8930
94 1 5531
15 65 9874
20 38 7156
41 75 4261
82 84 5524
7 68 6265
15 42 646
89 5 1291
60 98 342
39 87 9806
63 83 4804
24 33 3141
29 27 9502
49 25 1777
66 87 7619
83 76 8676
80 67 1207
100 39 9838
1 54 3425
96 51 6406
71 84 1148
16 97 9975
70 65 1759
64 1 554
31 23 1535
59 58 4574
43 10 1234
51 24 2906
43 84 5636
45 22 9849
45 10 3119
85 75 2301
32 76 5142
22 15 5967
9 13 7056
77 41 9005
48 56 9182
81 64 6052
75 49 4274
30 27 7519
77 88 8241
80 71 8624
53 69 9271
77 32 9660
93 15 9273
6 55 5310
68 15 698
37 85 1521
53 70 3336
14 3 887
67 5 7840
39 71 4326
67 21 240
33 13 4847
4 14 442
62 42 9611
32 56 5221
31 27 9686
32 35 5728
3 99 6964
92 58 4940
74 34 2897
55 44 2223
64 47 172
64 85 1196
82 41 6844
38 20 639
5 49 1128
88 46 1673
25 100 2940
65 51 8928
37 75 3843
83 88 2847
68 63 5915
48 23 667
51 66 7331
84 73 1610
86 35 6652
92 67 2742
4 92 6015
60 6 9470
79 16 4860
64 47 9577
49 88 7788
6 68 6109
26 29 3301
91 56 3931
26 78 7876
61 95 1475
59 88 6575
100 77 688
70 91 111
2 65 1374
40 87 6569
92 69 20
18 76 2240
25 9 1738
81 28 2328
25 88 8646
91 33 6771
85 26 3886
40 85 4970
96 74 6944
40 29 7535
21 27 1874
35 39 2536
65 80 1033
59 53 7953
47 44 1682
20 90 4830
36 35 8766
90 36 3886
12 35 2136
42 78 8841
70 60 4767
1 57 7459
8 73 8364
11 16 2178
23 42 4401
84 49 9165
94 62 3374
94 51 8448
90 95 5964
43 65 1020
45 6 6300
53 50 5794
5 100 7429
51 74 7562
55 16 9919
38 35 3567
8 56 1048
10 76 6426
30 69 1366
37 5 1625
21 95 5600
60 63 5084
39 54 5123
67 66 3675
34 34 1678
85 49 3464
8 72 9970
68 3 278
45 47 2073
86 40 6893
68 69 1522
28 37 4878
46 45 7989
76 41 3081
16 52 4375
25 60 5441
52 90 6283
92 67 6319
43 39 9900
66 40 6095
73 48 5888
60 14 9922
97 28 55
68 17 6847
12 55 9241
92 7 5992
81 35 726
31 89 5937
30 97 1639
55 15 6457
28 42 74
45 17 611
92 8 1712
33 48 8336
96 75 7732
46 8 4907
99 80 5124
45 8 8526
10 86 5164
24 58 4327
80 15 4064
97 96 2815
56 45 378
89 24 5289
61 86 5822
53 48 456
9 87 1207
96 39 8909
58 77 1913
62 73 4080
18 77 7202
1 52 6098
56 73 6648
28 23 6613
79 44 7729
31 5 2241
77 93 3095
57 37 3932
7 53 8398
35 61 6268
31 32 9527
46 16 5164
44 42 2324
32 6 2898
52 33 1423
96 57 4085
59 73 5596
58 70 3038
94 79 823
100 30 3958
97 34 2561
34 56 3
62 65 8632
71 91 6482
47 39 8093
90 84 2071
93 39 4878
38 29 5662
71 49 1685
92 50 5055
20 35 122
83 56 5291
15 65 5045
29 38 1775
51 58 8589
100 39 1944
19 38 7034
92 87 6107
47 56 8455
17 7 726
23 63 8563
2 47 9342
86 99 1435
43 83 6848
82 37 4573
94 66 3025
92 60 5837
60 15 7779
7 87 9808
70 54 8315
81 95 611
38 23 2613
20 21 7507
68 51 1404
65 63 5321
21 99 8582
32 23 8023
66 60 9240
17 17 9176
42 31 9799
69 42 3563
49 77 3809
36 10 3692
91 75 9319
56 43 5467
82 39 7326
1 15 8749
68 64 831
38 79 4420
58 52 5984
62 66 1328
59 36 1558
97 6 642
29 89 7333
82 69 7719
18 98 1793
70 52 4846
40 61 5450
28 62 8665
40 27 5571
8 13 4724
91 17 5576
8 52 7441
34 13 9374
26 77 2850
50 8 4757
38 11 923
57 8 1837
74 13 8184
14 100 9625
25 55 702
50 41 2335
26 42 6866
100 55 9326
91 71 2800
26 97 9516
38 16 8904
51 35 7907
49 39 7697
48 43 1872
9 6 5440
50 94 8161
51 2 9449
9 60 9548
83 12 7274
49 51 2655
31 79 7774
89 97 4682
83 50 784
73 65 9239
39 42 3825
56 96 4571
9 87 2767
41 97 907
41 94 686
70 84 375
35 77 9391
99 72 4767
70 59 7717
22 86 6183
25 74 3818
6 38 6985
49 23 9654
49 51 18
97 95 7570
53 56 417
90 53 6021
48 53 3474
44 95 6578
54 56 8005
62 21 854
88 50 3374
76 44 7535
40 22 8177
72 65 6249
52 71 3145
35 68 3575
72 4 5068
70 29 691
97 11 4906
91 65 8542
39 15 8482
23 98 9173
68 100 2006
5 74 5942
85 81 9370
25 51 709
45 43 3123
5 100 621
57 24 3277
19 54 5085
35 44 9187
24 37 1037
99 98 7541
70 75 1153
32 32 4812
18 27 4454
97 74 1091
96 55 6025
6 99 978
72 45 3583
10 31 9755
52 55 9046
85 1 4797
59 42 2067
40 84 9825
94 33 4120
68 31 8557
9 76 9239
56 21 3624
46 4 9161
22 36 6538
23 51 2831
97 88 4117
50 20 8757
37 96 6522
7 2 158
98 89 5212
77 84 3985
88 54 9111
9 62 4491
75 74 8993
73 22 7292
76 49 5906
59 63 5565
56 3 2733
45 90 6578
28 67 6891
31 8 9975
90 19 5263
76 94 476
88 13 2356
46 54 2274
40 90 6394
9 91 9405
55 51 451
12 30 109
91 11 3333
43 70 3149
70 95 4263
27 2 8294
85 54 5955
51 91 5571
37 11 777
9 6 7405
7 30 4684
8 67 2608
55 38 5312
95 95 2075
61 25 9863
11 9 7966
63 39 8583
65 39 2029
93 67 957
10 10 8873
57 20 3461
27 93 2007
38 73 942
21 9 2782
13 55 857
81 37 7549
14 82 8286
36 48 7134
98 64 6033
17 38 3251
48 53 3338
59 99 6102
82 7 8082
67 6 2478
44 56 783
15 2 7854
53 95 8297
58 93 3042
54 45 2890
62 7 3701
93 62 2130
5 54 5201
50 42 4511
19 25 2820
50 42 4769
79 22 2804
50 86 6561
48 95 5190
95 14 8343
48 28 6770
56 100 5348
59 30 42
80 16 8314
61 78 6057
30 21 8103
17 27 840
25 56 6515
2 71 5970
74 90 6796
62 57 2045
76 9 5024
53 38 2437
26 58 9472
98 82 4460
70 44 7583
67 19 5815
36 35 5664
40 21 3381
2 46 4515
11 29 7817
61 83 2796
53 52 1059
56 42 9249
14 7 7686
30 85 138
53 40 4802
99 22 5492
68 78 9245
49 45 4080
32 29 2068
30 29 5803
50 73 3451
41 71 7336
62 79 2199
75 37 2228
17 19 3023
74 42 614
16 67 5986
8 20 6006
14 3 7104
36 31 1282
75 82 6745
71 61 361
89 86 8991
95 70 8322
51 81 3610
20 18 1248
16 35 3434
96 90 6523
22 60 7574
21 48 6532
13 60 1223
54 30 8791
5 79 4702
84 2 6435
99 76 1555
68 41 3974
25 7 2568
30 19 1394
64 61 9037
95 73 1227
26 89 6565
15 89 7320
66 19 763
34 64 5003
51 45 8375
33 26 3361
68 100 1720
61 23 201
70 10 2016
27 60 7805
15 51 3007
62 80 6523
96 78 5489
34 39 3078
23 86 789
10 7 3463
4 64 5692
28 92 5639
88 71 8839
3 11 9698
100 80 9211
16 63 9326
22 37 2121
28 62 1705
95 55 5339
40 100 1971
80 56 7746
39 22 2910
34 71 6150
98 71 8051
83 41 4487
36 69 5399
66 65 2643
24 85 5218
76 41 3619
30 2 5040
12 100 1410
22 46 3651
99 42 2240
61 51 6990
81 35 9093
61 22 3062
77 93 6729
99 93 1601
66 38 9252
12 22 5310
61 99 1008
84 53 380
65 36 1887
100 5 682
25 97 1900
56 18 1061
66 99 1535
72 59 1452
30 4 1154
17 98 1764
100 1000 10
49 69 2669
21 28 4991
11 61 1037
80 6 2652
57 27 4202
73 6 5712
44 24 3345
91 24 1468
70 91 5146
60 55 3053
18 51 9203
51 96 1000
3 73 2254
7 89 7305
72 8 565
27 74 5028
90 92 2964
7 2 6396
36 25 2119
88 19 4494
66 9 1858
93 70 3225
34 20 2668
74 31 4913
88 91 8377
78 97 5626
21 95 5544
64 21 6959
15 31 1578
75 39 5882
77 21 2498
42 29 5117
27 61 407
50 97 2178
60 64 9772
10 10 7755
35 70 2965
26 94 1040
30 38 1665
94 90 1567
35 50 7317
40 52 1886
35 3 4830
38 85 6534
4 26 2692
1 65 6948
96 98 4755
88 50 1912
63 51 1569
89 30 8651
31 95 1362
54 88 4988
74 2 8058
46 48 1265
25 25 2519
26 28 3236
88 4 2249
50 26 8063
20 90 3294
91 13 7897
63 20 5667
97 55 2253
41 22 5539
3 7 4570
71 28 6540
14 35 3560
10 45 5514
23 47 3972
10 56 9941
34 4 3004
72 63 8620
85 17 7462
82 56 2734
27 34 760
20 32 9843
72 10 731
56 71 8650
66 82 8483
88 90 5673
71 1 2186
40 38 4463
72 79 9136
8 47 4756
11 57 3479
63 62 2315
31 98 9580
12 60 35
99 3 7842
89 45 2315
75 20 379
51 91 9124
26 24 6791
15 30 9819
72 77 2393
33 86 493
87 38 5272
62 17 6560
54 76 3167
9 32 766
3 47 6801
42 37 8858
13 74 6301
57 95 167
95 42 2441
81 95 3186
82 80 2144
95 91 5397
28 35 5164
21 53 9335
12 80 7000
9 47 8867
9 78 4520
23 41 7393
6 87 5655
95 18 3205
62 20 1287
46 32 1764
67 77 3347
59 56 5334
75 16 2866
89 53 3160
29 70 8884
38 73 9498
91 14 3038
32 97 4907
57 4 1343
34 57 9070
90 94 5908
26 53 3205
44 65 3665
88 58 1491
34 43 4734
4 28 2643
91 84 1929
54 67 7768
18 70 2620
40 46 476
89 58 9434
11 55 6917
51 91 9065
81 74 3779
99 81 1698
2 46 3279
91 93 4783
5 12 6379
75 66 4588
48 8 3360
93 13 6423
77 42 7636
33 98 8287
47 26 2213
100 90 9547
95 73 5341
25 84 6893
93 29 6051
64 13 5950
84 79 9593
95 5 9742
79 24 4276
28 31 206
67 40 6943
8 79 76
89 76 6337
83 88 7172
19 53 5311
29 8 2219
36 30 5667
53 23 4631
13 78 8278
78 59 9851
13 33 243
85 42 8469
92 17 1781
63 88 5938
17 38 2457
35 29 8814
39 46 5775
11 86 2716
81 93 3292
42 73 9473
60 86 2267
10 64 9560
22 26 8325
5 28 1393
83 64 6628
34 96 9418
6 72 1168
66 37 7498
4 77 7837
81 62 9079
5 75 8155
49 83 8642
60 55 8018
39 35 6956
97 60 5779
96 68 9438
60 28 4222
86 39 8025
85 25 7149
56 53 2143
74 14 1917
78 75 8886
54 33 3698
91 74 9266
11 100 964
40 30 4168
67 80 8400
32 72 8051
43 6 8881
90 12 8706
46 53 2981
40 91 5425
90 79 4089
85 9 6358
65 100 204
19 61 4381
60 80 5176
41 51 1888
68 76 929
94 41 4228
89 2 8301
23 7 1866
42 70 3248
70 38 1151
68 36 5920
31 56 492
34 72 1888
28 59 2822
58 94 7934
71 51 7980
77 81 1773
52 11 6684
99 80 7835
53 91 5168
66 64 7058
64 56 9426
45 10 7752
91 17 2517
78 17 8560
28 24 636
65 18 5700
77 18 9611
58 92 6802
64 59 6927
46 67 2187
28 17 7601
49 28 3934
9 90 9491
92 51 8966
78 66 4723
23 24 6969
91 50 6447
89 25 1714
98 31 951
79 33 3026
48 58 596
82 99 6429
79 61 9225
20 3 6787
84 23 4101
53 86 2319
10 12 4125
18 8 8327
18 97 2130
90 87 4155
15 49 4606
5 18 4149
61 53 9032
25 47 8567
19 52 8455
74 8 3991
32 33 8584
48 28 3835
15 100 980
28 20 3933
21 38 3990
15 87 387
38 51 8353
28 59 6737
65 91 8891
73 68 4104
42 14 6152
11 86 9607
63 49 7901
69 63 8706
94 4 3119
17 53 1965
1 81 2319
47 92 7484
61 77 8224
18 91 4837
28 41 7767
21 47 7200
91 89 4611
89 65 9169
68 68 7641
64 33 7753
72 31 1858
38 75 8156
6 94 5510
22 64 6233
74 39 7520
90 86 2002
9 57 9973
84 38 9578
70 4 7000
12 99 5759
85 22 7377
54 31 3118
28 11 4127
74 44 9066
91 71 6714
19 9 9865
100 30 1186
58 63 5023
96 2 9439
49 59 532
82 83 7794
31 2 543
55 6 6590
59 67 4720
63 32 7724
15 31 382
53 46 9029
79 77 7121
91 69 391
99 67 9055
80 51 4758
30 35 1936
46 72 7747
92 95 264
31 57 8925
17 69 9894
23 85 3057
33 87 3181
94 89 1345
59 38 837
17 83 2116
85 79 9954
99 20 5274
16 24 1148
13 43 932
74 41 4495
78 58 6679
37 52 4693
85 76 6694
71 84 5984
9 36 2857
4 7 5457
93 27 5184
79 4 9460
94 49 8575
53 2 9261
100 40 8619
34 71 9641
78 44 971
29 61 4048
50 99 5890
63 46 216
6 37 608
90 25 1100
99 100 3603
62 34 6827
25 31 6498
6 30 6004
19 25 9800
30 52 4279
24 14 9147
29 27 717
25 79 5684
46 40 1839
40 5 1322
14 70 2396
4 92 934
71 53 3349
15 49 3864
26 79 7767
29 13 5768
67 76 7020
67 60 4620
95 14 1054
85 46 7945
81 68 938
86 30 6288
37 66 6325
49 82 7175
79 63 1374
60 48 8385
43 91 77
32 99 4091
43 66 688
58 76 3069
96 32 6455
22 9 3880
23 70 2149
48 33 3205
56 20 6827
44 70 4695
37 7 1389
100 46 8224
80 44 1526
13 95 8660
6 25 6591
44 87 6429
89 29 6718
57 96 4303
8 69 3584
98 27 6515
9 28 3754
33 87 4972
91 89 853
33 62 9195
46 13 5348
48 57 141
13 13 9775
27 1 896
65 47 9389
9 91 1758
9 5 8455
30 63 722
4 47 9015
98 3 6042
64 40 7404
37 94 9700
39 86 4605
11 24 5189
96 13 2089
80 61 3736
67 54 6130
14 28 93
13 19 1276
64 98 2559
6 25 8132
39 32 4704
93 75 5611
11 99 1484
4 44 705
20 6 8039
9 60 7703
8 20 2383
94 58 9818
36 45 3207
44 5 731
86 88 7352
31 11 5402
95 42 3806
37 60 7407
93 78 6446
94 42 8327
31 16 8267
27 16 1452
10 23 4922
60 86 9118
15 56 744
63 64 3074
38 92 9130
70 67 489
19 51 5918
70 28 1910
61 75 7519
53 1 7184
22 63 9212
9 27 1520
31 99 8022
11 90 8555
58 91 917
81 39 9548
9 21 3410
74 18 3267
59 35 598
86 100 1902
76 33 3825
83 8 4641
76 76 2940
29 54 3489
15 76 918
16 14 8598
2 68 7691
73 2 5191
1 23 8790
17 45 8038
40 76 4363
89 41 9992
32 56 4192
80 46 2593
68 45 8941
66 78 9159
9 27 4822
4 56 2567
38 61 7177
86 65 5359
44 14 1803
91 85 3020
83 48 9939
41 99 280
3 78 7860
73 93 7900
79 37 1791
11 48 8717
23 84 9784
81 37 2645
9 96 2868
100 36 6378
31 4 8752
74 75 7340
39 98 7265
64 63 7142
15 58 2869
85 57 5616
79 47 7011
92 89 8518
76 88 9848
32 92 4350
22 82 6618
90 55 9107
71 51 705
27 19 3070
29 91 8674
90 43 3985
24 48 4494
50 59 1073
76 18 9464
6 5 5813
77 69 2783
53 28 7694
75 84 2146
99 51 5393
69 85 2454
22 59 1067
93 44 8635
9 51 1509
33 100 5530
11 46 4662
18 29 1033
12 100 6386
22 13 7186
91 97 6964
71 38 9625
70 57 3388
72 24 1674
76 80 6560
76 58 153
5 40 536
32 10 2370
15 87 8978
93 5 405
24 35 4967
61 3 263
40 17 9238
36 68 2463
96 2 8420
94 17 1464
97 23 3570
10 21 1921
58 71 1753
64 11 3517
95 23 4734
95 5 3914
47 84 9720
82 13 4075
65 100 8189
54 93 8051
55 40 8847
91 91 8545
92 77 980
42 30 6223
57 2 4842
95 83 4974
47 41 1542
23 16 6280
1 21 6806
40 87 3221
82 80 61
55 17 7867
60 5 1707
35 16 9586
32 26 7637
14 36 3271
40 65 7757
53 77 6651
62 80 1623
86 18 4923
2 37 9670
40 58 2155
34 30 2151
68 66 5976
69 38 2956
37 84 2135
88 21 705
99 20 5338
84 99 953
82 59 49
85 62 7539
64 89 6454
67 20 5267
61 10 6952
35 32 16
51 98 6348
14 84 6343
33 59 906
40 17 877
53 7 115
64 25 8531
69 49 1962
56 26 9645
42 50 4458
63 61 4907
37 69 454
28 74 5915
31 51 4189
100 61 4334
11 9 8471
54 82 5056
3 77 2447
67 58 9644
70 5 6700
7 94 3802
26 95 6593
6 95 4239
85 55 4511
45 16 9136
4 71 6148
50 42 3603
68 76 343
43 90 6241
98 45 4063
94 94 9275
16 91 3081
88 20 8311
99 92 7177
30 100 303
63 53 3243
44 35 7459
83 98 7486
52 24 821
35 1 8378
72 76 5432
32 5 8119
23 45 1350
46 95 5565
13 99 7815
31 70 5779
35 37 9507
16 65 3447
20 16 6386
55 59 9156
47 95 4539
83 60 8227
12 69 1127
59 75 7408
12 17 7620
71 80 4072
1 39 4610
66 89 7816
19 43 4899
25 89 538
76 47 7835
61 31 7129
1 58 9792
32 78 4974
84 57 9499
73 47 7791
92 29 487
8 90 25
90 54 7957
51 48 4270
63 64 957
13 91 8728
74 61 726
35 97 8401
26 61 7993
30 33 1029
15 21 5227
84 70 1206
18 47 5734
64 18 164
2 94 3050
58 19 5473
66 52 345
89 19 4661
48 42 9401
78 27 6729
12 77 3372
45 48 1155
73 31 8493
29 66 8149
48 42 9750
50 17 4185
29 11 5523
89 79 7507
22 22 4155
34 76 1346
69 55 7017
46 26 5702
24 77 8788
62 93 8457
58 16 6109
24 21 9974
20 51 9261
49 91 7974
85 63 4397
37 58 9625
67 84 1570
86 10 5275
49 16 7836
20 28 4353
19 9 6304
47 37 8600
54 77 1018
78 86 7056
73 53 3739
100 36 3225
62 15 4443
57 5 3265
95 64 5433
54 53 7044
37 64 6250
12 56 2572
26 59 968
14 24 5379
64 97 6269
51 17 8983
70 81 38
96 32 8206
24 58 5697
13 45 2326
45 58 5804
93 3 3042
95 31 1127
20 76 1355
82 15 630
59 70 6422
85 75 518
97 18 1856
11 20 174
33 47 3263
70 42 5228
78 94 5105
65 34 8410
70 72 8591
64 16 4734
77 83 7591
38 26 117
19 72 9029
38 34 9048
5 41 3147
58 25 5290
39 23 1820
15 30 7792
3 60 1021
10 95 7192
15 31 3221
9 39 9277
38 47 5042
33 60 137
77 14 381
90 4 274
36 44 5847
79 42 5107
69 96 9514
79 53 1486
77 85 1953
70 7 2345
82 86 6267
91 50 1414
60 24 5540
31 56 3626
76 5 7870
77 64 3680
91 69 7650
68 2 6590
13 96 4865
71 80 8920
13 52 7104
90 96 6734
15 17 7534
62 18 7995
2 98 893
63 25 2387
56 61 7262
60 1 7045
53 93 7625
50 52 115
35 7 3229
15 38 244
3 52 3008
47 47 9551
3 59 5065
28 19 1468
34 52 274
67 48 9439
58 66 6247
84 5 6701
46 93 6156
57 13 4983
55 39 8695
93 83 6678
69 65 1447
92 28 35
96 20 1767
75 61 5481
66 7 3248
75 87 2676
72 42 5802
10 9 3654
80 9 3618
25 54 8779
81 11 7964
46 24 2081
94 62 3851
14 72 7171
60 48 412
9 27 9617
91 5 5359
83 61 8182
68 43 1002
42 74 9656
98 100 45
62 45 9968
87 29 6173
40 17 2158
64 58 9614
27 93 4646
41 38 5615
26 96 240
32 73 9488
81 86 4594
34 68 443
44 43 1468
35 68 5641
36 62 5318
24 72 6968
40 88 2459
86 3 4696
33 43 8534
67 72 7491
39 36 1767
53 93 6167
3 65 9200
56 15 9317
86 79 243
42 62 6424
6 90 6605
93 36 4439
68 98 3787
71 52 6753
95 57 7165
81 46 6155
51 92 8122
8 26 9623
98 76 9653
94 13 1218
4 33 6998
69 57 3396
13 6 523
9 57 4009
19 50 9121
10 17 7635
38 35 267
28 17 1419
38 86 4880
62 38 1130
59 9 130
21 4 8880
91 62 2634
52 25 7574
2 29 4893
58 98 7415
33 100 9995
39 91 773
42 21 1060
61 68 6750
88 38 5774
9 36 3881
22 15 5425
55 3 5140
90 44 8171
54 45 7293
81 35 4087
72 71 5228
13 99 4334
91 10 9320
30 68 4424
23 24 8548
35 52 8949
67 48 317
83 77 8998
95 85 1484
29 68 9708
38 98 2119
74 88 2547
36 7 9432
30 24 9833
39 89 4042
28 85 402
27 58 6764
48 67 8697
86 32 9974
12 63 4178
3 57 1104
15 87 4657
74 83 9158
70 15 1323
68 86 5663
24 22 1900
14 89 5298
62 41 5793
21 46 754
4 75 6823
82 100 4373
24 2 1249
87 59 9022
59 42 3496
23 66 9662
58 60 4003
44 40 4763
12 26 7002
96 30 1904
55 12 7722
47 4 9612
44 12 8637
10 49 6098
63 44 6699
24 16 9189
40 30 2671
42 23 9738
34 86 2868
38 71 4602
77 35 1850
40 20 1332
16 5 911
96 48 2553
31 99 744
38 28 849
74 47 7706
66 46 8397
85 29 9209
30 62 2999
21 18 4990
9 46 3206
8 38 3368
75 79 441
77 4 3064
80 46 7501
52 97 7627
36 62 7428
16 85 8813
91 77 3939
72 44 7635
27 23 278
54 91 8014
86 49 2993
77 29 6061
6 64 3591
92 45 53
59 42 659
96 92 8264
35 19 6585
17 78 9190
86 37 7802
79 42 5362
27 42 989
43 37 158
3 56 3515
98 66 5872
57 73 8448
90 65 887
94 95 4414
54 83 3857
88 75 2510
97 40 137
26 94 4097
54 23 9252
34 19 7400
58 54 824
78 22 4089
16 92 4233
26 18 422
67 44 801
2 50 8342
7 4 7937
66 89 3655
44 47 374
83 2 5808
38 37 8970
66 20 203
21 1 129
41 80 6791
79 66 6236
59 80 5513
35 92 181
13 76 7273
99 41 9220
85 8 4653
54 95 5830
71 21 5168
10 35 2695
36 46 7673
92 68 3127
93 92 9257
85 8 1370
97 92 1402
51 6 1139
77 65 188
82 44 756
20 49 117
24 65 1998
67 57 1895
70 4 1805
94 27 1106
100 1000 10
68 36 6984
17 11 1437
72 21 1026
83 61 1787
60 98 8392
88 82 2529
60 75 7149
45 6 2307
96 11 2658
7 65 3664
27 28 6803
68 19 3321
65 80 9038
85 51 1477
14 7 5906
33 99 4543
72 98 6626
81 41 2804
36 63 1245
91 5 2886
52 39 3600
55 52 1813
62 36 3451
30 92 2429
85 49 1838
9 37 8180
48 20 7146
28 14 9484
53 80 8957
21 15 8781
56 33 7910
88 98 4195
89 55 8491
55 45 7364
67 49 1845
37 16 3227
14 74 1704
11 80 8633
89 40 3459
73 95 4497
58 21 3736
4 74 5906
64 31 9954
42 61 3833
33 91 8717
84 85 2830
47 71 7872
81 72 6114
83 39 3978
57 17 4192
21 70 3713
88 62 3231
54 48 4054
12 75 8966
3 9 4868
14 22 1871
92 25 6828
23 28 9378
37 33 643
15 13 5921
70 76 1452
78 67 1459
15 39 5068
44 34 4469
94 15 8963
14 10 7652
14 46 1130
85 91 4030
100 15 1389
86 22 6782
33 15 8982
54 58 9595
69 5 1205
31 76 1520
72 6 9314
62 43 4315
66 49 7906
9 69 1488
33 34 3634
95 25 5359
68 98 9112
31 10 3231
70 18 563
4 72 5627
31 68 5487
13 71 949
22 45 8020
74 9 3874
21 78 1852
68 83 1408
39 92 804
14 41 9395
8 21 9417
46 92 5965
54 55 9194
9 22 3606
66 45 858
29 11 7736
10 3 6560
17 53 2237
86 1 8459
57 74 2695
7 82 2946
76 13 6533
61 10 7177
53 37 6794
5 84 4266
66 11 6509
65 70 2472
81 64 2106
14 2 6154
42 90 6661
73 16 7109
56 94 9658
37 4 498
50 47 1651
60 51 3664
5 100 5382
89 21 6166
22 1 7867
64 16 273
35 22 6672
25 77 3893
30 73 9234
10 75 3443
16 77 2956
95 61 7237
87 2 7648
64 62 5160
40 5 7433
16 18 7142
61 69 6113
88 73 4376
83 68 5897
66 19 6098
66 77 3923
49 8 8295
28 69 3844
51 49 2753
73 62 7841
91 63 2397
92 67 4955
71 14 3964
59 58 8127
46 41 5883
100 50 9821
27 67 3980
17 73 8864
72 78 9822
98 50 6976
40 26 582
26 4 5583
49 81 2315
81 24 6372
85 29 668
74 24 1919
52 51 7623
57 70 5643
10 72 9151
70 52 8496
99 98 9399
41 98 2531
46 36 2412
47 51 5889
28 70 4249
50 15 4317
45 93 7553
7 8 8297
40 80 4014
45 73 7904
16 25 7279
20 17 7926
49 51 7295
38 91 2129
75 8 4907
10 56 6009
90 88 4579
58 95 353
29 69 3777
65 2 8346
66 4 5087
51 23 4665
14 60 1055
7 51 1104
19 95 5757
71 57 5504
61 46 673
48 58 6441
13 64 4481
90 41 8219
23 90 3627
73 16 1907
6 97 8785
15 43 4480
4 93 7217
32 20 6998
42 45 1507
57 10 3302
16 94 5562
36 26 3995
33 87 7618
26 100 9376
17 6 2042
43 45 6365
13 95 2394
11 69 8618
21 3 2266
67 20 8127
28 47 6341
84 10 2592
92 52 465
75 29 7240
90 18 5192
53 7 4760
30 26 5372
52 92 581
72 12 9959
27 7 7988
82 16 9676
23 22 7361
80 48 2528
79 35 6312
36 93 8382
46 25 693
42 35 4974
82 28 9929
57 19 8132
83 70 7240
9 50 5788
53 40 3452
41 11 6682
41 34 8159
72 60 8354
37 70 5190
83 2 8330
76 80 6407
35 79 1883
73 35 9908
68 92 3036
70 68 8559
88 1 8203
70 29 149
82 67 827
72 42 4164
78 53 4845
95 37 1091
59 10 7432
83 78 6000
1 83 1146
68 2 36
96 100 4931
92 79 4359
45 22 8736
27 17 227
85 33 8409
96 3 913
92 37 9432
15 76 505
72 11 4036
73 38 1407
76 97 7288
34 49 2421
41 96 266
62 87 503
96 99 9665
34 41 4597
44 96 2326
64 62 9506
42 11 289
46 62 222
52 6 1750
29 16 9876
76 66 6815
51 21 4187
95 16 8973
17 23 9237
62 52 6325
26 88 5312
82 78 7391
67 78 2839
1 41 9672
8 17 1442
66 25 2174
89 65 9916
98 46 6751
80 61 5991
61 94 4673
41 56 9237
45 87 7656
26 39 1034
16 60 8785
7 13 5684
99 19 7437
48 72 4264
90 99 2774
11 80 6057
19 22 8814
96 61 2750
89 17 2581
94 38 2416
17 29 792
24 56 4133
94 36 6905
45 36 6393
72 92 4394
68 67 9514
46 41 7176
87 4 9299
61 68 4725
99 37 9158
64 89 5611
29 53 9501
78 6 4466
28 17 1951
92 12 4548
70 42 6752
83 81 4201
29 8 3333
67 64 8393
27 3 1020
7 37 4744
83 63 6870
50 1 393
33 9 1822
100 16 1152
56 100 7594
32 61 1386
45 93 3928
27 87 6781
73 93 1108
38 19 4015
16 91 3025
20 87 3053
38 25 2153
25 74 6122
98 70 1629
76 14 100
66 36 7950
23 29 1642
54 84 9943
10 81 6881
74 60 2762
90 81 5465
55 91 934
20 34 4457
61 58 4175
79 80 1020
28 31 9234
60 91 6957
30 15 1962
20 92 6355
28 53 1747
75 67 3168
46 97 8969
51 19 8189
10 50 5175
75 52 8519
21 60 3665
98 2 6128
51 9 4873
53 64 893
53 89 3290
18 54 1099
69 9 2805
42 82 6495
93 14 4518
52 81 715
81 22 6378
70 52 4744
24 86 6641
52 49 6707
29 3 7754
93 91 7360
26 87 8130
86 48 4739
73 64 5544
62 94 4878
30 42 9235
38 87 2605
50 21 7684
3 85 1255
85 60 5140
20 41 7700
15 93 2454
50 25 8777
20 55 443
44 37 6810
15 28 4693
48 95 342
32 61 2821
87 62 21
4 39 2880
5 49 3664
59 70 6353
6 20 4384
98 39 2908
37 43 9017
69 30 9453
19 53 400
65 55 8734
57 87 6030
63 54 5773
33 64 6193
94 47 8035
57 10 6885
24 83 8230
32 25 1077
84 35 4006
32 81 6484
28 54 4046
24 32 4896
53 33 3557
7 86 2357
12 47 9362
69 81 5710
66 29 6241
84 5 2110
65 52 1367
14 12 658
37 72 2883
73 50 8116
86 52 4874
10 53 2530
29 10 3970
26 1 2072
12 30 7211
30 73 8438
82 92 8375
66 77 8057
98 56 122
100 45 3292
24 44 7860
66 11 240
51 17 9164
41 100 6357
52 5 474
13 40 936
57 66 3483
26 6 137
14 39 9924
21 53 9226
43 43 9937
76 24 1562
57 42 5253
16 7 4051
77 77 5329
57 42 2612
31 17 1905
86 21 9399
37 52 5432
83 17 9170
40 47 727
29 56 148
73 45 2953
59 2 3524
100 19 386
19 2 5317
84 11 6604
88 34 1010
80 19 8182
76 14 189
41 59 3724
55 28 6498
20 84 6616
83 76 2150
68 77 25
96 63 8349
25 74 5193
92 83 2124
8 5 7080
66 4 3532
10 63 9302
84 36 7363
64 32 8816
55 3 7459
3 47 6998
6 92 8048
24 33 8369
100 3 7019
64 56 9089
53 55 8349
72 18 8039
72 15 6538
2 43 2186
41 59 8045
20 63 4342
88 49 2758
25 35 6212
32 19 4377
56 36 9637
89 24 5710
92 32 3833
9 28 5346
29 68 1665
12 55 7877
36 75 8248
51 11 155
7 10 2798
67 77 4489
70 15 8230
30 40 2327
38 37 1715
68 34 2776
39 59 402
32 24 7790
26 12 3867
30 17 1155
1 78 9719
11 41 6504
48 64 2272
76 97 9301
99 41 8414
61 30 2251
80 69 9456
3 55 4729
23 21 7748
3 26 9748
97 79 7175
82 73 6547
40 30 574
64 72 3269
91 24 8840
32 81 16
27 10 704
82 61 2820
68 88 7640
41 29 6154
25 44 7070
50 95 8135
48 37 5252
13 30 9928
95 18 4203
34 88 7246
27 15 4817
10 15 3480
61 30 2027
33 73 7503
90 97 1815
17 30 7649
30 21 5560
83 18 4712
59 65 2123
46 43 3845
40 80 725
29 80 6680
55 81 7195
59 97 2223
72 19 7981
86 50 7918
10 90 36
47 53 6918
45 60 7283
98 27 5211
39 100 649
27 47 1039
53 87 2827
16 64 530
33 40 942
34 20 8194
3 35 2712
22 53 7524
46 37 1495
17 41 3177
49 23 2352
59 79 5703
79 56 5578
93 97 7784
52 66 869
61 23 4678
44 17 9396
100 80 6388
28 73 2938
36 77 7583
92 24 3888
84 68 8766
68 99 1745
45 27 2111
78 84 9236
32 45 6395
64 72 3055
35 3 1759
94 89 6819
39 7 8410
82 51 5208
29 18 1019
43 17 4888
6 86 3315
54 88 44
49 43 4569
72 94 2771
5 87 5794
50 22 4193
8 62 1243
87 75 8561
34 33 1547
55 82 3148
52 20 5415
51 15 6372
10 69 3843
38 72 1237
8 43 8468
40 9 3526
81 53 6290
74 45 2013
11 60 2089
47 69 4175
18 1 9189
53 31 1951
48 28 7880
65 95 7909
61 92 4092
37 28 2560
83 28 6479
62 13 9593
25 25 5931
24 3 1056
73 31 103
35 17 6168
9 82 7507
11 80 9025
98 97 7141
22 54 1652
7 11 1164
82 36 2710
55 4 3636
19 71 4411
92 79 9566
87 12 3193
89 25 387
7 95 9172
38 11 4965
45 39 1695
38 75 8362
55 73 766
24 35 3829
13 39 3969
34 25 1203
74 93 1830
10 97 3980
77 43 266
49 21 6109
22 80 7815
53 17 8897
61 11 2810
10 23 8337
46 72 7229
96 89 4372
11 60 6960
33 46 5040
88 47 9852
6 11 2550
11 22 7100
3 26 7076
95 62 9775
94 83 2388
25 50 3620
29 46 1867
33 23 5169
58 70 1825
87 51 9214
9 41 9776
66 27 2274
24 88 8968
67 49 871
93 90 5354
69 32 8270
9 28 2098
48 75 4791
49 31 2570
31 77 2914
24 46 1110
91 20 832
47 96 8327
43 2 5734
48 30 7050
2 66 276
8 100 570
50 46 9686
55 37 2448
32 56 8205
84 54 1975
21 63 9350
81 59 3763
71 32 9565
3 42 8179
27 92 7059
42 97 6029
33 34 9573
86 2 4647
50 99 8155
63 1 1972
10 80 4692
70 69 6068
74 31 2499
23 71 9416
46 86 6017
17 10 3205
14 46 6986
17 31 9889
57 10 6926
30 84 2589
88 64 6130
96 78 1399
58 68 4973
2 6 5279
37 41 5051
28 89 6053
7 26 1991
96 30 9089
98 14 7609
22 9 2411
30 2 8890
70 89 7710
81 65 9303
1 55 5682
43 75 4691
18 83 2448
15 96 5551
21 63 9483
71 27 5048
97 66 7425
47 91 8998
98 20 1188
98 79 3058
46 37 6068
27 33 5373
46 25 5777
26 78 1299
5 77 156
38 68 8834
26 2 7625
74 64 4936
70 54 1287
77 34 3876
12 39 4049
95 61 2892
97 3 9838
21 32 3489
94 25 4979
61 2 891
100 83 5787
55 29 6204
31 45 799
42 31 9116
9 78 7734
21 62 723
22 15 378
48 29 1839
7 40 5304
90 3 6639
97 73 815
48 13 567
54 17 5444
43 62 9498
95 12 5986
4 68 7730
13 98 2676
49 2 7639
21 14 4972
63 75 9263
68 18 7489
54 37 1114
69 44 4578
26 26 1347
64 6 4775
9 12 3302
36 65 1033
20 86 8554
46 48 1743
63 62 450
99 63 5346
68 76 5721
57 14 7436
17 11 3159
47 29 9177
64 8 7959
17 53 5808
31 20 1435
33 99 1089
25 23 8642
56 57 2440
18 4 1811
81 42 7871
64 7 8063
52 4 1753
59 14 1138
52 65 414
12 90 4683
73 10 4347
23 27 7288
66 76 1382
85 25 586
57 74 8116
54 65 4307
87 5 8131
71 21 3409
98 13 5370
78 67 9847
51 92 1969
16 11 6355
6 45 8665
42 91 1672
56 87 7681
49 33 9959
57 11 6506
28 1 7550
48 74 3538
17 46 6383
45 76 2317
84 27 1683
28 24 4384
40 46 8075
70 67 2733
62 3 8473
13 4 9917
62 36 3532
53 43 1864
42 24 8648
86 34 3573
15 7 2165
40 68 3150
27 34 884
37 68 2346
33 87 1208
9 17 7016
90 1 8545
13 26 1826
78 92 5761
28 59 7932
99 5 3029
12 7 6429
90 42 6004
72 41 6807
72 61 5757
43 86 880
75 56 4928
48 84 5130
13 10 9658
42 100 4295
28 52 7449
73 13 8223
66 73 939
48 54 5390
31 82 7739
88 41 596
34 85 7919
57 78 9019
48 24 8556
54 18 6475
7 45 3479
15 26 7432
20 84 7162
89 34 913
4 95 3508
45 93 6227
18 28 9934
65 48 1276
62 19 324
17 47 9704
43 73 9157
41 60 636
68 16 6974
28 1 8960
70 40 7993
71 71 1874
59 73 396
17 46 9726
12 27 3291
77 35 5986
91 99 8606
27 31 6211
19 81 8777
11 78 71
63 92 3078
50 48 4850
37 76 9586
88 89 4795
15 20 627
49 8 783
16 38 4137
49 73 4875
35 27 1353
75 15 2165
93 70 5776
80 22 6267
88 37 2700
55 97 9148
74 68 9393
82 22 6035
87 32 144
16 52 8939
36 93 8236
36 92 6118
35 64 49
91 48 2124
28 27 6637
57 72 7394
26 88 2591
64 90 2715
62 10 4335
51 54 2391
15 24 8579
77 22 4784
16 35 5315
19 59 9237
83 61 2311
80 84 7698
67 93 8640
71 3 1695
77 21 8787
84 24 8794
42 24 7488
54 81 5185
25 75 4680
92 82 2380
68 23 5393
39 91 9343
17 92 5523
39 94 2865
7 98 4243
78 67 8670
64 29 8054
16 98 4643
26 82 9430
25 95 168
63 34 1483
7 50 6247
78 75 5086
39 51 3825
40 100 3664
4 45 7685
67 49 4807
10 20 6525
78 51 7950
11 100 9531
69 48 5867
44 20 9933
37 60 3375
67 42 1351
44 29 4358
47 82 8206
80 37 1119
91 8 5376
98 59 749
7 98 8391
64 30 8734
23 71 269
43 48 245
63 14 485
85 17 127
16 19 956
16 48 5882
97 25 3870
43 56 2506
80 80 1671
64 76 9300
27 75 4974
92 8 5707
86 69 338
47 2 6695
55 90 5400
60 58 6058
78 31 1868
57 22 4649
1 51 1866
71 57 3702
73 15 4047
93 28 357
86 24 7373
87 15 4754
64 26 3144
2 83 4244
71 38 2260
97 86 4339
87 11 165
72 93 6605
77 52 3254
87 73 8469
21 67 4694
10 54 132
22 58 784
31 63 9848
77 55 5674
42 83 9545
6 58 9252
63 73 6540
91 63 1630
29 86 725
18 70 3015
22 72 2415
20 7 3024
47 61 8677
2 83 1937
8 6 2454
69 28 1023
24 21 8606
2 93 2516
90 60 208
6 69 5318
82 49 3990
49 65 1411
45 92 493
44 87 851
34 87 1800
66 6 759
91 20 156
30 14 885
44 94 1725
92 4 1483
41 6 997
100 1000 10
44 84 5911
17 67 8517
67 57 7030
60 97 2433
21 58 741
1 98 8213
84 45 8737
77 62 5072
14 79 9376
74 91 7259
23 62 1439
67 5 9174
7 95 1350
54 54 3492
73 86 9733
64 15 2719
97 54 8989
81 49 1662
22 92 9840
25 4 1907
12 48 7452
69 9 8115
99 47 6160
46 35 3118
12 43 2825
7 64 664
42 91 3899
92 17 4848
42 100 2565
51 41 7446
19 33 3140
28 74 5362
1 22 6558
12 10 562
43 55 3484
56 57 3939
1 52 809
58 71 2995
27 32 4983
28 21 7303
99 90 4099
82 46 2118
72 14 6675
57 3 6733
44 80 1927
46 53 8480
77 66 6061
4 77 8256
95 30 8549
10 25 5106
83 75 5459
11 95 2598
89 15 5244
59 52 3822
49 37 741
71 78 2668
34 65 8296
50 73 3503
31 31 2247
11 43 437
8 71 2392
74 33 4007
69 97 2213
53 10 4236
81 25 1580
28 88 7315
12 43 3992
99 25 1892
42 6 7328
23 82 5461
22 8 9160
34 17 8708
81 41 9424
83 95 8597
26 79 5346
43 1 5491
29 54 9476
49 20 22
28 80 3154
12 26 8066
1 69 3176
93 45 1457
65 87 8561
52 14 9118
5 100 6145
20 52 1870
53 61 6825
24 34 4765
12 35 8432
32 29 3070
46 14 9487
72 78 7020
72 73 7654
55 18 9996
96 14 7093
33 79 9408
37 77 8399
4 78 2159
28 54 511
90 90 905
17 59 1543
55 55 5010
39 53 8547
58 18 1482
55 23 3276
88 54 3673
89 69 4167
30 85 7735
57 65 1843
5 36 961
18 85 9021
48 3 8255
12 42 6900
38 91 5173
71 77 4434
85 55 2961
58 85 1592
59 89 4820
81 50 8508
2 24 2595
61 39 6951
18 84 4807
50 64 6561
76 64 6115
28 21 738
92 94 241
64 50 7963
63 27 5914
31 24 8375
98 97 7504
57 41 7782
73 37 6057
59 34 6936
20 68 6716
43 24 811
60 63 1273
47 6 6160
18 64 5346
89 73 6561
37 45 709
64 15 966
49 99 2047
42 24 7337
37 9 2802
49 85 8231
90 7 1573
20 63 5945
93 18 423
21 51 970
82 14 535
41 85 4785
20 58 1665
84 55 1542
54 57 9321
30 58 2170
87 57 5017
35 45 4304
28 53 2882
75 41 4546
52 3 8226
96 79 4386
36 4 6861
24 23 5890
88 31 9337
31 16 5742
29 21 7609
88 81 8512
62 11 2886
20 41 8723
23 98 4545
65 18 7709
62 45 5838
66 13 6321
87 56 2602
19 38 5373
55 82 6374
81 69 2675
35 21 7513
55 71 4075
34 46 8340
96 3 7987
63 30 203
84 53 3128
44 40 8297
82 46 6659
44 27 6853
85 95 1256
2 24 2363
8 87 3700
5 67 9211
89 58 3538
23 96 1331
88 78 7457
64 90 4079
30 92 1129
3 90 578
48 59 4565
39 29 6444
51 91 2581
74 22 2753
17 25 4668
3 22 7557
47 92 1431
59 79 2910
80 63 197
17 64 9296
82 56 1668
2 42 660
47 74 4341
3 71 8138
73 45 9919
52 94 3457
47 45 8383
65 78 8963
98 64 7122
48 41 7468
68 10 7589
64 97 7738
90 92 1799
16 58 2217
65 49 6351
85 18 7673
42 31 7845
79 35 9144
7 58 9027
38 37 157
5 46 6224
87 6 3703
56 7 3321
60 83 570
1 16 4537
62 42 7101
94 98 1538
87 53 752
4 53 510
48 56 9028
32 31 9432
53 88 5517
7 100 3894
90 20 8663
10 36 1085
14 41 4736
3 34 6250
18 17 8690
48 45 1321
22 39 2579
93 41 5793
7 45 8078
3 52 7237
98 30 377
78 22 5588
73 63 3727
1 34 2358
11 98 5736
36 3 5637
13 86 539
19 38 4486
50 26 4945
88 20 6555
20 58 6209
82 69 5763
52 59 5910
98 67 6448
62 71 5629
78 17 2717
54 24 8144
46 28 1934
97 29 2079
34 2 7804
17 69 7389
20 4 5917
76 39 3944
84 37 4619
65 46 4644
57 92 2848
57 11 3389
89 87 11
24 21 7009
58 85 4679
14 98 8048
73 8 2616
60 43 4691
54 32 3246
99 1 7918
27 64 636
96 14 7428
59 59 4297
64 54 9446
84 32 9305
27 72 9682
76 82 5201
93 81 7973
28 91 3809
24 56 6230
26 98 2728
1 36 3938
80 84 2355
21 68 7095
56 62 2469
41 60 7564
1 39 8869
65 73 7308
20 64 2066
68 11 8195
63 75 1085
70 13 5517
31 49 5447
61 51 2074
73 40 6354
61 32 9168
74 59 68
88 100 5589
3 92 9255
32 57 935
3 50 8081
29 5 5010
59 33 372
7 81 7289
49 67 8253
38 67 9411
90 69 6766
8 29 2969
46 53 39
96 11 5545
14 76 6476
67 60 5133
16 63 8325
49 61 1167
55 37 1036
20 68 117
15 94 7791
87 30 459
13 64 1685
18 29 86
56 80 990
34 83 4257
100 89 8835
51 70 195
12 53 3428
23 96 4687
99 8 3384
93 78 5492
66 89 2553
92 29 3375
37 86 5640
96 89 3494
43 93 4858
55 37 8426
72 87 4033
23 86 420
95 83 1272
25 37 9069
30 42 9681
79 46 2605
79 97 8177
65 39 9923
16 93 3216
62 36 3184
38 75 9271
4 4 9447
23 36 8480
4 83 3353
41 69 1403
84 96 4568
55 100 2976
42 78 9624
6 68 7947
63 89 669
12 7 7004
40 51 7312
11 52 4365
31 21 6769
49 22 6921
52 96 3074
8 22 7928
75 79 4784
30 39 2388
94 26 9521
94 50 8615
98 9 6180
82 1 6967
81 41 3968
47 72 2229
32 3 1630
65 58 1491
58 33 5880
21 34 5685
79 95 2059
4 6 9496
56 63 5491
81 75 1776
41 86 5402
51 98 9205
35 88 789
53 100 9525
11 15 1747
65 37 4409
79 57 5102
96 85 6386
74 54 8385
99 58 119
53 69 4811
75 99 1366
76 59 6247
30 16 8064
45 47 8207
56 51 3330
44 35 9083
70 35 8400
77 82 9462
96 24 4325
30 84 5791
50 85 776
80 1 683
69 53 6684
56 46 9295
34 6 2627
39 70 3457
41 57 9641
80 48 7749
86 33 1824
24 79 1322
72 67 4224
18 48 4924
62 2 6642
20 26 1912
71 74 1578
55 93 4650
89 72 4067
28 80 7317
97 54 9307
88 19 8695
41 6 196
10 58 9644
51 25 5910
83 10 9432
28 21 9000
94 88 2397
42 100 2073
44 29 4449
51 27 3845
35 13 1927
6 99 6194
40 41 3305
93 25 232
5 70 6096
92 7 7734
50 21 4076
40 87 5889
84 40 5793
68 37 4113
34 96 5225
60 67 9139
55 17 25
9 90 2697
76 24 8464
91 93 672
13 45 2835
90 24 5289
40 27 3482
62 65 9858
88 96 1191
41 25 6673
25 75 986
97 51 6273
29 89 8924
43 83 3056
33 93 8025
62 31 4716
59 98 9058
100 52 4125
40 19 7733
7 55 9769
10 91 4516
85 93 9146
27 91 7280
70 19 5243
52 74 92
8 54 9694
92 1 9311
54 79 2026
33 97 3584
79 100 755
24 36 4508
40 15 7628
20 26 2117
32 98 5341
20 66 5622
99 10 8533
73 16 6838
73 90 7901
18 38 1123
75 29 2041
92 30 883
66 21 2173
54 65 3011
73 66 3663
39 74 6995
95 73 9851
2 16 1936
59 67 3897
20 99 4450
89 53 5808
39 78 7962
81 59 9589
24 38 9549
48 41 4938
35 15 2786
97 22 9523
2 60 9834
70 83 2252
8 90 7265
16 93 1152
62 95 2117
28 4 3733
40 52 2534
66 71 1558
25 48 6290
88 42 2412
73 72 2529
83 99 6104
9 55 9617
71 89 1477
95 27 5570
85 31 43
70 11 1363
49 91 2791
94 64 685
82 86 284
68 80 4266
76 99 7452
2 84 8197
41 17 1592
96 28 7025
93 39 5539
6 17 8833
68 67 6606
13 42 9714
38 15 5457
26 46 1677
87 88 324
34 81 1976
35 37 2457
90 9 5102
25 71 9408
54 18 8331
99 31 6138
83 35 5947
32 17 4349
88 88 2964
97 92 295
100 19 8069
31 19 5601
4 35 1813
28 8 238
38 56 1125
9 37 2508
57 37 5861
79 90 7449
38 36 5218
18 97 6695
5 66 2392
99 30 2375
77 52 5229
46 51 9781
10 15 1459
8 78 5671
16 26 7213
73 96 6701
21 42 3636
78 51 2923
59 93 1616
70 55 6145
38 95 5969
87 30 5950
18 33 4590
60 63 42
84 76 2199
8 73 8441
58 54 2995
42 73 3292
20 10 543
66 82 2545
18 85 3250
66 43 8695
60 78 193
83 67 1572
11 1 4700
45 74 8318
12 12 4804
98 27 6013
63 15 5805
49 82 7328
64 4 5429
30 90 4707
19 56 4526
10 83 9228
7 28 1645
88 6 9838
3 21 2064
68 93 3864
3 14 5571
51 83 6869
22 25 7146
63 13 5965
29 85 609
35 68 5478
48 71 9869
4 51 8446
18 15 324
100 22 7063
96 45 627
71 99 7806
22 5 7704
74 49 1642
57 7 875
73 79 9346
99 89 3974
79 44 7734
51 17 3107
25 74 8741
51 24 8221
83 27 9659
40 22 5559
33 66 2358
89 73 6827
26 58 2996
41 89 79
35 66 5096
18 14 5027
24 59 3273
22 99 7036
29 1 4887
42 48 2622
46 6 8429
28 17 951
72 93 4220
3 67 8470
72 25 2697
32 62 2965
33 66 2875
26 26 761
69 54 4569
94 51 9426
92 94 7214
86 33 8947
92 46 8307
51 29 5202
53 19 9560
8 41 6580
68 50 3360
61 16 5850
86 10 1828
98 2 5740
15 38 3085
45 78 6075
88 19 8281
28 36 113
33 1 6768
19 57 5446
86 76 8915
33 75 2808
45 18 9161
19 59 5748
50 4 7489
83 84 2055
64 36 8144
78 52 8615
16 93 464
65 12 5066
53 77 1440
32 54 8672
69 46 7839
54 73 1422
68 13 5796
11 67 7894
49 69 9687
24 92 7557
59 77 9230
32 34 5915
59 43 9104
76 24 2028
8 89 2447
35 99 4927
7 2 2863
4 8 3053
15 31 6587
84 45 5860
58 69 7015
81 7 4911
30 8 4236
77 40 8377
89 34 8426
23 73 3826
36 38 4592
16 5 1225
30 14 3470
21 5 6558
38 82 8091
38 40 1096
2 42 5246
35 84 6219
56 96 5621
50 71 5929
78 93 9051
76 27 5436
65 33 9773
30 28 342
4 14 2246
9 19 1184
24 50 44
53 34 8934
48 49 9555
95 49 5422
51 99 9794
96 45 8736
64 18 2248
61 43 2893
16 75 6864
55 59 5866
5 17 528
58 40 4511
57 26 9917
39 89 8862
36 23 455
2 53 2836
90 69 7662
66 33 7582
79 21 6580
23 2 4626
15 32 2396
14 67 4968
96 93 2887
76 8 8948
26 86 2641
24 18 4457
63 70 7853
67 54 1706
76 100 3515
17 43 9223
47 14 8612
73 96 8234
60 80 7246
84 2 4742
2 15 4390
94 97 5801
61 98 5812
13 81 666
23 51 8835
20 15 199
78 19 3621
72 51 6698
58 66 1619
68 72 3655
93 54 3384
75 36 7804
69 2 1318
31 87 6548
58 82 1060
2 8 822
81 64 7771
6 31 2037
61 70 3408
46 2 4405
25 9 5537
31 22 867
85 67 1964
17 13 3674
23 58 5908
21 56 5442
79 3 4706
56 1 624
22 100 3182
43 3 9064
56 74 3062
67 1 2157
98 67 4963
39 18 6367
15 52 2820
22 66 4990
16 56 5747
100 99 1289
54 54 4355
15 92 7052
50 17 9871
66 55 5616
37 8 5619
59 99 5274
93 95 5313
45 98 4628
2 18 2613
39 7 6018
73 95 1979
37 23 8054
8 8 435
37 29 4942
40 91 7293
54 19 8130
65 64 5010
2 49 200
63 100 7009
81 94 6203
34 67 1254
1 83 5511
31 67 8719
85 26 1116
50 98 5060
22 39 6462
96 91 143
38 63 6415
67 80 8751
31 41 2519
86 47 1164
79 52 3181
64 81 9122
39 38 6908
90 69 8692
39 41 3699
57 49 8787
92 7 4220
94 62 1077
59 57 1593
91 17 7297
47 85 7637
77 78 4505
57 80 5861
35 67 4548
53 91 9600
33 84 63
11 84 9743
81 37 8026
23 63 7180
24 62 3250
11 27 4590
56 68 7567
19 31 3682
62 53 4273
82 38 9436
94 69 3018
81 69 7947
36 11 2306
35 68 8506
62 75 8145
64 26 3942
41 58 6656
63 7 1009
36 60 4829
70 56 3395
72 93 5281
53 99 8680
55 76 6845
71 17 2378
96 85 2845
27 48 2216
78 62 394
100 9 6736
22 39 8590
94 35 8163
90 47 5520
50 76 6219
63 86 9018
44 51 7077
4 30 334
29 92 4337
68 82 678
64 92 4995
41 33 4432
3 98 8568
18 48 4592
24 24 2363
51 84 810
24 97 4359
1 95 2051
86 84 9663
9 81 2041
74 84 5176
42 92 6355
18 72 5073
13 83 3548
23 51 3660
49 62 4852
33 91 2999
68 51 9031
43 83 5657
65 18 2867
18 2 9317
53 64 1569
40 62 2743
29 32 1969
1 55 2976
36 76 5235
67 58 3996
77 56 5650
95 8 3009
78 44 4199
43 58 1280
47 87 7885
61 76 3906
39 48 6976
72 56 511
32 42 8328
24 94 2222
8 18 1476
48 36 1554
61 98 538
76 34 8112
94 2 2835
16 18 8187
31 7 5897
95 74 9241
2 43 9945
31 11 6321
91 63 8254
26 63 2392
98 81 117
38 1 3745
27 39 19
3 63 916
98 40 614
71 84 588
12 39 1561
89 23 4077
48 79 3771
33 46 6193
23 44 73
39 94 4000
5 70 7758
65 50 3925
99 56 5350
11 81 4707
66 20 5810
48 96 5981
84 77 5491
90 41 8922
60 36 6090
17 47 9376
73 35 6557
56 30 4604
44 75 6684
76 80 6094
69 4 899
64 41 9429
54 40 5021
82 10 3115
5 17 7950
39 22 7283
96 23 6782
19 8 391
85 51 3672
65 60 201
19 85 1820
13 33 4800
79 23 3022
91 41 4905
29 51 7749
53 61 3497
3 99 6804
46 60 5868
45 49 3757
21 65 2649
89 93 9264
19 66 4815
45 34 1245
38 42 7528
64 48 4173
76 65 5330
72 45 2428
47 79 3395
34 35 5204
28 26 4308
24 79 4931
17 41 5983
22 67 9334
95 80 9265
49 77 3010
40 28 4103
23 28 5970
98 43 6641
38 32 4789
26 56 9105
46 91 6926
66 59 4473
17 34 1348
66 94 7574
73 13 6998
55 74 1077
27 37 2831
90 93 3090
21 53 8357
98 82 6595
89 1 8093
14 24 3110
82 17 1034
41 36 685
7 86 6630
10 8 8279
90 16 6034
11 53 3290
13 99 9853
26 82 5197
31 78 1850
44 55 1218
39 24 71
64 27 1840
54 45 302
94 55 702
32 36 1682
5 28 657
38 46 1736
55 91 1512
100 1000 10
26 2 929
87 47 7558
11 39 1919
35 89 5447
23 51 9167
95 17 6049
2 9 841
55 60 1505
56 29 6182
4 62 6858
41 12 6431
90 6 3250
69 27 919
61 77 4839
56 16 4308
20 10 183
17 88 4211
25 88 4960
46 21 571
34 49 7384
52 10 8045
3 97 1617
34 76 9980
89 10 9817
99 57 363
69 8 2499
79 37 1028
96 83 1804
48 25 1984
46 85 8792
99 69 9990
100 63 2471
42 75 7111
32 64 8828
2 40 2264
40 18 9097
3 69 2637
23 50 7698
91 60 4654
96 8 3966
97 56 2534
29 86 528
80 42 3270
27 17 2851
8 23 8213
69 29 6502
76 86 5693
18 30 9604
35 93 5239
15 33 8536
98 9 5109
16 84 8814
79 33 5999
98 82 7472
15 85 5467
47 80 9157
48 18 7704
76 24 6307
98 25 8645
34 57 1172
30 68 9789
67 55 5138
64 2 3764
73 72 9263
38 30 6091
100 12 7257
18 84 722
10 18 9042
66 92 8705
63 15 6252
55 21 4076
69 11 2410
24 73 1694
16 75 1362
88 32 5533
29 96 2259
28 64 2527
56 60 6606
11 70 9556
66 96 4973
80 41 2057
17 82 6711
70 13 2955
78 8 4770
66 73 6338
95 84 8813
83 63 8283
26 48 2334
16 61 3638
25 33 602
56 75 3691
52 28 604
83 68 2719
64 52 1957
77 9 6868
32 28 11
7 17 2468
91 49 9763
74 43 7178
52 44 7206
6 48 8267
84 5 4336
5 86 2587
96 14 1992
12 69 986
90 100 4445
6 75 5160
24 20 3375
46 40 4735
48 34 552
90 95 6169
66 11 7354
80 27 3070
70 76 9811
57 52 8680
35 23 5640
48 7 4760
54 15 9914
58 60 7203
96 96 5285
13 80 803
73 68 5574
79 29 6970
31 47 5779
20 71 3263
77 45 6252
55 43 933
77 10 9523
45 34 6774
43 14 8610
16 77 5019
75 6 3994
99 81 9550
49 49 1730
67 56 5474
59 55 8967
93 45 7784
74 73 5457
23 90 6857
44 28 4275
56 14 7246
55 50 6207
99 74 5338
71 70 7587
40 20 6570
95 36 9025
16 88 3927
84 53 7316
36 10 8979
60 30 8569
98 14 1450
91 5 9112
42 89 2301
28 95 4133
96 7 1094
53 33 4963
90 88 7560
99 51 9121
39 91 3494
88 15 7791
61 100 6055
58 74 3642
95 46 5568
7 49 3458
55 16 5001
62 57 1652
83 83 1896
58 94 631
62 43 2789
37 74 508
17 74 9395
83 15 1500
70 19 2262
41 97 2669
6 82 3719
37 73 2768
27 14 2453
80 95 9481
39 100 1620
77 44 6250
2 91 5075
40 24 2925
85 75 7833
99 17 1769
43 95 1281
17 62 1366
100 21 640
62 54 7754
58 93 673
30 8 5215
2 79 6391
17 97 8647
56 35 1724
5 87 1074
29 91 7748
81 75 9235
59 8 4079
77 25 5863
30 93 2725
73 30 5033
3 90 2159
92 92 5659
4 39 6699
86 40 468
47 75 9327
55 46 6284
22 10 4559
61 99 698
60 58 5873
54 18 1440
64 21 1162
44 33 4622
41 49 3754
92 17 6040
58 42 1461
48 56 9448
71 75 1531
71 47 9911
52 55 3470
34 9 19
35 64 9717
46 56 6654
47 73 6103
53 12 1796
97 16 778
40 4 8593
100 35 3554
96 19 6032
13 59 896
21 56 1822
65 51 8831
23 87 1276
2 32 1730
98 68 7661
82 34 6851
25 66 5849
54 94 1843
31 69 2807
27 22 5106
30 15 5689
66 75 8390
4 24 8716
81 46 3444
3 77 2469
19 26 1706
39 38 6252
9 90 8806
46 45 8372
33 57 1514
84 55 8326
9 38 241
85 37 8507
47 31 6364
8 5 6667
65 12 3956
47 62 9599
79 20 9158
21 8 8189
26 44 5446
25 22 4206
61 81 5455
18 74 4683
21 8 3725
91 51 34
71 51 8603
24 20 273
77 98 8654
6 22 5895
30 92 1644
43 44 6615
7 55 3391
62 21 2773
89 60 4279
26 80 3829
38 58 1773
7 90 1986
25 46 1635
98 18 2811
25 79 8452
18 67 4975
1 65 2378
4 11 7506
98 52 4606
25 93 3166
55 73 4896
51 57 62
18 34 4015
38 20 3198
69 69 3590
46 91 5931
66 68 5547
92 98 6544
98 88 9323
25 4 6305
32 91 8872
66 22 1434
85 86 9129
81 65 5812
56 80 97
38 21 1626
51 42 5762
82 84 9144
82 33 2068
79 87 4646
24 94 2027
78 49 735
24 74 8608
16 16 8539
77 28 6855
100 17 8760
52 5 1942
99 62 4072
45 43 6296
5 81 1528
74 37 1942
7 61 8616
72 71 1930
4 100 146
80 12 7783
2 7 7483
78 2 1375
36 11 9027
98 46 60
42 66 9644
19 15 8951
66 37 5826
78 13 295
4 15 4532
11 49 7223
63 24 1028
47 48 3069
80 55 9726
8 20 1534
34 30 1091
59 12 337
8 37 149
86 88 1399
35 35 4930
86 64 9498
27 94 2388
71 90 8599
35 60 517
56 9 4547
40 28 6928
41 33 6611
98 38 1511
4 30 7471
82 60 9174
20 45 1267
56 80 8386
76 42 3402
84 69 2174
34 45 8246
32 18 1946
13 36 2997
90 46 3334
55 1 9363
69 92 6928
74 58 896
61 17 1890
41 2 9621
30 63 9521
17 50 1398
26 92 592
45 38 5370
58 71 818
66 1 9862
2 14 5098
62 51 9855
46 76 2307
28 48 7877
39 48 2960
26 74 2068
42 21 9540
74 71 242
13 65 455
32 50 8566
96 35 8045
52 50 8906
41 97 8179
80 99 9877
81 10 2888
90 38 3897
8 78 7711
16 27 5649
66 4 9511
58 72 8416
14 89 9714
2 2 6017
35 60 7980
8 14 4666
25 4 8050
77 84 2926
65 42 4376
45 20 2768
19 19 5116
47 33 3088
23 65 1488
64 62 2626
89 81 7788
8 83 2249
27 53 1417
76 50 235
90 32 9939
2 98 6543
98 41 4967
14 35 6122
78 52 4845
78 49 8864
75 81 7944
20 26 2476
73 67 3069
52 90 6824
2 51 2702
5 53 369
49 96 7702
40 5 9060
21 70 3072
63 92 6089
84 82 1619
6 87 7314
76 93 187
53 44 3294
30 19 2614
28 87 4224
10 12 3256
79 11 3598
28 90 3534
92 64 3368
100 13 2056
28 54 3379
58 75 1878
7 93 6619
49 87 3098
66 14 730
26 57 3556
69 18 2874
34 65 8705
43 17 6083
9 25 2082
53 9 7966
87 98 5480
74 81 2999
9 90 590
83 46 3735
81 85 1437
89 30 7411
62 26 5660
24 86 8149
43 54 491
37 54 5196
38 40 3839
40 12 7688
75 45 6397
43 16 7010
34 76 349
40 11 2264
79 92 4206
57 51 8147
76 78 6018
97 57 8715
86 52 6546
93 36 8138
59 29 718
25 97 2025
78 32 4813
88 62 5803
90 52 9412
66 38 7191
15 38 5508
56 47 2516
88 47 4951
85 36 9852
52 86 6665
57 90 9678
91 49 4676
53 23 6841
67 84 5313
32 51 6766
60 33 5208
67 91 6618
67 14 6063
2 18 4611
35 75 6073
90 57 3635
94 21 2069
99 2 9246
22 61 3752
36 42 3540
70 45 9818
83 77 226
62 26 7781
39 82 1828
90 19 6875
50 25 3141
55 43 444
4 62 8297
70 41 3799
99 56 7771
55 99 4025
98 6 2645
38 10 8834
17 87 4084
5 52 3836
78 19 1417
55 48 2858
80 22 9126
78 15 5835
17 81 154
21 54 8308
91 83 4353
6 95 5011
86 100 9687
82 2 1905
80 68 4393
73 26 22
100 82 9781
12 3 8085
50 65 1273
19 98 3079
68 87 7584
31 88 2472
8 80 8655
75 44 5411
100 1 3514
95 32 1482
23 40 5732
36 100 9546
60 2 2816
76 42 6239
77 21 3347
29 98 7095
7 86 3191
23 94 2061
38 51 3867
79 65 9985
93 79 8768
24 12 8042
72 40 7264
19 15 1743
98 45 9665
63 9 5760
35 76 8028
14 61 9366
19 30 5441
36 8 9784
46 16 6219
34 100 6762
93 16 175
62 31 2688
14 55 2186
64 37 1834
44 14 6619
10 50 1273
68 45 252
57 16 5319
7 42 3848
14 35 6253
19 10 9814
48 41 8560
91 96 4323
37 70 4795
87 38 5249
93 3 5730
56 4 3901
33 24 8680
3 49 2160
87 24 7815
4 99 993
87 24 2134
74 49 1633
85 88 2619
20 11 3800
64 17 9215
6 60 9037
55 12 3128
5 80 2463
45 76 9371
58 31 1699
88 5 4218
8 95 2850
64 11 6584
60 91 3800
98 87 9474
13 80 3185
71 48 2185
49 52 3517
8 57 1407
81 96 3383
3 51 1739
41 59 9225
69 95 5733
51 1 1336
66 14 2657
74 67 2030
81 3 1503
25 26 2218
42 95 1045
39 29 2809
33 65 6942
92 24 1223
20 52 2941
23 13 332
14 3 8238
40 98 4361
10 8 9275
48 45 8323
34 10 8274
100 23 1716
90 17 4719
62 72 3884
90 75 8185
4 55 8256
94 91 366
9 63 411
90 21 3647
72 77 6175
99 35 4951
76 70 3830
89 47 9607
20 89 831
22 84 5744
84 44 7791
15 2 4193
47 9 1764
98 22 9976
19 15 7686
100 48 8945
6 74 5070
88 75 8470
59 7 4671
54 79 2741
66 18 161
76 19 7469
53 98 9939
56 26 6498
8 92 9644
84 11 9119
48 30 5231
74 47 5100
83 11 663
30 43 5786
28 38 642
78 86 4699
5 68 410
64 35 1014
14 25 8521
63 90 2657
80 61 659
73 45 5473
94 21 4393
90 44 1259
83 4 5931
52 24 4597
36 15 5173
94 2 3758
35 53 4012
50 72 7302
3 96 3604
21 25 5422
32 63 8394
58 51 4509
92 42 1656
24 85 5309
100 81 9195
27 85 4949
65 49 1483
54 16 5956
26 5 3994
83 23 4885
97 4 6799
73 54 1966
65 84 7565
90 56 5844
99 61 8032
78 57 38
70 43 6097
75 89 7425
28 3 11
6 24 7208
48 72 2170
14 79 7222
33 92 8218
82 81 3926
58 42 803
37 92 2854
79 100 1627
2 53 1972
73 27 3205
87 82 6497
80 52 5333
28 14 296
92 26 6576
42 9 2061
94 53 2828
27 58 1975
46 85 1906
41 87 2419
72 61 7734
66 1 7648
37 8 6286
90 58 9671
94 78 9235
14 75 2000
94 91 1115
94 68 9954
57 57 2497
100 72 8973
90 8 5430
68 93 2946
34 8 7623
42 87 917
19 63 7889
47 95 2259
33 62 6316
83 55 3111
88 71 2561
56 21 6780
2 96 9840
52 23 218
18 58 8613
71 20 6191
48 66 273
57 86 7669
73 43 2929
89 43 7208
8 77 5202
39 14 7699
66 12 1925
90 40 1572
3 29 647
69 23 3059
69 50 2656
23 32 7728
60 95 1129
66 24 5948
97 80 8086
39 90 6058
68 100 1504
55 89 3797
32 87 9915
49 71 9067
91 58 5173
9 39 3240
41 90 934
83 100 712
68 80 3746
28 64 2087
21 99 1294
99 32 5810
59 49 3555
3 51 4905
32 20 5648
44 4 3447
58 12 1606
14 5 6136
54 66 9678
20 14 7856
67 94 4354
8 32 7697
37 76 3343
55 15 3127
3 17 723
80 95 5593
40 36 6682
41 39 1817
84 28 5793
88 12 2536
16 75 355
64 86 3043
41 36 3594
17 97 9329
48 25 9696
24 95 5662
2 59 1483
65 94 5377
89 58 6534
15 94 2242
67 76 9632
41 13 2005
18 51 3219
42 75 7217
18 42 2676
48 57 3465
51 79 5005
66 50 5055
85 93 6303
5 53 5383
58 91 9384
54 15 8647
84 24 3601
99 4 8384
81 83 4239
8 31 2139
59 6 1436
94 43 7677
47 77 8932
73 81 1949
30 72 8507
54 76 9886
52 64 7640
63 22 3795
86 67 7336
92 81 1830
53 96 3304
57 5 7486
39 97 3154
70 57 784
33 97 9005
23 80 9167
100 58 6312
75 30 6075
1 46 3385
72 10 2085
53 28 6562
19 31 7490
77 22 8656
33 26 1756
62 41 2534
48 97 8340
4 4 9106
44 42 3056
16 43 7817
59 68 5571
94 13 7745
21 65 5662
98 89 645
44 67 861
68 3 8009
39 58 4390
58 13 517
67 46 6885
31 40 6490
82 55 1008
34 100 9094
63 74 809
74 39 6035
27 8 1229
68 2 2336
64 49 37
94 9 6682
87 93 8302
36 54 2111
2 2 1879
23 25 6778
30 88 2150
17 59 3452
78 86 6653
47 77 3390
9 66 3414
57 1 7990
97 74 613
4 43 2747
30 82 364
12 49 7215
94 55 1400
39 37 4052
67 5 6445
43 28 241
39 57 6692
42 92 4064
42 72 4991
3 49 2191
32 29 5910
29 47 8094
55 70 2128
68 68 4880
67 63 1517
18 49 1363
56 31 1084
66 74 6636
6 98 8977
7 98 4265
64 21 1293
27 96 4518
66 4 4293
60 32 9375
29 74 1969
43 36 1122
78 19 6674
99 6 797
15 26 5843
81 17 9004
99 62 622
58 70 325
97 92 2079
82 72 700
42 69 864
99 28 4819
25 33 5831
6 65 4053
65 94 9951
6 1 3525
61 76 7874
47 87 552
16 49 5001
29 25 170
78 64 2138
33 43 8641
67 30 1591
69 19 569
24 5 7263
58 66 1663
11 24 6101
62 89 6360
45 82 4171
24 94 4754
12 17 9104
20 96 4352
68 3 9870
25 38 8722
47 35 265
12 12 4370
95 85 4488
63 20 9154
73 77 4610
51 44 5826
68 85 7370
79 58 4246
54 6 203
45 42 3645
80 19 8459
65 47 5523
28 76 522
65 75 207
78 3 2584
95 5 1840
77 57 2070
70 78 3474
42 35 3013
78 46 1459
69 72 9067
86 80 7557
10 38 1495
10 99 7102
9 54 4736
55 32 4500
4 57 4949
59 53 1446
10 22 7558
42 84 7017
4 63 5416
56 31 1261
61 4 5258
91 100 2515
16 82 7437
83 25 2788
63 10 9159
48 2 611
28 46 1024
92 82 245
56 20 4361
9 96 8399
24 39 6791
57 76 5742
16 86 1697
72 30 5464
86 26 1437
97 32 1749
34 85 5222
95 47 6572
73 28 1637
29 59 8595
4 7 254
32 9 9722
3 57 5159
30 94 5906
61 47 7602
62 22 3739
99 87 809
81 56 7781
8 44 4721
45 30 1633
1 14 2506
53 81 5600
88 90 6270
57 81 5556
100 37 9415
43 10 6733
82 27 3712
24 8 6760
37 53 7395
58 1 4927
37 91 1483
66 2 133
49 15 520
20 47 9961
89 5 2961
69 58 6073
65 60 537
49 4 6566
56 59 4592
33 19 6574
35 36 4770
34 57 8715
33 91 6707
27 14 1689
47 72 9361
1 67 2882
83 79 1052
84 5 1929
75 41 1496
15 18 1925
36 61 1751
18 12 515
57 69 259
36 58 969
33 85 1822
39 100 7
24 56 491
