666 666 6666
258 178
8 368
199 548
75 221
563 496
268 297
388 378
411 45
635 388
235 629
78 530
614 647
345 64
465 636
609 610
78 171
347 631
591 511
359 283
175 216
504 357
254 276
638 626
577 587
94 368
100 331
16 631
627 149
9 152
292 527
582 5
193 448
320 599
6 503
382 60
210 190
573 125
517 620
80 124
4 449
567 343
26 557
119 90
575 624
27 143
41 59
410 196
356 546
293 358
392 166
328 291
602 588
443 397
406 163
483 660
190 216
262 416
4 609
622 372
368 485
423 290
15 164
394 369
541 137
161 581
352 86
153 485
288 162
550 611
272 62
433 57
341 32
238 660
172 397
407 391
542 372
420 29
280 307
485 498
80 280
306 370
216 96
90 557
144 18
115 294
329 487
490 62
349 42
443 116
526 225
407 68
180 582
481 476
541 527
536 499
481 106
521 274
253 194
139 142
123 467
97 360
266 501
544 181
566 245
345 459
83 228
506 252
528 622
454 443
496 586
448 427
596 408
506 73
416 113
399 24
351 266
186 664
553 133
254 37
470 555
533 362
484 81
387 39
274 5
621 584
390 234
372 143
293 498
293 199
565 220
266 637
132 442
405 324
251 171
58 202
65 390
285 188
216 158
520 369
74 416
313 547
50 67
316 205
229 471
7 108
428 145
196 406
155 588
594 57
555 9
366 440
584 8
105 290
453 52
446 216
408 250
118 601
467 336
552 167
636 46
96 323
343 85
149 627
390 203
33 305
124 350
66 180
237 515
414 208
601 660
662 393
593 170
387 238
19 263
10 446
564 662
367 87
605 569
416 486
465 363
401 379
650 377
513 185
18 409
110 606
355 43
552 307
96 539
652 71
463 484
514 36
389 425
509 460
315 136
225 135
554 91
582 252
113 205
43 647
452 219
15 468
101 39
284 10
579 604
281 14
592 217
128 493
408 508
596 132
361 401
189 351
386 387
175 330
168 317
340 602
49 264
261 304
271 312
528 454
562 318
463 127
272 498
390 581
659 65
642 12
6 180
656 650
599 623
601 105
28 404
280 485
532 73
392 324
382 645
422 471
652 597
353 351
547 304
533 294
154 151
644 146
527 445
492 330
368 344
181 417
639 323
520 187
173 645
191 571
197 6
499 243
626 136
651 628
138 325
146 283
247 515
497 530
303 554
404 247
259 160
417 533
424 47
460 600
73 453
618 311
466 437
153 256
140 134
290 660
650 582
151 99
652 283
258 25
179 190
298 30
464 315
319 297
286 528
384 443
477 554
446 588
103 144
442 572
433 419
382 559
494 157
160 170
257 539
30 590
25 480
239 580
13 151
110 371
20 428
501 38
39 107
184 30
613 274
369 536
569 374
156 557
482 550
314 220
177 64
193 16
78 436
229 25
77 377
438 198
91 380
378 516
403 95
86 566
155 453
435 593
460 580
242 399
541 378
199 436
418 647
189 564
550 156
274 242
454 309
269 393
103 623
56 413
281 278
254 487
59 637
395 154
284 270
524 410
365 657
362 188
566 192
232 56
432 187
28 610
610 21
152 173
305 639
253 92
40 519
110 13
276 292
160 20
256 214
388 271
345 254
463 505
43 280
578 217
91 637
305 206
340 135
659 185
468 170
218 459
31 475
197 186
400 410
625 540
593 394
172 117
192 55
573 445
329 85
463 546
144 450
630 346
233 182
204 447
161 81
594 466
198 543
201 619
280 401
475 351
655 15
26 112
40 269
352 84
26 267
55 300
328 335
110 587
260 52
25 235
54 640
156 486
387 409
240 38
574 560
171 70
368 542
80 416
92 463
630 197
300 237
295 165
480 189
95 432
415 61
144 566
39 304
144 603
664 409
185 173
158 23
301 447
616 384
561 287
252 290
70 336
652 586
408 313
290 630
96 20
405 333
420 395
616 69
93 610
76 34
385 536
559 354
416 83
76 302
278 74
393 65
301 517
439 599
230 532
281 328
280 611
359 295
337 167
319 163
604 85
523 583
285 16
422 439
401 240
35 364
392 123
187 267
217 44
464 171
279 358
641 161
12 552
227 3
629 646
564 455
610 367
378 118
628 416
113 256
354 290
313 109
285 189
195 132
101 237
637 39
174 393
357 107
66 246
349 263
488 642
18 18
630 173
180 605
138 650
56 37
211 546
509 407
477 528
53 541
463 652
49 383
336 489
134 268
358 384
195 133
59 83
137 81
550 603
371 508
258 549
278 545
299 579
29 138
635 555
167 142
331 151
127 217
472 594
657 254
75 609
222 606
595 531
470 451
17 424
549 305
206 539
250 290
439 196
150 211
395 175
655 219
476 161
18 121
607 171
9 361
225 78
259 458
539 592
523 245
415 366
245 412
404 150
541 316
347 237
578 511
531 19
312 41
57 578
425 298
294 375
371 50
248 295
593 498
573 570
547 56
43 561
139 325
659 22
615 259
615 229
374 624
143 528
451 97
129 606
429 639
248 393
459 581
296 345
561 231
396 420
290 283
580 562
228 319
27 311
502 28
293 300
399 353
5 85
6 430
233 118
364 231
328 605
190 341
421 163
495 646
514 423
349 607
18 546
173 222
306 322
425 258
249 547
445 634
622 442
168 414
582 497
331 369
432 213
226 132
323 144
663 644
636 264
301 89
432 615
36 552
493 372
226 39
342 453
24 377
210 96
435 455
638 309
463 502
377 435
2 443
449 570
232 374
237 252
62 425
347 489
632 24
158 451
11 444
226 293
357 7
79 639
648 170
439 580
613 370
352 213
301 656
225 286
342 116
14 628
311 153
224 525
200 345
152 538
591 71
158 532
69 477
324 227
652 344
332 320
149 203
638 647
290 631
23 499
539 77
438 579
92 164
457 390
287 364
384 262
173 482
271 15
129 185
518 512
195 155
2 362
253 96
336 173
301 555
135 434
31 627
575 551
462 439
415 12
573 661
12 352
265 557
237 534
445 20
229 519
434 222
378 459
522 643
452 463
416 9
481 104
347 65
522 118
282 106
422 482
268 507
10 646
614 276
392 595
523 592
314 294
63 268
147 111
534 87
178 226
593 262
261 182
63 514
138 497
454 205
551 550
156 312
79 37
66 505
239 613
24 628
407 644
605 474
556 171
123 314
574 130
21 120
6 429
646 57
548 307
566 561
22 141
536 501
506 387
134 391
193 63
216 110
135 538
84 476
578 479
358 472
79 119
67 130
61 175
25 463
470 160
384 356
143 41
623 444
453 207
408 75
409 298
34 601
30 274
315 408
241 610
615 156
61 190
240 40
515 660
544 459
211 276
413 441
50 613
214 200
540 610
348 428
568 492
560 477
200 599
56 385
392 388
397 254
281 482
474 220
306 356
495 5
612 242
437 292
461 663
433 359
658 82
397 579
316 54
73 125
8 92
551 297
397 510
223 383
408 594
456 495
495 122
647 32
506 148
557 615
146 65
91 97
556 474
408 151
96 492
122 453
71 120
510 452
233 422
133 125
543 559
314 132
356 502
232 104
473 307
511 193
598 190
496 323
502 383
461 29
581 430
469 269
79 411
306 494
500 532
224 37
452 275
339 429
254 384
449 356
14 327
462 73
565 174
125 59
328 439
19 617
56 293
553 411
443 332
116 104
26 28
96 79
11 347
60 315
229 36
151 231
14 411
432 66
188 241
66 236
365 121
281 520
493 226
631 325
36 43
610 190
71 37
216 634
290 112
614 654
128 418
308 340
384 234
166 295
156 39
437 584
24 421
219 23
516 513
50 208
448 220
555 536
364 217
436 299
193 278
153 47
579 336
242 142
562 244
151 77
178 537
548 607
636 569
1 170
187 475
223 198
319 50
605 566
60 228
646 361
608 416
497 565
358 420
555 353
288 111
103 639
646 648
393 482
542 405
461 306
26 106
121 14
656 287
354 415
505 287
626 173
606 396
654 73
363 373
204 360
539 456
72 560
571 476
42 469
136 417
466 89
206 543
107 72
613 561
154 419
174 554
225 508
416 248
525 444
625 291
342 76
513 331
307 295
2 149
662 248
464 192
320 119
200 24
10 32
292 205
329 405
3 400
279 325
88 555
583 369
664 183
392 280
174 267
497 293
435 597
56 578
291 259
42 566
411 610
634 105
356 25
82 73
150 236
530 549
613 549
155 430
439 559
170 651
95 130
447 322
506 608
434 631
505 476
134 496
492 325
579 168
56 83
510 155
449 382
425 464
399 263
139 467
507 328
391 47
78 487
424 648
357 280
552 222
403 266
199 496
191 204
120 211
225 533
643 589
218 641
544 295
257 246
506 401
205 271
301 150
308 198
61 632
325 20
32 84
486 598
612 583
525 176
612 187
499 629
260 92
544 334
211 59
188 169
108 130
168 315
509 426
446 519
379 225
37 480
288 382
312 479
29 172
402 405
287 646
624 575
126 178
110 496
579 468
508 346
274 13
488 212
262 496
49 601
503 575
451 389
521 7
590 554
105 381
498 319
380 367
45 316
85 192
186 438
168 249
261 70
557 236
269 99
497 86
68 153
10 63
642 122
509 253
551 70
614 392
96 155
67 578
21 312
365 585
396 589
379 160
57 255
21 317
311 412
358 294
13 351
66 69
167 177
158 426
403 331
229 620
337 34
183 137
511 582
21 445
572 160
69 333
70 295
405 317
421 218
96 96
10 568
664 120
296 402
151 112
582 305
118 221
293 547
466 21
217 381
480 618
466 348
522 37
371 91
318 49
360 420
395 535
92 404
289 590
41 3
80 26
453 244
319 10
306 145
461 27
289 538
220 220
598 653
237 104
350 434
25 459
63 194
462 101
86 35
223 368
486 189
284 371
561 277
113 350
101 541
601 628
454 363
195 122
67 269
5 539
328 589
647 261
357 586
215 420
246 522
480 89
466 608
235 606
93 475
348 581
107 425
23 483
661 631
230 623
540 605
211 311
348 118
462 476
280 659
300 326
566 358
570 139
157 406
588 416
112 129
69 75
587 367
253 259
253 457
414 361
312 214
642 72
252 498
74 555
64 164
539 312
544 582
145 282
137 641
542 522
192 229
64 173
309 270
39 654
381 538
143 219
658 106
343 601
228 205
521 365
382 340
641 432
161 630
224 31
585 437
142 337
10 632
154 289
482 195
551 101
566 60
441 93
237 332
182 297
421 388
626 323
299 514
427 396
515 63
535 323
488 391
598 138
530 108
528 72
210 35
501 454
75 474
560 247
520 321
603 657
524 651
192 341
545 478
154 204
469 196
281 629
395 235
230 97
109 424
398 561
412 181
95 126
126 209
313 664
19 362
487 146
407 307
380 196
384 60
51 422
244 373
529 195
222 376
55 455
56 445
599 350
452 151
573 494
69 530
370 231
117 318
218 270
165 109
409 211
487 43
314 275
495 2
549 55
17 441
366 557
75 557
174 116
295 348
504 582
209 327
292 277
450 24
14 507
120 315
395 408
97 247
34 20
149 97
599 527
49 34
364 22
301 510
283 77
468 280
261 622
511 137
564 222
621 609
252 590
259 154
149 19
372 495
595 62
49 634
274 561
599 638
562 260
162 663
552 546
442 661
578 551
145 205
331 615
4 446
653 205
664 503
476 399
502 161
263 311
365 505
299 75
72 608
71 18
603 181
631 110
540 32
406 534
83 338
369 421
6 320
186 334
283 172
446 419
610 245
186 402
481 443
214 262
56 310
117 290
561 168
485 328
494 174
150 492
148 229
354 336
40 91
321 398
374 236
555 107
393 284
547 543
648 512
493 293
633 287
630 452
248 162
217 382
560 124
261 192
198 435
78 452
142 579
83 605
234 443
203 613
40 7
116 348
203 622
249 15
545 311
390 28
13 165
332 2
260 657
552 75
133 442
470 210
578 119
460 584
328 5
46 367
133 280
40 252
349 464
162 140
67 45
213 572
74 334
112 178
261 582
338 359
278 165
476 524
298 443
394 124
559 192
538 298
513 252
589 79
168 548
279 145
431 545
202 40
288 575
574 140
154 13
241 208
562 569
387 23
102 119
367 161
591 52
357 349
245 633
169 112
642 440
312 363
595 63
101 407
265 584
58 287
336 408
396 184
281 370
435 66
461 438
269 355
25 535
183 289
142 39
159 634
219 624
99 34
200 480
610 219
308 217
413 108
500 463
223 208
473 637
374 562
476 66
306 317
80 310
112 337
156 462
79 218
309 560
153 603
335 604
593 161
241 192
387 371
527 624
577 267
320 617
84 154
308 410
19 234
202 306
478 464
400 634
655 3
394 607
595 313
85 60
351 567
41 522
275 519
552 189
353 203
262 80
459 443
645 622
317 361
628 69
400 117
165 69
429 90
432 651
74 171
107 666
241 199
544 630
543 104
442 359
257 549
509 236
22 130
510 472
152 300
600 371
627 94
294 378
283 59
155 188
187 423
454 220
215 432
482 66
301 167
253 406
344 114
578 661
92 346
562 241
537 10
630 119
274 298
584 465
439 516
588 274
177 549
387 531
45 531
396 201
42 156
504 229
592 596
482 558
117 595
166 381
1 425
464 143
567 263
197 497
293 232
403 353
148 508
339 298
36 72
159 334
339 29
35 565
380 407
625 541
291 455
320 79
125 510
171 103
477 38
344 462
372 294
442 307
29 6
472 640
95 132
420 264
537 504
499 495
320 619
586 152
262 263
653 343
76 317
417 92
174 289
159 142
274 240
199 415
290 387
470 623
169 365
241 155
131 129
91 614
346 625
600 576
384 272
71 310
629 159
116 439
175 346
112 305
250 381
411 288
57 321
172 160
407 73
205 68
421 312
100 5
586 65
592 386
197 314
382 664
601 481
536 5
338 419
554 119
222 591
281 498
332 350
95 92
247 165
78 578
170 499
325 638
566 445
420 127
149 586
212 430
579 658
538 33
424 661
377 481
5 189
551 252
538 406
455 435
521 26
331 304
521 269
522 357
302 647
180 147
410 359
581 222
517 522
362 656
417 594
573 37
60 598
7 612
601 474
417 421
223 377
588 121
400 582
478 420
194 12
275 470
244 98
630 51
157 184
434 497
233 134
192 347
360 499
518 117
479 662
615 199
247 318
186 292
293 193
326 407
643 426
427 314
323 624
34 586
652 470
265 169
82 458
500 529
97 321
571 519
275 416
366 98
19 396
262 663
616 68
365 576
226 25
31 293
146 493
516 508
532 355
161 316
443 80
167 234
148 275
619 329
139 356
236 61
463 553
320 83
493 482
540 552
125 127
107 522
320 139
82 53
437 165
295 597
2 557
138 620
54 437
515 276
547 661
184 292
133 242
618 587
534 637
99 248
18 591
99 644
67 13
1 84
666 489
290 592
197 61
639 653
28 204
34 118
371 172
541 500
313 584
429 619
341 207
240 528
501 455
514 398
645 239
171 91
292 432
519 483
100 134
253 527
626 339
197 355
349 599
405 516
390 481
111 253
202 623
308 352
17 653
446 153
525 464
311 242
607 16
162 289
252 420
129 220
85 434
40 26
17 239
94 229
16 222
327 489
448 279
224 82
381 11
288 466
509 636
21 513
301 525
154 160
26 653
215 531
634 115
283 129
436 424
609 246
265 425
57 612
61 528
242 8
605 223
600 589
574 4
577 203
429 375
578 142
369 211
445 122
291 7
274 650
647 500
445 109
356 238
335 46
325 116
81 556
413 203
628 482
271 261
373 639
315 283
77 196
353 567
459 184
589 135
294 264
137 294
321 368
47 527
587 280
29 65
505 540
3 540
396 371
282 282
274 250
293 69
539 282
398 339
586 39
417 508
235 298
4 417
225 611
372 88
284 277
505 655
483 12
219 520
529 369
346 633
636 20
444 59
37 91
90 142
599 462
429 300
324 516
356 549
146 32
501 659
406 369
99 104
463 156
80 449
346 223
664 523
71 457
270 496
130 581
331 577
399 85
466 615
285 289
624 235
512 287
573 81
393 200
406 373
641 652
245 324
165 448
156 144
227 2
565 31
31 421
79 241
51 625
281 492
435 144
647 490
542 412
650 10
287 107
501 303
36 14
194 77
576 400
80 261
173 664
568 291
466 515
366 17
124 300
302 44
663 203
469 423
12 630
341 163
274 213
382 524
96 158
253 632
43 312
506 81
284 478
67 337
604 424
634 295
128 247
5 34
487 12
256 234
555 379
228 357
332 391
629 548
66 56
37 556
433 513
261 317
437 533
380 53
505 343
598 193
516 182
175 100
502 457
163 121
90 597
8 355
206 232
317 640
35 173
254 561
580 166
281 502
397 71
85 571
496 489
214 467
37 195
566 190
473 549
306 293
145 217
290 595
77 599
257 165
627 157
256 263
230 508
128 628
11 664
22 12
98 604
361 386
662 215
582 594
641 180
431 217
379 70
272 276
417 638
28 532
516 493
175 359
638 478
64 227
291 503
136 244
302 233
442 218
519 521
57 282
139 598
453 435
380 230
98 596
137 519
638 23
445 369
295 240
553 300
286 401
22 95
496 10
146 479
181 27
619 165
235 470
660 331
21 435
633 333
229 226
93 499
373 421
264 41
332 1
108 422
641 77
46 418
565 214
508 527
124 307
529 424
660 638
544 393
535 641
21 32
663 149
560 199
148 487
298 20
212 213
530 193
261 131
216 66
241 134
11 393
550 121
490 512
498 569
576 629
253 631
563 165
547 644
137 347
157 531
525 230
441 362
342 480
451 376
211 267
421 21
173 578
258 458
438 41
229 539
608 237
30 32
303 291
102 515
631 257
641 269
209 15
326 118
529 437
364 224
587 353
149 580
588 453
165 191
116 545
648 457
426 290
363 115
174 573
428 66
431 222
148 278
433 361
482 649
233 463
54 590
424 282
502 239
329 290
627 468
489 141
8 271
453 404
367 215
531 534
344 80
523 174
405 445
582 257
576 301
148 168
402 566
68 284
592 576
275 72
170 161
376 299
171 322
655 288
498 578
335 205
244 122
576 236
68 67
536 45
658 468
250 162
613 661
400 65
656 404
191 647
213 325
314 508
221 116
550 157
373 184
147 529
519 464
218 490
184 185
165 301
538 529
151 505
217 395
543 61
193 34
89 410
340 466
130 609
52 600
391 86
61 220
147 472
662 485
123 417
48 661
425 610
568 76
469 73
367 615
658 50
41 478
290 90
274 244
105 252
612 49
581 456
441 166
29 53
373 1
555 93
529 296
355 110
391 183
388 527
302 35
569 297
62 474
337 170
543 159
456 476
331 446
368 180
150 231
504 586
231 113
317 515
205 564
525 379
370 621
228 501
100 556
8 556
571 602
97 234
291 357
349 529
448 522
57 152
202 597
643 594
42 621
388 508
540 602
154 369
391 417
243 636
432 74
515 296
500 71
260 278
267 334
93 477
573 554
72 427
18 388
110 466
562 571
53 252
19 500
73 69
442 127
240 131
584 547
96 579
521 471
326 182
476 284
619 607
570 578
15 198
196 93
514 112
83 477
177 233
592 271
122 374
580 304
541 90
201 163
433 314
225 635
13 202
142 443
208 428
39 197
30 528
623 584
539 301
539 409
290 570
138 7
166 131
56 653
430 364
485 161
452 188
635 40
200 261
304 65
478 357
348 536
644 549
477 411
460 257
407 291
610 90
260 602
450 581
387 144
121 480
142 190
632 90
547 649
91 361
21 619
263 127
532 660
217 333
640 460
280 133
411 217
65 278
245 439
95 557
41 487
507 39
410 368
267 601
230 45
417 107
643 176
528 53
345 92
356 577
206 33
206 404
218 474
583 429
193 397
421 107
262 200
595 604
142 331
408 601
353 469
552 8
212 81
238 192
347 111
475 454
646 287
112 135
106 100
428 317
457 114
27 387
573 404
155 317
354 17
607 315
522 578
82 105
92 489
498 136
521 291
606 469
316 256
364 106
350 652
62 617
537 426
291 600
380 342
232 108
92 188
313 92
385 102
269 321
276 48
508 504
248 621
328 407
289 499
631 92
140 51
224 453
210 115
443 252
5 28
268 114
261 90
394 448
598 236
566 71
158 178
639 279
132 305
296 265
644 38
217 458
64 611
469 300
477 141
416 198
367 365
180 403
475 225
626 140
106 45
423 186
70 446
468 597
371 414
269 519
479 162
657 476
29 39
494 195
248 231
168 216
48 406
510 649
524 79
150 446
49 336
527 192
277 289
262 424
657 605
567 187
572 425
389 664
308 5
4 239
500 296
289 319
75 610
481 510
456 205
319 350
181 221
483 299
648 135
630 551
212 589
219 37
150 624
365 248
94 200
366 617
555 581
433 85
188 117
552 218
85 645
183 480
171 93
216 664
76 81
58 401
586 430
196 314
122 16
418 230
658 658
102 212
386 597
602 616
161 235
184 537
241 37
347 173
30 419
131 387
518 23
515 255
117 327
380 255
171 519
615 215
164 75
292 270
51 639
527 351
179 623
486 290
121 544
387 319
437 497
207 533
134 6
15 71
233 156
369 203
52 100
293 119
466 450
261 160
149 361
283 8
487 160
355 562
411 515
523 495
298 119
128 398
601 159
281 635
383 458
538 578
21 443
100 389
77 410
368 294
258 238
214 483
190 300
442 73
110 52
418 165
448 22
353 415
626 32
206 611
45 428
412 47
195 108
69 365
656 453
226 444
499 472
148 438
489 274
572 266
448 567
239 615
388 441
476 587
550 489
305 181
66 18
122 426
6 38
500 214
375 520
470 130
457 327
517 3
309 6
515 523
197 291
161 67
131 663
72 470
459 4
546 646
476 646
22 306
124 389
181 436
91 425
530 339
57 85
545 294
416 254
221 277
27 395
202 435
150 542
285 50
81 493
353 57
330 548
86 117
109 52
207 201
536 615
239 325
88 327
238 31
470 102
50 549
546 38
473 484
550 549
247 102
474 322
38 480
496 14
604 560
177 109
394 416
533 478
79 494
26 513
451 292
415 168
545 278
576 151
397 491
223 59
358 663
20 247
30 396
262 209
228 368
221 293
500 542
571 362
315 451
365 115
425 454
506 461
105 50
336 209
415 543
660 501
519 41
93 132
477 108
569 347
511 481
178 585
359 373
430 178
625 50
343 342
391 472
66 642
281 195
76 455
482 474
62 76
527 541
470 101
561 261
48 357
80 368
118 335
645 527
525 301
245 288
83 647
484 114
64 573
548 126
303 362
197 281
658 564
589 303
275 308
8 499
431 578
249 75
323 412
415 545
427 229
370 336
316 29
603 369
364 464
651 110
519 604
261 377
476 251
468 550
328 450
14 23
526 134
185 302
483 548
542 414
580 636
413 395
473 660
287 613
129 338
502 537
416 98
408 363
162 328
206 584
220 612
258 313
265 198
248 140
318 324
147 180
524 517
104 194
311 383
328 137
582 449
611 476
4 461
386 586
204 121
129 225
534 386
511 428
600 39
247 661
637 593
71 7
428 363
16 438
197 255
638 544
2 606
387 274
533 109
196 664
116 237
437 278
396 408
460 645
147 135
612 265
641 410
356 359
83 635
628 93
363 39
120 550
443 302
126 652
107 196
218 279
384 283
217 33
584 221
63 653
267 581
81 571
438 132
153 92
186 532
502 643
316 153
358 602
142 394
329 247
441 505
282 230
278 354
657 513
220 120
20 334
651 11
495 110
663 257
597 202
407 187
301 225
587 640
313 563
249 499
468 658
39 429
367 18
505 442
86 430
144 133
554 419
11 644
284 74
437 83
651 279
372 269
199 9
584 407
235 158
4 577
289 124
580 569
173 438
250 136
203 77
75 93
173 536
279 117
89 122
21 616
535 449
75 270
131 371
569 2
561 66
621 392
283 282
538 366
143 376
36 45
45 532
239 274
651 134
232 363
502 570
458 43
209 264
84 158
433 598
217 261
410 338
608 245
545 410
201 609
605 387
26 40
306 531
639 307
347 476
663 578
377 624
549 311
87 249
567 662
469 153
609 308
306 136
476 316
428 227
37 347
247 620
413 653
594 515
318 71
41 15
216 165
644 486
480 409
299 6
191 433
542 167
299 186
126 25
414 53
45 259
450 585
39 599
483 294
646 347
410 450
176 509
652 172
582 330
379 452
216 53
417 140
127 84
148 602
7 339
329 638
113 651
622 389
20 542
663 442
558 543
529 586
487 300
7 334
27 287
249 506
389 301
325 484
175 41
653 42
335 650
450 77
30 512
278 584
83 517
280 232
217 551
632 157
8 435
357 351
603 107
617 549
265 42
69 595
357 102
66 653
309 548
627 70
466 202
542 244
547 21
41 148
183 65
484 110
134 382
111 252
488 397
664 585
408 447
118 525
666 573
515 613
577 101
420 307
653 104
248 639
219 405
529 187
89 536
500 593
198 395
228 622
457 365
451 138
4 401
453 17
576 172
110 338
326 452
158 246
332 525
377 648
579 600
545 132
55 550
541 168
35 312
107 74
56 49
401 216
164 272
126 323
317 614
155 525
440 552
310 505
639 250
149 553
136 592
450 127
220 188
232 228
581 427
665 500
28 616
439 48
243 15
403 554
220 194
317 376
534 488
325 662
559 329
610 22
19 38
87 203
218 476
514 407
438 187
293 390
401 437
83 383
116 205
228 529
20 284
115 217
5 524
572 183
241 540
546 229
380 387
584 296
155 311
465 68
541 618
19 184
516 589
177 329
629 40
185 659
216 183
51 479
450 233
231 214
327 341
158 657
642 46
519 599
662 196
257 19
360 613
244 248
318 488
306 350
30 229
525 320
120 409
581 608
112 291
282 648
595 504
409 418
4 12
412 73
289 492
420 602
463 456
629 460
37 457
129 425
465 565
259 157
58 543
482 142
10 77
589 648
493 318
327 310
530 173
615 440
336 538
547 246
627 565
505 444
283 454
260 357
175 81
165 203
8 347
72 135
105 108
360 495
629 351
342 34
661 53
341 456
331 211
60 458
480 454
311 108
344 172
381 523
480 53
631 49
3 661
51 35
611 629
481 605
346 250
145 636
19 105
104 638
45 240
400 579
260 77
150 177
661 204
49 484
224 504
133 259
578 216
61 365
402 513
115 141
587 386
277 615
531 548
599 647
536 337
162 517
98 296
2 148
556 407
340 161
324 43
581 224
650 630
443 43
467 357
640 123
84 230
125 500
526 139
373 203
628 571
48 537
398 234
531 170
522 394
492 396
152 567
174 137
432 534
643 540
341 373
631 157
458 27
65 138
303 255
329 183
146 436
149 655
57 188
553 646
501 51
400 326
666 222
271 621
405 534
637 384
512 166
606 652
211 439
532 142
482 378
573 107
531 457
544 143
568 147
482 127
233 371
640 444
315 437
666 155
425 69
477 47
472 153
303 264
113 530
555 54
529 13
104 460
340 467
555 445
174 331
117 95
81 520
31 210
314 44
497 452
77 627
555 196
635 234
151 535
275 341
238 22
469 77
2 28
320 57
394 331
73 102
86 122
297 318
480 513
28 367
120 596
578 461
160 445
97 401
294 38
306 635
586 442
356 457
175 192
262 362
360 407
243 90
513 209
604 83
30 612
516 208
200 36
589 519
29 35
390 433
475 607
244 621
35 358
78 424
569 647
238 77
69 633
595 633
475 229
661 417
654 208
107 297
513 379
388 512
486 54
146 589
193 434
251 140
21 416
378 66
140 598
374 27
78 41
428 222
290 636
316 630
522 666
411 178
423 487
154 522
604 356
556 17
103 473
369 288
19 572
357 81
68 645
485 530
151 367
640 56
178 211
39 544
610 240
591 175
630 110
454 629
527 564
3 646
244 110
534 34
309 164
56 286
491 51
248 481
57 135
604 285
346 146
573 93
537 117
5 462
218 180
261 327
641 634
532 469
63 362
492 58
320 248
208 150
119 306
421 654
415 144
603 30
316 643
265 70
133 93
328 249
339 363
138 110
46 493
399 619
19 256
101 159
507 444
285 354
658 372
387 226
219 609
371 449
19 231
625 259
102 84
529 362
578 425
80 406
653 612
499 37
26 377
634 227
614 18
506 116
433 619
212 647
557 473
303 417
281 419
402 73
323 116
109 464
335 612
266 626
545 122
444 384
501 648
217 605
215 292
42 198
249 60
78 327
480 199
310 162
115 389
614 363
227 381
470 649
221 352
98 645
187 177
220 284
202 16
586 418
237 425
658 398
299 368
394 231
136 138
616 22
244 466
428 32
205 85
192 397
323 21
573 50
343 66
446 580
77 408
3 306
392 79
598 627
586 125
52 174
288 148
622 614
563 123
129 300
345 294
65 153
542 101
315 14
630 403
537 612
635 470
125 423
133 598
582 321
430 630
430 398
376 209
609 68
370 477
454 170
636 557
531 247
80 398
627 465
459 348
533 143
590 115
438 110
256 366
68 63
567 173
197 375
437 602
120 351
94 431
93 387
64 333
610 424
343 433
429 77
636 471
136 569
606 362
507 113
198 538
23 631
265 518
197 258
109 323
6 479
615 191
34 49
562 489
120 511
498 130
544 629
318 549
571 406
558 62
52 623
32 602
386 188
25 642
46 653
570 325
373 5
14 497
248 298
226 133
178 244
617 222
494 280
652 20
463 518
362 367
72 138
521 663
638 574
119 45
609 627
403 297
46 241
643 490
601 521
199 109
616 376
311 120
522 614
53 241
132 654
289 106
620 61
328 32
161 448
449 556
603 481
306 297
550 189
171 135
44 314
194 147
564 125
207 660
588 442
439 83
493 290
109 497
485 259
550 298
446 498
610 288
295 664
427 339
511 384
89 171
86 485
638 516
110 172
50 575
650 496
414 142
92 356
413 189
42 300
469 401
355 653
216 250
348 652
661 397
261 588
166 185
71 571
595 477
52 640
348 528
149 362
449 345
78 341
394 216
444 466
107 609
63 51
319 382
269 186
540 422
626 358
521 263
425 43
62 125
169 572
434 125
91 549
189 234
148 484
60 466
42 142
400 597
174 388
249 118
259 108
603 524
7 149
298 377
166 55
496 215
32 364
171 69
193 19
621 39
626 284
87 133
448 569
644 449
625 396
626 481
282 115
322 109
219 636
12 70
246 367
74 271
390 601
110 396
296 215
220 551
293 299
49 452
465 293
121 386
274 499
466 357
470 237
432 255
495 484
598 604
398 11
202 464
307 568
483 115
661 173
41 189
312 90
585 312
420 292
158 241
237 159
184 507
87 444
173 243
118 577
591 93
9 449
243 620
343 458
335 411
650 537
589 572
354 306
102 197
101 607
479 191
251 18
440 141
9 30
9 259
519 433
405 63
507 119
316 383
203 635
658 13
260 531
512 385
23 131
234 298
363 635
355 267
88 339
360 375
638 97
31 83
290 406
568 100
146 310
422 174
391 46
72 477
487 513
24 451
641 368
324 346
471 615
208 240
78 153
240 343
507 258
534 66
561 82
251 75
501 606
428 374
201 207
28 148
17 510
617 514
576 558
632 374
344 344
334 436
515 558
164 643
326 31
632 2
526 413
432 597
326 373
152 366
519 390
371 476
280 246
37 344
547 519
522 455
79 417
598 243
318 141
428 539
141 591
280 191
149 611
53 330
343 465
243 538
489 336
69 626
560 276
218 538
87 632
143 154
639 160
121 122
140 510
554 284
270 530
8 76
242 313
94 54
246 49
420 461
540 665
644 362
366 75
512 100
324 175
64 85
362 334
405 328
515 130
177 90
491 108
659 31
376 612
393 337
66 626
243 251
330 496
78 571
509 477
481 365
47 447
154 477
190 264
328 259
432 531
262 497
164 547
301 553
295 521
245 479
81 21
399 99
166 298
246 206
24 465
587 637
360 128
461 361
517 590
375 237
350 554
400 503
295 595
337 151
211 662
533 278
33 303
238 626
97 228
447 335
605 11
456 202
627 215
357 416
141 98
407 349
20 371
258 31
120 479
54 116
300 77
279 434
370 412
440 405
233 28
277 252
242 43
129 16
341 603
66 448
626 625
30 627
658 212
194 212
538 573
308 594
34 81
235 405
339 234
649 466
303 320
258 452
650 460
643 646
61 72
414 258
262 357
458 615
533 287
250 93
388 238
653 587
115 510
594 629
21 510
3 19
104 345
549 404
92 56
435 195
608 143
454 75
87 637
325 381
99 206
536 57
359 499
62 636
376 331
266 632
129 230
389 241
334 295
244 554
574 203
87 299
401 313
503 612
55 75
146 136
378 244
279 367
327 479
169 300
477 238
172 176
432 591
409 413
498 396
314 643
488 305
551 97
466 300
224 393
456 643
99 334
207 350
288 96
292 511
650 138
193 574
212 58
510 263
361 431
546 12
187 354
502 362
19 523
225 574
222 309
291 423
70 440
421 185
526 536
555 1
251 66
275 192
173 634
212 217
199 246
524 497
373 271
28 619
445 390
135 255
458 61
61 568
478 68
74 207
489 256
348 631
384 217
610 493
524 364
305 462
174 179
384 420
543 540
503 360
267 474
532 88
355 342
386 75
59 4
159 263
653 489
280 634
107 242
498 190
276 576
192 446
626 286
635 4
257 577
400 373
471 627
341 208
233 348
67 41
316 473
148 538
49 382
346 504
596 254
604 158
619 60
571 596
363 560
317 595
106 544
451 239
638 25
321 249
648 527
146 167
622 386
224 343
41 420
380 68
434 118
494 113
598 410
464 99
119 427
342 191
184 381
423 517
195 401
290 485
429 156
379 590
47 291
241 437
232 450
454 306
477 241
621 135
560 274
380 201
197 449
497 194
557 58
133 184
88 225
292 469
523 263
480 240
12 219
148 2
606 450
666 582
115 160
243 213
508 106
17 400
650 576
172 215
539 140
227 135
502 241
629 318
527 455
102 20
487 383
63 372
494 185
431 372
369 357
638 553
457 70
337 59
258 337
36 550
287 420
277 338
258 135
360 65
209 54
341 525
291 221
312 169
216 536
655 487
302 354
467 644
28 525
58 36
512 318
50 587
160 55
567 115
15 261
227 392
140 524
297 596
513 292
180 332
586 640
564 135
296 81
449 266
5 405
395 216
114 317
92 513
164 474
247 314
121 62
11 24
184 563
43 167
611 37
370 454
607 260
209 65
32 46
207 650
617 456
627 446
631 1
16 606
488 229
358 366
538 189
621 311
62 605
155 101
582 395
362 94
347 145
647 463
491 344
4 665
48 510
582 549
295 251
609 532
158 78
563 232
540 33
204 301
575 599
334 162
537 571
608 391
98 429
190 139
322 195
357 369
225 303
123 176
619 612
434 271
522 52
240 43
25 141
658 31
297 528
370 464
603 127
630 541
397 657
424 341
27 634
87 475
392 550
33 666
73 118
195 117
397 56
531 310
228 506
100 189
534 121
358 500
414 568
570 170
512 594
139 449
273 2
512 331
215 385
34 428
431 361
356 428
646 499
220 400
492 442
629 408
494 359
629 96
125 242
18 58
638 435
384 595
537 163
414 96
95 443
277 47
623 406
128 417
65 442
580 87
474 515
91 98
226 405
475 618
90 180
241 409
165 538
177 366
310 290
631 216
128 522
493 423
338 587
330 139
585 334
540 326
509 413
573 588
662 454
327 150
352 224
500 87
322 210
322 606
579 568
548 310
489 194
374 486
335 475
569 121
28 273
353 35
588 207
348 612
276 417
487 302
62 486
235 383
54 492
67 341
609 151
615 631
553 332
434 311
132 234
517 360
302 387
187 372
433 324
29 309
620 538
307 373
111 645
230 60
652 130
346 248
545 169
191 390
50 526
43 247
441 470
234 425
434 482
93 228
285 597
398 617
357 353
365 484
270 124
665 415
583 275
259 333
637 475
340 177
590 373
610 564
79 184
371 652
255 429
71 68
505 329
629 215
193 522
237 191
632 254
576 112
310 548
536 130
364 332
242 554
184 1
665 97
422 247
59 298
421 399
77 612
464 173
208 256
461 52
605 504
193 641
531 17
416 262
566 599
241 314
540 502
214 15
370 386
524 584
578 552
645 524
73 481
405 455
291 411
295 160
244 323
435 537
257 633
425 274
133 354
477 455
661 536
455 140
328 380
466 217
464 73
437 654
613 258
263 370
356 92
25 222
372 67
529 391
608 9
526 326
268 505
492 312
650 19
7 466
640 70
313 470
539 566
130 189
408 493
397 589
387 275
522 515
545 352
548 546
625 553
592 192
286 522
67 280
162 120
334 26
160 29
252 506
171 478
185 393
619 214
176 109
86 426
258 405
163 601
458 410
633 556
470 240
346 363
562 245
68 352
309 316
187 149
257 643
184 441
596 474
22 485
142 380
437 377
451 637
335 289
282 297
582 619
568 653
446 185
666 600
82 69
568 561
318 297
285 373
54 484
187 276
601 496
149 337
617 242
320 94
388 332
632 437
217 331
160 422
174 32
286 483
334 555
634 404
3 130
541 152
324 338
125 44
101 107
544 183
103 19
228 28
418 213
112 598
533 231
137 653
432 397
206 47
244 405
15 636
466 52
89 91
231 588
187 498
499 237
210 311
392 515
49 627
582 583
362 132
654 642
188 161
257 356
394 558
54 273
245 259
331 281
527 497
637 474
72 52
199 608
340 656
335 74
316 175
27 635
186 265
655 465
131 433
88 539
548 256
20 198
91 594
418 36
595 578
439 138
154 123
194 123
593 501
343 580
342 536
131 97
631 284
574 132
263 88
589 242
389 426
258 364
548 642
261 280
130 629
225 445
490 653
202 11
277 491
108 463
140 80
373 305
154 560
601 177
553 592
517 257
170 662
504 346
517 176
390 432
610 414
368 93
164 618
310 107
494 167
430 570
93 350
135 226
435 335
470 230
406 225
358 273
127 427
264 103
134 175
180 193
258 449
538 498
595 589
74 518
431 359
142 532
96 527
322 211
393 610
220 358
492 350
621 283
33 476
246 17
258 394
95 448
227 508
245 425
110 666
310 230
309 583
314 246
74 165
214 301
54 177
346 265
181 598
75 405
544 221
585 587
376 163
563 28
35 595
422 78
116 294
310 102
128 576
406 318
219 516
506 256
414 416
291 318
62 90
538 342
286 280
559 303
292 191
222 420
118 60
294 351
191 70
396 116
636 467
103 306
179 535
6 221
478 290
252 539
168 31
655 621
549 511
359 181
447 197
58 585
168 147
493 630
400 160
610 454
465 114
556 503
492 113
302 73
572 553
657 546
372 208
243 351
445 510
559 359
429 511
329 121
423 431
23 3
317 268
382 257
507 26
457 299
270 320
151 336
354 597
411 519
263 591
351 112
628 367
446 598
319 458
450 258
362 284
410 344
601 207
472 97
352 19
262 269
117 302
634 186
355 612
161 487
352 241
150 242
525 486
206 243
485 521
608 627
278 87
18 341
463 256
416 568
532 215
371 577
55 490
593 392
482 102
84 124
421 590
605 46
166 464
470 34
357 613
443 216
246 328
377 48
574 72
566 404
259 639
155 610
414 66
101 169
458 274
551 660
662 101
614 285
407 565
67 665
272 372
69 64
560 221
655 536
331 63
357 629
616 214
4 628
113 427
547 47
383 215
286 489
226 619
647 58
656 439
93 79
83 376
201 57
49 132
661 246
354 301
432 246
261 245
15 553
595 223
522 50
169 244
618 183
185 261
340 198
137 320
405 647
241 380
642 281
35 645
556 134
14 661
546 257
383 259
359 476
302 632
549 206
454 637
469 41
283 654
657 140
19 14
637 170
376 52
510 236
349 614
417 340
371 536
548 285
252 207
41 157
111 501
539 225
324 423
505 20
69 638
366 192
224 499
126 473
377 413
326 306
141 221
58 598
223 469
105 289
102 399
452 610
611 15
362 34
356 520
319 55
354 564
53 54
211 336
278 534
75 620
406 334
254 249
267 378
344 76
333 16
52 498
36 595
269 468
545 93
153 567
121 114
201 474
134 491
44 3
248 303
1 268
533 253
55 203
168 7
412 22
18 588
189 596
304 479
522 354
13 488
41 225
263 288
572 346
261 92
271 560
15 250
262 442
147 140
66 300
600 552
339 58
333 46
243 500
607 606
458 301
30 17
392 581
615 360
247 410
401 207
285 432
479 520
575 598
368 399
499 354
637 401
264 589
112 617
549 123
100 589
343 104
475 254
389 46
431 607
415 234
136 425
584 664
222 576
643 326
82 409
597 194
666 389
125 514
582 477
599 134
39 129
575 408
163 343
111 663
38 117
90 444
126 337
18 359
261 214
655 628
192 414
435 507
553 649
310 453
124 464
344 554
31 496
106 541
88 4
76 21
200 162
646 171
173 131
375 660
158 205
82 30
75 22
625 214
601 290
325 56
530 175
35 656
654 404
44 595
448 346
541 109
547 550
134 553
412 426
585 664
284 72
266 554
221 124
192 94
640 539
428 25
387 545
194 74
363 42
215 244
210 427
290 604
353 110
477 496
321 546
556 222
552 446
297 56
525 375
250 407
560 499
427 299
59 596
123 205
274 16
593 639
283 483
629 619
200 191
367 80
601 429
145 44
37 117
365 475
139 348
403 557
655 637
493 90
572 337
417 492
302 437
446 600
397 590
356 36
158 622
161 539
569 163
114 91
164 509
40 46
551 608
633 443
535 455
529 516
237 615
546 566
499 183
20 79
592 342
19 443
365 306
147 7
281 15
443 303
227 512
284 335
270 292
301 86
429 344
449 23
640 2
146 26
358 628
355 305
250 467
93 341
384 551
470 109
495 328
609 53
348 9
118 158
421 477
553 658
544 446
401 167
343 324
115 465
370 195
610 344
114 212
526 273
117 357
611 35
311 105
64 502
138 420
65 100
524 95
325 88
242 443
1 488
582 406
513 609
35 491
489 353
454 177
95 548
509 356
64 637
15 504
286 353
147 33
663 307
141 293
536 269
92 571
607 110
268 470
236 595
535 50
94 410
166 568
9 65
471 610
85 545
13 170
589 66
531 508
512 241
145 63
653 214
310 488
425 119
312 237
19 474
262 128
291 579
412 345
443 633
155 615
48 91
405 663
194 17
143 80
168 457
208 335
193 138
389 307
3 384
418 52
120 618
389 70
165 44
233 101
410 17
391 450
218 371
27 652
235 503
536 358
156 492
413 62
157 592
531 356
577 147
397 356
180 429
528 634
499 563
75 423
169 145
423 144
291 396
20 57
663 538
390 134
558 341
19 157
89 514
23 660
599 568
84 424
483 370
484 377
155 19
104 81
134 557
112 197
571 415
452 419
226 647
174 181
138 574
68 461
17 283
73 77
494 542
203 600
432 525
249 117
539 128
328 578
636 385
52 617
477 583
87 204
464 535
547 89
472 116
292 31
341 293
450 458
147 138
611 344
597 354
15 259
515 245
376 457
641 383
439 511
27 54
418 359
643 450
69 442
595 463
335 95
85 303
5 46
469 527
100 103
4 498
292 380
27 240
512 608
250 236
546 368
406 646
442 553
383 48
653 550
405 134
637 576
366 637
566 562
619 605
95 237
470 105
39 137
51 517
389 513
226 128
339 102
514 285
220 392
386 332
653 377
144 357
250 58
109 282
433 524
617 646
351 457
191 507
352 594
512 372
48 122
377 74
651 306
193 395
452 399
607 85
448 260
467 175
481 45
346 275
559 296
459 395
123 411
242 16
406 343
327 658
95 179
125 558
431 656
514 355
237 504
311 111
328 582
372 638
510 169
58 372
231 241
150 241
77 537
167 222
143 202
98 446
177 474
118 169
294 178
271 210
473 606
56 664
655 144
212 506
311 341
417 551
234 509
278 502
619 294
530 204
343 646
423 614
404 225
564 205
306 417
281 187
149 73
83 189
318 259
395 75
75 597
208 416
57 379
224 464
212 663
495 140
147 368
402 581
148 525
354 487
507 122
60 15
85 4
14 211
389 571
618 197
556 133
222 156
656 635
295 452
132 356
265 429
530 106
102 606
16 361
660 340
599 37
653 426
16 336
298 569
368 27
565 527
511 608
558 273
157 348
160 331
601 32
487 417
247 289
552 653
499 180
355 593
652 495
24 177
619 484
331 346
452 5
306 347
200 524
520 268
157 469
376 104
11 465
318 293
427 158
191 416
34 623
149 492
592 306
592 68
453 49
287 130
538 594
64 438
571 169
322 361
437 45
376 248
251 367
420 206
474 627
362 222
47 42
70 456
403 122
524 613
221 626
385 663
6 130
132 163
549 43
599 399
264 1
555 11
267 197
540 560
460 157
198 58
80 400
548 364
569 540
234 158
132 440
416 304
190 217
514 6
624 250
170 515
523 590
585 121
532 122
385 81
482 33
235 64
465 94
335 228
425 391
400 522
282 135
175 283
106 92
471 402
267 531
155 408
291 263
84 31
349 93
12 579
428 605
580 72
427 493
156 570
638 597
328 466
650 185
167 517
312 399
363 489
588 145
341 468
238 545
56 356
264 355
59 386
145 568
288 348
183 609
9 649
279 297
291 183
85 490
666 89
333 456
229 307
214 151
401 429
470 508
544 527
84 665
556 283
495 143
479 340
139 377
412 638
173 338
647 327
342 501
580 12
345 172
344 187
436 534
403 253
438 391
303 278
452 577
574 251
297 428
252 270
586 173
611 30
633 54
422 531
377 454
140 537
515 403
296 501
537 517
416 289
579 489
21 240
418 138
223 214
180 393
204 666
399 202
525 414
131 94
424 113
192 155
222 275
508 401
392 152
484 315
578 415
276 532
358 486
639 122
378 493
118 11
203 6
155 488
143 34
578 74
556 538
531 271
565 572
435 28
92 579
386 525
243 560
23 585
135 624
11 647
526 53
589 538
201 467
521 657
540 503
238 312
134 98
313 173
56 4
582 620
389 198
167 280
530 90
519 580
8 482
44 149
397 307
19 467
233 239
206 88
116 586
234 326
79 8
159 253
603 20
507 289
222 499
457 630
473 390
652 160
601 235
597 523
491 97
474 474
73 311
161 109
494 544
383 194
19 127
233 561
472 459
490 245
252 447
453 377
584 155
126 253
204 635
490 236
657 294
527 339
152 555
527 173
6 498
251 446
37 662
460 423
479 347
352 529
64 150
531 239
125 254
656 603
652 434
43 511
134 617
247 190
402 256
428 640
165 351
238 432
435 161
479 303
642 423
51 233
633 658
565 357
156 29
400 593
79 629
516 267
13 185
510 619
111 61
494 17
256 243
68 115
289 369
89 573
195 305
380 214
449 302
188 379
657 257
116 174
539 69
193 586
14 291
304 354
31 347
186 173
489 502
398 474
351 427
656 310
125 492
52 153
628 526
428 302
483 232
390 434
372 379
63 3
520 64
499 318
90 395
135 443
300 141
434 554
664 458
154 374
160 300
320 138
429 17
361 10
205 280
545 163
349 554
305 187
328 324
309 328
233 267
253 359
111 371
277 140
438 113
227 645
60 558
482 53
151 663
117 130
331 520
453 277
279 492
576 303
521 346
246 11
74 79
10 295
2 405
139 554
407 407
213 388
528 638
316 526
16 341
96 218
458 133
132 23
490 88
530 5
288 621
161 156
299 633
12 205
181 566
430 112
64 665
298 322
27 322
210 293
590 426
433 499
451 592
213 355
352 660
147 312
345 347
29 147
384 92
583 526
449 55
417 442
337 84
162 213
422 483
204 22
482 96
625 66
545 168
393 73
333 97
327 265
628 480
557 197
52 439
303 122
115 641
334 593
654 7
389 567
599 613
132 93
64 531
95 551
300 347
278 146
431 198
50 104
340 433
197 180
482 206
568 157
302 570
461 604
479 534
396 94
190 490
422 314
238 45
433 67
42 466
319 354
648 84
281 252
64 276
521 642
19 392
282 328
328 412
168 326
644 434
370 413
168 653
163 282
495 519
278 389
45 109
653 26
284 567
353 459
610 52
242 158
634 400
582 331
324 199
591 392
627 62
489 215
442 130
539 356
504 495
636 255
186 388
387 71
553 128
538 139
654 484
203 185
285 509
71 103
103 235
158 592
489 54
280 389
566 564
495 510
175 392
406 449
83 57
396 634
555 166
241 406
530 485
402 208
162 621
214 297
543 449
529 341
417 149
302 100
127 373
280 156
470 527
645 225
309 439
230 142
351 495
410 124
407 25
82 607
380 595
214 633
225 144
504 31
110 422
473 412
645 610
273 287
117 246
329 402
185 399
611 454
190 494
50 540
31 49
320 70
220 214
22 313
359 260
310 79
571 134
224 610
450 582
46 504
45 549
123 392
187 58
571 595
18 377
392 600
509 493
25 95
149 587
312 414
450 115
335 573
45 333
336 516
130 10
350 455
39 356
44 220
465 285
141 383
317 4
271 573
652 243
13 384
272 330
55 447
221 457
257 292
277 191
238 427
28 59
46 361
406 294
530 39
403 589
598 156
179 612
140 48
663 651
559 435
387 167
28 494
521 423
381 324
270 555
403 477
621 35
571 211
232 657
228 440
583 344
185 196
489 210
488 625
209 2
199 289
169 557
581 306
497 383
309 293
472 44
252 358
496 177
444 196
339 474
663 630
138 132
112 651
165 397
450 29
266 38
193 518
372 65
600 569
190 394
654 72
653 643
95 343
129 301
540 129
308 560
333 573
595 462
606 379
206 627
260 220
194 556
239 410
37 154
366 434
337 118
637 462
142 512
424 455
44 660
146 341
309 200
72 519
375 348
531 513
460 52
90 589
61 85
544 594
24 387
98 656
339 339
442 226
80 477
219 198
457 420
145 456
61 7
202 589
215 416
477 40
12 417
344 494
488 288
408 158
461 386
99 367
501 98
199 649
50 348
269 444
520 181
529 431
369 182
219 82
253 444
119 106
540 271
345 549
513 566
580 95
591 37
456 482
471 102
400 623
70 626
600 580
235 337
318 117
508 314
73 101
302 276
236 599
317 47
12 577
17 505
404 218
357 386
78 128
547 32
578 423
609 182
346 577
104 209
540 642
225 337
664 372
118 197
340 320
493 363
574 185
37 241
286 470
135 242
593 584
635 166
315 645
407 562
418 104
523 23
299 349
313 415
566 51
241 291
49 624
26 622
552 578
531 153
660 562
19 449
665 118
189 587
170 91
540 292
628 106
559 223
299 57
487 380
285 261
520 516
553 382
442 153
332 426
410 530
222 462
111 197
381 454
278 101
633 487
230 602
449 233
307 212
153 337
381 289
492 298
297 208
253 218
429 649
531 578
491 179
228 518
269 629
530 624
141 643
422 615
375 83
138 426
45 50
596 10
352 185
51 471
439 471
603 587
494 82
187 502
498 499
654 469
63 255
559 642
362 2
317 126
137 642
623 473
392 112
47 29
112 574
210 118
458 491
165 220
477 94
650 589
628 184
341 30
332 37
346 144
580 220
627 132
306 135
293 448
432 173
518 517
184 548
297 247
104 531
581 368
159 603
196 501
363 282
58 589
79 245
315 504
231 280
648 517
425 429
39 10
357 125
650 443
640 383
566 630
559 18
530 256
96 610
239 456
55 106
397 145
33 640
499 69
255 239
62 643
233 137
565 475
423 108
400 407
230 88
378 420
240 370
192 561
610 309
287 63
429 468
183 347
561 665
123 518
505 397
413 438
27 202
583 321
407 549
560 315
221 112
46 258
84 148
499 103
279 495
291 401
254 504
444 214
264 479
561 364
589 19
80 662
585 506
363 549
325 417
478 182
48 571
154 113
360 224
644 373
482 440
208 140
295 634
83 642
39 285
368 628
639 291
649 603
278 247
27 525
175 384
133 199
2 269
280 5
381 227
594 218
40 439
29 592
287 635
639 616
30 74
289 470
259 628
316 240
225 438
416 195
349 297
116 596
159 414
304 319
337 448
341 19
299 548
299 305
171 449
237 633
63 158
380 494
29 63
433 355
559 483
137 277
180 410
410 428
473 483
110 500
281 631
260 437
207 238
651 41
504 88
259 299
313 467
306 483
293 219
313 612
517 78
313 176
192 646
364 625
415 252
422 111
257 560
449 1
234 426
348 632
503 305
81 382
211 410
342 46
173 595
506 156
154 46
573 544
468 83
282 480
57 415
135 183
407 545
205 52
70 308
310 560
370 432
617 99
177 581
282 656
168 25
346 653
21 177
243 427
566 74
472 385
554 161
504 588
188 36
78 244
605 81
186 502
216 637
306 310
576 432
657 534
555 500
58 63
608 153
41 305
634 437
92 269
572 98
208 53
154 535
536 107
307 526
184 245
477 570
201 275
633 173
492 18
66 608
18 189
346 21
384 487
379 515
251 609
341 294
150 9
200 396
657 291
511 537
528 174
248 469
298 655
632 292
445 355
93 265
314 639
304 494
349 48
651 426
403 227
270 197
59 544
66 641
432 4
190 342
460 4
361 318
191 519
336 291
398 126
522 500
272 637
356 118
555 419
553 129
515 582
185 321
493 278
432 52
503 208
355 390
412 431
271 51
393 251
620 265
330 226
443 271
97 91
337 159
13 90
21 367
426 453
455 622
435 374
654 650
256 15
660 621
229 23
202 666
128 410
68 46
654 74
531 535
501 634
637 72
89 93
329 298
30 423
3 99
627 306
607 454
624 148
89 592
653 218
479 72
246 300
180 72
258 88
330 267
34 126
487 290
83 85
306 663
36 545
271 18
356 32
376 519
78 168
311 263
309 304
398 558
614 248
239 479
208 301
488 656
408 297
665 259
130 387
656 123
520 610
523 358
228 286
647 204
408 379
580 384
596 176
240 635
326 81
508 110
388 664
291 141
77 175
391 232
262 644
549 107
211 449
648 362
557 11
344 524
288 168
237 520
39 44
654 480
75 191
120 388
315 563
373 181
19 113
307 545
542 661
264 85
323 197
599 465
192 328
580 102
440 257
378 496
292 137
325 241
206 230
45 389
562 28
226 208
484 7
112 34
293 467
307 84
552 90
124 317
495 525
318 386
226 223
605 655
112 252
280 211
578 493
269 122
106 10
356 22
424 8
625 424
525 501
96 249
637 555
163 429
201 603
124 454
428 436
518 488
623 585
398 75
431 349
586 415
613 207
391 137
243 472
327 9
412 61
104 95
334 198
130 23
193 628
551 114
58 304
551 244
490 161
451 260
51 587
89 45
666 317
651 118
337 340
73 504
241 23
287 632
5 540
562 129
323 54
452 427
347 576
106 188
521 268
115 467
317 276
65 639
106 419
197 627
331 150
357 524
96 165
517 501
386 614
239 277
627 611
131 207
348 52
371 528
158 179
381 636
379 660
646 250
307 30
125 12
108 601
401 60
46 16
111 239
110 418
459 90
517 181
555 631
607 325
135 397
410 559
545 435
476 413
287 415
275 206
339 320
456 163
146 643
90 43
506 157
278 564
295 439
302 305
375 65
323 311
494 616
199 443
633 455
601 4
113 366
468 291
423 240
568 318
421 210
318 186
572 100
274 458
600 195
551 586
34 71
120 188
524 330
207 63
130 334
191 425
178 294
650 163
153 265
44 423
550 639
265 275
27 52
385 666
615 627
441 439
221 68
35 525
164 229
531 342
459 583
360 519
70 634
536 239
272 617
442 628
102 69
151 524
278 568
206 619
536 306
12 288
327 161
305 337
576 492
276 324
26 431
646 550
309 340
174 506
38 405
568 122
220 357
236 458
518 197
360 40
22 563
275 657
218 259
621 245
494 16
299 409
586 310
395 326
48 327
566 305
71 471
275 567
70 24
589 238
501 620
367 456
507 96
430 339
318 381
506 259
188 145
114 162
137 480
393 295
497 453
568 13
409 344
99 638
416 355
526 438
65 185
474 457
49 44
593 53
336 546
252 246
539 368
316 339
571 274
312 292
174 345
630 245
173 269
454 366
39 308
328 346
257 45
553 3
190 285
220 472
262 417
484 62
271 77
135 20
223 587
326 224
402 194
655 634
183 263
128 386
438 152
601 435
89 281
187 508
349 446
347 443
280 555
100 425
557 609
248 424
415 156
18 321
37 67
167 275
7 455
151 3
608 465
378 76
591 256
175 135
592 277
74 397
325 67
436 213
12 336
387 169
584 93
9 645
581 554
248 84
331 426
143 179
552 372
95 440
292 119
662 475
415 580
374 92
411 561
404 548
177 409
420 530
420 95
386 282
328 642
109 227
239 439
371 607
348 31
614 90
570 391
98 159
121 492
454 628
448 552
210 157
230 96
333 107
16 529
278 383
659 318
471 58
134 637
231 220
541 159
147 337
645 491
286 481
351 557
550 552
505 277
463 453
29 407
215 636
33 469
389 547
448 448
147 522
64 617
11 589
325 496
86 60
112 608
506 618
129 294
510 596
84 623
222 43
551 613
4 471
339 542
276 489
597 644
596 396
315 58
493 280
610 578
458 633
584 526
185 252
471 574
453 15
390 173
110 272
612 166
246 172
381 233
604 334
480 34
378 96
352 476
343 250
79 201
87 14
87 403
365 156
509 657
593 180
575 607
76 221
181 195
519 33
333 601
90 122
286 7
557 116
643 316
471 466
303 263
131 540
260 631
355 74
537 399
158 286
489 161
242 38
513 144
191 396
391 52
132 238
375 614
67 569
293 648
109 500
429 579
281 111
189 364
289 402
569 464
496 229
663 86
644 81
450 67
231 371
138 333
225 307
42 467
208 399
365 134
488 590
641 105
466 154
191 234
201 397
253 165
96 320
40 485
562 358
61 249
322 531
626 379
202 651
178 636
546 529
557 318
171 58
652 263
47 210
552 582
391 521
261 326
301 492
610 6
33 157
576 373
408 78
64 629
376 133
354 643
3 113
526 127
183 10
539 518
624 520
313 185
99 599
549 307
13 447
178 582
155 96
472 246
430 453
38 614
266 537
347 186
63 427
236 25
564 61
164 391
654 63
432 467
333 652
273 443
612 489
631 308
426 278
521 190
79 244
323 16
156 449
278 572
148 224
339 447
247 29
330 69
91 581
73 666
6 256
379 512
514 415
345 656
311 336
201 654
69 43
349 4
64 395
463 307
119 347
106 593
542 243
110 511
513 39
208 661
353 657
498 535
562 50
87 560
299 68
300 649
89 185
233 280
289 74
396 242
88 501
483 512
5 291
428 414
434 14
66 638
454 183
488 192
534 335
489 211
17 613
491 639
338 322
404 448
198 223
261 256
112 506
495 620
299 353
133 13
324 185
307 443
525 582
324 449
616 55
649 223
635 591
664 390
457 190
608 222
509 158
141 155
80 378
455 133
474 370
612 416
221 554
344 661
665 3
283 2
418 444
168 113
184 487
429 251
36 214
388 659
467 397
41 607
4 573
57 347
105 653
35 487
106 264
383 444
659 606
54 498
642 64
485 594
337 242
465 503
592 66
427 309
565 265
109 40
286 400
494 429
597 483
50 441
370 211
519 511
437 503
219 321
647 82
393 366
80 622
99 610
132 108
199 144
180 267
293 304
11 576
290 320
1 287
641 294
512 72
555 232
218 410
151 281
534 380
344 356
97 654
198 174
281 308
102 130
416 549
291 557
650 134
537 259
467 546
506 616
507 357
557 16
17 36
10 349
353 74
637 389
658 329
215 35
410 644
504 222
113 345
499 191
501 342
65 72
143 203
176 338
544 30
384 397
69 430
372 499
296 553
13 665
335 187
584 231
573 454
97 130
630 130
86 289
642 375
108 212
528 64
452 84
156 649
643 167
575 26
104 529
388 485
576 587
605 135
26 232
316 366
418 317
528 360
475 463
592 614
618 290
140 480
239 182
80 342
532 448
439 513
128 333
31 552
557 518
316 179
165 48
128 99
181 282
480 635
634 649
323 247
395 324
553 175
163 387
251 101
17 538
206 361
389 598
282 151
136 395
297 461
267 224
425 128
297 558
575 20
107 604
206 12
159 488
157 84
543 642
14 66
206 151
635 541
328 71
32 158
443 617
568 451
617 409
487 314
390 391
524 210
605 457
44 452
612 628
354 521
592 581
68 535
432 480
248 345
585 340
418 652
365 73
8 167
194 547
59 168
470 642
519 653
306 191
86 334
149 108
538 308
300 665
439 485
274 326
594 368
437 5
415 278
399 81
10 463
492 224
262 384
302 430
132 378
77 566
277 382
133 32
341 333
30 591
196 244
366 515
462 40
191 426
437 238
42 224
135 267
490 267
56 403
516 303
338 530
117 185
68 217
373 324
504 232
173 540
183 141
475 68
503 403
434 20
98 1
189 352
598 603
146 187
573 644
270 176
586 510
72 572
60 124
1 501
558 485
269 314
67 527
598 350
609 439
162 248
242 401
67 496
302 313
543 375
464 577
617 515
