440 8
67 1
464 8
256 4
16 8
150 2
472 8
248 4
264 8
512 8
ERR
16984 8
12008 4
ERR
151776 8
ERR
0
uj.yuzrajlheu
472
3172
17456
10288
243816 8
34440
gf.pd.yobdmdxdq
2865 1
2735 1
34448
34888
qlr.hqxbr.jezqmxasd
ERR
119636 4
37624
1524560 8
25600
157264
2174976 8
1681824
ERR
1684689
1687424
nsfjbawrd.ehdiwedbd.wjpshc.odacikovp.cu
0
6586048 8
nsfjbawrd.zworjb.cxiumwmz.ghtaf.qerzdzjufi
1687428
18091136 8
nsfjbawrd.ot.smuifwa.optjslgmr.enqdvs
1687424
1687496
ERR
1687648
1699656
1687461
34440
zsywxlsrkz.lzqaryrdb.zpju.sku.hfrv.cstvjk
19790792
49419032 8
1687424
932040
158060136 8
6464
96475 1
19793527
1682032
19793527
zsywxlsrkz.nrdxhvvtx.qvcho.roah.xjtzguhed
104422 1
zsywxlsrkz.smduzgqqkf.semlb.smuifwa.utsm.erjyblfozu
501268280 8
zsywxlsrkz.lzqaryrdb.pm.ks.kmbfcsjs.umptehdtky
19793600
ndy.drrojhse.gjlvv.tjqzld.cvmaumdft.lufifb.ylh.olc
521061880
10695472
494146424 8
521062128
1243896 2
1695752
2554518552 8
9089482 2
5193016360 8
1689871
1015208552
1173268688
1173268840
1222687872
1173268840
4672218664 8
ERR
1222784352
1222784824
89894332 2
ndy.hi.ltlzong.iiwho.wrmrtx.gnvffajk.pdhbrf
ulqqywrjz.ealsydpkfb.hl.hi.tja.semlb.lghqly.kozu.pdly
1173268832
17456
44933130832 8
5895003488
1686050
