240 8
496 8
360 8
90 2
61 1
164 2
240 4
208 8
416 8
472 8
0
208
496 8
488 8
216
n.itlmw
n.saumwdw
704
872
64 8
sc.wypmrhgs
sc.ly
1360
1568
1568
1632
1386
704
0
1632
1640
408 8
1568
ERR
224 8
148 2
1632
tzmkyojv.rjzj
tzmkyojv.axuqyhbho
1680
1592
fkgnvmnohc.jkkeu
kybrllmdrx.kklcmqfcl
472 8
424 8
400 8
ERR
sc.zinkv
tzmkyojv.rx
328 8
1704
408 8
480 8
n.ywlcazrzsm
704
ERR
1640
472 8
2176
2648
2744
ERR
3224
ERR
3288
322
1712
472 8
3512
3720
ERR
swxdt.bbgq
2838
mbr.jxewkhmegv
416 8
280 4
416 8
tzmkyojv.fgh
272 4
n.xyzjrcs
1656
3474
88 8
92 4
424 8
ERR
3229
4128
3263
n.cdnlffrivn
4552
4912
108 4
440 8
5384
480 8
440 8
5656
