7522 -27966
-51090 91672
-9882 39985
-36950 21133
-81783 80697
-6601 48973
-22177 50313
-15853 39911
-25393 5719
-34888 -13002
-47702 40626
-49673 -46493
-54746 -47052
-72598 83139
-79183 -23266
-71048 25109
-67308 -14130
-68155 50625
-44936 16471
-49017 26450
-26257 83655
-52800 25463
-36602 35410
-37536 39361
-6908 36338
-90475 -76711
592 30103
-57598 -11431
-26250 27715
-30891 -10032
-91533 72938
-43732 -6518
-51497 -15484
763 94375
-77184 -23972
-49108 34120
-82067 -79828
-1591 58679
-83967 71698
-51550 10850
-76716 -34918
-4033 3482
-25730 85180
-43950 63854
-8199 -3833
-71077 29205
-71741 -17612
-56744 20255
-21625 64459
-96964 -29063
-9652 31581
-37142 25595
-85645 -50310
-42830 -26541
-59011 -11696
-98134 -68329
-93128 -21615
-44761 96789
-249 29001
-20855 -6694
-64657 -15092
-98172 15926
-1961 11025
-18039 25379
-38830 -923
-51652 28010
-30487 -24138
-83298 99362
-76341 -48833
-57546 73949
-71262 12892
-84183 -8993
-96626 -68763
-40054 70062
-92452 45546
-79807 42971
-80141 50944
-88252 3687
-12002 38217
-74425 -59449
-79752 -23055
-27801 39319
-83946 53921
-51939 38196
-54993 15232
-54804 -25011
-33638 34537
-55689 79865
-4098 42016
-70170 -24345
-71164 60031
-28005 4614
-67766 41374
-7329 77369
-98244 -47155
-18195 75369
-63827 -20713
-17210 84921
-95322 12959
-32420 25990
-59085 -15241
-63394 53604
-45054 -9745
-44266 -37140
-79525 57344
-60994 -1190
-74002 71045
-74628 2944
-75152 10001
-5984 23508
-32701 68952
-8057 3920
-75799 -11854
-16598 69076
-55219 -3714
-69378 39712
-99305 -25247
-95391 43277
-40903 1235
-77275 56844
-72434 -15614
-51364 -35053
-25299 75244
-42133 -34327
-8185 55846
-72253 41231
-46107 12021
-14559 -12352
-37824 -36994
-12177 6806
-66857 -12606
-99747 -24150
-46140 42325
-52796 95865
-93666 5979
-5728 40246
-855 37581
-82240 61956
-74137 -11771
-75035 -24581
-79609 -7863
-87737 -65747
-68814 18100
-59251 -54254
-82012 69109
-16138 11603
-33500 98945
-82613 -64467
-38726 52520
558 90008
-13148 56198
-85829 61461
-66163 -20442
-8974 93875
-96447 77636
-42531 -25400
-97150 -63769
-90837 -69139
-11122 44562
-78116 -15073
-58671 -31448
-17062 -5726
-48421 31499
-71891 -29482
-90655 -90572
-10266 65143
-66837 -9641
-61104 99086
-76563 71208
-87690 -60397
-37505 43394
-47781 26302
-50583 96257
-18970 68861
-80934 -42009
-43647 -12966
-54132 -11680
-44272 5293
-61600 89357
-94303 71747
-30787 92236
-14204 76287
-84401 30945
-14220 -1775
-24206 86390
-99474 74865
-40174 63977
-29347 72620
-28851 70503
-69192 -20461
-72652 39059
-2749 19244
-57508 -53039
-90372 92381
-72504 22151
-1803 30851
-99445 -79752
-12487 96835
-91777 -48765
-23442 28022
-79491 -49332
-61247 -21564
-59047 67631
-46278 -28397
-4919 96358
-90789 -2739
-28709 -11150
-65753 -37788
-27192 34963
-38469 17621
-61265 -30686
-73508 -47220
-59314 18268
-14274 32910
-41262 93331
-66394 90556
-34675 31080
-84214 -70438
-6954 77910
-20460 35156
-35193 96145
-23533 55222
-17497 8057
-100000 -21338
-45274 59682
-14829 -10973
-18579 50983
-88502 -16350
-17636 64257
-265 52634
-59515 72929
-6606 86621
-22481 85963
-85104 33908
-67902 735
-69277 -68769
-66880 87320
-3374 64069
-27760 -11747
-57032 -33453
-46817 97224
-40883 -16933
-46558 -43161
-1116 63893
-23500 4062
-59125 -53084
-40193 -1214
-42955 -23637
-50493 15711
-37926 23799
-48501 31460
-57215 -7703
-85148 -84386
-24528 10405
-86629 -31919
-61148 59621
-54422 17089
-56372 -53797
-81726 89587
-47834 3214
-75183 86255
-44691 40039
-38493 66715
-60210 -45982
-92981 -7797
-89132 35450
-52595 -37619
-64330 17691
706 95089
-73673 75688
-75399 -42032
-86899 21430
-10282 85647
-78029 38927
-135 31781
-12463 55006
-96974 76785
-6417 70128
-42350 50369
-35700 49344
-68095 -30877
-21264 36139
-30197 -24171
-84517 -50560
-11404 87352
-64289 -49281
-73294 76702
-43328 90804
-28217 76401
-67527 92043
-32719 72962
-85082 20270
-75003 -7541
-41443 93338
-5720 34491
-25745 32258
-57375 -25610
-24676 60028
-28572 -19588
-78914 59583
-52816 -47708
-32988 75948
-11678 25126
-39357 67349
-44161 -42256
-83372 -43720
-95725 -35881
-17055 4348
-8792 2984
-59999 -25033
-24592 79830
-90417 59230
-1018 82512
-98046 -12694
792 11419
-31469 -2686
-95269 -86288
-61132 3439
-84560 39983
-8327 63400
-97006 98303
-29679 95474
-87441 98436
-11013 75644
-78572 25408
-94987 42112
-95808 66650
-92876 37920
-95261 91478
-11777 50272
-26214 96341
-89709 -13474
-96403 -18167
-36150 -29547
-5242 52480
-9910 49277
-68097 8495
-92010 -20946
-10389 83897
-22458 -5588
-31392 65542
-17044 -11657
-42400 10509
-33717 -6075
-24832 72138
-76552 69791
-59516 -47905
-42095 71456
-49977 80832
-90015 32439
-96161 -20803
-98855 -22965
-68716 -47609
-64342 -50400
-30705 49849
-3732 39976
-28201 5778
-26405 72462
-78017 -63017
-71426 -50800
-11654 88130
-43072 44390
-67089 28198
-46106 71551
-71085 -37527
-85759 -34930
-82917 -58796
-56356 89742
-385 75382
-76791 -60639
-14222 63980
-74997 1176
-41155 -18047
-12890 60138
-85833 -19627
-87990 62080
-68975 -5556
-44227 -35375
-91155 -58266
-66193 -30498
-49069 31675
-64044 48523
-17436 41072
-75131 97656
-19270 94451
-46036 -31427
-34973 94262
-86162 83636
-34545 -20052
-60472 22293
-94669 -62609
-60323 -40530
-82971 -78678
-88590 -56183
-72760 -11459
-20914 19422
-88698 63796
-64166 13792
-17293 8914
-34681 85368
-51411 97989
-14828 -10211
-9723 35056
-38189 4098
-18611 -16679
-19056 30370
-5526 89897
-39308 18549
-84043 83963
-36483 75319
-50020 38850
-9234 19075
-5890 4154
-59888 70179
-81120 -52090
-85585 -45474
-82110 -28611
-20020 1504
-32652 66035
-48831 89592
-70150 79461
-11150 -6843
-350 51600
-17222 30714
-81028 65942
-99669 -92704
-50495 -20412
-3486 73308
-8972 46480
-79105 -6498
-9958 59400
-69591 -16542
-28285 76987
-57498 -38165
-34623 61233
-28490 55945
-46185 18332
-54630 -26181
-8934 94882
-91221 30202
-90331 14136
-54805 36724
-78768 -6781
-3116 13731
-65593 -27738
-56148 32656
-63419 -28706
-15930 56528
-72230 48985
-33173 80489
-92313 11015
-39623 86638
-22560 70304
-79217 -29221
-66540 -26675
-43381 3721
-31458 15132
-30779 86752
-20381 39387
-31289 -8484
-14653 52390
-98031 92380
-44007 -17017
-8389 55957
-53168 16418
-4608 18875
-328 57400
-11565 46082
-60497 -16524
-52455 54319
-14630 57665
-42555 81785
-93662 -24257
-79409 -76561
-880 15097
-73905 -2300
-39251 -28287
-54709 -33266
-98321 66611
-88635 -51188
-6924 27419
-40615 27618
-47136 85459
-52653 72835
-33943 209
-34013 63811
-51595 -43438
-21703 -12047
-63227 -6290
-16772 55453
-7524 -1934
-16896 72754
-58946 -53906
-18231 -5685
-69954 -62662
-40310 68379
-58599 -43330
-15548 99308
-63486 3158
-48139 94511
-34689 6032
-5917 53019
-9161 132
-3206 73124
-20288 14611
-59260 73418
-83563 32752
-26301 79615
-57260 -48883
-31967 31758
-27946 57401
-10785 27390
-27378 71999
-89712 -53841
-44655 73229
-3648 49673
-4632 21566
-54828 71300
-54965 93926
-14596 -150
-51521 24821
-41516 41153
-77901 60621
-20249 -9712
-45408 19161
-98835 86039
-95012 40548
-65327 38867
-6662 16403
-63199 27858
-69808 -30571
-7439 86421
-60135 75912
-76397 -44856
-27569 62950
-96004 95625
-71744 62830
-52590 -27486
-73816 -33418
-90795 -53990
-53209 84220
-64468 11346
-17770 -15097
-67581 -55609
-53792 57706
-63047 -10331
-41626 94115
-77682 -17564
-21145 43726
-63201 62265
-84835 -67517
-82988 96847
-15160 22956
-1024 53521
-2165 4503
-80328 -55280
-23671 52076
-91538 36241
-69217 -18246
-6307 48145
-35591 -28225
-21493 73191
-89811 3927
-35242 90008
-46268 13505
-823 42724
-44105 -5216
-39223 -1951
-75995 56838
-48340 63849
-36839 2030
-4782 5079
-48566 -5883
-65761 13512
-14959 74836
-83300 33406
-18117 12220
-42669 18805
-91111 -9883
-86504 38413
-98232 -92102
-90427 -12417
-58283 -1896
-23263 97013
-74554 99728
-13553 97528
-86937 43492
-12750 42712
-2215 87849
-91332 65488
-52584 21281
-45045 70247
-85565 36604
-72830 -46229
-40451 38898
-5967 91169
-5279 87247
-47148 5937
-48717 66294
-85448 53294
-17675 -12658
-44181 59441
-89984 84911
-61070 95707
-76980 43036
-27014 -11312
-2626 42454
-94097 -5572
-8587 39398
-47028 -6089
-1925 92052
-26605 -25772
-74827 -47583
-50020 8997
-91336 -69585
-16055 -12896
-52922 -18972
-86140 24876
-10293 -3731
-91258 -19906
-71532 34757
-7831 43462
-86925 -37964
-24441 28561
-13888 35769
-61812 -60062
-63143 -3502
-8825 86377
-59487 -12389
-88125 -63171
-20881 6546
-25636 51780
-52019 27132
-71552 -33351
-22698 -5370
-91524 88263
-95537 60412
-38346 13677
-67326 126
-89490 -79604
-46401 36628
-82929 -47976
-40011 25073
-10131 4388
-78564 89356
-79710 7846
-98853 -95614
-33757 47562
-92475 -61685
-69097 -9830
-47078 97836
-66077 -52423
-43006 56642
-60623 53624
-7264 25162
-69134 78803
-39044 28445
-99949 89656
-50776 -44006
-57505 -35665
-95759 -85970
-79547 -28759
-9973 47691
-52281 -45201
-73151 -59259
-89274 -55999
-1078 63997
-5752 76570
-18915 -14451
-44788 70994
-91246 -5284
-13787 22955
-14531 22021
-33270 1646
-84064 74909
768 36944
-88647 35195
-25877 33344
-83912 -25947
-19440 74161
-31316 76522
-82940 21600
-23705 -17804
-62985 78716
-95254 48257
-16933 93110
-74664 83638
-4467 31009
-92404 -64210
-85299 -42788
-88753 -50261
-21752 -3201
-79433 -47494
-87272 -1719
-52838 -1826
-31481 -15929
-52206 46650
-67891 -61326
-4134 74924
-37974 43811
-71506 -19195
-62921 1325
-56156 14333
-47768 55169
-98202 -21110
-90391 67476
-7017 60477
-4961 32990
-38125 19378
-34194 65711
-65555 -42837
-65019 95895
-86273 73708
-16198 27497
-24737 -1322
-3317 98414
-31803 67777
-72021 17609
-9164 16468
-40798 7637
-67044 -40101
-8679 -7114
-62551 27057
-75990 -35627
-4730 87466
-13340 75291
-63659 36652
-9409 47537
-25455 70456
-34962 52807
-88641 -58010
-55817 14650
-29511 -120
-46903 51471
-77241 -13596
-99812 49286
-84660 46172
-45563 42872
-39440 -28153
-33974 85054
-36815 11128
-15303 42405
-62565 -52139
-37398 -27771
-84864 33867
-89559 3099
-20348 48663
-10969 -3579
-66530 -56058
-83711 -167
-57098 -2678
-24347 -14102
-88422 -46324
-38394 9381
-80835 76675
-53829 -37419
-73646 75700
-35549 -8970
-12638 16524
-77918 -12826
-99353 -20837
-87563 86595
-69762 -45446
-36845 67663
-80462 -61712
-32827 53990
-18932 -15858
-40882 -40533
-45960 33459
-81275 16250
-34185 47260
-78904 -11335
-30567 66223
-84356 80286
-37037 41600
-51306 37583
-35482 78329
-81454 12404
-36583 18880
-52919 79506
-44566 62535
-92709 -6753
-67347 39133
-3712 35629
-35300 8749
-38602 -13243
-94994 -25319
-36182 58546
-80570 -43020
-82276 15933
-17991 -8198
-5748 10180
-29905 58977
-13361 72851
-63253 33790
-61406 98913
-90091 14551
-91939 99273
-12049 38542
-64719 64172
-8615 58379
-65356 -43823
-96008 -48631
-18629 74939
-72521 91780
-98759 -27396
-13831 9947
-78549 27592
-65699 9822
-16079 72062
-29242 30487
-83276 85703
-26334 4089
-79942 7511
-18106 92915
-87792 47792
-13711 92728
-73036 72310
-27559 -24399
-61405 60280
-69718 -62687
-34792 -24744
-16486 49027
-23890 72464
-58364 15245
-85536 73049
-65504 6647
-74977 98500
-18451 93217
-91648 -58962
-87151 12916
-76778 -34536
-24174 46016
-21188 29034
-14874 73763
-75741 -39028
-94452 -68359
-62693 -44960
-75100 -50712
-59762 -12850
-55547 63937
-54260 -37718
-38770 -36560
-64442 -22206
-87629 -22136
-7479 29228
-49261 29438
-28140 23973
-40077 81351
-73649 12570
-48737 3546
-97843 13377
-95339 -84937
-10209 -4502
-72271 -6773
-61925 98034
-11471 -7656
-41865 90229
-14335 85724
-5789 85974
-12788 15924
-8772 28043
-34222 10521
-90852 42445
-69161 93552
-41816 88064
-60497 43016
-97652 -67735
-53830 -39201
-26085 25666
-9492 43544
-85114 -82998
-52734 42932
-11444 56441
-63566 23639
-34612 -28447
-14620 45390
-14915 79733
-61896 69836
-49579 99411
-38608 -29455
-82481 10874
-52922 -36590
-72673 38930
-78846 -19540
-81178 8777
-80600 64973
-87338 37658
-43668 19892
-61716 14800
-95190 -94468
-37022 90745
-72905 41782
-20975 90460
-53410 -8765
-69301 -69070
-82944 -73564
-86984 40245
-5319 78765
-51303 -33981
-28277 53858
-26235 69632
-26232 48554
-78979 97708
-25387 16764
-10724 -5423
-23870 79653
-9006 49288
-50947 51810
-51597 93355
-95911 46468
-779 12211
-22363 77630
-77587 27446
-18028 84680
-31286 57562
-58527 -46062
-94575 19005
-29181 12113
-86784 -16755
-84794 -60539
-17357 99997
-74203 24202
-42285 12677
-86392 55217
-53405 20222
-15130 33674
-46909 80244
-6351 20514
-74125 -29110
-31394 -12713
-52283 42901
-92941 -23999
-14644 39577
-99766 58689
-45171 -9229
-84927 20299
-10403 -5000
-98594 -65141
-37989 -3755
-20921 59459
-90926 -76486
-77032 -27098
-72318 63634
-11650 80247
-88141 66745
-25689 78912
-87860 -80592
-7247 42387
-51532 42041
-85101 90533
-32177 9083
-77238 -63851
-13770 4983
-25157 23925
-87185 93368
-16160 53237
-75589 -4546
-86236 10331
-94592 -35189
-82676 29533
-61764 82544
-33534 -8045
-23507 77108
-53683 85671
-89361 29215
-29609 2726
-23892 90096
-73422 4501
-41684 -21801
-85020 20835
-31829 38075
-93516 23602
-78596 74493
-13602 42432
-93418 9161
-18966 32817
-54948 13100
-78694 -75749
-68405 64994
-21501 64337
-56582 35713
-64529 -35425
-26550 47584
-80113 28509
-72002 56343
-10668 50628
-33366 70703
-2697 25911
-39843 96818
-17981 -11773
-64533 24890
-95542 -85336
-48607 42021
-65480 -49188
-24477 97649
-36207 57079
-55327 21316
-14819 14176
-32435 16077
-10090 32784
-79994 -11696
-80526 -7956
-93176 -1595
-6424 30719
-69156 -21801
-53301 -26113
-85896 33597
-1375 55095
-50646 25812
-60815 -13845
-55995 975
-34408 33611
-98906 96244
-58626 99965
-64862 -32475
-5340 11973
-29075 487
-25466 -18732
-26539 -12019
-51373 -51326
-21121 93427
-56948 -42214
-59960 90415
-14390 42007
-54745 15668
-78730 26022
-10711 89982
-66213 -60407
-3771 59662
-23720 46259
-88055 -7130
-13988 -5618
-97204 52520
-57074 8500
-62640 15512
-77097 -3225
-61490 55324
-77098 30438
-59457 48975
-73071 -65993
-73861 -20011
-81425 70602
-95001 21574
-86309 -54434
-17078 68199
-50712 56739
-24929 34579
-50943 88369
-87068 40981
-92631 81303
-35266 46502
-54755 27184
-10095 -630
-77727 54614
-86368 65619
-36632 94618
-12419 37413
-83532 91325
-36707 56567
470 16338
-74074 3924
-90986 -88397
-64654 -43001
-88969 8717
-13022 22231
-20127 6228
-45451 -24971
-26474 59946
-16391 8372
-70567 -38511
-25169 -9850
-88340 74757
-51804 -32357
-50879 73964
-28105 87069
-96112 72515
-78630 -57721
-12887 5841
-27449 -11811
-32610 21017
-9175 2360
-59031 35423
-14309 74830
-63056 27049
-31429 25915
-92044 46083
-87517 -3465
-43289 11631
-10520 19594
-99262 -91078
-18761 81091
-96734 -13201
-44854 52991
-58616 15026
-40201 78756
-17072 76246
-43834 66299
-76197 37417
-74445 -38415
-63401 -50841
-77031 -50536
-64030 35459
-27923 58633
-97270 97870
-54448 -19112
-97738 -73996
-94604 91011
-13120 85024
-30001 86573
-74013 93224
-41523 85527
-6729 5547
-6814 16658
-13583 -9807
-89099 -65111
-92067 -41585
-86211 -64195
-15832 55256
-64953 32066
-78647 -59490
-97652 34368
-31203 33118
-56677 -46728
-23528 46544
-84179 -32413
-73099 -43119
-70356 -53564
-17057 77059
-64902 32678
-64603 16689
-13562 22088
-29055 2369
-59929 88065
-63737 46784
-29331 14961
-34506 117
-17206 32499
-90889 4463
-5470 53329
-10867 87646
-97821 43411
-61157 1677
-89904 54033
-6482 71144
-96754 26737
-80417 -59953
-98767 -92251
-60482 54810
-64459 -32603
-84882 69170
-57533 76014
-29352 8287
-46796 -20876
-42817 95268
-84160 44100
-71462 -9442
-43512 21755
-47718 79548
-3804 40865
-50310 53139
-16143 -10472
-72739 80193
-35686 7340
-30673 46139
-44727 -13566
-35275 83974
-38530 7565
-50641 93618
-65736 -44859
-59716 -3319
-72371 20927
-55461 -40693
-62135 -40387
-91950 14724
-70187 70037
-41300 85992
-79078 83531
-59965 94277
-4396 36171
-69296 29867
-33489 61965
-58588 4821
-24821 -12426
-85084 49053
-18020 17292
-2915 44897
-29982 38767
-31993 32471
-4574 22297
-14565 7612
-86088 47872
-88191 -35175
-4081 21428
-14310 87016
-60662 82429
-37149 -9541
-1640 3764
-55262 5750
-50377 -3539
-72545 -16770
-87977 77946
-11187 10916
-5793 93455
-72340 83819
-9548 87905
-49065 22625
-55374 -25238
-7920 10086
-2328 86611
-90734 61310
-64832 -58804
-648 72898
-38489 48577
-32861 87403
-49402 -8212
-51564 24908
-45886 94539
-39561 74249
-85588 85706
-73009 -32465
-67048 43055
-96286 81297
-13512 10095
-93330 -92604
-17989 36529
-58705 94914
-27390 92323
-27405 49680
-11298 67672
-33333 -23958
-58753 38655
-3369 48313
-41015 55499
-77195 76124
-84408 10624
-24451 6496
-37824 99433
-96614 -44170
-35788 41817
-3757 27994
-64878 -48368
-8372 3762
-13197 62121
-60257 -28518
-79999 675
-71473 65977
-48925 -48826
-82617 -64424
-96384 -78540
-65337 61761
-76839 -41031
-58823 -24226
-71763 68870
-79351 -9346
-20003 49463
-81720 -80627
-55235 24347
-77010 21910
-54028 890
-7951 41575
-25680 68822
-29993 56644
-98960 -79987
-74001 37953
-37122 38791
-30582 27639
-57485 77489
-32193 22529
-97355 -65641
-53646 39702
-38404 75065
-36035 13249
-38598 12567
-58331 25481
-30011 -19382
-32051 97951
-35812 48942
-62203 -49139
-25489 73305
-55390 -9992
-64743 98087
-1024 86876
-15187 5615
-66743 -6107
-23384 49491
-81747 26538
-76424 89952
-14257 79625
-54436 7943
-26437 46173
-35601 40345
-92207 -23207
-69565 65951
-72233 88122
-64245 23099
-1070 43911
-49911 27189
-68604 -3854
-96772 83260
-78946 44392
-24661 -22463
-4628 10354
-20492 50639
-55919 77364
-96296 10757
-87435 -41302
-91109 -4678
-58661 -27379
-64757 -18039
-97314 67171
-41755 -24029
-49804 11241
-7008 -1020
-99633 84370
-46414 14226
-79355 1444
-71348 29098
-21117 5614
-76680 -70890
-80487 -56344
-81458 -6514
-75916 99360
-93581 37385
-40855 4095
-70841 -64560
-10604 46717
-91805 -3982
-5872 42050
-15654 -7275
-70246 49076
-20825 15686
-43320 68133
-2441 36009
-29544 49634
-38437 -19439
-75070 17468
-43830 44873
-81009 20893
-14338 -7364
-89369 -42501
-89402 54332
-79291 93045
-74583 66377
-95971 62901
-94598 41254
-54692 -24172
-89737 17621
-26307 -11161
-14532 87553
-87599 -60392
-18234 82884
-93099 60310
-56616 -54014
-25074 20018
-49200 1769
-75273 -61439
-24673 45840
-23759 -5801
-5578 62534
-10147 97187
-37755 53886
-59630 58165
-59627 64849
-4286 5671
-65583 35373
-12915 -514
-80359 30661
-10168 86004
-95159 -10248
-43496 89181
-66987 21693
-23725 -403
-89615 74826
-77178 1832
-55822 5172
-8737 23870
-62467 -5912
-21107 4201
-22145 1143
-34003 84849
-2257 1954
-2541 78800
-80784 41945
-91575 68236
-24373 21787
-68360 27799
-78072 36030
-43160 -31230
-6882 1242
-87693 -1253
-12284 61993
-28667 48785
-40553 27986
-41974 63381
-23138 48495
-30377 3637
-77174 -31619
-9021 34081
-53936 84564
-6714 12745
-95570 -86671
-91588 6148
-97171 70880
-50819 -3904
-36066 -18494
-46974 76155
-21081 -17625
-91361 -28168
-45878 -25147
-851 78055
-98182 -59068
-36344 -34360
-13017 61431
-70701 31618
996 69622
-79583 99154
-91370 -16013
-18867 6748
-52049 48425
-10524 21035
-28289 49106
-57628 541
-97533 -29527
-24793 -14748
-18950 -153
-37099 -6763
-21026 81560
-26004 6510
-50077 -31357
-71303 63514
-64784 -47129
-38769 91403
-98706 -80932
-74165 -35989
-57843 -3459
-36656 -11366
-75905 82750
-51005 68856
-22507 20751
-34750 33920
-27626 95425
-26965 77735
-61538 64571
-93694 -16105
-39357 1906
-9538 83281
-23056 99695
-93038 16484
-85179 1805
-94315 63167
-27139 30863
-28327 29646
-81396 -42570
-84608 -70371
-79723 -47760
-36174 -23173
-2931 16867
-81930 26358
-40009 2861
-85092 57132
-66814 96550
-45954 87250
-7949 56379
-63518 82105
-27066 4502
-87208 -75958
-21668 78870
-4995 72598
-59872 -39531
-33825 68951
-18423 18444
-39410 72722
-97709 13522
-45000 65364
-73794 31082
-6836 13810
-40279 -39644
-98470 -43840
-1792 79702
-56391 -29364
-59350 -35460
-9262 4177
-77606 66270
-62788 73100
-88595 71883
-29068 -27315
-98397 -49991
-81783 6430
-85518 -32537
-34202 62729
-11919 43423
-5195 25830
-68865 5132
-1246 54117
-62522 96153
-68977 75012
-31229 60041
-42517 20938
-82738 -44067
-95189 -755
-18634 68438
-33750 97986
-54761 -23227
-97372 -14977
-57870 -5207
-85432 63184
-31707 78082
-3667 84321
-91800 25347
-78963 25090
-53796 -26342
-9131 -5896
-25060 44776
-22764 3401
-29147 39610
-35715 16008
-19684 56520
-8112 19243
-9057 31256
-23546 55391
-30762 58237
-15282 43508
-1007 4114
-39702 49403
-9064 79302
-10494 99852
-57478 -41524
-55337 15512
-20563 89814
-11221 88013
-14490 31456
-48065 49048
-93281 -33578
-59379 33527
-37185 -25809
-54881 29975
-19350 -8160
-82999 39916
-18830 12656
-26064 32595
-99994 -74036
-1381 57257
-80663 45765
-68460 -68353
-34620 1191
-60495 -38523
-47318 -845
-678 5615
-58838 39164
-88634 53688
-52704 99265
-82090 -32065
-77882 32897
-73034 -27192
-42955 4219
-98677 -55889
-51708 -37568
-42194 2518
-56296 -5851
-96460 68404
-90476 -36135
-84258 -19710
-44724 86098
-4794 34795
-18095 86103
-77386 -72375
-52358 53944
-87791 22940
-85106 -784
-99306 3841
-68664 -42259
-58555 46360
-51238 -21623
-97342 -73376
-26891 -2784
-40242 70989
-82791 -56407
-25901 -20692
-3496 56710
-8990 97905
-56508 13286
-66521 5211
-83006 15577
-22603 92399
-99486 66601
-23650 -1078
-42828 78587
-611 96345
-6818 15828
-19766 80025
-34039 -29055
-6742 36224
-8821 11926
-87453 17240
-56970 3620
-54761 27631
-24787 56716
-79571 -60920
-45002 -10334
-75369 52761
-76395 67955
-6658 18966
-29761 69354
-81987 31710
-67919 -30550
-80536 38860
-60593 73204
-608 89436
-29306 58303
-45416 84319
-84876 97172
-57062 18235
-74488 4389
-40828 -10844
-73718 79431
-89296 92357
-58758 47134
-16167 -6392
-91931 -65277
-46451 -32662
-26010 87845
-40111 89661
-74700 51597
-92894 18866
-79517 -44731
-76933 23363
-87811 -3738
-39649 -29320
-93129 68192
-37325 88970
-96253 -90207
-12980 16839
-39269 19268
-47657 40867
-91646 35562
-74219 57038
-56894 54374
-66618 15638
-7992 53802
-25218 -12269
-23821 83965
-42291 21725
-36154 56099
-18222 21934
-72632 -48809
-59127 90614
-15200 84535
-96890 93031
-2422 17463
-59575 -54125
-13690 79809
-2750 42374
-41901 32264
-84310 -6421
-44874 -8440
-47229 39527
-48667 75384
-70549 51184
-54110 -10835
-98949 39478
-93193 70598
-23862 33454
-91168 -56362
-85339 32494
-91787 -36246
-3843 88979
-89111 49184
-47595 4733
-53379 -30350
-11745 26771
-71012 70569
-72211 35193
-79850 -7722
-41398 67605
-68531 -22150
-47630 -23658
-96653 23348
-19598 83384
-95418 2647
-51088 94841
-80884 98194
-59117 169
-14460 39774
-40223 -34485
-78067 40792
-86503 88397
-99185 22776
-72279 31668
-50639 35132
-20941 -17458
-19547 94263
-97779 -34672
-67924 82093
-39269 20294
-63545 20917
-66812 -46847
-10404 50835
-70754 42781
-47249 18039
-27032 55430
-41762 26674
-38037 60140
-74487 31713
-84720 -73934
-43500 39074
-27095 -2487
-50177 -4198
-52812 23150
-53634 -47398
-73134 80481
-62055 -19645
-82041 78897
-38800 86744
-24874 70694
-45709 -6951
-98372 67324
-95130 40584
-30816 -17753
-86037 13372
-70780 -59379
-21462 63479
-1369 9473
-92012 22484
-80558 97642
-57885 64092
-93586 51788
-87863 49984
839 22864
-71209 19
-84793 -32824
-52306 33673
-83920 95308
-75161 94593
-18853 22193
-15478 41658
-40311 94577
-99467 -44078
-20964 74017
-25764 84733
-75381 17916
-91803 -67312
-74930 92408
-57617 -30062
-84438 22540
-85393 74976
-89086 16111
-59499 -11663
-87827 -73820
-26812 49025
-99441 -98920
-48426 -19523
-49956 -45874
-77090 -73384
-372 56605
-52195 21524
-29954 35322
-79084 58867
-10647 78297
-70884 23209
-96842 76368
-64682 -50390
-13468 70194
-768 77999
-50420 57909
-58188 91238
-62362 96367
-33755 2572
-6330 73402
-2539 78795
-77115 40947
-33454 -22419
-80689 67534
-31122 60479
-86356 -51987
-86409 77468
-4531 24281
-16020 -6062
-79221 49565
-24537 64988
-59534 -2441
-89747 84203
-13401 51592
-81509 -61442
-7606 22478
-56226 -47791
-73772 72867
-99856 -90868
-6603 46928
-40891 -36763
-39923 -27023
-61224 60688
-79598 73206
-58829 -51348
-69364 97843
-40599 -27346
-42484 -22858
-49524 21874
-49419 78351
-3754 99009
-27431 -13470
-80555 -22624
-63137 -33248
-87153 -800
-39859 -39649
-72709 19230
-27266 20247
-84571 89900
-25245 35456
-57122 74085
-1009 92264
-68909 -48826
-37973 94515
-21578 57411
-82422 35051
-70495 72709
-39610 71004
-80048 41828
-34960 -14216
-16260 62222
-35293 29879
-89676 85756
-21770 86351
-78883 -22214
-59638 35120
-26586 34291
-37008 -32561
-81604 32435
-42558 21476
-33816 91448
-51170 55350
-62438 41752
-30136 53715
-79093 -43933
-47472 -44220
-81363 84597
-15863 81195
-31361 -29802
-68715 352
-93746 68002
-14557 -11982
-53686 19240
-17160 34616
-93314 -91499
-39510 9471
-60212 -13662
-68649 24128
-42459 33745
-61902 41231
-86801 70206
-30093 31519
-61891 -13810
-9218 35939
-18364 44711
-92533 83791
-448 58039
-75518 3246
-18731 19322
-94129 48686
-97609 30490
-90142 -2663
-23542 1398
-11092 69799
-92794 67948
-43275 53553
-54520 76602
-62356 77415
-72869 14376
-89868 63439
-35729 -21760
-47219 99000
-76629 -18096
-21291 -6005
-37013 2206
-42140 21321
-64823 -2463
-61666 -53479
-2408 91163
-95742 -3393
-72503 10771
-20760 91094
-90607 42049
-50941 -27668
-70360 59083
-83715 52333
-83508 -12367
-81831 3495
-4578 52799
-8813 8795
-3583 29854
-30236 67635
-66342 95536
-96926 26092
-62410 34256
-27010 83111
-57047 48376
-87928 46192
-87209 57795
-34546 36181
-17295 99545
-99242 -72726
-31195 3051
-50032 74362
-29077 -443
-37663 56742
-82585 18659
-45717 80335
-75395 4010
-92003 70717
-85806 -51551
-15999 92057
-58378 76781
-68125 -59157
-25778 71702
-23832 56015
-95883 -68094
-53964 36156
-64133 93472
-1479 51010
-71640 80951
-9450 -547
-88187 28543
-72243 57353
814 32530
-844 14029
-78048 25970
-87487 -31618
-72701 99119
-23452 47232
-23435 29142
-21467 67629
-15423 56417
-82150 -10639
-4356 57881
-24371 72622
-8560 39981
-10835 96449
-28950 22158
-50914 9047
-93243 -33689
-20584 44070
-21271 19350
-82130 98035
-88408 -2040
-9577 71642
-50664 -328
-15110 -13042
-87903 98504
-65084 -9416
-74080 75223
-40009 29080
-48470 17947
-55946 -49445
-60406 39385
-76322 4586
-22030 673
-58734 56306
-96816 42025
-8768 78520
-26614 96374
-89495 -70847
-87899 -73668
-2510 41868
-53243 2221
-45594 37251
-16074 4704
-50064 47907
-24742 69947
-48614 15377
-54859 14056
-1367 4469
-7683 34278
-22540 91976
-67340 75221
-61994 76744
-94573 -6646
-61929 15219
-19206 92673
-35131 99475
-39733 93043
-87581 -55019
-760 56839
-50736 19124
-77433 -6583
-28746 -8033
-24789 38015
-21886 77924
-44200 56103
-85025 85745
-54477 -17382
-93991 -15554
-9831 60602
-42091 72628
-82618 3709
-41593 37785
-68385 90211
-8962 81172
-21746 7344
-76561 -45774
-91819 84241
-6687 94452
-16826 31890
-25841 89553
-96962 1024
-3841 8057
-46245 44394
-7321 91592
-59619 -42414
-8349 29582
-91305 -72428
-73174 -60429
-50559 -12630
-45437 9154
-19509 49881
-35096 -14753
-20443 19847
-80242 -66565
-3020 6052
-3306 65576
-32828 60764
-88475 -24821
-22077 55449
-98124 -85255
-52151 41555
-67926 19028
779 43073
-55616 27830
-84047 28252
-93071 -50673
-82303 78899
-22052 34939
-80461 85244
-2643 95366
-20670 -11626
-71208 -47437
-37960 44500
-65700 -22482
-33646 91874
-73367 -28500
-90959 1641
-21536 72966
-82394 -61346
-66386 60033
-13510 15954
-54719 -48845
-69719 -46343
-198 35618
-49725 -14542
-36823 20826
836 26502
-48597 35816
-28866 -5302
-15916 57728
-78128 -2435
-10293 59887
-51782 15072
-21502 -1757
-17285 70424
-87139 -84606
-23472 8520
-80664 -6307
-34351 -32442
-86753 -72776
-16284 86111
-83982 51596
-61199 85708
-94848 29971
-10840 -3603
-40293 -13832
-61402 54751
-94784 -819
-47954 58896
-98050 -78174
-60250 86676
-76605 -27098
-96237 -30471
-43561 10797
-23908 45312
-90981 -29143
-95613 -12096
-48231 12623
-46682 -43552
-40078 55565
-15197 25254
-77307 44020
-62447 90225
-45801 21757
-22220 84061
-64340 -43821
-43238 -16199
-20689 46473
-49459 8902
518 15101
-32315 40368
-76600 83301
-27561 66543
-99267 -72820
-10131 6449
-32696 46244
-65077 22289
-69699 -10314
-44054 87396
-69969 48420
-98010 -74340
-36082 817
-92547 -28846
-19426 80245
-66504 60908
-40133 74927
-30543 38407
-4041 46852
-67988 -38557
-46334 -27950
-32720 92137
-39111 80401
-41020 79528
-96870 71696
-53735 60994
-61456 -36210
-62185 25061
-32277 31325
-65137 78111
-87291 47382
-83425 14139
-19906 29335
-89659 -17973
-33836 28593
-85434 63340
-80259 77140
-35259 78332
-64575 -24701
-7278 49519
-93574 -26094
-67501 -19551
-98105 84456
-54368 -16441
-83387 -83085
-15258 91572
-44401 84651
-86984 17153
-81875 94154
-15995 70383
-91307 -61535
-68571 42881
-99958 97349
-66823 79196
-16060 59913
-65234 90671
-92869 38793
-41861 -18021
-11238 47806
-86375 69224
-13409 2556
-40953 -4356
-47937 39123
-14610 99278
-38840 -26106
-29987 88415
-92765 -91360
-34703 48247
-18759 12922
-89353 -88949
-81362 -73384
-37429 23189
-17431 63511
-27625 2825
-4857 69428
-6968 96099
-81841 -16160
-59647 52709
-74513 6927
-66970 23371
-5887 -4779
-74613 12187
-64060 75325
-58842 3156
-17618 25048
-20129 97313
-9689 -7730
-40043 -39454
-80498 94583
-4127 94976
-49583 -39752
-54425 84835
-48280 88680
194 40574
-38411 45464
-42573 79333
-66332 -37131
-4837 32245
-13258 -4160
-13129 91596
-85438 39498
-41188 -331
-2094 53707
-32111 60595
-87620 52643
-98640 81938
-10659 64683
-28100 6301
-59927 33777
-8864 80928
-57081 82805
-63025 81575
-11713 55771
-47149 59995
-81050 -73351
-47626 96885
-39954 85957
-4282 -2903
-50889 -1494
-26375 31012
-44935 15513
-49077 33655
-23467 46663
-35394 10047
-86001 52729
-48982 65291
-93727 94333
-16321 10952
-36486 -30085
-82099 53178
-68796 -37011
-27269 48955
-97153 -40631
-98168 36911
-60956 62515
-15682 2392
-72133 9095
-65744 -56793
-62158 -8268
-79127 -63785
-80070 93175
-11178 83812
-74348 -65031
-61342 48908
-9931 67910
-88794 -26246
-85271 35214
-95984 -38398
-46183 -2615
-14720 -11607
-47532 75585
-61754 43263
-63658 -23301
-52414 35468
-62488 -27212
-31921 -12942
-37251 64220
-15411 68648
-41490 1477
-63696 16782
-69436 20558
-35537 42232
-98527 27768
-76783 70707
-1482 98985
-55033 -17548
-51829 -25305
-91831 62658
-64381 52519
-72476 -8834
-9484 70935
-32134 26814
-79272 -17957
-16865 36928
-41032 12031
-99928 -6466
-57290 50837
-65609 59307
-55967 36654
-14648 46519
-38348 35205
-5217 30321
-772 53417
-41858 -13629
-47771 89205
-36649 36467
-34927 -24754
-10652 -7974
-80024 28148
-76507 28139
-1680 67725
-55245 90954
-29325 84252
-33927 -24926
-92571 62790
-77318 -77227
-30141 30265
-10392 24004
-11621 87581
-45220 80961
-22764 -20027
-19783 23783
-77515 -16734
-54342 19033
-30780 57463
-672 83644
-60939 42670
-52900 11249
-47940 -35163
-68082 -11502
-60999 36665
-42322 13862
-87189 37534
-9525 51231
-99490 22120
-16989 99931
-97867 -8947
-20751 18525
-4335 72175
-14586 71054
-56346 84011
-70809 -42559
-71204 5923
-72727 38955
-55575 26395
-49844 76382
-2575 13176
-69681 42007
-67370 66166
-62547 -3687
-64432 71503
-31733 -1973
-55969 44302
-15787 44627
-12486 52624
-2685 73931
-65321 -64400
-19553 68849
-59000 -24902
-27142 46380
-58653 96510
-82953 26855
-30627 91148
-40021 15696
-96800 -87318
-88400 59961
-71256 -41456
-26262 77000
-13154 52052
-62775 -52973
-69 867
-11550 67189
-90397 59774
-48928 79296
-81301 -9186
-99882 -68854
-53438 -17294
-83178 71980
-82264 81207
-45517 -18448
-41159 -9624
-91281 -22804
-45415 33336
-90797 -62164
-53587 -21059
-52971 97669
-75426 95728
-22976 -4505
-20969 62538
-10871 81194
-82672 -40077
-70206 9789
-71370 -2199
-21105 73082
-69012 -53575
-27450 69781
-4228 26309
-68989 55244
-86054 4281
-25215 23866
-13753 72631
-85370 90133
-81752 73985
-91517 38895
-74799 -2724
-87656 44651
-46107 -38890
-77269 47143
-56835 35036
-47122 -37176
-83228 -43885
-18502 14158
-19284 21056
-63061 92037
-97134 -20623
-45523 -44195
-25126 9243
-723 12548
-63135 85384
-34372 51566
-86206 58571
-2383 91443
-90828 92080
-46593 78523
-94014 55688
0 67631
-5941 53245
-32403 29520
-40082 34667
-52315 28016
-96818 -70947
-71903 -42791
-46275 -40250
-48410 37783
-78171 6266
-41578 57195
-70874 93709
-36001 23859
-74296 790
-89505 79559
-80720 89184
-45978 -5869
-88054 -15463
-81585 -24391
-75976 -48755
-73714 -50053
-33452 48880
-3325 86026
498 82870
-92387 81755
-76063 14557
-2559 19680
-35535 24482
-29007 62341
-39690 -31298
-66978 51189
-78039 -21773
-16852 -2420
-18626 8706
-96689 -68352
-19293 50703
-84689 -35224
-98726 90980
-15255 38915
-69074 -36710
-99349 70568
-34533 91807
-33558 -26811
-96217 87695
-54563 59418
-91286 86773
-94178 57112
-42419 75150
-74385 -21236
-70979 91096
-40975 7968
-97126 -19507
-92104 18893
-6459 3118
-86890 -16047
-47971 64482
-97232 -69495
-55469 -13337
-7368 63720
-17241 91552
-47865 -7806
-48653 -38482
-77145 49433
-3930 37187
-70521 45054
-80330 -28444
-70436 -69249
-10510 85425
-86639 10972
-16747 -3407
-49135 84616
-21173 -8636
-93042 95364
-47395 13992
-79932 -64090
-49972 39394
-55704 44769
-75954 1719
-9388 71333
-46515 22007
-80390 91026
-99474 25461
-33964 16330
-16961 52937
-50140 132
-48397 44000
-71745 5515
-96407 -16328
-4419 75190
-18206 77271
-82166 -12909
-54595 -48879
-47875 19145
-27458 48393
-39926 33294
-88642 -62483
-57509 -32019
-22493 91926
-12299 16745
-91061 88397
-74096 31707
-15847 65651
-31412 85608
-1773 33982
-27026 36394
-83100 -51666
-41070 31292
-16043 11485
-73557 61519
-42887 43069
-61486 -56650
-77270 -6463
-78624 -9243
-78548 48989
-52715 79133
-45625 -12192
-91860 -21582
-42225 -19666
-29320 -307
-34919 34430
-65197 29578
-81908 89241
-25445 72141
-12891 14106
-69624 -2113
-72882 35029
-75537 37187
-83576 10200
-15585 87051
-51016 -5342
-96985 13276
-86904 14046
-13843 51481
-40539 -37348
-87725 -80986
-12870 -3570
-54546 -41772
-71266 -62417
-28135 19313
-31612 63358
-81742 -31775
-81830 35443
-87727 155
-85153 36369
-54761 69661
-73081 -41096
-2492 32031
-75514 -9986
-19954 63000
-13715 68736
-25580 19715
-11742 77868
-67140 9659
-1678 47953
-73139 80216
-87355 -70872
-55554 79726
-40913 96533
-54867 -8411
-28159 -8253
-7077 52787
-77599 58682
-90397 -18473
-10451 91925
-68650 60842
-72482 -6389
-45061 16793
-7477 98537
-90373 65155
-1115 22923
-87028 68632
-50561 79524
-82621 -68720
-76535 38302
-64132 -61961
-15272 31906
-71428 -17247
-65755 44398
-28973 -17164
-42410 53957
-94911 93773
-89284 55376
-26604 -17319
-50061 64008
-43558 54942
-46274 92844
-60157 64248
-96803 42497
-9714 -3240
-53741 53251
-50673 18307
-72028 36222
-92700 51789
-60115 31440
-98790 -35154
-70324 77974
-55594 -2880
790 47750
-76473 96477
-75897 -37164
-12555 36402
-38754 82396
-15905 38934
-8444 74445
-55170 -55126
-22172 41963
-44053 -15501
-84198 -10464
-61962 2893
-46007 12524
-62887 9659
-85208 22838
-60029 89961
-92228 -9281
-59773 73360
-70426 -11180
-79949 -56911
-22232 78624
-27530 4711
-72537 -62650
-63312 -21201
-63195 24363
-53639 24443
-74848 94580
-69065 -52409
-97593 38500
-50783 -9427
-76447 98568
-5919 60459
-29620 42744
-29686 -27272
-65562 -5924
-28492 9657
-73440 40884
-70090 77625
-17174 99191
-94049 -14440
-39272 -16852
-40346 43088
-45425 43756
-63756 -60611
-80597 -61164
-25999 96250
-30591 99614
-59778 -639
-42538 87139
-59718 -44541
-238 82760
-31701 76694
-54419 89074
-22311 86316
-4649 75555
-21021 41175
-90243 94164
-23864 733
-33971 49753
-44145 12874
-70211 10029
-45820 74402
-9430 -7748
-44751 15451
-78046 -24635
-44916 29280
-56927 87588
-63050 -23867
-3671 20112
-44055 17857
-96535 46097
-19180 90557
-66792 81735
-29492 89375
-2578 79726
-30891 59161
-65002 27678
-85658 -78511
-75677 82198
-41500 68050
-57374 19273
-59334 40292
-13708 88586
-72181 26674
-41878 93180
-38310 38586
-69105 -8392
-48369 -4217
-93706 72294
-21761 63663
-90522 5949
-30995 59393
-91902 -55363
-54508 -29912
-45749 60189
-32574 28517
-56274 80612
-31817 -11032
-81650 -77871
-59940 -20935
-57411 -39996
-49436 5027
-89408 -1434
-93313 78188
-78925 -76082
-53121 66670
-50113 16616
-25174 2065
-61113 47357
-95383 62016
-41429 57662
-49069 20903
-37056 -17992
-35268 21149
-41736 22657
-2743 8225
-67166 -14994
-61297 61247
-82048 20906
-93892 -88603
-99362 -797
-84650 -2137
-97187 45876
-79243 -23521
-13144 7344
-92988 -40687
-60830 -43304
-41394 62254
-68189 33186
-44436 24115
-96661 -94783
-46737 -3108
-10348 9436
-51126 -22013
-52350 18966
-79620 -57396
-21963 -3779
-19154 -2261
-41732 -1530
-91385 -61049
-93871 45220
-18922 14230
-7503 51345
-7366 83832
-62692 -30172
-59393 45991
-63479 87643
-9398 63613
-10034 4526
-40144 -24143
-87409 -65792
-74753 7655
-33513 -21303
-13770 84219
-48794 36267
-37071 22991
-17039 71714
-15115 26643
-5054 52309
-73675 2601
-84290 75858
-1418 65087
-24186 49105
-62518 -57019
-67290 -65209
-32407 -9814
-96222 -40938
-36527 50653
-44348 41592
-12895 99561
-62421 -43093
-83 50692
-82105 15590
-63669 1970
-11954 21854
-37564 75228
-45986 81108
-85696 -18068
-96122 -15116
-98397 28663
-94447 -77223
-52352 31230
-32145 30130
-1561 32682
-62266 33136
-23429 53702
-84610 12722
-9811 -2755
-37283 12632
-92190 1238
-73183 -59774
-31633 51596
-86492 95308
-49515 -20421
-3917 39216
-12822 98629
-43490 -28840
-24483 18354
-91395 56933
-17338 99795
-25919 -7260
-33697 27026
-93491 -69374
-40906 32984
-31775 8621
-97103 -57658
-28688 51129
-35093 -21953
-5108 6438
-1300 81892
-60849 -4448
-50160 -34143
-67056 -13171
-98888 72291
-27415 97285
-99842 15834
-34697 27518
-17178 52715
-7627 85477
-89280 10776
-39251 53231
-10094 70010
-6826 60757
-73579 82022
-82129 -74439
-99335 -44222
-55620 -44406
-53751 88006
-6541 96813
-29280 20448
-19827 -15917
-81924 -26298
-91758 92565
-26381 52361
-17781 22700
-1850 92635
-67805 25048
-72670 83582
-33049 73300
-62986 -53814
-74408 71428
-39532 42014
-72181 -33213
-59913 -776
-42384 14184
-73345 88259
-18134 16287
-57131 11358
-65293 -2353
-36281 65899
-39063 -13468
-74666 -68504
-99744 91716
-53608 90640
-22643 72899
-5155 33420
-52211 7228
-33774 -11278
-7688 57091
-55382 11470
-46597 36112
-81008 -78367
-20519 -12544
-58539 94350
-55281 -12663
-26039 62347
-33054 3790
-63317 52385
-26053 47921
-68092 5205
-82842 21528
-95046 -48895
-35127 -13280
-77730 -37473
-68507 14920
-44278 -3729
-32080 35218
-61865 -9400
-65105 83496
-33107 30081
-49717 6102
-80190 -35322
-31257 16059
-20984 59955
-48963 92520
-62346 93263
-40885 48875
-87208 40820
-13821 89214
-39760 21972
-15953 21861
-1701 85739
-2121 85873
-63609 79543
-38801 62117
-9568 80081
-64973 -32518
-55886 14778
-13369 4895
-35685 -24467
-13744 74719
-9308 74697
-24409 1906
-52105 2720
-31425 30383
-40728 -33648
-7436 23802
-3607 17433
-15100 37093
-78937 -62000
-68253 40653
48 79884
-25307 52402
-92289 91299
-34013 -4745
-33918 -2073
-95106 84650
-71242 83027
-41083 78996
-39578 35128
-69600 -18385
-53796 88350
-64746 12066
-88024 -63421
-70271 85490
-36003 5695
-41897 -3428
-16777 73978
-88960 14145
-20066 95072
-21731 84820
-27818 74583
-51508 8393
-73386 54179
-97994 77583
-81653 48993
-93581 72249
-60162 57994
-1041 90249
-45232 53605
-50031 85976
-33399 74399
-40052 31
-92255 -57158
-17414 17446
-15810 40699
-43898 71124
-26949 59202
-19173 46950
-77243 61793
-4433 17248
-86645 -74916
-10915 48681
-25297 76049
-7034 73462
-92018 63839
-41839 -14485
-38059 61718
-37953 70114
-69750 -39102
-84982 16392
-14406 22654
-73941 24072
-88677 -61539
-75523 -25283
241 90253
-29156 69558
-40336 -39957
-13251 83754
-86161 95286
-58092 66312
-92145 -60512
-9729 -8141
-68552 93918
-86850 43382
-74470 98814
-16970 47046
-61971 -38152
-90001 45857
-8606 89938
-77137 64965
-27848 -15019
-16436 -3332
-61644 46596
-1803 19063
-74670 77457
-12853 38090
-77998 -13890
-4109 94497
-93996 -29586
-48785 -6671
-48026 15790
-39875 49517
-38410 -23975
-21960 84300
-15622 94104
-39928 25952
-20655 92673
-41584 61013
-30150 16953
-21049 47269
-53633 -41770
-50747 19318
-36863 -4988
-48279 -41680
-73964 39878
-68037 -55191
-23819 23608
-65589 76803
-48280 -1027
-56399 71072
-5304 16958
-6791 10940
-42889 38846
-97149 90467
-89100 95223
-83322 -21318
-31978 89836
-48651 -34723
-5134 64609
-68991 38404
-18104 26075
-62401 70544
-56889 14578
-16082 73920
-62373 -13577
-28210 -20229
-53591 35101
-11083 78467
-5425 97613
-67628 21631
-22989 -12624
-68239 38912
-6768 18918
-79409 -9489
-50328 37652
-58923 -6522
-51169 -42239
-10050 187
-54049 -49167
-88192 -23252
-34071 38503
-7700 94786
-4811 98877
-15641 61972
-92159 -79622
-16460 74220
-43492 33151
-33081 27647
-77156 -216
-11536 33220
-50034 46397
-33697 1087
-97723 88743
-71297 49517
-57863 -26754
-52350 52491
-48113 -41438
-69244 18220
-29043 78607
-23807 -23311
-59117 27656
-64633 -5730
-25070 76607
-9150 6695
-19134 41876
-44156 43081
-57023 82368
-97271 1573
-19331 31079
-28166 10300
-32164 62534
-5970 83334
-9041 53582
-76901 -69325
-22090 58769
-26862 61187
-87254 31517
-11806 17508
-51432 84514
-46889 -661
-1619 40969
-88907 72919
-80847 -22562
-79485 15074
-13547 36742
-81587 -35711
-46278 -18767
-97432 -81313
-58356 -13869
-44641 34906
-95746 71728
-5403 13345
-37852 68571
-96317 -34687
-77335 89651
-70215 86445
-19567 60328
-99415 45020
-51106 88842
-23064 40716
-54084 82796
-69753 -48796
-55562 73436
-84601 75182
-12142 3032
-68520 -30140
-29584 1693
-61553 67424
-35557 75291
-78683 27832
-72869 -69059
-82917 -39113
-54287 23127
-81328 69929
-88722 49966
-21680 78929
-6228 92394
-66407 74982
-58388 83909
-27782 94727
-22804 -11956
-96559 12356
-4306 56533
-85552 5694
-52276 55694
-54292 97261
-42906 98326
-46103 69628
-79171 -50089
-29662 31842
-73373 65531
-82657 37300
-39170 -19908
-98907 34989
-3638 -511
-75560 77289
-30433 91308
-96549 54341
-81418 36426
-53384 77630
95 61006
-46158 -20850
-25073 84784
-58348 -126
-82102 37101
-43909 46775
-20926 43810
-35712 21354
-11700 -10471
-45358 76573
-76635 89018
-33440 27338
-90918 27119
-20540 82571
-77054 82057
-77678 3139
-1359 73212
-5128 41583
-30573 -28666
-49320 15676
-78651 4037
-44151 94261
-93928 -48488
-6201 56298
-15337 77309
-16240 49662
-20734 21082
-2324 89624
-57568 46445
-71228 25901
-52214 22895
-43732 27754
-53665 -33772
-5749 53318
-13627 82179
922 75630
-3895 25929
-57324 34532
-35366 -5885
-71114 53557
-46612 4398
-85601 46056
-78825 -12486
-83906 66918
-72133 74256
-61532 -28534
-1847 82933
-29489 57746
-1658 8476
-10023 84571
-45381 73129
-21861 57732
-12243 41234
-23752 6542
-24226 60304
-5166 64248
-33478 45722
-27423 16936
-73237 52929
-53235 70450
-87445 -24237
-16541 -2549
-53145 37661
-5674 23739
-15793 38376
-60232 -41489
-61053 54696
-48663 -15723
-47112 -39599
-34422 34054
-58699 73995
-54677 90856
-55126 15602
-69903 32854
-99640 -13003
-10781 18299
-98292 -22776
-39648 34155
-63943 -17235
-84555 -68627
-10433 92005
-12427 97881
-94686 81907
-26057 84717
-88168 -18074
-3863 13269
-33245 -20083
-759 75370
-17285 54293
-77301 -20956
-91505 -78503
-38526 93051
-1193 47617
-17256 55208
-80182 -37932
-18326 23102
-87868 93238
-82324 -13199
-40839 23115
-11083 84322
-77326 -26337
-91168 315
-67574 18245
-46259 51557
-83926 70483
-6872 98222
-4595 55871
-6572 2515
398 22720
-61062 29474
-18759 38367
-5083 48542
-56002 33635
-8449 81110
-75879 22312
-50987 -1238
-22732 45490
-43287 64733
-29073 91655
-8191 62520
-90489 -67261
-63257 25944
-53259 67085
-4917 40840
-65706 41033
736 50483
-98869 -84968
-17879 71283
-91033 91576
-24258 94038
-65688 -64278
-32368 -30271
-22653 64703
-40691 91443
-94802 10787
-28583 -10552
-44529 39923
-88371 53791
-94214 79997
-55474 58533
-26219 21632
-86590 23679
-66567 -724
-84717 9769
-82697 83549
-89168 55976
-39256 22755
-31045 75968
-4970 7418
-71387 22768
-1710 98811
-86413 96694
-41146 94121
-32062 45933
-30860 36661
-36215 99646
-44275 -22835
-3700 64910
-90090 5538
-16064 9457
-46205 42728
-64319 -11853
-39012 28246
-77257 -51935
-53280 -38100
-58695 -55115
-29471 -5400
-83794 2393
-28685 72488
-76964 666
-51814 -45445
-50499 39114
-43260 -24671
-35837 49886
-9694 4594
-69855 -30948
-11943 14320
-16520 58362
-18620 -13810
-47228 42890
-43881 -29432
-78818 -57084
-38486 -27913
-57851 8865
18 84347
-93258 19035
-69688 -43024
-8868 63353
-42018 -40668
-66186 59579
-98267 -12809
-62782 -41896
-10522 91299
-58029 -20152
-19968 -2717
-36363 10615
-43438 36863
-44386 -32311
-58953 -1381
-20425 -5384
-60623 82751
-95164 -5091
-89119 27197
-37406 84609
-14595 61636
-32554 -22182
-30519 80748
-32962 43522
147 83770
-72222 95734
-38053 -27418
-15142 48978
-25827 23150
-40137 38962
-57818 13978
-70158 -56772
-88196 39386
-14218 16212
-3527 92792
-95877 -7695
-80706 -17706
-29625 16268
-44391 57058
-7021 38997
-72512 -17679
-1201 76821
-43737 19366
-37578 10669
-17323 -17321
-51871 66379
-4554 9762
-82850 37087
-35098 85986
-8274 74030
-59276 34416
-9739 52270
-91155 -27979
-37858 62769
-2162 6992
-19316 56228
398 58787
-8038 71681
-13256 85994
-46973 3692
-24099 20396
-84034 3806
-1045 2037
-32734 -15759
-3451 44174
-18210 22233
-8576 25232
-30753 54283
-79097 74619
-93615 54721
-40811 88211
-15251 74606
-85741 95274
-76959 94457
-30396 86391
-13570 -3512
-42164 4892
-47188 8769
-67139 19584
-6532 46171
-86971 -36166
-54355 71246
-51283 -2870
-71047 -26070
-13585 12031
-84490 -80156
-13503 44380
-39276 -28371
-5181 61231
-56382 14599
-12295 32627
-79741 94664
-13892 30692
-1730 71843
-59172 -36007
-63230 -16887
-83171 -72250
-31303 70885
-18219 10945
-3360 79664
-69961 -33484
-12112 37911
-28913 80004
-91319 55430
-80894 34872
-41713 83553
-89888 78983
-44078 -16729
-40423 -39368
-81208 -2999
-18462 71772
-38422 11750
-89208 -86326
-16885 43900
-20114 77069
-79241 7996
-69963 -11083
-9007 55304
-30170 97879
-46669 -7151
-23177 64669
-19466 64569
-80898 -66501
-59906 41423
-27962 -2552
-11236 6267
-26124 9506
-6213 71738
-50462 51162
-38284 6820
-61888 5192
-70125 -24543
-99454 -10581
-87220 62550
-90498 -72844
-68629 -58529
-67296 68194
-98967 33123
-74235 -52472
-93673 -72477
-89354 -46499
-87064 46556
-29504 -13010
-39982 1760
-58937 54871
-29559 -15521
-89136 -21159
-17863 2697
-40234 2580
-81928 77545
-22938 16852
-29110 94990
-39839 49432
-79052 -55468
-32101 80044
-36771 -20651
-85641 -72151
-93699 71690
-96331 -77294
-34355 39940
-67576 31043
-41695 10344
-37530 43045
-87241 -44170
-45424 36051
-12478 83867
-356 38986
-14970 79671
-37304 14670
-14475 23757
-96264 58567
-1614 14209
-90092 -14872
-94254 90613
-46300 -3623
-27596 16049
-22398 4124
-90363 22400
-70378 1481
-16728 64869
-94447 13714
-58796 6371
-36776 75608
-39703 -9967
-81551 -56113
-45773 15520
-91936 96983
-42972 -28492
-66438 15484
-4786 70555
-24501 6396
-32167 585
-823 27068
-89205 -50141
-93839 -72540
-36169 35551
-29446 54414
-54304 -51254
-84861 -32967
-21536 29264
-96880 -8563
-82773 -165
-52589 -15034
-87307 78396
-55881 44958
-37245 92059
-91965 90310
-46106 -29782
-74395 72539
-92063 51924
-55359 -49751
-84478 -49590
-25931 29100
-21673 77795
-49055 9827
-254 34137
-29067 39819
-50240 77075
-42336 -644
-88822 -35586
-65022 -58196
-26334 79668
-56272 -31349
-89048 22364
-32803 23379
-64647 38630
-26772 42142
-44524 -17442
-34889 -31543
-17396 86491
-86402 -19670
-42873 71738
-54492 4075
-33536 40243
-32725 -29396
-2470 59151
-76136 99464
-92677 90972
-42436 80128
-88250 -72958
-45979 -17807
-74556 65028
-44154 67588
-22075 6524
-45365 71284
-28588 21521
-74654 -5183
-56047 -37013
-10345 71817
-21749 5490
-82443 30805
-49658 -19356
-35748 69375
-98791 -10775
681 94362
-26210 7886
-4405 34080
-23546 95524
-93457 -6974
-71778 67020
-84560 64325
-40448 27930
-82016 38116
-1396 79781
-42829 14975
-37293 -32587
-40113 -10886
-37746 761
-4108 63505
-13658 37990
-4942 14306
-23618 -22391
-74285 78702
-90823 8934
-66892 -55206
-49197 50693
-65082 -7350
-18998 35829
-51878 -46939
-15399 18328
-78249 -61399
-9643 -5052
-88401 24503
-22350 57417
-95876 47216
870 47512
-18873 70550
-95622 -74332
-74733 12233
-60338 77324
-50222 -40894
-12566 22572
-41771 -34564
-9581 62090
-94880 5755
-9075 38282
-2856 62020
-63901 53396
-74179 47437
-86356 -69633
-65542 49808
-84266 31401
-45968 95703
-75398 58584
-81373 81635
-8142 98832
-37439 69322
-10006 9703
-20640 22473
-16977 -3659
-47050 16884
-96655 96530
-19464 88259
-72780 -51920
-151 54183
-71288 -59015
-47620 74125
-18035 91953
-37944 52403
-46770 70558
-99956 -48223
-7359 77950
-35935 29171
-94830 -76697
-29901 76469
-57528 58767
-44824 37739
-15266 -9494
-63917 -11778
-20983 78711
-78660 -57103
-94154 16008
-55570 -4859
-4237 32212
-43690 -5218
-52898 37956
-90406 72904
-58709 55393
-95706 46024
-96018 90029
-73663 57560
-70592 4204
-23154 57830
-37557 72150
-61778 -8260
-88713 -55346
-37054 -12171
-50096 18317
-74012 -72576
-46173 26710
-1680 60133
-20432 60368
-51347 90297
-16470 39720
-28918 8317
-1879 76339
485 89620
-14115 -13204
-77200 -65874
-33012 27686
-15258 27742
-56288 59419
-1874 84174
-91765 66624
-63393 45870
-63647 68122
-97026 6256
-95393 -89264
-50821 21284
-34755 31947
-87303 -54801
-940 14212
-34551 88126
-58362 -23319
-4339 27782
-95641 -47286
-10214 7312
-89563 -32339
-46502 -14643
-62732 5897
-18646 47025
-25292 15930
-13844 16021
-36246 67740
-50769 -8786
-92984 -44848
-99000 18511
-5553 5798
-74177 32305
-3210 34990
-808 55556
-24077 25672
-16774 9776
-9642 83756
-1182 4788
-62440 2342
-41032 46138
-35479 58957
-99474 -26409
-85472 -32278
-46818 52793
-73544 26070
-15538 39277
-62912 47517
-61655 -34997
-56671 -26031
-49693 30691
-41377 95848
63 35138
-75612 86990
-83805 -46589
-86943 92707
-86845 59337
-44754 -24985
-34826 25885
-87113 -21320
-22127 92306
876 53262
-75678 903
-15596 -9268
-91287 -28086
-24190 1475
-8197 2300
-77408 -44725
-70320 59437
-16971 32898
-74974 -28492
-63387 72175
318 50633
-39258 33286
-25473 1899
-15620 70077
-9915 76333
-87160 60831
-1057 9898
-51989 -19424
-64159 93626
-206 85700
-58853 -4
-51637 -42062
-69723 15688
-14080 88908
-76756 81033
-65661 -9384
-88518 41645
-34221 66897
-76536 -53715
-57476 -21240
-47986 78154
-83313 -16079
-41893 81604
-92754 -49699
-56049 10075
-46094 -34476
-22456 24311
-48687 14463
-79683 45160
-4457 74474
-58176 -26041
-91500 -2715
-28224 -3564
-60963 -60194
-57351 -27859
-80688 -55379
-20482 83260
-51710 35837
-88814 38522
-52840 6475
-70577 12
-61637 16128
-33337 41407
-95301 -31805
-62771 40057
-15743 48516
-17050 64688
-1529 41285
-33193 20674
-2618 93387
-37799 18369
-96700 92514
-3927 33244
-47300 75772
-66714 -18467
-80521 -60941
-513 51042
-2431 31843
-80957 37950
-82436 -6700
-9896 28251
-35853 68792
-84760 97124
-66468 -32151
-12879 27907
-45982 64587
-98082 -12917
-44263 62183
-63010 -35679
-70792 56335
-22057 -8256
-54228 -4550
-1022 63416
-75961 -60280
-29063 44003
-74864 40310
-99930 7373
-38552 6625
-66574 45346
-48087 -27396
-66414 -17087
-7053 51068
-17587 -29
-56596 4290
-29378 48175
-14724 -8544
-60901 66043
-53649 57380
-8563 80518
-26832 -20730
-40994 -4021
-64947 31130
-89532 -2061
-21956 6647
-56447 1504
-48513 95455
-59211 88858
-90108 28250
-38039 86254
-85351 39689
-54244 -15570
-79283 -55589
-71920 -6360
-79115 -102
-4571 4241
-71028 -54697
-82396 -68348
-25881 -12642
-44120 37876
-9286 36443
-1992 25161
-92194 -30671
-6177 66232
-5628 22484
-33086 20199
-61668 94846
-46875 -300
-41437 -29406
-81149 42499
-68319 -16761
-7034 94544
-11332 6597
-93100 50453
-90249 44239
-67462 96698
-24756 91016
-91510 -76289
-16009 -8121
-47270 22756
-69290 -49292
-2119 93482
-23792 22289
-15846 5772
-77422 71992
-15113 20838
-14497 54107
-16547 45083
-5532 1069
-39904 75679
-60031 -15246
-31304 43694
-49443 -27984
-58634 44422
-93604 -87659
-35869 -13457
-89317 -49193
-50408 -34163
-94891 11263
-31389 25776
-59651 53852
-12698 -5259
-10296 58746
-64417 32678
-80318 75563
-47657 38254
-81531 -62864
-18755 38355
-49418 10501
-58264 -48816
-88651 -36565
-73176 643
-42570 98801
-95395 7381
-60403 -16851
-30 79868
-89542 -15262
-46149 62152
-94147 97555
-63114 9307
-32372 75055
-7571 -1642
-56316 -30109
-99142 62552
-44153 27350
-53941 -5021
-94953 41021
-39940 84503
-60808 -52101
-52663 1839
-82784 -35
-94931 32030
-45119 42065
-2345 8735
-94597 98828
-63784 -51307
-60741 -16053
-54086 38564
-64125 -25462
-89789 -11719
-94059 -21404
-76650 -9571
-62985 -10480
-13574 87441
-94714 -34957
-65929 -52357
-55736 10644
-85752 -81439
-16064 45223
-20244 60973
-46414 -6317
-13499 56541
-46905 36767
-36110 52070
-41338 8877
-18588 32256
-70831 74046
-55088 42069
-45562 -7375
-18511 78947
-52098 85428
-80170 -62142
-90739 75525
-10728 69874
-91826 -71354
-70563 24238
-9755 5834
-24813 68162
-78593 55910
-83597 -14152
-99318 -60263
-77148 78882
-60793 18943
-42235 83336
-38902 -31170
-28286 24923
-37744 45204
-14535 82960
-12400 40968
-86175 2473
-21477 12994
-15516 55331
-70906 -52060
-23216 44421
-20648 9106
-52774 -20495
-31563 -31110
-6582 62940
-58036 -63
-57682 11983
-41289 -25349
-69148 84241
-41303 1453
-21833 72005
-98523 5245
-7256 16475
-34011 38908
-39149 42330
-26115 41952
-1636 24542
-92505 -29466
-7359 27464
-47196 35734
-34319 87809
-15072 27317
-77212 -61967
-72990 -39912
-53906 48220
-44280 -2744
-4863 57407
-87003 -64267
-7357 2881
-81482 -9303
-9117 61234
-63984 45329
-56005 38339
-17061 93666
-65203 -26974
-62554 31785
-53994 16008
-26948 85287
-93618 -85347
-29461 -26848
-65951 92728
-70196 5626
-94610 995
-86004 -271
-92216 28759
17 25043
-28305 -4664
-37490 -7022
-91126 12288
-96854 -4339
-61550 -53552
-58351 32612
-13207 -2740
548 40092
-582 44984
-92757 38752
-26998 24258
-7500 4686
-59456 -1466
-61952 -44417
-13904 58537
-74899 -52623
-13302 52610
-25671 97582
-96554 -89194
-39231 -19799
-3289 59818
-55249 -44547
-17464 -604
-2939 31633
-58562 14024
-54716 44292
-30211 61852
-28461 8725
-18325 57602
-31775 41159
-77017 -64820
-67106 -3450
-85059 99225
-5444 95777
-78931 -2194
-75398 14199
-50139 -25844
-91391 -60364
-70846 -7066
-80995 -39378
-83509 51384
-16754 18686
-65883 82281
-47873 -4971
-72626 -71895
-3624 12224
-16969 3789
-16811 41690
-75735 -69988
-83603 45671
-20777 15251
-171 52672
-87794 -24848
-12273 8330
-15545 61986
-65438 -8346
-46619 -19357
-55347 26482
-15228 78377
-90480 86702
-53473 2282
-48961 23539
-52701 8588
-5197 18346
-14585 99924
-61704 9864
-34114 -1173
-65348 94116
-7013 22984
-34535 -2866
-85884 -16268
-81917 -2636
-85306 -76371
-50894 6846
-77048 3770
-54759 30056
-62183 69764
-41858 -35724
-84236 -47544
-45943 -27762
-15859 23678
-42190 14340
-52773 -21923
-79205 80516
-79601 3791
-88580 -4747
-11722 91976
-21657 80595
-28091 -15022
-97374 52645
-30691 -25468
-70617 13605
-91966 -28302
-12274 -10089
-78746 -29873
-64422 -19365
-64466 -55725
-54891 80258
-12528 13711
-34014 56623
-64598 32216
-1223 4552
-85931 -50164
-34123 28945
-10169 -1194
-17266 45583
-88592 -51918
-31425 47102
-33181 -3692
-37707 29110
-84049 4894
-65827 -37205
-64537 50366
-32445 -17213
-70843 3984
-18323 -12344
-22330 61548
-44879 56882
-19224 29410
-84670 -9566
-75772 95587
-85805 14819
-7543 47983
-38220 22679
-62497 67471
-43762 58714
-74207 59830
-99147 15250
-58694 32391
-16069 34619
282 1780
-76832 42781
-1663 39807
-20706 371
-21117 66509
-78881 97124
-47821 52127
-82607 -20827
-33421 -25644
-58344 11782
-2256 24116
-13022 84225
-68266 14681
-2889 26436
-11891 -5517
-10681 77268
-46679 -22552
-62756 -20329
-38600 -15930
-50582 80680
-91092 -21428
-69046 4647
-38733 705
-58518 42047
-90627 13929
-22762 57948
-43775 12634
-86199 35958
-8765 82499
-43957 50378
-95817 -84953
-39667 10750
-97817 85661
-73675 95260
-18406 37739
-27902 78429
-50886 87405
-85390 -14180
-85506 -75098
-68263 24099
-76798 12481
-6826 89196
-56053 70278
-82475 -739
-33259 42105
-48913 38724
-21832 88918
-46768 58805
-30035 67955
-16100 39398
-81767 58384
-20610 21969
-88916 -73984
-88082 -34845
-42677 35211
-16827 -4336
-99508 81849
-11328 35330
-7546 43797
-38618 26741
-21884 5446
-95103 -41520
-40993 -32398
-22626 -15707
-21275 25767
-71083 -53973
-76168 81856
-16040 27832
-62722 4771
-95946 63965
-19281 2725
-21363 48546
-27157 91815
-87538 58973
-1006 94870
-12697 78186
-24097 40646
-71529 88751
-65197 54230
-14905 92212
-22452 13320
-1662 81628
-54368 -47724
-13651 67315
-67418 -938
-38433 -3796
-30662 56977
-88420 39824
-55010 46433
-56384 29164
-11194 60872
-73308 -9404
-40114 -3449
-60456 -29054
-61736 95411
-77287 49550
-2723 17883
-16487 91429
-24913 79058
-50284 67036
-98776 40667
-64402 -39662
-93416 76544
-87408 -72114
-25075 38057
-40544 -30087
-61190 -53676
-10600 69204
-32388 15470
-86364 -12972
-10939 4609
-63562 95404
-2665 94493
-63328 -54299
-68730 78839
-63384 -46900
-99406 4398
-17204 37896
-12491 97153
-86741 -86509
-92684 -52454
-438 72772
-29508 -15685
-99177 -85868
-5006 99790
-60622 62956
-63410 75768
-6589 5265
-49858 58498
-53688 84470
-81240 6925
-5004 54095
-71082 42046
-70033 -16038
-57921 77532
-67703 -35878
-49127 -14539
-50073 5520
-52121 64693
-18896 86061
-7685 51616
-12898 39421
-46742 54600
-32343 -8417
-64265 -5519
-44161 63203
-15798 91455
-35316 70397
-53840 -12337
-91982 -27901
-21354 -8425
-97613 37869
-84355 18562
-21417 66214
-17966 96396
-99281 65136
-42311 77033
-92277 -72922
-793 10006
-36418 11896
-59922 53102
-88279 46211
-50638 91335
-98994 26638
-70066 -40578
-32204 84951
-32520 12527
-58669 16515
-1526 5303
-37535 -151
-71428 85487
-6425 -5669
-12457 45884
-82001 34076
-2738 10857
-2927 46556
-90556 48775
-79643 -61525
-85826 -46775
-90888 -84527
-5962 939
-77607 64590
-21246 88883
-32612 -2133
-66999 -25335
-19740 98710
-36624 15215
-53005 -28126
-50123 -41646
-75517 28230
-43755 -3282
-95840 61350
-8625 96457
-97089 93494
-96827 -78075
-8391 51801
-23405 91463
-77103 42026
-76941 -46651
-62018 70612
-47238 51657
-31013 -1978
-99179 -80268
-43156 14403
-89705 84574
-25831 20328
-2266 56512
-31004 29019
-9244 92500
-40818 -30260
-98683 75668
-87959 3614
-73263 -60756
-12837 -5186
-28931 40912
-88266 -62094
-85735 95124
-94847 -40997
-9832 96092
-6395 33952
-82307 70762
-59795 71357
-79614 1576
-51313 53067
-2973 49059
-29420 80910
-4823 9222
-25037 -4631
-62705 66716
-40460 -20881
-6633 97889
-84689 -47415
-16279 22922
-80453 20596
-81954 -57315
-19507 3167
-28019 -10960
-17133 15929
-81031 48813
-22338 41936
-6119 86250
-99391 74317
-71163 -19144
-57178 96433
-45528 88513
-18943 -11810
-1671 53971
-46087 32034
-84187 93402
-77027 -34998
-1116 47224
-74647 82207
-53325 96595
-29531 93726
-55218 76653
-17437 99896
-99233 -43691
-17048 52483
-48306 93859
-24615 99518
-72461 88455
-50677 -1113
-56906 90814
-36384 90796
-20448 -17918
-37537 59434
-2414 79779
-98157 -59520
-98227 -30052
-35992 33270
-85271 41769
-72975 23799
-27424 1216
-85468 2121
-38941 -7945
-16996 84411
-88467 -23105
-92206 80272
-46071 -33762
-37251 94789
-38615 21069
-62004 20405
-18813 1960
-71262 67793
-54281 -33345
-88843 -66339
-55798 84292
-99040 63455
-71950 -65041
-1075 29534
-86414 -13482
-46897 17332
-61962 46242
-25126 65654
-84231 -1134
-32921 46180
-17319 6037
-41825 93904
-48439 35285
-37605 89911
-35449 57036
-23125 7082
-63582 16399
-24362 63499
-20486 31580
-52707 -31823
-7801 22435
-22860 82017
-69681 -50702
-3084 16253
-90945 91350
-24563 64225
-54799 50159
-83338 -51419
-94738 -7783
-98021 30725
-50855 55046
-24377 23305
-6977 75700
-86815 58508
-79637 76950
-69044 -5811
-38618 -545
-4297 68260
-96314 -36393
-31086 1475
-74143 90686
-97374 21480
-90966 -35104
-71419 71789
-12369 71680
-14099 37300
-507 42602
-39333 39640
-73865 23981
-13759 44753
-84192 -60668
-24045 91046
-22599 71102
-97294 -2982
-30321 85549
-84262 70120
-99854 -83082
-25971 88852
-1973 45315
-87384 40400
-82261 616
-31252 49374
-44266 81923
-94060 56306
-20077 7918
-64746 92816
-98670 80452
-92372 -58268
-14977 -9793
-45317 48490
-38833 -18585
397 97086
-4603 62400
-52812 5876
-75607 77359
-51547 -15953
-39638 -10467
-50496 75213
-18450 98049
-31298 80373
-47318 -13241
-56576 -35802
-93032 -36095
-16844 88282
-38985 -8360
-72856 -3274
-65184 78166
-25018 12975
-21599 92532
-91804 98197
-81156 -24325
-48011 -20850
-68007 79153
-64346 70628
-34016 97302
-91671 20571
-79560 32847
-36220 15997
-96969 -18402
-30887 44380
-17570 -4729
-84624 -83759
-80103 9093
-87230 -56261
-17271 38648
-87204 -11308
-50307 -12583
-71462 82702
-15541 54091
-45927 71190
-13415 2905
-38028 54904
-25860 96843
-89618 -55949
-2996 75213
-66963 77982
-71882 79155
-89371 55931
896 59846
-35870 -23816
-20217 83554
-51367 47152
-71758 -91
-20225 142
-28065 49754
-82102 55428
-42997 33474
-16723 78054
-52937 39468
-61666 43213
-85809 85671
-87478 82034
-25647 48303
-13516 94063
-6429 72218
-52896 76804
-42262 578
-71626 29356
-57932 25743
-95648 12234
-35461 24339
-80510 26042
-63952 -14342
-60642 13088
-66982 -17237
-79345 -33040
-9793 81936
-59580 -41624
-23128 54757
-86470 71569
-90639 96261
-15210 94633
-42560 69961
-68327 -53823
-76410 -24644
-46074 33643
-29654 24261
-14015 53706
-58560 95730
-64665 -3502
-75208 74059
-35226 -4032
-25851 24395
-61152 27631
-67531 -58638
-92343 23634
-67808 -2063
-5770 93184
-71263 -56690
-68272 -14335
-80927 71446
-89948 -46719
-91430 37450
-53156 -21143
-68632 21413
-20325 95136
-12548 22859
-86801 56218
-87456 -38208
-53804 2205
-86377 68976
-14879 90647
-98930 -46559
-32547 87621
-52876 61690
-87619 -65363
-81989 -26873
-55243 10763
-20879 -18403
-15879 47716
-19985 10817
-52427 27065
-97334 -1368
-30817 92650
-2920 96892
-2941 51349
-12059 27776
-13726 -1859
-37005 -29639
-95371 96110
-98342 -86734
-28152 39753
-74248 -32539
-46354 -38541
-26990 47067
-71043 34073
-63186 97283
-41529 70973
-90473 27736
-2687 94454
-82904 -42686
-45186 -32325
-36247 -11493
-44754 56419
-85626 9879
-59531 -9942
-90907 87538
-35580 53920
-47100 21478
-57058 -20528
-12019 8783
-13011 33584
-32577 40807
-31983 93778
-24929 95335
-47186 -29527
-64857 13692
-85262 41981
-92843 51382
-96478 -62851
-77870 34113
-16655 44080
-72499 97070
-44091 50812
-98421 481
-81042 -65802
-72020 27386
-28035 35412
-82324 -14112
-24734 16875
-60065 56858
-7342 29792
-9202 51586
-66227 45747
-13741 69215
-26895 52257
-37030 17048
-30273 86648
-44070 56991
-80562 76738
-4502 88427
-49526 41246
-27355 25726
-79259 -34268
-77214 20704
-54528 9877
-77524 880
-63765 -28037
-18357 29985
-50051 86787
-32792 -4759
-44208 -27537
-74571 32707
-83413 18733
-17586 78965
-60049 5702
-8609 -8125
-46605 -39909
-88434 27909
-73512 96136
-85694 83821
-60391 66297
-86689 18898
-83628 2196
-39702 3643
-53904 96400
-2866 85101
-25761 70224
-78872 49867
-8380 27086
-77701 11724
91 91485
-36449 -28656
-69584 32519
-69468 -55558
-50306 839
-24832 44110
-48076 60855
-47925 -20144
-55484 73415
-18785 53546
-79425 2922
-76174 -21492
-56718 57868
-63635 87968
-20955 -18675
-83776 -15350
-26711 99953
-69967 -55826
-34542 72889
-9792 97841
-96872 -650
-36286 2516
-58113 58921
-95183 -59481
-45986 -28412
-87071 11932
-24037 54997
-56636 -40567
-36440 -8937
-31621 88539
-83862 33457
-84367 67267
-90439 72859
-17935 -9988
-93022 20093
-57063 63081
-32194 12529
-8273 21260
-56689 36890
422 11164
-21320 47681
-83911 -47216
-17215 68306
-10886 56252
-82878 -62801
-21323 11289
-97022 -60257
-5613 74533
-68746 18239
-76738 15506
986 80348
-9210 75561
-49711 71671
-883 54191
-53931 73503
-85631 -79406
-42394 38433
-73952 32748
-18788 67176
-71462 -49969
-19124 -15567
-61073 -2669
-70690 8259
-99710 77256
-86003 -60432
-41768 66989
-90311 -88510
-80481 34218
-1764 17195
-84652 71359
-62055 44598
-28255 97367
-85562 -75360
-28030 56772
-33410 -8203
-72942 -12207
-66111 92051
-98732 75514
-80052 85653
-97562 -42097
-39716 9419
-2812 31874
-45681 53525
-19090 94125
-10761 8727
-18715 93601
-6066 78134
-91732 -81637
-15468 25804
-63334 -19469
-48735 -48164
-43668 33987
-88243 94230
-17937 -105
-84132 -59648
-65600 30979
-97053 -65068
-4431 46481
-91151 -83065
-95016 -43167
-28566 59394
-84655 -83679
-14044 97535
-66643 85697
-4381 72346
-57803 19787
-70371 85466
-57913 -3075
-75883 55401
-75969 14121
-8748 19279
-98824 576
-32094 56532
-77454 -32574
-67972 61136
-54278 34929
-4648 63481
-3150 55849
-78584 -78301
-13781 44499
-27040 93047
-18644 30154
-26082 5578
-61397 6684
-95015 -71777
-84763 89845
-12471 3445
-42111 -11810
-4926 65901
-13969 -3085
-39706 28175
-70474 60736
-14821 55255
-32573 3726
-28885 92584
-58124 -44163
-12830 15035
-52582 97339
-80968 29557
-11972 28247
-49806 17781
-5088 11856
-36944 312
-56605 41099
-11779 53976
-89346 -16177
-98688 -51
-86674 33456
-29515 27353
-59342 48557
-52370 65671
-20537 77261
-98572 -5792
-25345 -653
-49170 -22159
-45504 91857
-83770 -9409
-89931 30963
-7927 46864
-56317 -22380
-74775 28081
-7583 19586
-72880 35674
-58852 72432
-32926 91694
-97552 76509
-29737 -14814
-14908 19626
-53791 52161
-32635 93829
-11070 721
-71965 23978
-69340 73361
-59676 56499
-73198 -72898
-90787 41012
-74820 -34997
-24244 74903
-26104 47905
-79807 44473
-42889 26304
-94731 -85808
-63813 57248
-49408 95158
-65455 97111
-22570 28809
-74823 87354
-59348 51457
-2440 88444
-16783 24283
-92590 -32338
-54124 -28242
-38423 -6160
-72269 71471
-29677 91621
-49158 -41267
-19037 86121
-80007 -1486
-51294 35530
-79533 98308
-49266 -1911
-72369 12441
-34088 55827
-95500 -64503
-45911 91124
-21588 28741
-2828 31884
-20966 23479
-76438 51854
-72761 22499
-26583 61427
-19270 3286
-49247 95175
-23151 19860
-83620 76017
-27102 -25633
-75993 52418
-3479 24034
-11290 -5182
-19146 80300
-86844 93947
-10103 32294
-79379 81978
-28838 32128
-90844 19798
-47827 8333
-7954 59312
-75868 39651
-23586 53567
-74754 -27532
-28942 97285
-40637 93355
-20062 97887
-38574 91418
-14152 57643
-85356 63505
-22927 -14673
-55643 92591
-38738 78728
-37373 -32977
-63675 -49360
328 93741
-90434 -61500
-22376 57087
-53336 37754
-85836 -85639
-42907 18691
-17600 40632
-13359 75859
-85783 -55916
-28472 62445
-21630 84933
-81872 -22028
-46972 43213
-17448 95331
-40440 30524
-12703 -188
-76915 22076
-62732 64863
-92992 51395
-20039 33853
-7236 -3696
-63986 -57096
-79188 -18570
-6113 61439
-98022 -57497
-44832 -10384
-14107 64974
-38419 5178
-71922 -43607
-78291 18617
-39615 31746
-25623 25
-82049 44859
-9092 77070
-94605 -72889
-71164 -44681
-26577 -6157
-27219 28890
-3949 72679
-75437 23819
-91023 -16290
-43801 31968
-31337 -10538
-12194 54663
-36997 50606
-16120 30125
-74328 87428
-23952 12053
-53508 41404
-37240 9606
-23018 -3141
-15375 30846
-67140 -48659
-66173 -52283
-16186 -16024
-63810 -35539
-79159 49640
-48421 84610
-69885 86042
-79913 -40634
-91754 66461
-81812 99232
-69827 82221
-79695 -62747
-93641 46931
-56212 51051
-85050 71319
-45367 -10853
-21804 12588
-69179 -34374
-95421 34673
-17256 85605
-21204 30690
-68081 30123
-19488 37077
-37212 45936
-81878 -62751
-15769 -14590
-84195 17610
-6020 70296
-13693 36012
-73207 -42309
-42254 -38852
-63872 -25189
-54678 86264
-57677 74003
-97024 17627
-89511 89185
-69810 22606
-29083 -23155
-73218 -18419
-95332 -32791
-25465 20782
-78214 -45930
-51671 91010
-18355 25860
-25933 -16969
-61680 51144
-5223 -440
-47813 77077
-33400 49165
-64285 -57301
-78977 36330
-4308 11017
-32265 7284
-70981 471
-41172 75010
-60396 -47315
-13943 21834
-74308 44620
-40648 30964
-48567 10770
-11142 7267
-50849 -6737
-57546 61047
-61646 39044
-46593 19911
-37961 61481
-8067 51752
-31 93898
-28995 26439
-60841 21091
-14979 97362
-24130 16524
-61317 -1779
-56689 -50734
-35597 45146
-86450 -67738
-59082 80330
-65616 -13280
-90647 89404
-57382 62741
-74721 -44061
-12364 47731
-70841 22001
-34250 -17805
-33071 47739
-78226 19326
-69356 86530
-69433 -34138
-59335 -6242
-87463 95682
-13058 38755
-59702 55818
-80469 -8535
-82752 41700
-68916 -42511
-43537 -20724
-22375 54910
-81287 19844
-69657 16705
-56998 37182
-63746 62581
-74122 95338
-77452 30490
-45185 40853
-62465 -37098
-22345 40425
-50996 73927
-44507 -38326
-44586 57364
-53772 25920
-38544 72248
-91673 -3856
-43646 321
-94382 -24295
-49973 81246
-23778 78068
-78195 54288
-13666 92498
-59469 -973
-75022 -64553
-67862 53506
-22940 21455
-10283 58773
-80361 -51319
-38146 79378
-46109 -1131
-77469 -16551
-79232 -30844
-39091 1378
-60454 84723
-30867 85114
-58578 82144
-67346 39253
-20424 20344
-65837 -40009
-84099 86171
-2011 36430
-18193 27794
-19329 2000
-58065 78550
-51256 31361
-72901 6460
-72923 19030
-47334 -21409
-35343 99968
-54665 63501
-50496 98746
-63662 -33356
-10369 40724
-80057 -62521
-34510 28363
-51992 -12403
-16315 -12976
-52131 20804
-8535 91148
-21067 -14793
-5187 23820
-17646 88677
-8202 20307
249 78232
-44426 44570
-54629 70886
-99876 -11437
-49542 63671
-79136 -64174
-89757 68674
-88090 -55111
-2103 15873
-7942 98477
-11988 21510
-98431 77202
-63700 94607
-15884 24004
-67913 89375
-68396 36393
-16449 82251
-92965 -57027
-91177 82365
-19703 75931
-54235 60792
-42003 53651
-81954 1170
-41243 24034
-214 68450
-45324 10156
-23404 99563
-88621 -82509
-73486 -62704
-8156 91934
-23120 -7440
-24438 35735
-65037 93264
-51961 14681
-64226 27079
-75334 -38157
-72802 70105
-56598 12299
-62361 -323
-87044 73041
-49659 -26254
-12972 10862
-87836 96027
-99902 -41549
-92515 38303
-58121 43030
-1638 905
-18892 -6690
-32519 13304
-13505 95128
-78699 -33927
-69890 32786
-67426 -2791
-87052 96981
-42877 75843
-38959 80564
-59784 -45963
-52876 -19044
-35711 -7955
-79197 39696
-91894 65704
-43997 74222
-2356 4138
-89270 62823
-83404 50505
-36316 5759
-78017 60269
-81681 42085
-33605 29101
-75526 -56876
-62257 35579
-77960 -41610
-17917 9730
-76031 13689
-961 71324
-26569 8289
-99551 89288
-52863 -41828
-38939 -35404
-28757 2205
-88047 -35185
-26440 -17921
-72512 -39078
-19206 36243
-39133 24290
-7258 51172
-79328 88484
-22905 92017
-47835 60612
-28482 1341
-81763 -39558
-18367 38774
-71813 16221
-13523 58624
-27140 30570
-5408 35823
-1917 29291
-83585 2850
-99284 -23262
-95473 -68596
-81027 -27852
-51169 57101
-775 1928
-59177 19856
-12430 61200
159 56765
-619 61179
-80562 -15820
-11060 39887
-44788 45920
-2322 53541
-82568 -5452
-76931 -18183
-36871 67576
-40987 59458
-27195 64014
-45099 -20905
-97321 -32481
-23197 -19911
-30748 3540
-39749 80392
-93590 959
-19151 38145
-40310 47583
-84823 75186
-27671 78429
-8514 85916
-45077 76420
-4535 30014
-30637 15695
-19336 7825
-77425 -15900
-44240 32672
-89885 7394
-4893 84229
-21229 47811
-21784 20927
-53211 760
-86679 42118
-75773 69864
-87343 -8424
-36995 30512
-11013 75106
-75247 -53311
-7873 26822
-17709 66019
-16667 18684
-10294 86492
-5977 95895
-77445 -71693
-26924 48840
-32613 91013
-10315 51637
-13379 63037
-53979 56122
-72493 -71991
-8977 -4697
-45700 99718
-67590 18787
-49552 23241
-90926 63651
-47624 77408
-18462 59191
-66288 37817
-88614 -52782
-5703 -5634
-29753 99599
-70901 -21875
-90676 -32313
-5531 66626
-39658 69164
-38185 40389
-8792 42427
-31381 7125
-8583 1836
-94104 -16284
-30308 67630
-86356 -34596
-73557 95934
-65343 -14216
-65579 -26502
-34022 -30825
-52066 15857
-49518 -45867
-73023 43266
-75279 -44343
-8917 60501
-10610 60267
-84633 -71060
-94856 3187
-7009 34933
-12319 49299
-70808 22408
-68604 76343
-80739 40072
-80690 -73712
-97788 -65534
-92820 99936
-37592 -33204
-73725 -6812
-81238 66689
-86923 74221
-95992 -59339
-32853 71773
-16526 -10191
-95765 -91436
-59634 44277
-35371 -5123
-42980 45493
-14909 23469
-15084 67435
-41329 66413
-37874 66147
-38267 26847
-78752 -67245
-91154 52361
-63103 61537
-11341 87212
-22041 66834
-55496 -39059
-30250 63856
-6914 18362
-88002 -12027
-5519 79816
-55444 81677
-32328 9770
734 19988
-76159 -76029
-34476 71519
-30657 56749
-54914 17604
-96172 -43197
-76374 88711
-76639 78736
-9370 -1413
-71374 -10808
-86035 -3849
-99636 -67029
-15445 40902
-55816 96164
-30934 75020
-87709 -76312
-15838 2077
-29337 90709
-91391 62099
-41746 -30488
-56050 35332
-54311 7238
-20072 69190
-2041 47155
-26511 60179
-5234 12600
-2678 40661
-53281 -38561
-42610 -10960
-6331 19388
-484 61658
-60623 8008
-36311 -18560
-23813 68656
-83116 88412
-37239 58042
-66396 87395
-81063 -60400
-34339 91670
-96656 90897
-73044 -31432
-9720 46046
-66315 77247
-5732 90486
-6425 52519
-48154 -15802
-2873 88306
-68250 94567
-82855 75000
-14084 42511
-83273 95915
-33439 95922
-67558 -58755
-59596 -9867
-31754 53866
-94958 76702
-29292 3441
-85710 -82163
-87283 37543
-71195 21923
-6830 19897
-1779 88519
-4763 13906
-55173 -45965
-35594 79211
-68500 -8916
-35202 96323
-31705 93928
-36526 -6683
-69133 -39562
-47958 94585
-94619 24758
-54437 -51710
-19368 9402
-54428 56643
-74763 37769
-80123 34662
-82984 -26825
-5638 97050
-74778 4789
-36885 -33779
-85305 -14747
-74380 -59118
-80401 25410
-47087 -136
-41776 97078
-16705 37095
-10659 27825
-38120 66059
-99844 33080
-57683 44690
-94004 -68597
-30973 26320
-96152 -22152
-7514 -5102
-48731 52115
139 1687
-29699 9648
-8436 10887
-68652 6592
-22559 83623
-89389 -58377
-12915 57404
-26868 -18357
-94661 93933
-7496 34098
-70956 4597
-54397 -39229
-73356 -3508
-62067 -40584
-86646 44725
-15296 43782
-96153 64200
-99820 -71379
-94495 30371
-56909 -48605
-35449 -9401
-52220 63332
-42353 64838
-86537 -43246
-28387 -19678
-61484 40637
-6402 -3148
-69734 -43639
-13350 14552
-39031 14393
-62906 46275
-39225 72541
-13334 59139
-38243 -35360
-5965 42688
-43749 56851
-35685 -7206
-53435 65197
-49270 -33889
-4359 28009
-53008 14795
-60461 49926
-37386 42867
-52404 -24715
-3473 32555
-3348 77601
-31448 26296
-17100 33564
-94201 -17204
-45008 41675
-88690 -67950
-89152 29979
-70079 37866
-77040 3341
-75973 -6975
-14815 76255
-2424 49932
-59420 96349
-49826 91478
-92534 -64071
-50033 74875
-84068 -64202
-9525 -3821
-50441 34655
-7532 8913
-59459 84048
-54728 93533
-81700 26450
-18403 71558
-92871 -26351
-52042 -8698
-96106 -86747
-49049 7610
-1674 93436
-15945 70441
-30318 35503
-62054 -58831
-61527 88312
-58972 67274
-3871 23945
-70917 29386
-57601 30020
-16167 83709
-18228 76844
-21767 71085
-98728 -37825
-50338 48434
-79691 -68662
-42392 36995
-41724 -25876
-10251 81687
-13134 -6264
-2946 98514
-41994 -32557
-45398 59706
-24489 37023
-7499 42574
-73903 16406
-93211 -56216
-59107 -7670
-67258 57720
-79050 -6552
-40965 -30322
-31394 49433
-33700 61703
-96876 1215
-66887 10057
-29277 -7394
-11797 41120
-79242 74501
-28511 6734
-40876 32263
-48847 57569
-3013 57473
-23344 -16023
-16337 73475
-32849 71446
-49945 -33762
-45812 -21558
-88357 -49514
-32979 33466
-417 90541
-36894 17450
-85847 64636
-84794 -1995
-23895 -3085
-68470 65585
-73470 -70939
-26312 94005
-19311 86791
-65712 -24837
-80483 -12427
-77658 72458
-51476 37238
-47228 91914
-42325 73360
-37007 65293
-95876 -76886
-62735 -18032
-93476 80563
-54650 10537
-11484 54815
-75981 51762
-19790 7529
-53629 78338
-13116 13250
-98152 -97591
-218 61556
-14682 50924
-26516 22580
-90424 18392
-95659 1968
-36489 65127
-90654 261
-89110 -62047
-46627 39909
-42137 74055
-20394 21240
-97554 1821
-43987 271
-25836 37621
-54558 -19800
-66751 -15891
-19751 46435
-94803 63332
-64390 48922
-86906 42092
-15172 93806
-22310 56757
-2297 90283
-44754 -36748
-5689 35179
-15005 46522
-19228 44566
-17058 60509
-66407 36237
-55270 -11787
-84038 -78726
-12591 4538
-67327 1122
-75163 -17571
-17543 4457
-57998 -55748
-86003 50182
-35681 34680
-8364 86905
-81481 23253
-15181 62912
-85740 -310
-88511 71894
-87537 -50926
-37316 -5937
-13373 56557
-71973 45185
-6135 69929
-78430 36144
-92682 29300
-3787 64340
-62011 -11101
-61843 75555
-62815 32604
-73213 38735
-99485 24535
-91081 32962
-86391 -1459
-28999 -6753
-97609 -52719
-14946 -7703
-62195 -1470
-38463 32489
-18841 51853
-45704 91800
-67510 -59140
-64957 64886
-79424 83609
-88758 -45474
-69344 81313
-70521 13371
-82592 29049
-36372 24891
-65182 91842
-20064 56766
-52241 69479
-47658 -32297
-46227 -32501
-37487 -11087
-14390 50515
-68266 20134
-35368 91905
-96869 -37035
-7597 82934
-61819 -41895
-7501 49164
-13886 29336
-17388 6102
-37167 96290
-50346 36238
-58825 87812
-50228 -11129
-12824 79946
-43104 48244
-84408 -50672
-31283 -13549
-68917 76571
-63845 31924
-45761 52254
-14764 36970
-77783 -1419
-82834 -8870
-95860 45193
-91978 20636
-44108 92444
-8418 89046
-19408 57451
-9436 85491
-63435 -13033
-41690 -37838
-27545 76230
-33324 83190
-28887 -2272
-11721 68969
-47122 78710
-98962 -5299
-7120 77234
-43128 73083
-68173 75705
-33833 10442
-67532 63981
-79848 54450
-75362 89302
-5722 89646
-91411 -77471
-71141 -26434
-9538 48011
-62018 79035
-17523 89235
-68054 -7328
-51858 17275
-33867 12089
-36131 -17611
-75585 97124
-97182 80713
-7114 41915
-12837 50259
-11512 38206
-91974 -76422
-89092 -8755
-74793 -16964
457 78140
-70553 16447
-71013 55285
-35922 10844
-97196 87331
-72648 22520
-77017 12526
-24405 97578
-78293 60769
-74015 26203
-17075 69149
-5931 1837
-83350 91872
-72689 83381
-83769 48310
-85214 -14121
-9075 51423
-60844 -11732
-93226 48008
-13409 -8124
-84816 -38239
-72977 -14409
-63274 63125
-15392 35499
-2251 22157
-84457 -43569
-50386 62940
-19956 85323
-98797 83193
-70435 71540
-33323 79425
-19000 22240
-72965 19086
-99245 34097
-60108 74586
-54350 -45014
-76471 -41669
-26673 -7383
-75994 54538
-66874 93479
-17463 58285
-26514 14096
-73946 79726
-12067 23806
-46324 83022
-94137 10637
-88209 -61686
-18376 32938
-76774 90626
-97342 29382
-28987 43310
-43579 -7583
-6525 79784
-76202 51248
-38371 41768
-94759 30544
-75112 20442
-44239 732
-79058 -68128
-71476 -5266
-29597 98874
-51272 -9005
-5697 81587
-65154 80052
-20131 97082
-84512 36994
-74449 44406
-23860 43018
-16502 82862
-65160 39332
-87624 64159
-62330 -19509
-73543 29315
-68794 84637
-42411 54060
-90157 -6493
-12689 32142
-34581 86993
-62685 75816
-901 59910
-95675 54130
-24491 19554
-1714 8082
-90807 -7687
-39325 39071
-97770 -13044
-7891 25746
-72201 -24334
-92236 4074
-95965 -1820
-78125 -41025
-17622 -8611
-27779 -21943
-31338 -20954
-77313 -62400
-30418 -484
-55833 -25147
-6987 70892
-42607 74093
-92774 92923
-53029 51420
-49089 12588
-86121 -60851
-94303 -28918
-22175 70996
-51183 2547
-74917 95848
-75990 83456
-33140 -32865
-85119 70493
-30547 11806
-6861 67039
-93730 -73210
-63974 8884
-91166 -49176
-80031 3645
-94868 88948
-67245 1129
-69043 80857
-5461 79899
-35930 68945
-57494 86748
-92148 -61627
-70878 -51142
-30 63728
-48566 44855
-93720 -79311
-3255 86496
-1226 26450
-66283 -41534
-85449 -77754
-53778 2084
-59484 43588
-75809 -50857
-46711 -21060
-19169 8587
-44049 -6226
-79200 -35596
-98806 19026
-72797 28582
-71428 -25883
-34929 29219
-57013 56476
-35204 3740
-6308 25349
-11322 63170
-43600 41817
-10672 -7382
-68660 45794
-73089 -326
-78933 25012
-59611 51653
-44380 55018
-84625 -82350
-60488 60885
-318 20551
-44402 -42813
-43650 94890
-24926 -6200
-84943 -31584
-80799 -48937
-74693 67947
-75430 63816
-60824 50057
-14987 97615
-38466 10174
-93610 35613
-51584 69805
-51738 -42579
-92270 -72422
-72929 78757
-39133 41937
-80844 29943
-90939 -63153
-36521 39324
-72693 41334
-20585 42472
-7033 75946
-63331 64797
-10599 10121
-25061 38017
-78600 -25680
-3054 22083
-71377 74419
-98321 1282
-10965 3536
-24475 -10659
-23282 -17901
-72748 -59458
-11558 25852
-47046 38227
-30089 16095
-22163 -21638
-90184 -17253
-3271 8390
-36302 48086
-40376 87578
-52036 -26017
-33199 -4210
-58662 95646
-91699 6752
-91042 6807
-30407 23677
-90313 73798
-73898 21909
-72743 -43239
-581 46251
-89304 99779
-2429 27825
-79131 -65286
-11806 84682
-9451 35729
-37886 -6488
-53401 -46666
-28647 1158
-38547 -3621
-49641 -46315
-4111 62768
-48925 33927
-59204 83790
-87306 91919
-14518 40269
-90256 17790
-74243 52699
-21892 -4347
-88362 -50835
-11976 70351
-14370 93683
-58543 -52483
-39310 -12537
-69731 -38446
-42848 69943
-96342 62477
-93108 -76914
-10636 32604
-6395 5967
-12787 53592
-3060 83224
-99157 -67153
-35255 28457
-55451 24263
-96696 -64293
-65545 -55657
-95482 11498
-38332 60644
-66867 -4711
-60820 12915
-92294 -44680
-72685 41627
-76751 48363
-4650 -3038
-71504 66421
-50502 49946
-98694 -31932
-91961 22778
-70518 21615
-6431 50991
-91708 -22366
-34446 12746
-78825 -34026
-60383 84260
-87327 41064
-68101 -63469
-3098 58904
-40549 -779
-88729 -18182
-32674 98274
977 42934
-47745 -28041
-47786 -46269
-18343 15447
-53960 -17607
-83810 -35347
-9899 90758
-22740 -14156
-31570 -1613
-20734 10051
-62798 9843
-53635 -16847
-64077 15959
-49098 -4381
-90813 73558
-70496 49410
-5672 97852
-82784 84349
-93208 -79364
-15448 1019
-91080 -82444
-50524 -28239
-89002 69687
-64102 -21509
-3773 35271
-14127 29968
-63993 -62454
-29325 29213
-77280 -34171
-77488 -54970
-48119 60490
-60343 46232
-7355 60145
-31439 96686
-26889 -8814
-30655 16261
-12094 67569
-94082 -534
-97280 -64968
-11365 71844
-18523 71267
-47761 -24063
-10195 74340
-25844 15322
-9579 41094
-21273 19597
-67050 -65350
-17882 85308
-79622 -44415
-5376 89764
-39886 15965
-17190 56112
-269 337
-21554 -12424
-54200 90786
-21499 4879
-45116 41247
-33917 21145
-55043 -22683
-73329 48792
-901 33741
-56862 11952
-98539 4760
-50580 39854
929 46663
-92049 61635
-36216 -23305
-22886 -22176
-74829 -34825
-36734 -22334
-97824 30022
-24138 15177
-78739 -16367
-65170 22354
-10333 72458
-79410 73047
-57696 76613
-35571 18871
-52098 15230
-23427 87470
-66087 31628
-15193 22525
-47410 15707
-94368 -79357
-75708 -30470
-65176 56369
-73354 -36293
-63830 -26342
-40516 8546
-76794 39203
-62279 42644
-87639 51863
-34007 -14019
-87755 3153
-70452 92118
-97301 -47945
-44868 50106
-7445 24491
-10914 25369
-2565 44986
-12041 -8802
-54882 96049
-50951 -46176
907 77064
-13921 875
-50357 -9640
-60547 -8502
-26941 -24325
-54841 89715
-70727 -427
-65159 63844
-77797 -48374
-65935 67400
-34179 73621
-23090 67249
-35360 3888
-82396 97317
-47744 -14696
-19796 58853
-76743 8715
-12799 -6704
-55411 37518
-43071 82708
-50593 76666
-97819 -16776
-55383 20275
-46270 88907
-14572 72529
-37543 -35899
-52533 95803
-9861 11460
-53696 85825
-85312 -73184
-1579 83774
-76648 -49434
-69794 -30388
-92454 -79042
-25384 56847
-58865 -56411
-20867 66934
-42655 51983
-54501 56968
-62014 5202
-97585 44551
-3916 63783
-18549 96419
-8405 24877
-50812 87036
-25184 23524
-64022 -59652
-51825 61450
-1252 13312
-54325 -17404
-4417 83396
-2322 79672
-48375 7214
-83044 -814
-97477 -24233
-65704 86959
-2782 12149
-73518 -59
-77211 21407
-24187 93511
-42074 99098
-71628 83488
-22490 -4466
-838 45898
-44277 33313
-27151 -5450
-81587 38043
-74171 -41238
-15637 99597
-19434 97602
-76370 -40872
-68538 8340
-23204 61757
-75874 -62980
-84710 43495
-91554 -62945
-99874 -56085
-90540 -12949
-24011 49379
-65304 -60207
-54871 -45582
-11942 -9297
-35347 -23346
-96479 19550
-47158 1995
-63190 34665
-46127 14088
-84141 95268
-74678 2618
-91547 2076
-4814 67118
-44553 82408
-28207 13604
-89445 -73906
-3034 16298
-20330 -15262
-56313 71234
-7432 53854
-56374 22939
-49694 -14567
-33172 49953
-59757 89616
-79056 55882
-24148 53199
-40370 -36465
-98856 41809
-21660 18126
-81580 97408
-91559 -23333
-82298 28479
-38007 76304
-40128 14306
-79133 -6184
-41119 80305
-5930 5289
-69815 -27896
-68254 99320
-13739 23713
-58282 45434
-7345 41355
-86513 41287
-25261 82389
-97626 21703
-44689 5392
-93070 99854
-14978 -1054
-71750 -45059
-86657 -78678
-29517 -4977
-27352 10257
-28202 16978
-64106 29303
-11104 75214
-31013 89678
-81922 -75845
-91933 -8400
-52010 -34799
-74345 -39899
-33260 83735
-85490 63972
-49001 246
-87110 -83151
-44213 -20289
-64952 -8379
-67332 -51443
-25916 15084
-71393 -19592
-8424 89124
-14702 4895
-40616 80006
-86424 -24900
-23722 69002
-29567 60598
-93852 99348
-76018 83957
-83352 -1206
-3007 38079
-77039 -19890
-69673 78686
-26160 -1074
-67626 57913
-59443 70443
-58086 50990
-63926 24051
-44727 21322
-46292 49096
-83250 -6451
-5516 98316
-49284 88555
-42392 62748
-80200 13335
-31869 14805
-81693 -51132
-65261 50564
-50013 -29366
-62405 20434
-57811 16039
-22101 73209
-12039 23256
-66717 47792
-31253 99140
-13156 -11308
-18115 10766
-55133 57655
-56910 -7033
-56852 95680
-20989 13860
-6708 48668
-2284 43350
-82627 60594
-88640 -2267
-23263 63902
-31531 86872
-30702 -19860
-87730 -10029
-52146 -20448
-40195 68872
609 60687
-62927 16190
-36734 -19446
-72123 49391
-76926 62779
-74130 8721
-9486 70935
-59683 21136
-58691 51092
-18627 82905
-39755 13975
-9590 -6273
-15473 87459
-76430 82743
-11881 93834
-97630 48082
-39236 -32279
-95026 -73256
-51607 -16218
-85102 55906
-85440 -36757
-26668 -11090
-95807 11600
-95953 80871
-43121 -14203
-78789 -33024
-74037 26198
-5080 63133
-83174 26939
-73776 -7225
-19050 66929
-69122 74561
-70093 -46918
-53178 -17251
-62555 28037
-11516 44106
-96063 -4702
-48813 54934
-21745 10328
-83937 32871
-47907 28048
-77519 98627
-22801 62147
-29191 62169
-77128 -66430
-37847 -30549
-90984 -5341
-4399 81857
-30646 33477
-49242 -39812
-29255 89293
-97882 65433
-15338 84637
-76253 2184
-61580 64171
-67854 59514
-65783 90383
-59266 30133
-72576 -66371
-5710 97388
-8023 91447
-40136 85802
-57861 6645
-23208 45934
-23845 82559
-52278 63102
-23206 -709
-54821 -19703
-32607 98867
-2237 25663
-80334 -59179
-28093 85446
-23227 81922
-10549 84372
-49423 20922
-96442 10250
-81649 -77895
-21306 -604
-35580 84126
-71404 17224
-43526 48756
-52568 -6644
-88860 -67252
-55654 49572
-84598 71695
-97899 23242
-90075 92918
-14902 68468
-33871 54582
-51712 50431
-54254 86778
-3977 23075
-12492 35456
-19169 -3915
-69006 8299
-10390 95128
-74098 80646
-80067 -24466
-38435 -11997
-12499 2975
-27892 67425
-30336 43230
-71685 -20251
-85975 87365
-93410 -800
-86648 -23653
-54486 43983
-35616 -30933
-25541 84024
-42011 22682
-10089 16000
-27057 48674
-64063 -50409
-69690 97127
-52038 14080
-2732 575
-43540 36440
-94029 -88867
-63188 -11277
-94203 4723
-67230 71651
-46995 89638
-88492 -28633
-70402 75988
-60236 -42046
-20401 30890
-31579 -1970
-35659 9483
-21408 75297
-86236 -16626
-62344 -51951
-59954 29178
-86566 -21639
-89213 33555
-19042 -10164
-43632 3518
-96559 -44891
-91949 40117
-82850 20320
-52952 -14183
-75567 97498
-31250 33757
-6172 66471
-94322 -82075
-89434 14522
-38199 14497
-44989 32751
-87777 -41936
-6523 45388
-70449 -15943
-80571 -35929
-46981 21382
-25681 18278
-90894 76873
-30118 60516
-54857 49653
-10755 16349
-56845 -24796
-62922 -62431
-69150 99269
-92044 3856
-63 72759
-71430 19658
-72856 -18308
-42586 45340
-8538 65503
-43924 -35509
-59064 1996
-92036 54563
-68798 -21775
-16078 49117
-48755 42082
-28489 21508
-5934 21273
-70117 18566
-95141 90583
-33055 58823
-75831 33655
-36203 24888
-52473 83874
-14364 46551
-25780 55360
-65839 -29098
-72510 77917
-96895 4769
-99306 54099
-65479 87082
-19363 98852
-71018 59755
-86643 -52568
-83387 -36778
-46546 -10597
-4223 18670
-46748 29478
-88907 -26911
-91513 39865
-87840 -60006
-59642 65823
-95402 49865
-99880 -89889
-8601 93305
-4864 18933
-1142 44077
-77807 89448
-70704 -13539
-97533 13496
-89801 22756
-59773 91559
-79596 44351
-59626 -51120
-40955 24223
-1124 43713
-90149 7890
-7606 66643
-14619 51133
-7555 49024
-53354 -34022
-43752 50723
-65780 -1364
-43874 45016
-79008 -75471
-61318 -850
-74446 19662
-84397 -20213
-8811 46735
-68058 -51376
-76977 31974
-12336 -9645
-17168 56039
-52358 -10456
-68948 48972
-61174 49152
-69823 -41638
-72345 20528
-18068 14671
-95954 27386
-95337 -78893
-3199 47153
-4544 73375
-30509 88583
-86864 40444
-20438 -4671
-34693 66871
-78461 -14708
-78140 219
-89937 68263
-68968 -21875
-95119 40688
-98607 86210
-76235 94271
-3761 96196
-64310 -29253
-36712 -24217
-5637 92306
-90211 -22748
-26715 32002
-18515 79765
282 26763
-19857 -1625
-42111 93921
-33084 95877
-39594 79510
-72927 -70657
-48753 57946
-62502 23305
-9644 89809
-13292 59502
-66041 -62903
-10544 82253
-99341 89371
-18475 42731
-15205 37270
-20128 10236
-96661 -21056
-52564 62516
-61741 53684
-16675 34752
-31880 -31683
-69894 58621
-13288 28451
-56298 -41709
-50599 69229
-53445 -9853
-13666 46572
-46228 -9560
-38273 73899
-67803 47713
-96383 50941
-87768 -18236
-99746 -73060
-3665 38276
-18451 94380
-23346 93087
-72489 77393
-45583 -30971
-86506 -14727
-38284 26970
-91337 25837
-72285 95894
-30851 15688
-44902 6876
-36794 95048
-52775 73300
-38350 44721
-34559 96933
-29695 36318
-55821 -43391
-91526 7583
-41731 4823
-82711 57891
-6097 -6014
-94465 52393
-62914 10469
-65082 83013
-60173 -59301
-65461 -5115
-69435 5548
-15197 17451
-10734 70087
-5314 4773
-73330 50682
-29623 76446
-14856 92223
-79398 -24057
-72991 73585
-16735 -5643
-82062 12689
-68365 29625
-26607 98528
-79613 -55772
-72014 -15044
-79286 2645
-64070 81291
-38266 -14133
-58657 -13330
-15440 52079
-95603 35905
-4372 73754
-26137 71424
-58916 -21504
-79407 -48134
-36083 38676
-54532 24678
-70433 75637
-13450 65140
-86782 89131
-7922 16219
-86886 51366
-42432 92357
-91661 18944
-92602 -14924
-2562 73576
-66655 -4334
-74586 53861
-82557 28474
-88685 -21519
-59114 81320
-26886 53295
-28670 -19576
-56535 -30252
-20526 16307
-82215 22193
-44109 6219
-16096 93014
-83560 26639
-81221 26068
-24887 13671
-63719 -42505
-89213 46738
-78255 33607
-55086 -15463
-44665 93438
-49048 -23808
-99174 -49648
-44099 30791
-43965 46445
-61456 -24588
-83768 75578
-75989 -43210
-12614 72161
-2142 55860
-3019 74529
-72968 22406
-65358 91963
-78048 -21491
-10815 41953
-53644 9214
-27146 -25218
-139 99193
-46986 -6922
-10018 36363
-67318 94603
-56565 -30723
-98270 71907
-78636 91921
-80410 25225
-64063 -55074
-24680 99580
-53332 47250
-96406 -55269
-3400 53298
-98855 39170
-94482 -72147
-64575 -19388
-93118 28475
-44793 -36412
-70809 7374
-16069 94770
-29124 94303
-23399 59865
-64105 -22341
-77553 16360
-9177 14194
-92414 -44011
-77765 71298
-80962 49114
-52583 93952
-70162 59496
-93637 -86520
-66900 84066
-96417 71366
-59900 72123
-72906 -10605
-66074 91730
-29003 -16794
-95783 -45669
-49397 8019
-4282 -3866
-54546 99415
-98351 44354
-5343 67242
-21556 63448
-16311 16000
-1486 34048
-90242 68730
-81453 -45005
-2889 28977
-4222 47628
-5774 39753
-34740 96997
-40556 -14057
-1677 43768
-44672 -6333
-17787 94695
-40404 -30995
-2984 96407
-57268 4189
-193 76917
-43220 -35917
-76691 34414
-1348 23852
-55069 -52611
-11812 98102
-87417 -74430
-25798 12576
-8096 78481
-13101 11892
-18900 37648
-23397 19059
24 70803
-75275 31741
-97724 -44515
-697 54912
-87353 -65214
-31450 91
-26143 76268
-9808 84870
-88836 -74649
-69149 96493
-19675 46517
-20489 57299
-35544 55053
-60110 52370
-71152 84291
-93909 -17798
-86199 19249
-37187 20267
-69878 29304
-57221 41472
-89532 12555
-75880 62121
-58326 84269
-53795 24414
-42586 28388
-76462 64012
-40458 -22983
-56034 93671
-40609 36
-81318 71898
-45161 -44469
-53762 23073
-59656 14271
-87287 -2310
-95229 -70865
-54022 11224
-39731 20669
-14140 6510
-80828 -48676
-93265 26894
-61727 -53030
-74842 76252
-16612 79155
-9094 93086
-74239 72114
-61941 58228
-51099 4206
-83906 45236
-45605 -30041
-68455 86250
-14697 13020
-55520 -26129
-84444 -70976
-20429 63493
-20542 2199
-64098 90562
-20380 4195
-90469 -53887
-54140 -10767
238 27363
-97251 72973
-10560 38112
-90324 17745
-38073 38323
-35835 19180
-58754 -22716
-83885 -61694
-33266 -25008
-87520 4943
-77623 9600
-85950 26469
-66723 -27409
-33671 93741
-39760 21906
-527 14209
-44624 32975
-3193 856
-76929 42128
-89121 -45429
-20158 70919
289 81798
-12775 8828
-16480 76142
-5098 24150
-83227 66957
-99823 64092
-33637 42810
-5286 45914
-64394 39131
-83948 80188
-41629 -20232
-54721 6700
-56906 75243
-43732 -34409
-41430 -7405
-24262 11187
-75814 4339
-59616 -29015
-29582 84673
-68015 94669
-82520 -41090
-98516 78165
-86067 7218
-21825 69740
-66122 -51922
-91530 -59369
-28725 1262
-89564 -24582
-35591 -25989
-56156 10098
-55924 27963
-22551 30144
-60116 7980
-75926 70268
-57557 81763
-16152 8596
-64871 99140
-57810 93388
-33410 87880
-98819 26373
-93147 -45160
-16841 61720
-41087 58965
-93480 -30094
-27502 -16728
-2485 82808
-6610 95561
-66371 -42067
-22660 -14037
-49494 -16415
-99496 19192
-63462 39311
-86344 -31542
-9931 26264
-84270 81216
-89477 13666
-57940 11848
-47543 -39132
-45321 74324
-92484 -36039
-98329 -24408
-38994 95557
-75890 -72026
-64086 16224
-19322 54217
-68106 31611
-79165 -63796
-80484 -79554
-14241 96192
-68096 46525
-8592 -7430
-72700 -17621
-2739 93029
-93401 -59136
-20293 -6928
-19788 74277
-93715 16102
-45625 22059
-78868 -29390
-85770 70159
-1892 84322
-23417 59170
-63928 -50016
-14831 93853
-8880 84027
-24920 61292
-18448 98091
451 67669
-43390 19660
-90614 -89011
-92862 -49939
-48198 64924
-17576 27505
-51892 20780
-89661 33787
-76739 -43980
-13546 52717
-98025 23330
-24844 45363
-33717 -6890
-74866 87063
-71769 11450
-55764 86076
-77854 734
-50075 -19634
-43365 65562
-54088 89887
-55218 33488
-55550 53893
-58509 -36689
-56970 41026
-66752 -20400
-98806 -28663
-2444 -1882
-78211 -16092
-38806 67468
-10399 52207
-50593 -9813
-11447 -2353
-73757 -70190
-14574 72655
-75241 -31774
-18286 42657
-64691 -8013
-38865 -27292
-69185 -11706
-70089 88118
-12122 19968
-10846 93386
-2859 38812
-10689 13155
-77663 -75336
-72548 28338
-54251 -45675
580 16622
-1716 89371
-64837 30318
-24404 -9757
-30141 39189
-16585 80157
-48979 33754
-37541 14006
-99139 24222
-91894 45811
-77835 -7050
-23745 82172
-49446 71236
-76162 -60754
-42587 34278
-8038 -3589
-92513 -9467
-63800 -45722
-47069 48657
-691 98003
-54019 64463
-13726 26140
-50613 -7327
-81615 -3816
-7510 67595
-37698 9101
-45827 -36571
-36278 85809
-12893 91565
-64509 90947
-7122 90293
-735 61226
-75188 -55079
-60865 -15935
-46860 -40411
-53089 87735
-99418 54206
-35036 9474
-42817 88911
-68219 -36524
-27343 62265
-87235 98676
-8671 77969
-73369 33974
-24325 46314
-43917 52296
-46492 77713
-16557 58708
-88858 5464
-42737 90649
-94739 -14617
-46713 70289
-40429 95785
-69348 59436
-89842 35558
-77411 43172
-42557 86412
-27275 14660
-89702 91823
-9212 58970
-33064 26738
-16694 9679
-13000 44870
-70378 57525
-36780 -12239
-87262 -10716
-80850 62408
-67235 13964
-89343 -79143
-99092 27131
-49374 91216
-11691 35473
-26869 -22805
-40698 52553
-43140 -26973
-43650 36137
-69997 84719
-13172 65864
-43598 32490
-74436 -22962
-29318 69910
-47734 6611
-33803 -23053
-80446 33610
-47228 -6813
-30908 78620
-29948 84915
-64278 1203
-56591 -45730
-70719 42528
-66545 -35793
-7489 20153
-88239 31106
-21440 35720
-44555 34653
-3305 19992
-4093 14779
-96421 -39805
-60321 -46693
-56486 -38299
-13332 57890
-86608 75697
-83201 -67585
-79997 46917
-62617 90934
48 87295
-58615 -39614
-39942 90944
-49024 53064
-59602 50046
-12700 61716
-83314 85905
-83828 -60867
-99190 78405
-17470 34319
-54281 75071
-62841 4521
-27961 11356
-85920 -17949
-22477 10878
-59652 80324
-3564 71347
-17788 1087
-2365 1465
-62202 52516
-5178 32581
-43055 -25449
-35426 76939
-5530 21384
-23716 16832
-56420 55445
-66190 54525
-21374 27715
-71982 14384
449 17330
-16509 87400
-32379 36099
-59634 66381
-61518 58967
-17337 72190
-99260 11738
-30031 22644
-81916 98154
-23959 16948
-90065 26005
-3566 42782
-50483 -33679
-73641 -4980
-86718 77520
-93653 3291
-75466 -6525
-44876 -11418
-25708 75858
-66587 -20793
-43394 57397
302 71150
-19058 47272
-56683 -17775
-12302 42709
-62522 99549
-37551 17652
-47595 25927
-29302 32097
-95448 32121
-48581 71024
-47238 10183
-3916 78200
-95024 63606
-27693 17446
-38543 26981
-80776 -31107
-25413 2057
-39400 60600
-18195 43889
-23827 99509
-99019 57039
-55147 84254
-737 26627
-87580 -60907
-48007 69062
-99428 59582
-22514 18559
-10699 93437
-71784 7852
-32346 53884
-79714 -7606
-24526 -9973
-68734 -43744
-49189 42601
-94262 -42905
-866 29412
-29779 43180
-6731 20516
-89329 -7170
-49029 -352
-94419 50477
-18171 39321
-42525 65835
-27606 35182
-15854 38744
-20648 55645
-85477 13679
-36543 11533
-41903 3839
-41393 97130
-54470 11702
-2664 92797
-20788 25964
-93931 15676
-71260 -1286
-63803 -2733
-14700 4220
-78547 -12129
415 33787
-48531 -36171
-24703 60729
-45033 25163
-82952 -22580
-60794 -11929
-1806 22935
-53154 73082
-9783 1194
-78305 -17055
-87479 49030
-96304 -43756
-96264 -94946
-70506 84087
-22676 29625
-86795 -15528
-2567 21640
-43279 -2785
-95284 -5954
-16553 -14665
-59212 7507
-66438 -5344
-21974 -645
-66365 66298
-71821 -51547
-60612 -19714
-31463 66507
-73791 -28091
-49370 -39324
-2190 97311
-71240 68259
-11527 40673
-41070 -9731
-19628 58712
-67999 -49215
-31086 86706
-33030 -21874
-31082 40796
-71913 -35440
-33302 70127
-60605 -31625
-92701 -80831
-2679 39851
-82689 26395
-45029 -25664
493 27796
-88937 90951
-49115 31854
-28865 97757
-86567 20483
-25779 72418
-29212 24221
-16275 99116
-23528 75554
-34224 57681
-29758 56580
-82969 -38692
-59103 85954
-84139 -29495
-83065 55170
-93336 50087
-42127 84994
-13926 86767
-30284 33321
-68286 83958
-65906 16248
-67038 -19672
-69491 -51208
-70309 -13320
-62371 87363
-57599 -7429
-29811 50510
-78157 -36649
-22624 8484
-88794 87920
-50919 30439
-19203 50374
-68502 -9792
-96153 -18504
-60475 18086
-86676 60565
-32440 -3917
-72591 -5251
-49483 63292
-7789 16653
-94992 -54858
-98133 84443
-24593 71562
-25036 83570
-7899 5656
-90903 96121
-38544 85328
-17009 73457
-18942 74894
-95558 -61690
-38714 -19343
-59542 16301
-91642 -73446
-21004 35034
-76629 49499
-77831 -29721
-37041 76715
-9560 94491
-66085 -62618
-10322 68780
-84674 11633
-57772 35240
-86282 95057
-45035 62559
-6203 5419
-19147 16113
-58083 51270
-19537 -13603
-54905 -22193
-81275 30101
-86585 -65891
-89014 -7548
-45938 26185
-90372 -89002
-34779 -21076
-55150 -2332
-49217 -33269
-16335 47687
-92129 -75213
-10639 84284
-27316 83078
-85325 93213
-76772 -57655
-4139 35742
-13662 83172
-16364 25043
-99629 31574
-23557 43663
-64211 -3460
-71644 50193
-10319 18589
-2622 23224
-39834 11032
-95909 -87452
-31777 25137
-63874 7768
-38538 -13375
-64620 40755
71 1334
-22421 58114
-42974 27617
-40343 -19062
-73248 -10122
-66814 -66444
-83802 50482
-81482 48265
-40707 57956
-83681 -52940
-53794 25325
-97636 -7312
-27303 -19424
-66715 -25631
-37596 33306
-88152 36832
-28253 28941
-60351 -33159
-54836 94732
-95385 -59437
-51047 -40263
-19027 17838
-78667 -20704
-61108 -15352
-21588 15470
-74024 92708
-63194 -3043
-45921 82693
-46262 71909
-31325 44635
-77382 -1066
-37330 -25724
-51187 1915
-2051 68116
-90663 83159
-72736 49134
-14675 20185
-39355 83259
-95182 76495
-42929 93682
-63679 -62325
-78941 39669
-14640 51608
-54942 60639
-75108 64229
-94609 -12225
-37200 4081
-22854 -329
-91643 54964
-77672 -4940
-97689 -57762
-91907 4462
-64904 99564
-38327 91452
-56538 -4965
-38936 11346
-36847 81821
-17895 41282
-54709 1469
-50794 87780
-73370 -39169
-48822 4665
-56267 49297
-43530 71026
-98434 4114
-49890 33174
-81523 8288
-32027 85440
-3496 79537
-87074 -41496
-48963 29210
-15505 33739
-38073 -171
-34360 -4261
-68748 44899
-86605 -76863
-7916 18189
-67726 -63750
-17811 25564
-29918 89067
-27556 -2748
-78055 -68584
599 95428
-57495 18552
-53802 -6023
-54958 67296
-66474 -51514
-38950 -15030
-5217 55230
-81269 -37877
-47575 30978
-32364 31790
-66429 10639
-1519 12230
-15986 -14090
-46507 28916
-35646 -33870
-14983 27851
-40832 -4363
-28120 71831
-96956 3351
-69460 15828
-62386 -39205
-84391 -61818
-46853 11715
-64907 -46167
-19325 31745
-13558 51926
-23986 -18961
-16549 90037
-60448 2607
-68568 93230
-76828 38579
-11737 82538
-15039 88161
-59914 -25476
-16277 26154
-1415 74901
-20056 14379
-97901 66375
-75180 -67941
-19479 22976
-57392 84987
-25295 43848
-53658 81289
-53385 36302
-39297 44001
-51535 -3599
-6805 80652
-77213 -28233
-43072 3285
-93501 94323
-33681 -23696
-90900 87587
-41259 -32203
-93004 76821
-78274 -77229
-95127 -81892
-60083 85713
-37642 63684
-55738 12733
-19831 33964
-28121 52288
