1000 10 1000
1 1 1
3 3 3
5 5 5
7 7 7
9 9 9
11 11 11
13 13 13
15 15 15
17 17 17
19 19 19
21 21 21
23 23 23
25 25 25
27 27 27
29 29 29
31 31 31
33 33 33
35 35 35
37 37 37
39 39 39
41 41 41
43 43 43
45 45 45
47 47 47
49 49 49
51 51 51
53 53 53
55 55 55
57 57 57
59 59 59
61 61 61
63 63 63
65 65 65
67 67 67
69 69 69
71 71 71
73 73 73
75 75 75
77 77 77
79 79 79
81 81 81
83 83 83
85 85 85
87 87 87
89 89 89
91 91 91
93 93 93
95 95 95
97 97 97
99 99 99
101 101 101
103 103 103
105 105 105
107 107 107
109 109 109
111 111 111
113 113 113
115 115 115
117 117 117
119 119 119
121 121 121
123 123 123
125 125 125
127 127 127
129 129 129
131 131 131
133 133 133
135 135 135
137 137 137
139 139 139
141 141 141
143 143 143
145 145 145
147 147 147
149 149 149
151 151 151
153 153 153
155 155 155
157 157 157
159 159 159
161 161 161
163 163 163
165 165 165
167 167 167
169 169 169
171 171 171
173 173 173
175 175 175
177 177 177
179 179 179
181 181 181
183 183 183
185 185 185
187 187 187
189 189 189
191 191 191
193 193 193
195 195 195
197 197 197
199 199 199
201 201 201
203 203 203
205 205 205
207 207 207
209 209 209
211 211 211
213 213 213
215 215 215
217 217 217
219 219 219
221 221 221
223 223 223
225 225 225
227 227 227
229 229 229
231 231 231
233 233 233
235 235 235
237 237 237
239 239 239
241 241 241
243 243 243
245 245 245
247 247 247
249 249 249
251 251 251
253 253 253
255 255 255
257 257 257
259 259 259
261 261 261
263 263 263
265 265 265
267 267 267
269 269 269
271 271 271
273 273 273
275 275 275
277 277 277
279 279 279
281 281 281
283 283 283
285 285 285
287 287 287
289 289 289
291 291 291
293 293 293
295 295 295
297 297 297
299 299 299
301 301 301
303 303 303
305 305 305
307 307 307
309 309 309
311 311 311
313 313 313
315 315 315
317 317 317
319 319 319
321 321 321
323 323 323
325 325 325
327 327 327
329 329 329
331 331 331
333 333 333
335 335 335
337 337 337
339 339 339
341 341 341
343 343 343
345 345 345
347 347 347
349 349 349
351 351 351
353 353 353
355 355 355
357 357 357
359 359 359
361 361 361
363 363 363
365 365 365
367 367 367
369 369 369
371 371 371
373 373 373
375 375 375
377 377 377
379 379 379
381 381 381
383 383 383
385 385 385
387 387 387
389 389 389
391 391 391
393 393 393
395 395 395
397 397 397
399 399 399
401 401 401
403 403 403
405 405 405
407 407 407
409 409 409
411 411 411
413 413 413
415 415 415
417 417 417
419 419 419
421 421 421
423 423 423
425 425 425
427 427 427
429 429 429
431 431 431
433 433 433
435 435 435
437 437 437
439 439 439
441 441 441
443 443 443
445 445 445
447 447 447
449 449 449
451 451 451
453 453 453
455 455 455
457 457 457
459 459 459
461 461 461
463 463 463
465 465 465
467 467 467
469 469 469
471 471 471
473 473 473
475 475 475
477 477 477
479 479 479
481 481 481
483 483 483
485 485 485
487 487 487
489 489 489
491 491 491
493 493 493
495 495 495
497 497 497
499 499 499
501 501 501
503 503 503
505 505 505
507 507 507
509 509 509
511 511 511
513 513 513
515 515 515
517 517 517
519 519 519
521 521 521
523 523 523
525 525 525
527 527 527
529 529 529
531 531 531
533 533 533
535 535 535
537 537 537
539 539 539
541 541 541
543 543 543
545 545 545
547 547 547
549 549 549
551 551 551
553 553 553
555 555 555
557 557 557
559 559 559
561 561 561
563 563 563
565 565 565
567 567 567
569 569 569
571 571 571
573 573 573
575 575 575
577 577 577
579 579 579
581 581 581
583 583 583
585 585 585
587 587 587
589 589 589
591 591 591
593 593 593
595 595 595
597 597 597
599 599 599
601 601 601
603 603 603
605 605 605
607 607 607
609 609 609
611 611 611
613 613 613
615 615 615
617 617 617
619 619 619
621 621 621
623 623 623
625 625 625
627 627 627
629 629 629
631 631 631
633 633 633
635 635 635
637 637 637
639 639 639
641 641 641
643 643 643
645 645 645
647 647 647
649 649 649
651 651 651
653 653 653
655 655 655
657 657 657
659 659 659
661 661 661
663 663 663
665 665 665
667 667 667
669 669 669
671 671 671
673 673 673
675 675 675
677 677 677
679 679 679
681 681 681
683 683 683
685 685 685
687 687 687
689 689 689
691 691 691
693 693 693
695 695 695
697 697 697
699 699 699
701 701 701
703 703 703
705 705 705
707 707 707
709 709 709
711 711 711
713 713 713
715 715 715
717 717 717
719 719 719
721 721 721
723 723 723
725 725 725
727 727 727
729 729 729
731 731 731
733 733 733
735 735 735
737 737 737
739 739 739
741 741 741
743 743 743
745 745 745
747 747 747
749 749 749
751 751 751
753 753 753
755 755 755
757 757 757
759 759 759
761 761 761
763 763 763
765 765 765
767 767 767
769 769 769
771 771 771
773 773 773
775 775 775
777 777 777
779 779 779
781 781 781
783 783 783
785 785 785
787 787 787
789 789 789
791 791 791
793 793 793
795 795 795
797 797 797
799 799 799
801 801 801
803 803 803
805 805 805
807 807 807
809 809 809
811 811 811
813 813 813
815 815 815
817 817 817
819 819 819
821 821 821
823 823 823
825 825 825
827 827 827
829 829 829
831 831 831
833 833 833
835 835 835
837 837 837
839 839 839
841 841 841
843 843 843
845 845 845
847 847 847
849 849 849
851 851 851
853 853 853
855 855 855
857 857 857
859 859 859
861 861 861
863 863 863
865 865 865
867 867 867
869 869 869
871 871 871
873 873 873
875 875 875
877 877 877
879 879 879
881 881 881
883 883 883
885 885 885
887 887 887
889 889 889
891 891 891
893 893 893
895 895 895
897 897 897
899 899 899
901 901 901
903 903 903
905 905 905
907 907 907
909 909 909
911 911 911
913 913 913
915 915 915
917 917 917
919 919 919
921 921 921
923 923 923
925 925 925
927 927 927
929 929 929
931 931 931
933 933 933
935 935 935
937 937 937
939 939 939
941 941 941
943 943 943
945 945 945
947 947 947
949 949 949
951 951 951
953 953 953
955 955 955
957 957 957
959 959 959
961 961 961
963 963 963
965 965 965
967 967 967
969 969 969
971 971 971
973 973 973
975 975 975
977 977 977
979 979 979
981 981 981
983 983 983
985 985 985
987 987 987
989 989 989
991 991 991
993 993 993
995 995 995
997 997 997
999 999 999
1001 1001 1001
1003 1003 1003
1005 1005 1005
1007 1007 1007
1009 1009 1009
1011 1011 1011
1013 1013 1013
1015 1015 1015
1017 1017 1017
1019 1019 1019
1021 1021 1021
1023 1023 1023
1025 1025 1025
1027 1027 1027
1029 1029 1029
1031 1031 1031
1033 1033 1033
1035 1035 1035
1037 1037 1037
1039 1039 1039
1041 1041 1041
1043 1043 1043
1045 1045 1045
1047 1047 1047
1049 1049 1049
1051 1051 1051
1053 1053 1053
1055 1055 1055
1057 1057 1057
1059 1059 1059
1061 1061 1061
1063 1063 1063
1065 1065 1065
1067 1067 1067
1069 1069 1069
1071 1071 1071
1073 1073 1073
1075 1075 1075
1077 1077 1077
1079 1079 1079
1081 1081 1081
1083 1083 1083
1085 1085 1085
1087 1087 1087
1089 1089 1089
1091 1091 1091
1093 1093 1093
1095 1095 1095
1097 1097 1097
1099 1099 1099
1101 1101 1101
1103 1103 1103
1105 1105 1105
1107 1107 1107
1109 1109 1109
1111 1111 1111
1113 1113 1113
1115 1115 1115
1117 1117 1117
1119 1119 1119
1121 1121 1121
1123 1123 1123
1125 1125 1125
1127 1127 1127
1129 1129 1129
1131 1131 1131
1133 1133 1133
1135 1135 1135
1137 1137 1137
1139 1139 1139
1141 1141 1141
1143 1143 1143
1145 1145 1145
1147 1147 1147
1149 1149 1149
1151 1151 1151
1153 1153 1153
1155 1155 1155
1157 1157 1157
1159 1159 1159
1161 1161 1161
1163 1163 1163
1165 1165 1165
1167 1167 1167
1169 1169 1169
1171 1171 1171
1173 1173 1173
1175 1175 1175
1177 1177 1177
1179 1179 1179
1181 1181 1181
1183 1183 1183
1185 1185 1185
1187 1187 1187
1189 1189 1189
1191 1191 1191
1193 1193 1193
1195 1195 1195
1197 1197 1197
1199 1199 1199
1201 1201 1201
1203 1203 1203
1205 1205 1205
1207 1207 1207
1209 1209 1209
1211 1211 1211
1213 1213 1213
1215 1215 1215
1217 1217 1217
1219 1219 1219
1221 1221 1221
1223 1223 1223
1225 1225 1225
1227 1227 1227
1229 1229 1229
1231 1231 1231
1233 1233 1233
1235 1235 1235
1237 1237 1237
1239 1239 1239
1241 1241 1241
1243 1243 1243
1245 1245 1245
1247 1247 1247
1249 1249 1249
1251 1251 1251
1253 1253 1253
1255 1255 1255
1257 1257 1257
1259 1259 1259
1261 1261 1261
1263 1263 1263
1265 1265 1265
1267 1267 1267
1269 1269 1269
1271 1271 1271
1273 1273 1273
1275 1275 1275
1277 1277 1277
1279 1279 1279
1281 1281 1281
1283 1283 1283
1285 1285 1285
1287 1287 1287
1289 1289 1289
1291 1291 1291
1293 1293 1293
1295 1295 1295
1297 1297 1297
1299 1299 1299
1301 1301 1301
1303 1303 1303
1305 1305 1305
1307 1307 1307
1309 1309 1309
1311 1311 1311
1313 1313 1313
1315 1315 1315
1317 1317 1317
1319 1319 1319
1321 1321 1321
1323 1323 1323
1325 1325 1325
1327 1327 1327
1329 1329 1329
1331 1331 1331
1333 1333 1333
1335 1335 1335
1337 1337 1337
1339 1339 1339
1341 1341 1341
1343 1343 1343
1345 1345 1345
1347 1347 1347
1349 1349 1349
1351 1351 1351
1353 1353 1353
1355 1355 1355
1357 1357 1357
1359 1359 1359
1361 1361 1361
1363 1363 1363
1365 1365 1365
1367 1367 1367
1369 1369 1369
1371 1371 1371
1373 1373 1373
1375 1375 1375
1377 1377 1377
1379 1379 1379
1381 1381 1381
1383 1383 1383
1385 1385 1385
1387 1387 1387
1389 1389 1389
1391 1391 1391
1393 1393 1393
1395 1395 1395
1397 1397 1397
1399 1399 1399
1401 1401 1401
1403 1403 1403
1405 1405 1405
1407 1407 1407
1409 1409 1409
1411 1411 1411
1413 1413 1413
1415 1415 1415
1417 1417 1417
1419 1419 1419
1421 1421 1421
1423 1423 1423
1425 1425 1425
1427 1427 1427
1429 1429 1429
1431 1431 1431
1433 1433 1433
1435 1435 1435
1437 1437 1437
1439 1439 1439
1441 1441 1441
1443 1443 1443
1445 1445 1445
1447 1447 1447
1449 1449 1449
1451 1451 1451
1453 1453 1453
1455 1455 1455
1457 1457 1457
1459 1459 1459
1461 1461 1461
1463 1463 1463
1465 1465 1465
1467 1467 1467
1469 1469 1469
1471 1471 1471
1473 1473 1473
1475 1475 1475
1477 1477 1477
1479 1479 1479
1481 1481 1481
1483 1483 1483
1485 1485 1485
1487 1487 1487
1489 1489 1489
1491 1491 1491
1493 1493 1493
1495 1495 1495
1497 1497 1497
1499 1499 1499
1501 1501 1501
1503 1503 1503
1505 1505 1505
1507 1507 1507
1509 1509 1509
1511 1511 1511
1513 1513 1513
1515 1515 1515
1517 1517 1517
1519 1519 1519
1521 1521 1521
1523 1523 1523
1525 1525 1525
1527 1527 1527
1529 1529 1529
1531 1531 1531
1533 1533 1533
1535 1535 1535
1537 1537 1537
1539 1539 1539
1541 1541 1541
1543 1543 1543
1545 1545 1545
1547 1547 1547
1549 1549 1549
1551 1551 1551
1553 1553 1553
1555 1555 1555
1557 1557 1557
1559 1559 1559
1561 1561 1561
1563 1563 1563
1565 1565 1565
1567 1567 1567
1569 1569 1569
1571 1571 1571
1573 1573 1573
1575 1575 1575
1577 1577 1577
1579 1579 1579
1581 1581 1581
1583 1583 1583
1585 1585 1585
1587 1587 1587
1589 1589 1589
1591 1591 1591
1593 1593 1593
1595 1595 1595
1597 1597 1597
1599 1599 1599
1601 1601 1601
1603 1603 1603
1605 1605 1605
1607 1607 1607
1609 1609 1609
1611 1611 1611
1613 1613 1613
1615 1615 1615
1617 1617 1617
1619 1619 1619
1621 1621 1621
1623 1623 1623
1625 1625 1625
1627 1627 1627
1629 1629 1629
1631 1631 1631
1633 1633 1633
1635 1635 1635
1637 1637 1637
1639 1639 1639
1641 1641 1641
1643 1643 1643
1645 1645 1645
1647 1647 1647
1649 1649 1649
1651 1651 1651
1653 1653 1653
1655 1655 1655
1657 1657 1657
1659 1659 1659
1661 1661 1661
1663 1663 1663
1665 1665 1665
1667 1667 1667
1669 1669 1669
1671 1671 1671
1673 1673 1673
1675 1675 1675
1677 1677 1677
1679 1679 1679
1681 1681 1681
1683 1683 1683
1685 1685 1685
1687 1687 1687
1689 1689 1689
1691 1691 1691
1693 1693 1693
1695 1695 1695
1697 1697 1697
1699 1699 1699
1701 1701 1701
1703 1703 1703
1705 1705 1705
1707 1707 1707
1709 1709 1709
1711 1711 1711
1713 1713 1713
1715 1715 1715
1717 1717 1717
1719 1719 1719
1721 1721 1721
1723 1723 1723
1725 1725 1725
1727 1727 1727
1729 1729 1729
1731 1731 1731
1733 1733 1733
1735 1735 1735
1737 1737 1737
1739 1739 1739
1741 1741 1741
1743 1743 1743
1745 1745 1745
1747 1747 1747
1749 1749 1749
1751 1751 1751
1753 1753 1753
1755 1755 1755
1757 1757 1757
1759 1759 1759
1761 1761 1761
1763 1763 1763
1765 1765 1765
1767 1767 1767
1769 1769 1769
1771 1771 1771
1773 1773 1773
1775 1775 1775
1777 1777 1777
1779 1779 1779
1781 1781 1781
1783 1783 1783
1785 1785 1785
1787 1787 1787
1789 1789 1789
1791 1791 1791
1793 1793 1793
1795 1795 1795
1797 1797 1797
1799 1799 1799
1801 1801 1801
1803 1803 1803
1805 1805 1805
1807 1807 1807
1809 1809 1809
1811 1811 1811
1813 1813 1813
1815 1815 1815
1817 1817 1817
1819 1819 1819
1821 1821 1821
1823 1823 1823
1825 1825 1825
1827 1827 1827
1829 1829 1829
1831 1831 1831
1833 1833 1833
1835 1835 1835
1837 1837 1837
1839 1839 1839
1841 1841 1841
1843 1843 1843
1845 1845 1845
1847 1847 1847
1849 1849 1849
1851 1851 1851
1853 1853 1853
1855 1855 1855
1857 1857 1857
1859 1859 1859
1861 1861 1861
1863 1863 1863
1865 1865 1865
1867 1867 1867
1869 1869 1869
1871 1871 1871
1873 1873 1873
1875 1875 1875
1877 1877 1877
1879 1879 1879
1881 1881 1881
1883 1883 1883
1885 1885 1885
1887 1887 1887
1889 1889 1889
1891 1891 1891
1893 1893 1893
1895 1895 1895
1897 1897 1897
1899 1899 1899
1901 1901 1901
1903 1903 1903
1905 1905 1905
1907 1907 1907
1909 1909 1909
1911 1911 1911
1913 1913 1913
1915 1915 1915
1917 1917 1917
1919 1919 1919
1921 1921 1921
1923 1923 1923
1925 1925 1925
1927 1927 1927
1929 1929 1929
1931 1931 1931
1933 1933 1933
1935 1935 1935
1937 1937 1937
1939 1939 1939
1941 1941 1941
1943 1943 1943
1945 1945 1945
1947 1947 1947
1949 1949 1949
1951 1951 1951
1953 1953 1953
1955 1955 1955
1957 1957 1957
1959 1959 1959
1961 1961 1961
1963 1963 1963
1965 1965 1965
1967 1967 1967
1969 1969 1969
1971 1971 1971
1973 1973 1973
1975 1975 1975
1977 1977 1977
1979 1979 1979
1981 1981 1981
1983 1983 1983
1985 1985 1985
1987 1987 1987
1989 1989 1989
1991 1991 1991
1993 1993 1993
1995 1995 1995
1997 1997 1997
1999 1999 1999
