700 24
118318
463309
314207
24719
273053
140378
323569
424335
459329
341931
351867
398504
416173
385016
33450
297863
185335
196316
404596
364298
407829
178142
243484
106760
420210
362281
395813
112824
82070
436692
116042
186821
369234
10191
410220
323458
422990
499676
491646
325524
151750
303282
145913
95822
5315
197445
2775
489617
195501
216514
482355
414647
401933
253100
457883
310413
364458
483126
293029
152049
188364
242205
393
313249
177172
16169
153699
12751
415304
254890
455142
392002
60238
138466
138189
64721
148210
181030
54685
254275
272123
71667
310661
456446
177796
273814
3296
6507
182251
145862
227081
128069
58321
64729
362425
193991
491271
216480
139261
366409
461321
70625
151732
264876
207304
439511
26215
326028
33767
204119
367167
434903
320211
492536
441025
226452
496548
221901
357407
118016
341077
370696
217913
197951
408237
435391
197596
186118
117439
79205
227423
458006
406986
193387
338986
51079
58780
98703
477964
230327
92618
90785
192437
217782
140442
387649
358435
423262
154303
250184
468786
300917
467541
476173
492059
213033
233274
250373
207344
497433
372424
400954
232514
49899
284480
294150
78373
144313
174992
31345
9110
392390
337375
162588
216617
331397
361870
114852
289416
488246
302739
168981
60460
496333
125352
280788
367164
309237
371178
377348
465054
315230
53021
135134
419975
383513
76794
45482
433894
449723
72701
55038
302916
172619
307824
425147
388687
8699
208544
95201
77335
135380
227913
172294
399441
357016
68906
107553
366518
408460
59110
433249
420572
349906
421790
163370
107886
215105
30511
20698
359582
119863
337666
315906
259901
393159
225146
158336
168727
156348
281808
346633
18910
7634
471310
47360
92800
209237
4230
101184
132753
349534
58694
31076
200906
129843
46668
45467
270823
29054
373556
112298
140950
488662
419726
450936
185851
171922
2072
134630
384725
323768
41490
327492
175612
5541
154242
214510
428284
150068
354961
334502
260526
383213
74854
386625
111891
166501
450931
118978
8208
57582
295077
137451
297555
452012
243241
165606
339407
285633
344190
175610
295148
276995
364325
475852
182520
54254
146778
336756
50066
333152
375525
115408
206697
467354
40893
39212
353000
433187
398753
47501
352691
193721
413321
467827
183174
494087
79963
490610
268554
482176
339788
169240
439014
13438
382150
470775
300864
32982
36590
72149
19310
431289
180396
487114
29196
328626
214211
197738
362118
456378
415730
237854
195673
361293
221449
197301
367256
259656
332406
195275
194503
286897
333184
253466
28472
348865
409614
11579
360317
76739
148670
319612
20851
465487
121721
327259
69510
76473
97503
134590
18025
130840
383457
88578
457763
277872
3101
435295
315199
494127
405339
486442
57034
333274
409843
263597
295017
394802
41827
161818
490293
465527
52117
382822
292307
98522
413586
456740
154725
427351
395414
314919
251301
461935
451076
367972
55905
242166
329346
132643
435783
335592
318509
133058
210617
344012
413860
98153
48591
82806
86803
64673
159633
21915
258532
194489
311285
331019
191514
290600
4008
68370
148874
305334
289283
243285
226797
169646
453865
236228
420059
394647
317889
134371
383774
383884
128437
138463
479410
265275
270354
114147
277013
451286
401983
18454
378160
357793
12567
309801
21181
183420
332178
97416
27571
201527
54054
344651
191350
132335
76407
219436
180256
52564
386411
439492
221766
440869
188770
425963
226236
327237
15690
185628
414417
393641
141749
326500
221368
390533
92183
123305
424215
261682
22715
477995
53239
335202
341107
313925
334370
221953
434096
169960
206302
462235
260232
163268
27894
416798
157832
299533
103732
343009
235699
163512
20089
204074
476558
124315
486262
173489
14588
209575
1222
155347
98329
224622
285106
153591
387107
301112
150257
434052
481232
63509
334605
87454
144106
130566
346603
258566
357471
3950
8301
152725
278425
227794
139498
22796
258898
123666
192476
302218
162466
222826
92146
204849
187449
81944
74628
276799
424164
21983
163093
137237
423601
389494
398178
317947
279368
44723
246497
242162
227151
499367
244239
174783
32581
41454
107166
119433
136513
107777
26928
463055
489257
263084
180872
88854
199787
247083
199028
77898
97161
401001
337053
375414
372869
227599
33358
242083
174312
76534
447810
463670
431996
64322
81925
260494
122564
51110
422459
97321
150763
432020
306031
117064
30086
272464
208857
487437
322581
170213
159844
285400
190987
3259
321817
486827
48191
473860
38618
140968
357443
360043
145142
112027
81921
393642
31872
151879
304774
413009
330808
208927
12093
79039
377103
86095
118352
491240
481800
38690
430233
40468
378982
445276
382477
372532
74841
37598
75875
111265
382850
374149
384534
152517
79731
472284
191113
57689
256596
442875
436161
417533
128621
179628
65271
438464
142194
486300
270531
181970
488613
115573
187639
242576
