100
75 57 70
54 50 71
71 65 81
98 30 96
79 20 54
96 97 98
28 23 95
86 41 99
47 53 77
59 7 63
42 26 40
46 62 71
27 75 77
86 62 75
75 63 90
65 84 90
38 48 62
70 5 81
66 44 91
25 44 85
27 18 59
73 4 71
24 60 62
19 19 67
33 36 84
46 21 38
43 4 98
71 5 19
75 44 99
65 23 88
58 18 22
54 0 33
91 42 69
67 48 65
6 5 18
41 15 24
63 12 29
67 12 86
41 17 82
42 43 57
4 46 57
11 23 72
69 66 76
12 29 66
90 25 85
68 41 66
51 34 59
7 45 47
97 13 14
44 87 96
81 46 71
64 33 34
59 55 84
87 3 54
29 24 43
30 49 81
98 17 90
11 20 96
99 47 83
74 27 30
31 73 91
4 53 86
36 74 77
49 35 87
10 43 77
94 90 91
32 57 98
95 22 80
56 42 47
41 39 51
24 28 82
50 17 59
35 63 65
64 11 65
40 43 74
35 39 88
81 50 50
21 3 26
25 81 83
44 8 15
68 29 59
20 10 54
11 31 56
99 5 29
80 68 99
60 44 78
9 60 63
1 1 16
85 47 88
37 21 75
3 55 82
91 81 91
46 2 40
96 4 28
27 7 85
53 1 37
54 1 40
4 52 59
19 1 41
84 46 72
