100
33 52 93
7 16 76
0 65 96
29 55 68
12 16 69
34 27 77
9 13 44
57 36 79
60 25 86
89 35 58
72 82 93
55 10 46
55 9 87
4 82 96
51 89 91
38 17 62
70 77 79
62 16 38
40 66 86
27 66 79
67 43 44
92 17 35
90 92 99
43 60 77
22 53 60
67 26 44
89 19 84
18 60 64
31 64 90
86 0 61
77 27 63
19 39 50
21 27 53
27 65 78
1 6 47
49 66 79
25 37 77
98 32 83
18 40 65
52 67 86
46 6 40
14 31 49
53 3 99
16 31 57
63 55 77
74 9 70
52 9 96
97 62 93
38 76 82
75 5 67
49 4 52
45 26 99
16 18 55
44 53 93
48 4 63
90 17 28
81 0 96
50 82 88
36 16 90
70 28 61
5 30 40
10 11 84
0 33 92
63 42 98
46 76 88
27 28 53
66 32 53
54 32 68
48 20 54
56 2 36
87 17 42
57 26 80
7 74 87
17 64 98
4 46 75
17 30 57
17 30 33
1 40 45
33 65 65
89 11 87
68 23 88
0 3 35
48 13 66
51 52 75
68 20 50
62 1 87
83 40 71
26 37 56
35 54 89
27 58 76
54 0 2
82 52 66
28 10 25
37 8 52
27 52 98
12 28 79
82 52 80
87 68 82
27 4 60
97 72 85
