50
521036 489548
54337 338985
199996 179490
18521 170986
793697 463450
223924 874572
345351 944119
928081 608252
704414 596655
31838 783644
164694 500026
621478 50370
577228 699098
237892 992396
934214 267262
613965 679090
535632 864281
589909 750844
730122 964489
311944 554242
398221 212390
209843 222443
186193 218749
944372 569573
739550 452109
490458 970236
227414 680544
254356 85295
58029 56418
434416 487837
311795 881004
696343 976404
377751 617657
179603 542498
24678 854613
67249 743834
679392 478596
453696 677081
536579 607045
896671 714696
990338 469497
216896 456014
663078 906418
263322 137220
20651 229219
758378 881585
320017 904424
383463 645784
588317 324682
831048 519711
