332 11017
8223 26744
7197 26819
877 24746
7937 17727
9768 11954
2848 21586
6498 28305
1265 29252
383 20478
2110 12885
90 781
2160 18823
6359 11837
922 31788
6765 31876
7098 8611
8319 20265
1657 3738
3798 31934
8025 12733
9163 13765
3363 21411
9773 38175
8623 41238
7080 18667
800 3789
859 20383
5635 36368
729 14217
3596 30705
1037 24374
9102 11587
2252 31612
9743 41907
3440 15519
326 30017
2455 8582
291 16074
3837 31007
7638 38545
1049 3956
76 19256
7024 10113
8823 20107
9057 23937
3500 20060
314 17537
4120 21626
144 26682
8628 9763
2094 17536
3094 30295
3020 35189
5745 11351
378 29561
4276 6468
3377 26936
5304 29643
7987 40077
946 8221
2914 13397
937 2012
2794 28827
6309 7635
4047 12456
3558 16808
7355 36172
973 22597
7851 34065
5453 35787
8556 37683
5348 13065
4308 25436
9920 42531
620 7628
2067 20581
7485 24999
9827 41490
4745 24625
6218 29605
4086 33138
8932 34242
8745 35158
9447 30406
7554 21226
1525 19618
7293 12601
2363 29173
2161 27277
3750 12737
4323 12868
8635 37060
1568 5606
7705 19579
4364 22391
5236 10909
9542 37400
2769 13266
2173 33762
391 17213
1892 5458
2460 14161
2976 20925
4904 27319
1638 17516
5771 6149
426 3146
5173 9221
3119 23157
1262 26748
7919 31273
1136 18758
6082 32224
9466 33384
8843 27396
4829 22043
1470 22774
7598 12419
68 12654
6167 12796
6596 29511
265 4812
9413 14111
901 28013
8164 8975
800 9618
838 23195
3622 17610
7443 36272
4272 10258
7438 18104
1863 15613
3280 13655
5438 12940
2186 18862
1278 9209
1741 28321
1754 4621
7074 20338
5883 37771
4663 33770
241 13120
9385 27302
4926 36368
2065 26530
4357 16163
4707 19609
2520 16950
701 29654
8091 21497
1022 9543
6201 11850
5387 28997
1746 27614
8350 19169
3798 5598
8639 16095
4346 11102
1762 31059
1980 26716
6454 24431
4967 19530
1015 22870
5900 16770
723 21251
1286 33869
5734 21313
522 28785
553 27677
1994 24151
4571 33485
4709 6902
8051 26660
5349 14038
1464 28073
2559 33102
3509 34186
502 4326
8655 14387
3033 14104
6723 17230
9903 35831
8015 24169
2977 25311
10 1100
2321 24583
3451 20633
5067 21556
8924 39555
5242 25776
9457 38574
3593 7206
2509 4466
8978 27288
5222 27884
3017 9665
2924 10839
6900 10390
1484 6416
3150 19491
6776 30941
6162 13721
3548 10721
4934 16664
1989 29957
3486 31249
2014 8948
88 13476
6350 25016
2027 16846
3008 17092
4110 9711
2701 8092
4389 28856
599 26354
7006 29386
6397 33945
6114 14691
9806 23863
7990 12097
498 11952
386 32619
1786 13877
6203 20823
4313 24508
435 32508
2378 5735
953 33267
5817 17776
3638 4243
6209 13983
4130 7525
9117 33476
8384 15075
784 4633
4299 30496
2409 33481
4318 23733
7813 22513
2484 13695
2063 29919
3060 29931
2855 33083
9032 38284
108 20367
3987 27858
1090 28687
6030 10281
484 11818
25 32454
6965 31450
311 28966
9291 31410
1132 25065
8294 9551
321 23772
570 14379
3460 8625
4803 24553
220 21018
8106 14653
1166 7176
545 14922
9518 30177
3511 5105
16 1647
4139 13353
3317 14606
788 2597
9202 40462
6725 14136
259 22734
1040 33175
3268 25328
7744 19413
5542 20494
7649 36649
7283 13503
1807 13759
3332 35279
3745 28386
951 11313
18 5989
2538 25597
1239 4983
4378 14861
1303 20960
6458 35029
9984 32209
497 18468
4815 34159
6872 10202
0 0
