6322 29752
6626 17328
9610 18923
7150 20412
258 31400
7528 37364
9962 20854
7521 27407
2666 6452
8628 13393
225 15870
9512 27698
3624 24558
8541 36547
9129 26802
2952 28912
3233 24144
8493 31673
5310 32835
2328 19366
5222 23105
3643 31278
6935 34077
6424 13720
454 24484
2723 19043
3035 26139
3019 12622
2694 7187
1052 21622
372 1950
2379 23911
2720 31646
5713 23221
302 14629
3044 16116
5183 35013
8566 24634
1792 4382
3147 15792
7161 26801
1435 13369
8287 22449
7291 36569
7800 20707
9106 17130
5659 32932
638 8192
9638 23642
1753 3951
4135 7967
3005 14930
7161 12000
3479 11222
1796 10008
7423 25242
4750 35623
6423 14733
6495 37617
9773 40201
1387 26379
7617 18785
7676 17763
2882 9756
1371 25963
4779 6926
2750 16517
5078 12849
7334 35556
4258 35910
595 892
7056 28149
7110 23174
1277 7044
9019 10619
8750 24169
597 3775
2343 3993
8264 21066
5109 31065
5541 32759
8260 34126
2927 15636
5742 16914
5498 10566
4851 6951
5451 22503
1781 6133
4516 19985
427 21439
3603 4272
6125 9130
7871 32458
5424 5695
2880 19164
9703 31815
5076 9870
4820 37535
3373 21757
7862 24165
2286 22973
5595 19208
2785 17550
6629 38035
5314 25506
9147 30741
8835 30314
5726 34047
4813 23695
932 12378
3363 21144
2662 4469
9285 31437
3468 34675
8099 40237
5148 6104
7492 20430
3210 16476
7087 38731
8564 27169
9779 14733
7414 31633
5233 13265
6683 18499
9407 39822
1009 24216
5169 36092
1910 22566
3866 33303
4057 17526
5814 11976
3235 28079
7294 8888
8030 38078
4779 28757
932 30692
1803 28197
3272 32478
4153 23168
55 21447
482 22100
1411 8614
140 20332
3445 23032
8128 34072
5598 26379
6069 13405
5831 6053
1488 24304
9548 20580
3122 33096
7923 21911
6115 32579
3923 24414
3342 34539
3285 13552
8794 12870
7051 24052
960 32947
2423 23872
7770 35123
715 13218
2031 22652
5802 25372
7934 38779
5329 23308
5765 11685
115 2446
6606 35642
4643 35805
4158 9118
1889 15466
3174 8930
6458 30707
2241 33029
2068 34773
4873 5066
8416 38332
3252 17844
2400 30312
1972 31044
2092 32820
2741 25533
1697 11140
3552 12383
2634 15022
1576 16954
539 17843
8834 14308
4546 21525
6667 36895
7536 18203
2362 28041
8556 40934
2898 9875
2945 22370
4235 8741
2943 15679
2157 6268
3244 4075
5298 27786
1484 31508
2495 25329
294 24112
149 31348
9841 42216
6081 33634
7597 34932
2319 7122
7374 35777
6063 37951
6690 11357
7288 33361
4604 13981
6817 27668
1720 25636
2119 14078
82 2552
9119 13216
5824 24926
2329 31306
4487 30189
8707 12336
4632 11885
7670 26451
265 10384
373 9122
6501 17085
8996 24243
4638 21515
7599 36902
7699 19135
7906 9023
9245 37595
5579 23433
2648 8172
6977 33755
9781 11156
847 22086
7411 29833
497 1871
3466 22270
920 5361
6084 21052
4696 12883
9765 24840
4538 6674
5374 16187
7390 37606
8947 35012
9619 17723
979 2815
9308 12726
5097 18059
3496 31976
8317 38470
3726 4754
9603 23423
8099 12022
1078 13071
2251 26920
3093 3289
1281 27993
5318 25640
4462 29288
1693 30395
2598 3368
3562 13969
3692 23323
1732 33844
2955 25554
3348 7490
2209 19250
4914 8592
4235 12775
5189 17410
6996 9546
1341 18955
5090 15255
4495 26343
6624 31826
227 20424
9489 14874
7839 25059
2573 24040
4599 18686
7448 24676
430 436
6100 38425
2024 15298
5264 8514
1285 11112
9568 36709
4845 35632
9614 16703
3480 17145
7766 30215
9821 10691
7195 22298
2100 26743
322 4447
2227 31068
8819 18434
5558 29766
7483 20889
9941 28294
5197 27364
3071 18442
6990 10520
7554 27108
2118 25042
6464 16891
5392 29445
4911 25105
690 7381
3787 22447
2153 14110
3987 35624
9752 23144
8347 9639
2054 10788
1293 12335
5513 22995
8957 31987
5439 22468
2575 15482
6246 20202
4022 14431
621 21741
6311 19263
8558 14627
8414 10054
2439 9834
3948 30840
4858 30666
338 3596
1895 19499
2314 34935
222 23529
9880 20475
4708 10203
6628 30083
2036 20431
346 28610
955 22092
1225 29841
4091 26864
3428 28530
3622 5646
1484 4121
6822 34548
6681 26867
7158 30086
2860 12542
5261 29864
1477 6487
8204 29675
48 14701
3135 28431
1553 31051
3055 18264
4927 6897
3103 20291
4342 30220
7302 31113
662 29486
7485 23879
607 26380
2700 26703
4711 20984
2954 25667
7455 24290
5722 8535
9555 41432
6804 14136
6292 35057
1655 12477
7391 22646
8882 40499
8600 31321
4237 23041
8082 36031
2303 7748
4496 14594
1444 5183
7721 19476
6466 9063
681 8160
7896 9961
2716 8531
3923 23016
681 25021
7870 39720
3892 7146
16 26460
4490 22487
484 15456
7817 12245
3116 28010
2661 15054
5473 32443
899 5538
2579 33714
404 20673
7291 29911
1790 16402
7295 7780
6139 37015
1979 22223
1632 17071
1478 12683
3913 34373
6800 30697
9236 21066
5381 28218
1943 24682
7711 18783
6869 26691
1 27752
3947 20560
4543 23259
4343 26066
5027 11126
6014 19892
7869 40514
1429 20792
170 11991
698 30408
2015 10028
6411 28213
8167 37457
3880 18711
7471 28346
9099 9377
5513 32071
563 7634
2217 28733
7095 14083
2696 11304
1726 22497
273 11276
7712 39440
1066 6125
6745 8474
4113 15784
8710 31086
2473 27590
858 12375
3220 9745
5757 9430
5053 17568
343 18930
948 1205
382 32549
5635 35469
9390 26448
3080 15040
1302 21390
2752 19591
344 14767
4696 34768
4664 22633
1825 9392
8873 28134
4268 4353
309 6059
8172 27907
5311 34265
3300 12168
923 12488
6650 16333
430 17826
3794 14029
1086 2232
8517 32447
8934 29941
8977 18240
1956 31335
7222 30261
3080 31223
6313 23548
5377 36782
8038 8446
20 32367
9909 16499
1826 8767
9389 12135
8189 28244
3533 33234
6193 14184
6949 26431
8035 31884
8557 18537
3572 31828
506 3751
2248 14108
8665 33169
9975 33590
6972 28388
6488 13047
571 30153
7039 37942
1117 15581
6861 13786
5343 17651
2744 27301
5792 18825
2318 11251
8650 19689
7195 9827
1588 28942
8759 34786
4250 9053
3954 11228
8142 10324
4813 16113
1461 33546
6898 21037
5478 6601
7019 16064
4801 19499
7096 25494
9177 39679
2841 14237
3629 11269
1356 23813
7853 34929
8612 20184
7920 30884
9095 32760
8329 17915
1473 25837
9601 27090
896 2922
9738 10671
2856 11160
4952 16542
911 7128
9306 25196
4275 21496
1477 12845
8194 18423
9213 25258
4191 28303
9831 38962
2481 34626
6240 34829
6562 13720
8400 13972
6593 30147
318 3267
4946 7918
6914 33771
7776 28879
310 28193
4909 33685
8253 25675
9011 12142
283 24560
9804 14378
4836 27436
5891 14350
1429 29195
9330 12340
7651 40144
714 26512
1705 14317
3024 10731
8192 10641
6581 20803
2703 13186
9415 41460
1945 6563
3176 25139
9286 41920
2296 10870
5859 24911
9179 19451
4289 29134
2645 8742
761 20485
9134 14113
7550 26526
2121 22901
2674 30450
914 19578
5075 27453
6079 35476
6920 7844
1989 7594
9753 15351
434 10242
2212 19994
1357 14684
9915 31085
213 27191
7521 10947
261 6735
7887 35370
1972 26052
5093 17114
5205 23569
5170 12736
2346 9161
8396 26321
7591 15217
2680 25016
9370 40494
2363 4065
5046 14798
8704 10406
4899 31960
1341 4715
2743 29251
6364 33552
382 16259
2111 13936
273 13916
4347 29084
959 33162
5201 23253
1283 33724
9908 24468
5106 18557
2850 5727
3715 11775
206 757
3185 20091
2013 24973
4987 17139
245 23776
4310 15139
5686 7592
549 21753
3122 21012
2133 28143
8091 20980
5206 7752
4123 32793
2794 15198
2143 6361
5530 5908
3130 5809
706 24164
2944 19368
5642 30809
5947 11516
1564 8771
5253 11391
4078 12676
84 13029
4155 27525
3126 33531
7888 28550
7165 36312
1203 2882
9552 14573
3960 31946
4258 13688
8398 32906
3927 23854
5886 18509
5192 16701
1874 21542
5543 37551
8063 33363
205 19643
8927 19196
3831 20477
1472 10755
4490 34112
9945 14070
8002 28968
1628 19104
6754 12516
9128 23360
5599 26075
1598 5112
7170 37577
5819 19533
7674 12759
552 6643
3158 33680
7507 29349
0 0
