100 1000
23 56 8195
23 96 31790
23 38 25116
96 92 6730
96 58 16798
58 70 13690
56 31 21449
70 29 31487
70 25 16570
29 100 12096
56 73 22472
100 33 9906
96 57 18955
92 42 6324
92 95 31799
29 62 16180
31 93 21955
42 53 26571
73 35 28902
58 84 14594
57 71 22951
57 72 31468
23 50 10978
53 64 23621
95 82 12000
72 63 22369
100 26 30155
42 51 8061
73 20 22918
100 68 1800
33 80 22242
53 55 14646
80 89 26301
64 45 10546
38 28 31454
35 10 3437
96 77 21479
92 48 1390
93 32 3720
23 1 3820
25 44 1550
31 69 5586
42 54 13995
25 43 7928
25 12 11782
69 4 16624
50 78 3992
32 91 8630
48 46 17621
26 24 18842
42 75 18960
35 15 14101
26 13 25425
58 37 3521
70 21 32060
63 16 4860
68 9 27922
95 27 4960
46 85 25834
10 39 20140
46 40 19028
71 83 15444
26 19 17623
78 65 13386
95 52 27103
9 61 12067
95 81 23995
45 22 19466
53 94 27710
28 7 17657
75 8 24110
10 99 3503
57 36 17604
1 79 22235
1 59 4797
38 98 3207
54 18 11495
16 17 12492
89 86 27610
38 6 20289
4 66 26795
16 88 21088
83 2 634
69 14 24559
8 76 15178
98 97 19766
95 47 7185
7 74 19938
63 41 1713
64 30 10411
8 11 12185
57 87 26701
19 90 29380
63 34 11162
98 67 13812
88 60 14068
12 49 24464
54 5 22309
47 3 18858
66 23 10000000
45 66 3963
20 5 19523
39 52 14197
57 92 2203
94 88 443
98 2 15271
1 82 14192
64 1 12582
26 2 3347
26 83 30796
16 96 2474
77 45 25705
49 35 4455
50 67 27708
42 24 116
11 25 4231
73 43 11758
66 55 8889
71 69 6192
3 12 10959
29 71 13054
39 58 22457
5 94 9530
97 17 26590
54 60 1818
56 36 24482
60 86 13084
43 96 16883
71 14 19257
7 30 25414
14 99 242
98 85 27025
57 8 19031
76 100 11297
86 35 18202
39 96 31835
3 63 65
41 22 31952
96 36 12832
25 48 7723
14 27 17308
34 77 12757
93 55 16104
20 11 20595
17 96 24375
74 96 9865
75 12 25629
84 70 9176
68 41 9874
6 49 6753
11 80 13528
22 82 8204
62 70 20910
21 6 4708
53 43 26772
94 74 32236
87 52 24607
21 73 12574
78 2 10541
58 47 15673
90 62 4790
69 44 1235
56 94 5347
88 32 17516
99 91 31870
98 17 7841
78 86 17392
4 54 118
93 77 4340
89 100 8608
10 28 10373
32 56 10562
65 68 21025
48 27 23836
79 61 24901
93 11 22450
43 3 28910
96 68 15568
56 29 5720
42 13 19152
7 37 12397
45 79 19824
18 29 13811
61 2 2590
59 26 9778
66 18 27781
35 48 30491
8 6 23332
2 37 32581
95 10 30803
58 92 24173
53 58 6862
97 26 9893
96 15 3918
7 27 9594
4 2 22780
38 57 6181
56 9 8668
8 44 15712
79 88 26738
42 20 31874
62 58 10844
19 12 3291
77 63 25490
93 14 31127
76 73 18564
87 44 23948
30 51 13659
72 89 4032
48 51 30460
78 20 1160
15 82 25254
87 7 12430
61 56 14140
43 10 4644
70 17 3998
39 60 31404
97 9 20386
43 44 5375
25 30 32128
23 89 18193
43 12 30679
94 50 15439
56 98 31892
70 32 29542
26 51 3938
36 48 25967
56 82 3691
21 11 5562
19 85 14989
99 10 24745
34 42 13402
66 54 1379
72 10 375
59 45 31040
52 87 9782
100 14 25911
62 97 19834
60 58 3265
86 52 27984
88 70 6891
24 15 24767
71 21 15754
31 28 8115
63 20 24523
16 5 9246
91 100 3226
77 8 14236
57 96 22171
59 3 26427
89 67 26267
75 17 17210
6 59 21195
4 44 28381
10 87 28716
66 71 26790
63 51 15586
70 81 28049
93 98 7539
19 33 31269
32 17 16420
81 37 17023
66 50 24803
11 71 5788
87 95 11653
92 96 6795
85 14 32073
6 26 4691
48 15 16338
57 35 20399
81 3 18204
69 31 9197
35 88 11549
93 3 8855
82 99 24838
74 40 4519
38 56 12648
20 22 10877
49 43 16301
26 18 23248
88 51 32405
84 47 5959
8 51 198
89 70 6536
49 62 15758
15 9 8670
67 63 24924
60 21 6333
28 10 3247
34 22 18128
41 35 24413
32 18 23137
29 38 10107
92 93 10025
78 18 21093
61 59 2544
7 90 9087
51 60 13838
99 94 28502
22 33 1373
90 34 12945
19 11 10403
68 79 22358
32 71 8418
14 75 12600
17 85 17383
68 47 25910
23 52 2103
57 8 3074
6 10 3770
74 76 7610
19 54 26671
70 92 31389
59 89 26838
55 68 364
93 14 18126
36 85 28523
75 60 20497
48 65 3912
4 56 19237
88 16 21324
79 61 8657
33 63 11429
18 2 22386
33 6 5291
53 49 5326
83 27 12731
56 14 22225
64 5 28563
84 71 10861
11 1 22246
95 28 25905
3 85 14380
75 85 22168
93 85 8858
74 92 18977
19 88 5335
11 47 9886
7 38 11240
100 77 23022
75 2 20232
12 11 21434
3 75 29284
8 97 29194
37 79 9206
47 58 6342
15 82 31986
97 37 18827
50 17 6020
36 30 853
30 26 7120
94 67 2537
65 10 10351
38 22 785
39 49 6628
23 20 11256
55 24 20921
18 45 21333
34 63 26950
72 65 21795
91 7 1364
85 87 6926
44 82 5904
61 5 12522
22 57 3090
54 81 24270
75 70 4709
62 68 670
30 93 30412
88 20 8497
95 35 4799
27 31 27482
48 35 3281
14 4 19828
31 81 10621
39 21 8260
21 25 25489
99 46 18514
67 36 19116
65 25 3333
93 21 2953
45 10 17185
76 29 22804
71 51 7813
13 54 32369
57 17 11565
48 67 389
23 47 12779
43 60 15012
14 30 24404
93 89 29027
51 44 25556
80 85 14287
86 56 24035
40 39 13423
40 94 15314
99 24 8413
71 76 19631
71 72 17880
90 91 28711
70 35 32545
66 47 29046
47 75 8321
22 23 15810
60 76 17092
49 14 24695
50 14 23188
76 81 4217
41 84 21617
28 33 12111
5 11 6214
42 12 30600
69 13 7231
49 89 18965
8 83 25068
61 74 8778
66 20 10719
6 94 20691
59 47 9215
87 30 4712
43 2 30759
46 91 25685
39 72 9658
97 76 16981
4 39 14231
33 99 23973
45 85 5085
80 74 4041
89 48 32052
17 97 14080
4 35 31547
14 34 27898
18 3 27163
98 4 30878
59 32 6778
7 91 525
35 81 25156
24 37 31783
49 32 5116
51 52 31025
60 36 21910
97 49 18550
23 17 4365
99 76 22777
62 64 2094
50 1 401
53 51 16974
61 88 2302
96 29 26091
4 88 10471
35 34 26977
62 36 23733
30 24 11581
52 80 10699
7 12 22486
27 15 16525
9 36 32046
68 59 28208
69 92 3924
28 62 25933
86 5 4954
31 59 9599
27 18 7815
52 34 22397
82 89 7176
85 27 1657
45 75 15534
53 83 9997
45 18 8085
80 48 13381
10 30 12840
99 71 3535
54 30 26959
92 71 10865
12 39 17351
7 25 28561
88 73 11986
72 40 9465
63 76 23998
46 33 9723
42 79 21076
8 38 3764
91 72 24204
79 9 28371
32 60 28565
15 39 28752
97 95 27783
78 11 27214
98 26 22330
76 44 13005
61 84 1671
74 81 9224
3 25 6800
26 89 24385
66 15 16715
88 30 5412
14 63 20665
48 52 24594
27 88 2445
12 18 5864
47 67 20539
3 7 32555
89 40 9123
16 77 31639
29 94 24523
76 22 20607
82 50 16498
39 83 27023
15 51 27227
93 81 17599
15 43 21403
25 3 21666
4 41 609
43 87 24663
37 10 5856
90 77 12728
76 63 16489
20 31 21165
17 11 26327
35 46 16549
28 31 18653
2 58 27037
13 82 25810
84 71 2119
85 46 1298
49 97 7470
65 52 2574
19 76 24804
64 4 23446
97 53 12186
14 63 6169
24 79 10433
56 11 29625
2 24 7549
36 97 4744
37 7 32518
21 41 20569
19 22 23131
98 95 11738
52 62 8401
20 42 19954
85 9 5464
47 32 24486
19 95 17560
95 42 20453
56 37 562
96 61 31755
39 54 4035
19 83 10503
4 51 25217
33 14 3161
57 53 649
63 86 2924
82 71 19250
67 77 19195
73 48 30218
59 80 2933
72 15 25153
57 78 28839
44 4 2221
82 51 535
49 50 4278
57 43 16072
60 26 5308
99 26 23149
52 50 25826
54 1 29483
29 49 3389
34 73 5760
49 94 8409
72 27 4329
75 99 23826
58 17 5973
29 99 12594
4 1 10900
82 80 9300
34 95 29751
22 52 2045
30 9 6564
65 32 28651
61 34 27974
6 20 6148
59 29 20259
30 8 18289
89 78 17728
11 7 27718
22 56 10647
13 35 11593
11 22 3727
31 48 6065
9 57 31792
59 74 27898
56 14 14226
7 92 19223
7 70 1980
57 86 23957
36 29 29607
86 7 11700
5 38 17154
14 43 4290
45 67 30804
18 92 9693
66 78 17830
65 37 7323
49 10 24839
2 18 9524
6 79 9339
16 82 18697
46 23 30852
1 83 24728
93 60 4034
50 55 6201
81 63 8028
28 8 1858
48 84 21302
76 93 21850
74 65 3610
17 20 22564
29 68 25949
4 8 1939
17 59 1198
34 23 12669
69 28 4621
58 14 1351
41 1 4889
43 35 30400
94 28 3132
59 77 9100
83 100 26457
93 86 26791
94 10 29451
78 81 15848
93 96 19607
68 21 19346
6 87 5653
98 22 4685
56 43 18318
26 85 30757
83 14 1268
33 65 11607
6 95 31806
56 45 12832
11 12 13845
54 4 25284
80 14 18641
73 56 24960
74 53 20669
13 68 3636
68 37 16845
65 79 2519
66 26 26202
89 7 6177
83 92 31611
8 89 7144
24 64 9998
27 85 31520
94 100 19607
40 45 32134
60 100 23928
82 86 17753
40 5 30264
95 48 25518
61 3 15813
71 30 21059
78 98 23809
52 1 23266
46 20 21495
22 92 14500
10 13 16264
91 97 6599
27 68 7540
9 81 10441
62 55 5637
48 46 31233
63 65 6609
71 32 14081
74 64 1855
65 2 13134
68 83 24287
7 41 20063
7 71 7860
55 100 13537
60 31 31734
39 15 18351
84 94 12295
95 64 14592
3 13 14465
32 36 24760
97 11 5038
20 96 28385
1 40 31178
71 83 4020
63 14 10459
3 9 22208
61 80 23558
81 33 28428
28 57 18602
30 54 11332
22 47 19107
86 84 15704
80 36 5771
54 37 31507
26 59 9169
71 66 11669
27 87 21031
72 97 15451
35 22 31182
37 9 21412
74 45 7443
100 84 21688
14 94 10975
12 22 10921
58 88 10822
31 9 18486
46 23 30959
18 89 17694
34 91 24463
7 97 832
95 62 24635
8 56 30488
55 12 30069
45 47 26493
85 90 2618
49 20 9891
45 39 13242
45 16 28026
6 15 16702
74 67 22005
77 94 17370
70 8 13885
85 40 9406
55 10 23020
87 46 8916
13 85 16907
54 90 20219
86 1 18990
57 90 2529
63 89 23641
54 2 8072
96 33 24702
40 25 26028
95 52 23209
73 89 22901
31 96 14133
4 42 28222
87 68 9895
90 8 25181
94 10 13051
65 31 20521
54 38 30342
56 86 8372
7 81 8388
60 4 21235
65 48 20381
71 60 1358
78 34 17421
96 69 10437
73 61 12092
70 37 3122
29 35 20824
13 25 21332
40 38 30164
3 27 16543
87 79 4325
89 33 18958
64 93 28742
55 20 4191
69 76 9649
22 61 19848
15 99 7051
64 97 31307
13 39 13491
43 25 5159
100 14 32388
5 23 25630
85 48 26709
43 19 15373
13 88 13859
74 94 9086
85 12 3121
74 20 11846
46 22 4026
72 11 1608
89 24 15628
42 20 24370
13 28 19874
30 81 26139
33 62 26903
61 38 6197
54 78 29200
43 37 4902
49 26 7268
52 39 13981
5 3 11315
30 22 8757
43 85 21926
12 66 3027
90 12 17297
81 6 27129
31 25 24365
38 92 19141
12 27 7586
14 90 15256
97 38 26656
24 10 16991
66 43 5269
21 57 4143
37 47 19403
41 6 22395
99 31 29256
44 96 12164
5 56 32649
59 88 9120
6 64 9455
56 70 15847
18 31 16248
61 90 5312
46 8 6411
62 60 241
65 1 7901
96 11 9530
96 88 23249
20 82 12711
99 92 7143
100 1 7201
50 51 24092
60 32 13537
38 19 15427
25 2 22735
58 74 5814
3 33 23802
41 31 12287
70 19 30122
32 63 23752
47 80 8377
61 54 5796
85 72 20021
7 32 22941
48 99 29566
9 73 17038
4 67 13401
14 37 30878
100 57 10927
93 44 5773
66 32 24820
94 45 6282
29 3 7269
83 25 22977
49 4 27554
19 41 30965
10 89 25426
33 9 7602
22 12 21962
97 30 8194
47 90 29685
80 46 4782
70 20 29932
24 97 13412
1 33 28417
97 72 26215
65 24 18473
13 20 1938
80 54 23817
93 99 2252
96 54 1299
50 51 19529
15 25 16240
63 41 29479
27 70 26550
77 50 13639
11 46 8848
63 89 19831
15 14 4582
89 85 30789
85 57 7465
38 91 3599
28 37 1482
82 34 28980
46 91 26891
24 94 28527
51 87 1960
69 82 25020
76 81 263
29 66 22625
91 97 29426
50 35 2289
45 47 28690
18 34 4696
77 14 20113
45 56 3927
86 87 15802
2 57 27140
52 20 11377
11 38 793
18 19 9166
5 23 5689
84 63 8269
26 42 24708
77 29 31048
77 27 257
91 69 22971
39 83 25289
76 51 32382
44 39 20223
95 29 11642
19 22 6387
37 22 30344
80 16 16646
94 5 6650
52 19 31526
77 51 14836
80 27 19449
15 95 4907
85 2 31769
96 67 11944
27 87 741
96 15 8586
35 38 21205
13 45 20758
27 24 12124
75 91 8298
70 69 30895
23 2 15014
4 23 13331
43 25 10111
72 53 6019
8 72 20832
9 95 5567
71 81 27567
24 53 25649
24 52 3288
74 41 17963
100 99 8988
57 15 8541
1 45 31839
35 47 3485
66 83 14444
21 80 18018
5 44 31335
84 66 11883
96 75 22875
89 57 1686
95 82 14645
69 20 7896
98 76 11395
6 62 13508
21 7 5325
28 79 30004
91 52 14954
33 44 16102
38 61 22042
94 95 25139
59 83 21965
2 27 15906
68 17 21340
47 82 21900
16 53 3882
78 88 22280
100 68 6615
37 83 10453
28 99 32659
55 19 26121
98 89 3257
18 100 27805
31 5 30385
93 100 13369
71 44 9547
59 12 13258
59 67 22550
22 48 12360
84 11 16475
40 48 31029
20 63 13255
8 11 26558
96 1 9448
78 12 31620
23 34 26120
85 4 15478
77 63 12303
25 77 11078
47 37 19050
20 24 4700
71 50 21045
14 73 1876
22 78 19986
98 78 29034
25 73 18805
67 70 870
33 88 27980
44 39 22496
40 48 17739
33 35 21748
99 67 26703
48 28 14530
45 100 24450
93 59 16974
14 3 15185
41 68 25239
1 82 5723
50 48 20478
