500 10
4536 127
6906 2999
7697 3316
9260 6839
7570 5567
2986 3486
3008 5767
6277 6966
136 435
8693 37
4946 9719
5367 212
7096 3934
9540 1117
6095 8674
3950 631
8802 7208
3630 2851
525 9242
9690 4447
1161 2676
7934 4169
4795 563
1135 4931
7351 6180
1320 2297
5900 6688
8861 2996
6974 8401
4114 3069
3428 4416
52 8582
1625 3682
1433 8502
9277 1123
2949 6790
151 7235
960 4946
7799 8447
6229 1502
4628 7549
3799 528
589 9013
9876 7563
3766 3990
6984 7194
4759 7036
5776 6384
7071 7209
1238 2700
4684 539
9490 4835
7775 450
9781 1926
5250 2362
3428 9878
6264 3579
6758 6853
8944 6634
769 2711
6977 4105
6257 1736
1142 2034
4472 4565
5595 5710
7265 6632
6249 3107
1467 376
3558 7601
2302 5160
9963 2082
5038 6227
2014 1796
9433 958
8430 6554
3669 5407
659 9927
3495 1801
8313 7967
2718 260
29 6335
6892 2631
9443 4712
3007 9353
2313 1662
4513 8628
96 9551
4856 2110
7699 641
3069 2481
7195 3090
7889 7854
9369 7736
6008 7682
5704 8726
4295 5733
1414 1187
8364 857
2251 7724
210 4564
5738 4723
3193 5834
626 4401
7945 8325
1394 7366
806 8589
456 5047
2795 9826
2784 8803
3860 4840
3882 8155
573 1648
5695 5290
2505 7946
9366 9067
8863 5104
3790 8408
7290 768
9161 5235
9093 555
2601 6251
9144 9410
7651 8291
5588 435
3447 9448
5275 3681
3956 2200
5329 9651
3842 7834
3949 9560
6901 9164
4664 7043
7572 1955
7811 6733
3542 3256
3640 2496
5859 9136
8258 3510
7428 3846
297 875
3294 1924
4556 7250
4125 9885
3253 4319
4071 3555
3880 7324
2719 4896
4367 6644
3203 8530
9729 6746
1786 3370
5594 7645
8858 3852
7508 6286
7698 7805
3513 7344
9730 4421
947 207
658 4200
878 4729
4107 4758
2053 3179
6007 2772
6175 9210
1302 5904
2308 9440
5626 7902
7086 4485
8106 946
7123 5804
8751 637
9501 4833
1410 448
1392 2069
1000 2271
3150 5108
3381 1556
8287 9388
4328 4462
4951 1983
6718 7259
1423 2345
1514 4861
3182 5972
5807 6657
8129 911
7294 7630
5744 5057
8078 7137
7126 9078
5760 6628
4186 9141
8184 8825
4882 8865
9639 9833
848 6358
3444 8623
5055 1310
3485 4589
7283 5644
1246 5412
6555 4893
3042 2300
9950 1120
5789 3428
6550 1549
56 737
7042 8241
5914 1924
3458 5554
8109 658
8264 1554
9281 3319
9216 9118
4260 6499
4763 5506
8263 1318
399 1305
9970 6701
8777 2111
129 5328
12 186
2417 7055
4779 4683
8979 4589
237 7089
5247 4853
4995 880
4524 4211
9999 8784
711 1114
643 5326
8784 1042
6632 5107
4096 1761
7218 4225
3441 7231
763 2210
4286 1894
6894 9617
2835 3483
3058 8082
8337 8053
5315 9213
8617 5314
7998 5680
2780 8641
1006 1564
6035 7638
3023 131
5752 242
709 5545
3825 7824
7756 4463
6071 1002
4080 8906
4485 3491
6989 9174
1544 8656
8388 161
3970 2738
5841 3102
1379 6848
1018 3766
838 4042
250 2942
4284 959
8488 4461
5135 2596
8924 1206
3598 9356
113 4435
2847 3454
9962 744
2110 4702
7257 2432
7440 9451
1886 5171
6299 2904
5289 3489
6946 5539
2784 7582
2850 1272
2043 7986
3868 7319
9192 3818
6676 5657
8253 5875
5463 8215
6619 3925
9269 3877
2709 6709
9680 4595
8232 2331
7500 3522
5820 4446
5413 4956
2029 8264
6228 424
6250 6448
7744 1794
6618 772
3804 4872
6647 9267
9439 9619
3193 8709
9848 2254
1770 9528
6850 6355
1859 4350
6229 4031
5148 1642
8988 7177
9906 1568
3954 2508
4369 1698
4303 987
2470 8107
2211 5469
3726 8003
1440 3271
3064 1288
5526 1186
816 2376
7541 9027
3078 122
3059 8226
1765 8399
5404 8023
9967 9358
532 688
7408 1187
1676 6230
9294 239
8051 9372
8242 9492
2644 1306
780 4522
2493 7949
6898 6386
3328 9976
6509 6387
8202 4626
1138 9958
2649 7458
5668 3181
8146 9428
720 6174
5658 14
6414 62
5739 4656
9554 4735
2315 334
9257 1160
4635 2507
7546 7964
2483 4055
703 7037
5033 1842
3348 7683
9300 5368
7216 7446
1149 7937
3621 3159
4303 6387
3221 42
1043 2775
4777 9710
9462 386
870 4097
2893 8417
2061 1728
8824 9117
8766 3858
959 8466
7893 259
186 5109
4057 1335
3046 4030
4495 3702
417 7716
96 7813
492 4874
7523 6306
5260 8394
403 4506
3163 8817
6234 8339
7934 1352
8549 8893
9818 6442
5504 5
7904 5913
7692 7302
9944 2187
1004 361
6256 1101
4526 6748
2327 2050
3054 3939
6796 9809
8445 6311
8626 4680
1002 2912
6032 9552
8157 2203
2346 3661
8560 250
5927 6252
7553 5871
8440 8557
2584 1048
6010 7111
4148 8337
5513 3554
2277 8661
3363 7074
1324 8342
1754 2326
1254 4139
1878 5764
6342 4225
5777 4902
827 1704
1154 8380
7575 5946
3290 160
6994 9300
3623 1142
3990 5488
4696 2619
4149 4412
9693 1825
2754 1448
4151 360
5587 2382
6124 1929
2959 1902
3183 3786
3606 4337
2167 7534
6636 1809
4046 3630
1109 7669
1125 1451
3157 2173
4070 3658
6585 3764
5483 9339
1564 5986
6052 3503
8368 2176
5432 1327
430 4967
1466 4037
9304 3633
1571 2292
1794 5617
2275 9255
9638 3400
707 9147
5573 4777
9157 2159
4893 992
7850 6457
6978 3902
9960 5347
2431 1744
3026 2861
6711 4492
6898 2368
4477 4821
4660 6271
6790 3287
1879 2780
6687 2586
8279 8613
7363 7436
7124 8609
8428 4974
5066 1759
5229 5027
3458 7660
6771 6484
6873 9835
7329 124
2203 8158
4945 3215
782 8088
6503 2661
868 9542
5247 5500
8155 8962
2936 1631
7571 7717
2958 2638
9476 8187
4017 2934
2199 7140
5770 9072
