16
267 113 267 113 267 113 267 113 267 113 267 113 267 113 267 113
113 267 113 267 113 267 113 267 113 267 113 267 113 267 113 267
267 113 267 113 267 113 267 113 267 113 267 113 267 113 267 113
113 267 113 267 113 267 113 267 113 267 113 267 113 267 113 267
267 113 267 113 267 113 267 113 267 113 267 113 267 113 267 113
113 267 113 267 113 267 113 267 113 267 113 267 113 267 113 267
267 113 267 113 267 113 267 113 267 113 267 113 267 113 267 113
113 267 113 267 113 267 113 267 113 267 113 267 113 267 113 267
267 113 267 113 267 113 267 113 267 113 267 113 267 113 267 113
113 267 113 267 113 267 113 267 113 267 113 267 113 267 113 267
267 113 267 113 267 113 267 113 267 113 267 113 267 113 267 113
113 267 113 267 113 267 113 267 113 267 113 267 113 267 113 267
267 113 267 113 267 113 267 113 267 113 267 113 267 113 267 113
113 267 113 267 113 267 113 267 113 267 113 267 113 267 113 267
267 113 267 113 267 113 267 113 267 113 267 113 267 113 267 113
113 267 113 267 113 267 113 267 113 267 113 267 113 267 113 267
