100
58266 72864 38656 84361 59631 28657 84935 16388 91823 77979 96130 31532 84730 8922 61533 29747 60217 29751 56304 96170 59600 26589 80650 12893 19490 37019 90451 83234 67551 50611 7317 12162 9819 45971 23 69448 57471 67800 68679 35638 32123 51153 67168 20354 60073 32202 32943 23790 44795 89245 23460 7895 19334 86953 3630 21667 10316 94079 8401 77865 31035 15716 90025 40852 44530 72890 13801 84843 27034 65322 23981 59156 19975 91147 62352 80046 9693 95293 7336 37330 70883 30795 45223 90215 21248 31695 94724 31562 12119 85968 92269 43152 84526 68639 84002 32556 27873 80645 3743 54906
32311 27722 406 52284 22370 62756 35830 14905 61549 26009 52234 35932 56802 80299 12492 60892 15495 90058 75296 27612 79526 53909 53606 67553 26048 23952 82951 53920 87440 86693 91668 23251 17915 92072 75534 23127 58328 94206 20875 6221 23715 73107 24996 63359 39750 20330 10595 38087 13888 68733 65697 93413 26143 5647 47310 52189 29598 33761 88951 20538 6798 66963 43787 24712 62535 5665 30681 7207 3372 51554 92769 9929 11005 4109 56131 50754 24437 66724 88839 21167 38958 40881 18080 65099 46526 48232 3632 76122 81992 75426 160 88788 45889 26790 96342 91267 32453 30524 81316 18667
64920 60429 11439 75924 64536 67568 30178 88971 37792 5361 13639 59592 46240 14561 11035 92765 62792 14666 55231 31128 72934 55390 6260 5167 65022 6103 79276 80317 19469 64093 2485 84387 28022 93264 46655 75401 64332 76831 67872 84966 82191 64353 48059 14775 78913 59092 11040 28049 56600 66270 42019 33034 8004 48277 21044 55868 37222 3820 39685 39533 67911 25012 27421 78776 21776 56918 40521 68950 37250 11893 57417 5785 59089 88318 20558 41502 33754 14441 52393 73197 80709 94410 89073 71555 46187 13617 30923 66252 17436 53450 9285 68189 61305 19548 33309 83079 76465 73828 38374 17215
68564 78633 5842 31153 70451 26398 72653 87047 40837 11390 63744 7890 9300 39162 62287 38329 52777 76052 8081 70211 33003 17365 24745 94306 36911 58052 63729 96218 18225 5603 96275 86787 84234 5617 21440 41029 32014 76935 14421 55693 88323 78163 46426 80465 3669 12213 22294 56445 88264 30374 13000 7611 30581 37743 5417 50334 78638 51988 50053 363 57590 49828 69992 28168 38288 91430 52040 70300 54709 66459 12337 29376 30966 58761 13341 34634 70973 35633 91077 45581 48849 86919 53190 62272 28163 41449 16107 89643 93435 49002 72848 37369 2330 29184 65536 40616 24114 3920 93758 61665
70377 88938 91039 4843 51199 7880 39475 8516 26355 16896 54095 75203 7316 10785 23819 18321 35076 39924 11464 32012 88924 67154 69379 74097 96336 21259 1057 6794 25177 77658 68457 95552 70096 45840 83238 7639 53718 26213 95496 62915 25952 53091 24462 33266 46719 48280 51585 81793 88202 45891 149 63471 16545 69527 23912 95723 73628 7811 6017 81648 85467 57316 63544 41907 6656 50282 32389 43216 59338 31385 9631 85288 84474 34092 22054 17537 82370 73637 82173 56916 5872 82320 6731 22415 38191 30641 4482 94662 38451 10497 79810 10262 50655 46854 52168 57309 637 67399 4025 59973
2284 92996 31605 69600 30588 53657 87136 95800 13638 55653 56217 19508 24317 62946 24765 62507 76430 29245 60669 1225 22584 26823 11485 73237 73675 46495 34046 57154 17394 20913 3471 19676 253 35074 72119 30840 71573 45599 30140 85209 4752 69199 87559 29067 35646 95166 74416 94918 27911 21429 96141 50493 48250 90468 10074 8270 40464 26962 48266 40700 30717 51736 43219 30969 69652 18838 61807 44726 64435 74789 16279 52029 47489 86681 63938 65977 85347 41855 64395 96101 46126 64036 32938 77219 58004 43011 85487 81310 69971 20097 8355 4189 71831 51572 35156 27828 53252 79805 55396 4031
58094 71673 56058 88425 61854 23496 57902 33546 48193 25797 33147 94318 72675 66083 57881 17024 12594 29712 1834 65408 49807 10187 69595 7983 44601 87593 35809 1353 70898 91203 5382 15336 49220 44282 7262 93917 67777 65162 30963 2314 73802 46952 79474 32821 16535 40855 49843 11972 70565 34520 77378 6717 27549 33317 14698 72149 24410 50505 56344 78150 28052 44569 93484 77270 88849 83588 57531 42970 52251 88492 45283 12397 38944 11101 45216 38322 34799 77902 50292 8864 15922 31170 94921 43469 64485 13119 1962 71737 46466 58305 53387 57360 6374 33215 38131 95221 20304 78504 24536 55397
70497 52661 67792 92283 63760 95850 16949 2059 77252 67239 90264 76016 81251 88685 5830 32080 84647 7790 7317 34613 48937 43546 74816 55309 76760 16447 36875 564 77793 44253 38803 51790 414 10095 30418 64172 88787 47365 49074 52384 949 42838 31900 82198 17867 37728 17779 6014 45517 25094 23470 94452 68639 1786 36106 31743 1075 55823 15149 78866 3576 53950 17001 3988 46887 30261 51002 39174 60468 3576 91556 61415 46412 9801 47114 47122 47527 47735 53134 75886 72827 59446 56683 27810 44074 75631 42395 45147 34954 57542 10358 21372 14992 27357 8202 44721 40460 59202 83894 4428
62777 61794 65842 92031 71593 95798 25497 5465 47033 61474 64193 6204 24420 24376 16857 68493 3507 59250 96482 21303 20293 10340 25517 18127 20539 33717 62847 60997 92918 33085 65424 42039 94877 17610 20414 52815 16908 45910 58278 63939 10884 25971 52985 18146 33190 69840 86637 19539 32591 69464 40841 52882 79802 49200 53851 3842 82916 20198 47681 62178 36125 95947 7717 34503 17057 28129 87316 16807 56881 31938 80744 67763 40751 37230 85908 73939 89912 58889 93477 26003 31853 20662 61727 94498 69860 19079 81182 39120 22119 32363 4798 58243 31811 12513 75588 31710 23485 49248 48516 80364
81184 15604 34472 25435 35676 6724 82217 29089 48455 79194 55090 63151 82698 20318 61149 56058 22239 45831 95177 27200 61036 82817 68285 75689 95329 47373 10900 5158 121 42258 68364 64147 57860 85678 89581 93535 75244 58142 8968 27200 40836 64056 90349 9878 67216 37842 65934 72297 83671 47455 2998 31051 16617 71281 10241 15446 22155 3983 3446 5118 46239 71808 69264 86941 60987 45189 83976 39731 6831 92942 49773 30509 43343 43622 40385 93401 64306 89161 69199 51477 22961 55039 65371 39576 29820 75610 37864 34817 62435 41308 22778 91516 16616 92040 81957 60445 23573 52278 83019 13246
31564 36292 43753 74905 62757 84136 54651 30563 59641 27350 64883 82600 82387 33754 8520 95049 92206 46382 16211 40985 87688 38987 36001 87147 17371 21458 33936 23786 73734 20455 37030 8799 39590 80781 66546 85189 51261 24697 19252 14402 34889 66977 79845 3620 83573 88363 2170 62123 38246 1223 6608 12278 23052 42607 2925 23265 46908 36860 47049 24142 40157 84077 15783 79745 51202 65172 68434 5963 89867 70529 3207 11101 23850 83050 14719 90266 74914 96229 55889 96002 80294 45340 11780 6846 87945 14704 30109 21197 34406 77156 28182 74561 47577 43963 40651 2279 91977 91927 8240 85345
48800 90788 79288 55493 77338 94005 49259 38596 76579 8648 38098 60373 36830 49877 67218 11120 47423 80169 32315 81827 43670 60495 42732 91245 87301 66225 93523 82778 61653 84605 54467 93295 78893 37255 52288 42576 17605 5047 81170 94182 93036 22769 40899 33366 55488 90959 44484 6411 74629 76798 71080 4643 23637 17312 95886 14438 83536 75753 80059 31533 46703 38026 28328 11940 58124 80615 54514 75727 68504 22029 56253 65040 27640 79994 81249 83126 74454 29233 89535 35427 88873 46959 40068 95353 64269 39454 13291 34149 1552 93348 65680 48253 17719 94007 43035 75841 60966 80392 55068 32970
5921 94163 80853 33559 77657 65602 20185 55611 77677 92562 73880 52895 43021 17448 51748 90132 39745 47881 10626 24139 27574 76304 55234 45291 56655 1769 24632 3965 82159 62542 36934 88078 43049 4131 7981 24206 69731 28164 62660 33752 7070 40040 86645 32933 40331 41893 9410 80074 72617 20034 7713 3691 79180 62945 48980 39336 47556 56454 43299 33216 22496 63075 7638 65543 50048 15618 72591 23279 26624 38751 39874 16537 61634 30019 49468 5465 54755 58876 68381 30872 61752 58936 34561 44433 8225 66383 83767 55779 26337 13410 71837 48831 59328 79474 718 12876 77934 73307 18998 8058
94901 58870 24593 60035 71731 56904 48342 12830 2124 20223 26544 63875 62001 61103 11808 70224 30986 95573 12347 40165 91825 84183 88994 37497 50001 72554 50372 31435 32206 52212 22335 30607 93924 29771 73484 51999 86673 25326 64828 88795 28391 91370 56170 73234 38818 67976 29802 52646 49893 42147 92810 28063 12674 68148 65558 45517 27047 2274 59794 59251 54484 82128 72700 34752 15399 49684 86750 5572 57852 37922 77209 69085 15636 36880 45819 37296 87698 75619 89941 41092 4110 69095 69153 96125 40743 21055 45142 67788 23328 8437 13383 60654 73407 86081 95405 88804 39265 68499 77218 79959
89263 57927 52544 8399 77649 81205 45694 68848 43168 21979 92782 47277 91072 48279 29746 18159 69332 74886 68790 92658 66165 82171 39657 43072 71753 38562 35376 93860 89903 95436 77320 65510 39708 16208 56751 3701 914 85287 72547 26924 10766 51673 57043 84680 3452 86787 6340 72783 65174 57972 51785 34839 43643 91440 60754 1740 16346 96128 78443 89091 77909 42107 58101 3961 58313 18353 7660 42069 7140 63050 68992 749 18223 29535 85427 4518 2667 74609 77299 67839 36081 15428 85520 62567 10369 49774 47149 9557 32247 11936 2149 92998 54041 60248 459 95197 61443 8117 23610 51426
71165 75444 52173 72231 87822 23944 76747 90487 2054 40390 44670 20977 55816 33690 66386 49027 66307 17036 58583 2054 28970 60730 77894 65854 7322 78351 64551 68764 69310 71003 23690 43976 49948 58705 2551 41270 82647 62140 35257 67543 6030 79925 88519 44688 96457 41249 93714 66264 41127 55797 51160 52940 2871 15398 22294 10191 93747 69687 61797 66558 44190 68329 93376 94136 30534 78769 21750 16682 44409 57005 84223 50437 23274 59086 95123 6076 83178 92337 55182 27805 34478 89185 80743 20191 8083 85879 13225 84673 41910 75020 54731 86099 29694 34451 66579 60226 16720 88328 76906 61127
31677 47474 94406 37794 89402 75873 43868 58924 54555 2550 86728 89031 74577 53815 92065 82659 43195 8790 70832 85103 66652 11907 57546 96344 46356 10470 60071 45918 2298 23321 89887 16817 53637 70637 54609 29384 50010 81319 88306 8065 66712 61378 79939 44789 18694 75504 30948 44731 84292 84622 16178 37288 29 73723 37133 29227 67035 80046 57987 69331 86209 51374 68990 26191 8355 9944 55573 58364 91261 30223 66427 61473 91600 49866 89105 13794 28870 6397 58523 96004 91018 57543 19637 73889 17610 39612 85959 84643 23158 47446 40318 92209 81663 12809 21900 90016 22751 60315 51880 356
90537 4652 44672 85637 54516 37277 2931 66229 43672 44296 48577 21034 5339 68212 94922 22948 11324 84381 90433 17324 18171 34252 92376 82676 47059 17776 59037 52652 78090 14417 35850 54971 1911 80520 44108 56426 21297 29881 8999 47812 57019 57574 68844 45200 12131 50110 50990 6297 20835 44924 23620 39005 79174 19496 8025 12577 20114 67060 65227 81046 64320 4577 39517 66229 67940 66467 8999 72079 96346 17996 23391 56865 75569 75078 84908 70542 28688 39398 76837 49522 84320 83299 71369 66994 6295 79392 62413 9252 49953 13984 90296 17773 1404 16158 84000 69342 82623 92998 44921 82470
93836 68311 25679 55749 29733 14087 29791 58419 36328 10129 90783 24148 93426 65652 73985 82564 31389 39898 74658 81340 53881 68454 81955 55283 67454 52299 10969 53578 31641 55888 22392 28978 10543 30913 84725 40274 27843 861 2194 64169 90330 92975 71159 70100 44972 48644 56164 76359 71385 17166 44043 11610 85619 29498 49735 39417 64639 60702 92993 96279 2934 1729 11601 13476 32641 79168 36592 43326 80027 21628 10995 73857 948 82152 30302 45918 17141 86464 8621 88524 86473 52662 82976 75592 82158 36211 1353 50297 79755 77189 32920 82687 78916 44519 79005 94399 27188 19098 41225 90057
40724 35062 50259 24514 3559 80559 70430 20698 53367 79049 92064 43340 35211 78540 5276 3713 1095 6628 36853 80848 83815 52615 49879 49075 635 32385 46975 27821 34325 71042 4222 57891 88947 54479 82404 92504 38538 56334 96044 91904 21728 74452 38744 39781 39336 44019 26337 40429 50645 63188 7621 20804 19303 57498 69877 2780 72725 3196 13443 10550 74237 17664 68440 49528 72141 54344 28376 14180 93520 10764 9584 18748 85214 31170 41372 28050 58031 67707 51321 91518 17239 58940 15822 36540 2782 68542 39319 75506 71736 35604 86054 32317 53266 40838 81843 28908 95180 13719 25930 75045
24481 18356 76635 92537 49524 21507 24087 90398 89212 58250 85416 9951 20690 4739 29334 23471 73279 51495 2477 48515 87097 71373 63675 43864 15712 49018 55614 93734 45580 64386 72279 52903 82740 35259 31785 18608 56764 55870 12506 32321 17621 1423 42270 21153 85502 54446 27466 62281 9441 29941 93638 79381 84157 43657 9589 82711 92674 65201 79945 24598 15931 38569 60343 2171 73826 92126 3621 16934 34341 16126 49253 34804 391 74366 55955 85891 32312 66264 34516 24596 96203 14498 7477 66704 58154 17064 52915 37172 65107 19205 44612 81036 57772 8455 66049 17942 83424 69668 34874 21265
68636 66970 56067 69025 44836 94864 41260 59990 64628 75774 84584 47176 73115 92059 224 34769 91965 53138 54783 60572 72341 2895 27952 16457 90690 93999 34397 77614 67168 52113 2379 22148 5427 41288 91172 50261 22497 18776 13752 87123 77393 81178 20643 54008 76738 20866 71619 55047 74002 29902 19120 32687 15639 47070 49142 9829 27414 66381 87442 77424 4838 89819 3072 10264 17452 77086 43367 39947 95861 57117 13414 59598 24640 34056 17106 84220 37764 71567 42767 94608 84311 44729 30795 3450 74642 62779 92619 5556 15504 83561 82978 20340 59725 68892 30602 77175 49479 56812 3466 31684
273 16878 91280 24911 50932 91228 12631 71538 66295 55397 69646 36950 3626 3941 40398 61110 66718 19361 66664 65064 6423 35986 85403 48990 8379 2349 12509 40700 59159 15973 72382 59431 32849 67162 67184 66624 44734 79814 41662 14529 21555 14809 51477 8023 1592 74717 69132 51153 94076 39296 19717 83341 58125 8620 18675 66502 90310 31182 10702 35813 47153 65926 95242 62845 36588 65927 32969 81320 32085 57473 78691 53638 72280 16512 44503 56715 74071 17135 11368 54491 39274 31083 41333 899 22546 60006 67399 16356 74031 60943 52167 24684 30369 33754 87527 49799 82523 6840 17463 952
47156 96152 37432 5780 95506 81933 62493 73077 2569 73859 31068 41841 87785 55243 25582 13831 18750 75823 13029 75623 40266 48038 3807 53477 64634 74177 6776 50657 63859 7081 34451 14515 6733 71881 20294 85081 57315 65629 61658 59882 42989 75568 84565 17118 34312 13647 13791 35904 72312 26818 15027 16078 57698 1676 52397 25833 75851 42015 59332 26055 49094 93782 40568 38669 69163 43704 27250 29978 12834 71750 72702 38665 50818 43611 38625 85128 40100 52414 24532 15912 62074 22401 31988 23272 24076 67227 31947 3427 12742 91278 12324 61834 71404 52891 4003 26911 79437 14095 39732 75113
85843 15934 122 40162 59544 38745 28790 82486 91157 36165 1899 39575 58564 33885 62846 82638 83955 77635 68908 197 55257 81230 44874 30161 20465 48875 39915 82745 45813 79645 61358 35156 95577 61479 75316 41465 83066 86949 27452 77724 9458 29349 3643 68020 46076 66487 37003 16375 30467 88753 16571 85722 73483 61443 2228 76791 93160 42141 63036 42473 25286 10738 60472 7207 55059 39288 31515 41626 12581 41809 5694 22037 54000 9335 72900 82918 58665 92745 2794 89130 84998 2207 61196 44825 63648 46266 7960 43152 88405 70994 68468 35 64575 32440 86583 23134 54570 4442 47602 67150
46249 53294 72029 83091 45472 48429 52353 86979 27518 55145 79609 16016 57350 27149 60840 7342 73414 68798 50493 48163 26137 5305 31041 73554 37743 21124 188 92311 8408 47789 62961 54655 83925 21335 24090 15741 52606 76441 6220 80123 17931 68671 96137 58123 95819 43321 65464 55577 94962 2301 7240 24599 7604 38279 80995 45345 42245 81181 24000 50651 15314 69804 88148 82082 91137 95080 1323 47243 75022 7542 13710 92951 76211 13348 54574 58374 39511 6382 17451 37973 88023 7534 45414 78469 28655 29909 10158 70899 93933 34157 7894 12747 7461 78885 94827 81440 77465 78993 15027 55987
86533 28736 35282 49088 42082 72699 10963 81591 61923 11256 5909 53447 18788 51321 35416 47442 64073 45573 4685 61506 79728 91919 74251 70031 74304 55423 37815 55270 20760 52840 94099 10793 81574 32882 42723 10000 88423 36528 74434 53846 47783 80341 10793 66569 18006 29052 355 82077 57467 84380 29927 23539 79800 87021 93568 57604 45944 34883 16374 66702 70565 13974 60337 55640 29698 85902 48482 21621 25931 26416 58309 73712 89599 51945 26625 90448 80995 9823 58869 41962 94201 88795 65499 60345 79316 45411 4294 11604 63136 3510 61148 37201 326 7829 75683 30022 93729 10510 34485 23160
19768 75637 79714 12868 31082 9840 86158 94919 19661 48527 23225 206 40822 88722 43394 6482 20477 47686 18084 66455 51194 79230 86498 51519 69901 65682 64383 67131 59034 81711 90289 78800 60848 73504 91666 91928 66186 64168 90347 68689 16196 17072 68893 39860 88636 15787 46341 91955 46315 47267 61910 1010 12842 51908 35371 82741 3934 3254 53372 62966 84963 30006 45267 49311 86352 23277 27583 56038 87444 21430 28227 7140 21344 79962 29842 13480 78592 59025 8935 28407 9793 53687 12259 22633 88438 47628 8874 92370 50881 45089 41681 22188 75093 69790 54342 47789 93065 81923 7327 84009
6854 18396 73991 28196 1858 86676 24519 63292 49201 16296 91698 58992 52826 86799 64467 44764 37928 56184 23478 71651 4773 65157 76681 62708 38447 34523 13997 17857 19947 21322 5366 9643 22560 62200 20681 24416 52376 45198 87707 5077 44337 65749 46912 663 56048 14879 28269 76818 71061 51745 51969 58676 3247 32151 24884 41692 66672 21723 59547 69461 25887 47756 79102 48445 92798 3284 72860 31518 31324 46911 19437 75659 95502 66347 59164 37894 81225 87431 18213 38630 25521 70180 807 28766 85173 8533 53300 38190 30255 95690 11151 56140 29790 73096 8086 26088 76378 63788 40448 90544
93541 59883 52548 92543 29731 15212 33937 93798 85486 34992 18772 93849 88015 19577 26115 76688 10953 62257 18378 41206 61447 12372 846 91235 85466 88272 3667 48188 55560 44113 42232 52601 86839 94778 31488 20070 92833 48268 212 64663 83258 18982 62012 74773 38558 70969 37806 49509 36726 39026 73557 1674 51396 74401 75751 23206 49018 62261 71392 8078 89216 96467 43522 79555 94745 57852 82467 73922 9620 82677 42085 75721 5160 86939 36838 26560 61408 74642 58911 1635 13 35968 82649 34251 93211 61900 40300 45729 10505 15192 36650 3222 94501 80170 65619 75591 41522 51587 53013 33985
37764 95097 13206 25766 85536 32886 52324 33289 90371 94077 34922 90382 33545 21071 10977 13101 65813 51275 58828 76317 66466 78320 62381 47311 61990 14344 26402 86355 65929 79414 23840 86536 60855 19888 15802 32735 52772 50969 66022 46643 48546 4444 23369 64934 8357 34345 78033 74169 85618 23205 36830 38428 5026 82053 85738 49858 96395 15640 39713 48669 95052 46395 38705 42251 66281 37349 74985 5398 88316 44507 52039 40363 31794 75407 8797 40149 92594 69672 662 81712 92875 20334 23641 80743 85229 92221 34102 85125 11361 56657 37294 89256 6553 58841 35007 55676 96188 13492 61072 88005
40842 16612 14712 55478 74861 6351 95625 53799 76021 79130 39011 55240 82306 45494 22328 71036 41215 39272 59661 35419 95927 79797 28175 5980 24982 46024 44499 24670 42359 9071 95517 83199 8525 13729 42177 83384 2922 24146 23527 61785 86118 62537 3370 71925 90873 25696 46461 18433 64966 88964 53850 64393 55105 64867 53216 80085 14391 1215 87597 56748 10284 86615 26291 1652 83186 51310 67878 68951 58299 91404 34236 47917 57441 37604 23342 34658 46142 52645 53089 14608 45109 89781 61844 3714 58148 1404 66641 55382 81959 57739 15630 75085 30698 24764 76735 228 76072 48114 69177 37871
43018 86256 68631 83301 27360 91971 21459 56345 48117 74547 70951 76068 50672 19139 62625 12321 20541 15610 67701 85342 73347 66173 63928 86887 90935 44163 87114 53352 92275 42635 74065 38793 32391 46196 25594 42594 24512 29896 2439 55471 87285 56232 35039 41457 58214 80506 53776 61597 96115 7821 50440 55806 73993 17868 46194 51272 62029 19652 87466 40649 45129 65032 79440 77519 14728 87877 6457 22082 21273 88236 77551 12058 30812 95433 53513 71868 79439 90132 36966 79054 1453 87404 38361 58288 88114 67397 13061 36487 69891 4027 77134 18520 51901 60075 78881 49472 51452 85336 71552 55567
59916 35448 50467 90727 34381 7480 66095 164 80454 85903 79217 64750 59651 3922 26538 51265 54161 22441 87751 27552 26467 68385 46070 61210 14804 28452 14182 49098 132 68577 8165 60047 7525 58630 37118 41904 48953 86055 42066 32907 75459 7627 1157 38610 90889 10538 72718 48550 32977 63969 58944 42286 18698 87857 6997 33501 2653 21177 82597 2783 89752 90761 45672 80119 35735 65632 25523 84686 38032 50432 3938 16991 58057 5093 38443 35291 15629 14661 83839 48605 61472 29128 73733 80169 20485 80728 14 23136 84748 82609 8761 60844 59714 37276 44464 95448 6408 69985 83634 44438
6761 70414 44271 64817 75506 65557 82950 73977 63060 70289 8926 28033 2917 82658 91044 6244 49730 91056 29378 37978 60009 20982 2323 23224 58256 46785 22172 64662 3114 88648 91943 9874 62563 39714 57533 24413 8771 43983 1890 71830 616 90157 82705 82874 59159 60093 89116 12389 54649 4839 50366 18158 25819 35531 41380 84073 65158 46394 35079 68270 38543 13366 60986 4606 53079 4863 29017 44692 31688 13749 2866 32303 86748 68413 1521 49407 32006 73479 61795 69497 61160 95003 70498 86977 34034 94720 57394 2692 44615 75316 53804 66000 88680 1135 70604 28103 5996 82463 55638 37683
79054 41346 52828 69303 13260 37191 5054 28108 14170 66847 1106 75329 48194 54446 48650 82226 52666 88887 67760 781 50547 7909 66779 42727 9042 23727 53673 15036 89032 12811 35561 54431 36999 71231 10078 33101 11922 15130 61208 8935 64820 45156 67106 16514 3102 2100 81583 55766 90985 52843 39390 45032 43594 89011 70602 52634 16239 27775 50513 88113 23428 86072 46044 43269 43648 56120 76369 38412 71249 41077 30189 39569 69075 795 38925 72175 82236 24008 14285 59565 59694 53673 87440 6788 46185 61542 59421 45266 72159 92776 36879 78429 65192 65766 25198 12340 25386 84409 33595 79477
11830 63782 5390 80903 47420 44314 39422 33156 51164 36550 92719 93700 73065 66503 3989 5594 31545 46252 50858 86546 42528 70580 51319 11220 22690 59360 6403 48074 47269 39996 13896 59098 86620 2128 26345 37540 29284 48610 70694 80447 85158 49758 77647 61723 19761 64478 67316 34149 93572 4518 7039 39600 57940 58357 33663 80628 4061 22908 32203 51328 45746 28941 93268 35866 31067 23114 73405 60350 54566 30443 27141 43224 63043 87630 8447 65647 55609 58605 3296 52681 63122 89675 75124 24562 51532 91629 8691 55591 881 23736 89762 46625 35519 86530 82489 49428 92486 42238 92620 50552
72680 23261 76618 22067 93734 67908 87712 52843 30013 91006 88366 75977 84182 49834 83382 22058 27807 74915 60492 28686 81493 53754 58153 20512 26628 26987 69938 5459 69223 48903 38853 28247 72162 18972 50313 52240 86878 41525 87925 3235 18876 79792 79211 85900 15970 66093 90800 26620 27352 54792 55304 12345 91388 96300 32855 4361 26787 85635 9818 78852 38038 31513 10600 93043 50483 43755 48783 23705 68122 40209 26939 69840 6345 88992 59240 5157 58585 36385 31775 85935 74019 69922 1780 68908 69722 17477 73267 9 85954 65927 78859 10337 940 72301 6880 34266 19556 38505 57969 70521
61556 67750 43861 67899 60242 85944 55899 5171 25829 87672 73948 3348 61094 58570 55098 17160 76045 14709 17167 48344 63478 78869 58679 64417 37514 65557 81525 39913 86904 25838 13934 51961 93587 40637 6204 40173 30081 62101 45343 38752 36118 22791 24943 712 81360 62883 715 43749 77591 724 92091 27413 79591 54270 74672 3450 6171 59697 43361 75918 68378 57293 31379 48309 80772 37581 88480 93696 82525 37323 18792 22143 42957 26577 5697 10661 89459 6410 54408 53394 7133 32844 80805 69566 69956 58978 73014 58970 5019 19875 38388 73395 60010 69765 25204 44283 90188 17185 41479 59057
37350 60269 81198 63149 86845 86894 73808 62648 76146 14561 19542 83277 47403 83189 56344 20859 45667 32858 79827 50685 35576 4559 10424 95584 74322 35627 26211 50855 35654 67688 13412 73002 14302 77453 22496 83989 50691 96302 50137 30337 14363 52521 96457 44608 39210 56301 48310 67720 72001 31637 21905 90419 19039 15171 89504 93359 50796 19215 30558 86448 69746 26813 45795 66890 7766 68289 54379 41299 50935 8016 71634 48141 43379 54435 92747 82587 93578 44557 53807 51924 59037 58554 45843 78074 73724 38847 57777 28020 40905 71178 813 93493 1491 29450 63883 88597 1239 4606 16240 52172
91962 70716 83155 38841 28652 79403 24928 25730 10304 61578 77652 69339 23632 26996 33757 80198 48685 74377 91061 72432 49055 91872 52269 33388 24822 19652 8329 8903 7100 24567 43917 2562 95281 30573 41401 27433 92818 49172 36006 6622 14250 17158 58804 20724 26996 92559 83765 58524 53280 78326 34456 5835 56542 86724 39221 64206 89218 47548 73107 96317 54957 3368 2379 53739 16783 26623 64014 13101 58637 3520 19722 72885 20677 61368 76451 30515 57427 63716 89037 14208 28386 26994 2885 84926 62 24949 52632 89278 55339 12083 71939 13797 94792 57161 67534 15075 66626 35048 28175 28763
21411 30739 84490 42086 92105 64441 55443 35876 14502 47981 32926 25730 74973 35810 14157 57877 43601 49631 33499 2440 44557 8939 95577 42849 48942 49455 57922 19068 67346 68939 30673 88755 3178 18663 17185 78125 65946 72626 17502 63290 24107 33270 89019 81922 51922 6676 43299 95521 39149 76797 80804 83704 68578 79881 30053 3864 32837 70818 22930 83025 43257 36445 75280 29278 55106 92463 10903 24552 68589 11247 87841 75539 44516 80360 60961 96436 69878 7761 78302 12527 67400 62606 96230 22322 28831 12627 26184 61666 83443 31956 48191 13045 68399 9815 25165 27005 5778 18910 34399 57210
30156 8584 36249 57514 88942 80052 57450 45164 87811 22096 57690 41555 84700 40264 63875 17032 35733 72901 61540 22677 87699 92574 18564 59598 5889 26571 69445 91008 45479 86687 34562 75633 95269 70809 19491 70556 54361 59784 19220 28517 81878 59752 52914 70079 3516 3134 69953 39248 76033 34993 44767 67233 13911 46173 13175 2643 72742 65463 93649 21721 55650 31711 80197 54419 85362 3188 28475 26067 62970 30538 37426 31193 90288 90339 84114 93803 76315 57567 19395 55848 75402 64160 9425 89312 93175 5443 74797 69417 70904 71946 73980 30054 86499 57677 67315 58205 43708 78633 84270 10178
12671 8041 24213 6459 1880 11827 83104 61037 69392 5999 3229 31139 53001 12653 6795 49676 938 81590 5437 71840 39880 79416 84736 29879 40593 55551 88082 84299 37684 58696 77320 33197 66735 5033 39655 51457 16859 26259 15994 69093 32257 19222 3732 68100 14717 89867 21277 94995 74957 26712 70335 18337 9628 41415 31058 33064 79808 5484 20863 3837 64179 1683 37032 17258 86057 76685 51558 85758 85787 50394 41195 4388 52458 27770 72486 50017 21137 93761 48512 96093 6818 5191 774 16444 46604 31831 49506 12757 37313 53212 16592 84334 37737 53622 84435 27294 16652 22337 95894 5939
72729 40590 10325 11532 68358 82809 44391 89493 62915 92902 71930 69731 1593 72703 69017 31040 87376 4868 43795 11033 58078 60385 95366 78657 351 66145 88794 17001 88480 88188 5782 47553 32278 95447 41927 83478 81757 86317 59316 31016 82719 17590 4247 67154 90291 56106 81036 64011 60972 28331 75043 5394 71558 56753 84050 54752 26398 76344 54595 18378 50876 60376 48773 65997 59323 90699 52975 27424 80516 15791 41282 66735 33380 45527 20233 10015 84476 4770 56869 48948 15943 35412 54341 70344 92163 24735 28596 22061 4579 66033 23281 55453 29909 72052 24950 72075 66251 60768 82341 33111
59401 27124 82688 75623 55493 6422 68481 43469 90532 28850 75260 9975 47104 33101 63161 42767 40678 74599 47670 45255 44133 53793 83550 56884 29345 91343 15303 78439 55611 1145 15050 1356 11111 1239 76978 66602 87001 48959 92914 81033 60651 71674 73850 11255 87617 40512 36864 31795 18611 84532 59892 62742 41825 46942 5971 54012 24629 21272 18795 63082 22415 33844 64437 33524 17925 27759 82969 8426 59560 79383 72301 23711 54557 49651 17808 28518 90161 54670 60311 91615 25546 23703 40701 67369 53487 46670 7725 78115 67941 26519 44697 73198 43205 91976 89565 43972 23235 76034 52396 82793
41761 11041 89346 79160 60690 10654 11178 37196 48166 71487 32311 73710 95188 55854 27423 52175 6025 35147 16634 56808 61664 61330 33506 87711 39650 26571 35183 62884 85447 70421 32021 30708 81460 24868 13368 28494 18364 7388 65688 66529 78873 80841 43739 60405 40196 71161 95423 29063 9808 15557 85869 54314 59729 22875 28369 2880 49445 63550 48606 38392 37471 80625 51943 5275 88335 48153 33767 10200 55540 82298 76727 37913 66639 6810 81161 10335 77969 80084 22240 70619 78483 11609 11277 24557 34483 39644 27435 66770 6694 58883 8662 27007 25852 43447 32280 17688 91599 48890 10730 50639
34688 87455 71394 4827 77107 56055 94503 58577 39639 20243 15540 4467 31851 26816 29022 49176 49302 39299 19446 38839 1682 10950 65844 27532 54396 80967 28062 32339 16201 38790 65820 50887 12589 40714 38556 89695 270 19403 34616 22751 22489 50154 10060 37182 59812 39080 86356 12615 78377 88644 51452 62901 3094 3640 73276 40332 67449 4838 55513 66492 26471 24833 20879 39058 65546 42278 15097 48658 44523 49711 54251 67010 82708 64310 7692 46020 6890 76890 41477 68110 51878 92927 34511 37815 79410 11287 78145 33203 95466 37159 3196 8281 44834 6917 30181 13880 49193 45277 62536 76559
77830 3132 47069 64038 67440 37604 92901 74328 838 37878 45938 52715 17150 63292 90528 79402 57421 55017 16105 56387 75018 19299 47510 23353 9059 77690 37231 41094 9311 82610 21153 87139 85740 68221 37522 39524 88667 16767 17352 89503 54643 46133 28562 54635 12925 5434 37537 53188 60450 36485 92418 38968 38626 43428 45163 47683 24618 65237 88776 16771 34191 13429 86753 23431 64492 27775 45797 39503 27384 63147 15351 64869 92122 43911 23005 87889 49344 43384 44578 13294 79867 40496 35104 21994 66766 80266 69675 74227 31847 44795 90996 66036 41067 81249 72309 88401 91866 21606 31405 22750
67595 46754 87618 63218 90663 93465 37451 26351 40349 64871 39643 6561 8867 57590 28553 58476 24200 81070 36203 56045 12210 30699 25581 53275 15449 80732 45176 10815 5838 76579 16408 73431 26833 86868 40149 3841 83833 60443 30190 10526 28814 52676 17085 20524 93108 28480 78998 20808 92393 18701 59695 8103 49398 68118 61376 47689 52350 89394 41347 58186 69474 57753 35117 79149 30965 58109 82988 18298 22052 96021 11666 33708 52197 28750 54230 48805 40072 36728 52455 35965 38271 94992 26910 70512 66610 88284 21701 22460 64023 45890 63488 36997 86485 81447 2490 20950 25900 68321 22090 30794
67842 33755 64501 23539 45347 22231 55186 85417 41802 90483 7727 80071 88975 34635 54083 59085 9264 58627 64387 73285 8017 14219 93124 94501 95664 95612 1795 25065 67433 23884 55857 21619 57637 6702 28000 6484 28932 83184 74743 53576 60011 65312 37147 52486 3448 74073 94413 92052 19044 62300 68837 27059 76517 48305 7904 58526 30261 9698 66433 1195 16424 8634 5656 74059 15335 33655 63385 27109 3183 24472 80683 63193 89783 4174 19179 76073 61089 17093 71625 80131 62235 26806 90033 25097 75109 1437 83621 8870 90475 53554 89405 10399 62186 95060 67300 60363 15059 17029 87470 18240
41500 54497 81431 34783 41514 83453 14356 6103 83388 68823 69077 49123 95627 62610 74218 57080 46889 44183 48792 40865 80579 41698 34106 29110 23102 84249 89471 21003 4778 63286 39241 46276 4127 7017 63901 45639 73312 61099 51741 60200 16266 7162 92165 15393 69770 52728 72471 20159 79753 24764 43866 63833 49304 77971 75785 55248 65720 68756 76249 70496 18386 1834 3117 22512 88191 49860 68149 65003 93802 6234 11547 13568 13394 86555 11804 66006 42783 67117 86164 8880 74723 33530 72711 10371 94343 51996 65617 63563 7097 28210 20404 8325 12887 6363 30835 4578 39065 81827 52424 36367
70903 46813 32778 84296 36868 44580 36646 62493 94539 26310 71372 72763 42683 30427 83132 40526 65266 35094 86932 55205 63302 90178 63528 76187 41 77206 63608 21948 62533 2376 41158 19780 49187 73934 7576 68898 4858 27065 34891 2897 53373 89105 75658 96054 23033 45135 22925 88297 80227 13357 47002 47029 86377 14030 9561 86416 74078 56011 11864 22955 58385 35864 42734 90414 13298 33152 62812 998 60215 1204 3894 17089 90307 62394 95985 16840 11029 5254 87979 91254 1453 38481 24628 87828 35354 17031 60588 92274 55884 55295 18730 17769 91157 61462 11683 7956 94612 57338 8952 58328
58540 92186 58259 35191 58081 40588 34874 69108 45841 26353 46707 47292 47677 54177 21465 65873 71206 82051 44491 30590 40846 63219 31201 35504 28181 25726 26302 26294 83062 35252 67464 27946 13783 12067 63136 71862 52653 80852 27314 1994 90047 56863 32129 24068 14540 53592 72783 85744 21987 20775 2678 62832 83992 16721 1836 15674 42446 28136 24810 11852 46230 75116 39797 60011 87181 85775 35373 43334 70127 45530 28171 46518 5893 43142 70585 20432 79576 46868 89018 5063 67641 74539 67893 55134 91258 52571 53650 37204 63549 61302 49055 13280 39918 71694 73289 30599 60969 91505 56775 17440
23379 67788 63956 29270 93772 38041 32544 76848 84908 25063 64754 38893 3102 36147 94025 77202 71561 34019 17907 38610 95319 49804 51888 38737 24998 11522 52178 68809 85869 91796 86247 12748 63084 36547 24860 43201 57431 57403 23549 45839 65308 88301 67574 51252 10793 65100 31954 82352 2619 49859 7306 80781 82505 42037 23018 90345 53557 58039 62654 25770 53335 35245 38516 2763 71791 46218 45962 32722 7121 52354 61403 72427 26999 32477 10023 37790 80419 41976 6486 65881 74677 13791 50162 60683 55826 56022 54528 92225 17561 3527 21495 53738 38770 42853 39344 93403 89069 68148 12469 79033
24002 56714 37804 51000 72034 47826 71632 38797 89800 78117 8178 67977 74750 41182 15004 16920 80047 52375 12645 80450 55900 16982 37689 77512 42677 59875 57260 35246 31523 69727 623 38368 12786 38426 72210 84818 86250 47342 27115 62394 11803 18136 16715 86551 42160 31718 86313 25707 84091 2458 9658 26335 2282 30189 7347 44957 72906 64605 63046 87271 37833 63667 29139 33461 5593 84191 21779 74685 35034 31736 40579 29679 32714 40137 19731 57717 71853 9544 83422 42288 91343 75922 68621 93623 88953 75966 24925 65359 26916 87969 56131 47591 55136 68112 81050 60728 55804 85671 21757 90836
3751 45179 6859 36464 85314 9432 77023 43511 1819 63945 85797 93160 26212 40762 73127 1509 3072 1552 66867 29986 72363 9342 60419 31000 77452 44969 74570 36756 34140 96325 13936 20734 45004 20794 40040 33818 30224 20563 77327 32041 67350 49468 11545 93560 73072 67515 95068 76143 51909 48279 88971 27773 57619 52891 58771 21415 80702 19685 41014 1187 19510 54948 21919 47357 58584 61957 81173 71651 82518 44845 86534 53368 77155 1580 33273 53728 51937 14685 16215 7346 62962 8686 35117 6925 44419 76730 11182 28622 79257 52194 12651 2268 10643 34568 49623 52069 79367 17140 27220 65385
61983 17255 5097 25483 1677 38368 79209 53612 35895 95422 60956 2357 86950 78916 88622 34870 41990 3305 46334 24748 55497 58983 9858 48982 76393 42323 83894 59260 59461 14614 10989 7789 14711 16084 33270 16386 37295 95321 69996 73188 94243 17297 58388 67537 79055 50510 85249 7389 36657 17927 14979 74997 59752 24835 10323 39645 67156 94215 81747 12962 12330 92734 20749 9883 12319 36861 26268 49612 35682 79106 26300 16269 79245 84686 66648 44644 21541 55398 52032 58196 73323 67009 19537 36576 74687 29859 59063 45343 10418 44311 41147 5590 40545 61894 15472 52862 81597 41738 85316 3623
7188 15117 19890 86432 82645 69381 34576 7686 28279 69450 48725 84444 39960 68260 7364 18147 80961 66426 46332 74222 93579 87478 79810 37624 35716 95280 73329 20814 23362 62145 24435 30549 60104 27168 3325 46250 79391 37899 36778 11170 10850 68345 95612 33652 22950 85819 34641 7411 55745 80971 64475 52824 71949 47786 73290 11166 46566 50119 14822 52771 95107 22099 83318 41555 32109 86641 70647 15000 10884 90268 9012 4576 62113 87467 21070 85061 76786 55709 75315 18875 40181 43290 71697 94972 91074 31331 88980 23985 64293 7302 76754 45744 12244 63572 87297 44351 36557 44289 42194 30283
38057 51204 17702 3670 42171 38770 88730 22457 94478 67545 41330 21003 14335 95869 19475 8910 30701 91298 15737 77836 81442 92489 27080 93684 42405 721 24380 61804 45008 66572 92085 83063 4120 13287 69576 46290 34900 61806 51589 15722 15695 75762 36723 30028 75131 39040 21780 88674 33838 37515 52854 1625 16348 79932 95307 58751 80652 23187 24055 12004 72601 2485 95066 76720 15770 68142 9354 33512 16292 60941 49232 31985 23047 85953 44855 1679 11338 49478 73195 28018 86991 29550 29641 6840 92324 28449 48433 76476 34478 72487 88479 89922 74970 69889 52986 73582 24375 62338 10595 40665
9623 59825 55492 32669 32123 3847 17190 43459 53323 73227 54319 26659 85619 83959 16341 81444 15908 47616 44264 33228 23603 19087 9494 81415 71818 62478 41342 96191 11160 34779 23200 20782 77446 61534 36293 92411 65380 36325 39370 5047 13052 76532 14548 81514 63991 13731 66458 62741 61346 93564 95967 67791 95494 88304 52707 70812 54282 76891 53348 65441 15170 59390 69065 75458 24425 88200 71370 72647 28025 93582 77692 23919 73614 75083 8933 41105 88812 58233 7346 53658 55298 86156 24950 54292 77960 60499 11448 18586 23734 47638 66869 38902 10529 39434 17860 34952 31134 89228 11099 42001
86311 71633 65919 63425 33060 74850 87373 25373 36584 77561 61873 74724 67217 69665 15360 31521 33664 26806 50106 57396 74443 20475 79140 67814 42752 79843 6266 73884 55415 207 2230 28070 71838 68147 74338 87741 46497 65211 16614 65923 46272 61329 44147 96332 34495 42349 31353 51001 51998 64301 91240 12785 67619 56724 80597 13871 40067 69705 70597 95481 69910 72825 9895 28092 44472 84231 19333 73812 52942 18789 26079 82057 80117 53069 81889 18112 95416 96084 51955 50914 63886 46695 63697 35005 6920 30638 31718 29829 3843 5815 28810 73751 78639 38704 5344 9455 9279 7519 66109 62220
26307 92187 30621 9924 48756 16010 10878 47672 94936 62831 81429 45166 13027 31470 80169 19945 62107 94729 32616 65948 4045 61425 26044 65526 82971 14230 57823 92248 21747 27433 40812 48052 5964 54275 57974 54718 53127 68850 85232 51564 18026 70161 230 31051 5132 63242 33838 67237 61471 66452 19529 48358 14221 45571 228 80034 59799 40894 58627 64389 68325 82281 15941 74287 40057 56758 15349 93182 11952 4081 48246 29976 74241 31319 43869 62215 94559 77705 15796 42374 30502 35323 73575 44721 63737 73801 11100 9880 18195 69725 74267 69362 55506 73051 29993 95561 16153 45340 75088 10947
32264 26834 40922 89347 58151 67633 55062 39054 31683 53700 64271 62183 71865 41346 89746 39102 1491 4346 31825 2529 56913 88934 71889 15920 48329 84725 94323 64480 16409 72911 75426 48671 82588 2692 41518 27083 53167 79422 66136 84848 36622 16751 50531 11988 58095 43778 33932 42428 30966 48599 44955 87878 23878 20345 86640 72205 87912 84463 23030 7821 60875 81298 56491 46963 83988 80851 56888 40655 63774 26524 11848 83238 26117 62377 78068 84210 88997 94843 30139 23464 46942 57936 94184 70818 78279 84324 29368 69691 72287 52396 77511 19506 37194 20346 49311 7526 4697 9700 31023 68469
19066 42869 55208 45182 88089 19620 15736 80586 17963 28717 86892 64904 86652 67420 22066 51275 55244 51432 24467 13876 86670 84820 33380 27364 88008 65534 17732 92703 58076 48754 47517 77140 74465 85567 25822 66054 8687 24401 32985 26649 53116 6221 74395 43268 73640 96459 94542 32384 34236 5353 46258 7250 73015 62481 34613 64523 14359 35187 43570 72433 66783 91085 53073 44749 80152 61738 93645 88838 86137 30130 1831 25597 36350 76224 68864 92832 59027 49750 28716 76105 55101 57817 83354 14460 6642 21467 78981 20999 39496 26051 93430 9780 3481 32847 37371 83631 77427 34516 58813 49908
47489 43486 75504 66681 23210 30712 63013 82236 80460 91727 44685 21905 35888 31539 36363 42528 35848 18844 46369 75343 27737 26143 85121 14060 58989 25992 1192 22760 43350 42847 72667 90837 86332 34515 61018 92384 65225 27531 60964 32029 5603 9150 53932 24333 40687 90293 66860 76534 91979 16729 55377 6060 42871 26842 20119 84702 35676 4153 90304 79024 29842 66471 56206 2518 83828 20724 94901 35397 31098 42209 67424 19543 51357 24856 43874 74887 1493 14234 54921 93470 13806 93140 82373 39519 6326 5992 10565 42000 89485 4369 7368 22827 53683 63572 8188 23855 67139 6589 59251 81079
31640 30175 4122 65840 55030 47994 44227 39365 45071 81990 36336 41719 61474 5053 64080 67798 11043 74643 92640 83370 61854 82850 89039 1881 49923 727 25735 3406 86656 84984 84483 21797 18659 71447 87635 56531 22941 35362 95895 50854 3696 18575 75415 65168 23626 42995 19310 17511 3982 15450 4381 65835 81142 76262 67714 17409 76988 76291 20813 67144 64775 8796 88939 83433 80241 62918 26308 86025 81122 25703 23223 84816 27120 2139 36328 50744 45132 55636 51097 49113 53928 38320 1292 38571 18083 51848 55978 95069 31640 76790 48557 96413 68428 40997 66190 35014 86757 75341 7383 71380
83886 30604 59696 14507 15585 78867 48093 60716 38003 2691 92671 91930 41009 76805 16845 59090 32153 72821 57659 46635 35955 9717 29393 87226 33556 78425 8584 6657 57266 95307 78035 44653 12255 24076 42002 27839 6443 90093 71397 27288 92782 50412 5562 37292 30717 22405 79224 45712 78069 23228 75190 368 32943 8083 70436 49341 69350 79018 38840 30117 60669 20376 57612 72923 27294 3114 4262 16579 76049 58501 43865 72332 12413 49426 92466 25972 71829 75190 54526 36242 1918 33216 36609 17703 24141 10545 49886 93490 72406 88725 9951 36575 91943 50405 12998 22737 36361 102 22158 15910
58601 66021 71084 71012 1791 67050 484 73619 28585 55009 92703 13345 71067 32812 31047 95207 26200 63775 75041 2106 56000 84990 38679 51443 38895 34520 57022 58098 34620 79178 74006 93220 31544 48591 50576 33333 1985 51059 89794 13412 88910 85998 26756 46321 5154 57801 45028 31352 7920 23569 33456 63919 91401 54978 1706 33796 89496 41571 91892 27616 7093 52243 24336 38635 83676 74911 54811 68503 12314 48105 81914 84066 37603 12170 33887 25600 52813 61758 56950 60731 68169 90405 10994 63071 31727 12699 79709 24723 37112 57946 35181 44203 13689 42360 65681 80207 3615 23992 52210 15927
72095 37624 82835 92541 49792 3066 21641 6105 47666 61433 49679 19336 55338 60671 82405 69907 56212 65614 94628 93322 27060 33310 23870 23591 58512 89549 7298 62125 17041 59507 60894 71978 631 47229 68019 33266 33137 72502 22213 80802 37436 71890 3638 75616 18906 86041 49024 57960 37999 29996 54783 47902 46148 61495 54335 8160 54544 61632 70283 54427 7483 34677 29905 8112 64748 80767 24220 1386 56769 46432 65030 94203 4666 68666 56164 6414 41051 88030 64373 61892 21526 22656 92636 50517 66993 50472 58675 25037 15604 15303 79462 23085 32822 12867 14039 1071 93632 21102 81797 36746
50376 33171 17293 55040 84679 73455 61453 12074 64985 12170 73964 69354 17668 70101 23371 84659 24073 64888 13196 22519 63033 75500 28446 95854 88365 42483 79767 68342 46427 47908 87930 303 81077 8723 55342 69256 65021 3139 81328 16350 15307 41636 68546 32973 15237 91915 21132 22152 43148 17170 44669 9681 92668 73113 9035 67377 1941 71644 22063 48366 23052 13493 48668 86971 5059 86852 59727 70078 89989 27399 69270 88138 51878 41317 7455 67113 19576 28585 72108 62722 28597 20277 72402 24765 76233 64279 74984 78172 39424 548 12882 62474 93381 61548 35790 1940 51900 95515 54860 28233
9259 10475 19871 61135 51790 10168 14592 71364 38751 69542 20431 50190 89818 75675 74953 52395 43454 36282 16911 65720 36828 29791 14539 16553 74182 50327 1336 12426 32186 39038 23502 41443 49511 26215 85420 4801 36382 82855 59008 75131 55897 62281 28822 32059 41456 86617 84452 67752 26399 84205 36973 46069 17497 51510 45465 74521 5337 46799 86945 20365 85835 13947 44651 21691 40161 33571 9334 76541 2770 51184 38016 58666 16965 49680 73567 58419 22642 61520 29672 31883 49225 49487 60795 49564 4497 9760 27585 89174 39401 875 92381 11580 94162 40532 33269 37823 56946 42602 708 59714
93784 38723 4724 14250 88401 78290 55511 93885 43310 68025 29269 75377 21012 90062 11286 8351 3322 21713 80367 42721 5430 76249 54299 3093 20281 70411 40914 77225 16513 41621 23284 93139 63186 28006 90231 37931 9796 32087 35317 35948 3612 64584 94168 7467 58146 8954 15816 44310 13509 96182 69873 18938 58775 27672 22029 79054 1583 45785 42624 938 70248 65906 94076 36934 93910 70651 57708 7207 6238 75867 25997 9849 43951 23665 17314 84939 15461 15972 15593 28969 94996 85464 47905 57271 95978 52776 39826 80404 2061 65292 81340 72308 34698 61760 92084 14952 18756 36136 5001 24992
15503 30997 17683 42296 54660 17839 13579 70120 33810 29170 81931 32306 978 16180 89576 457 68954 15746 80859 71013 81036 48543 29665 2078 93146 8094 96370 15402 44228 4872 23236 59730 18711 40918 84868 56213 58755 1948 12677 92563 13960 94606 11214 14937 14286 4290 15392 83238 20034 79093 40596 83912 31136 53103 68832 10626 61195 68702 26026 88266 56416 49261 34340 75125 73021 22708 34839 35276 24654 30358 14184 38613 28465 25396 53548 25593 29684 51782 91674 32560 34375 18614 2816 48353 71715 71646 58978 19255 26692 67846 90363 83107 3451 28203 44576 76470 50909 62257 94589 58406
92614 91615 79861 24579 20511 19753 33014 33037 71533 28188 48439 88750 46800 51253 23447 22016 9243 82423 24113 35933 36614 17976 22540 40063 29021 67115 2878 79928 32872 80309 24678 11830 75424 87381 36407 95933 10634 69420 15314 65009 80450 46595 40103 30751 1348 63549 35609 89931 32316 42564 29364 68928 60538 34747 91834 89557 84704 94710 55829 3920 78519 63350 15749 40287 54231 34998 22564 64864 87260 37876 16217 71211 84469 56319 5462 68659 6212 23913 62090 38526 66475 74296 10955 13357 91885 6289 85756 80089 83841 45085 84008 48704 11935 3257 88989 49009 38253 94395 217 29014
18615 16432 83067 85926 55593 71371 58085 61803 95282 6519 83172 65257 63657 94125 61456 59043 83256 50712 42632 53441 78639 12984 5645 73417 95581 77476 25926 37335 75371 26141 49191 93984 25415 35758 83410 81007 89971 27839 29154 88753 17200 15826 40354 80855 92793 5310 43398 79549 56020 68873 36490 38159 81855 24977 15076 80937 5953 23844 4616 64166 49983 36649 44494 58241 55249 14248 42748 48720 42085 54744 40973 42127 53413 64169 26483 49706 69477 52723 15600 11841 7940 34932 32842 89794 42752 47917 57075 31547 54603 44533 95712 8087 64024 26550 66326 22773 40797 91916 54335 65724
33004 78150 11352 86415 45819 20677 22466 1640 73398 20908 13479 81337 55838 46319 57475 81432 77078 894 16480 35182 28269 15692 26111 92291 25084 75279 1408 65879 53539 55741 17948 69385 37391 29298 42145 66052 49973 64609 67690 9715 68359 64011 73894 10541 13830 17713 91972 73751 18605 11952 91775 46872 10486 4230 25507 35568 62351 26913 84290 19390 82652 5738 71617 6387 17878 17262 72437 67849 64713 26471 60406 36572 90480 37801 29956 7811 55512 25428 64404 56960 20222 42523 86674 30706 46751 15682 49116 12602 42593 19750 14834 28746 8330 86449 17975 26206 7212 90411 76897 71923
20382 40804 91338 14363 61447 24794 5016 20459 33064 52262 60261 53284 94783 50436 66832 27878 66116 2292 40478 12209 22041 38154 23797 30369 28103 24615 56574 18157 18526 36971 72923 21750 60617 67761 18955 25564 75397 6813 28866 11961 41917 89125 65243 40200 25905 18419 50920 92019 20709 91396 87071 42748 15894 93710 73116 43996 21825 16034 62151 23193 35847 38574 27786 96463 89177 29583 8371 68074 19239 20079 62877 61154 92047 14464 84197 21452 32881 38617 96314 53589 16358 86885 96335 32250 66939 55795 76244 71607 54671 24740 77642 90517 63312 88270 73324 38834 21354 64537 89750 40591
84615 56128 5245 80162 70590 89440 84456 6972 31558 84270 60559 47914 57499 43238 80162 27939 81876 42751 82388 40047 67489 63530 16908 17145 55301 73074 38821 59497 23956 32072 3588 91413 88198 88173 57919 45132 63958 45875 52102 78358 33646 95503 12616 73987 25086 92776 5426 10462 21871 70656 33351 72202 20531 33102 72190 75830 89018 14511 21671 16474 46581 8101 11387 21123 79116 69304 66254 46574 1524 4700 28432 35168 3704 41046 91997 11632 20167 80266 4936 24880 54422 38285 583 74951 54229 72771 37125 46748 87280 58794 46064 20206 49737 57450 41327 32354 13098 11081 78926 14620
15780 90201 32630 2326 17591 28128 13956 37756 11894 18890 45479 49158 40017 46060 27610 77089 5175 47577 27337 92453 9872 73399 16159 42451 17193 40329 74803 30290 51408 40074 27752 50030 33775 60381 35198 34208 71351 31996 54807 66087 33728 3786 18745 73744 49844 46353 37177 55017 93929 64512 33814 86643 24255 32816 32594 41447 73143 90240 54579 10895 33814 82329 60924 50431 29054 78964 84637 3905 14461 25788 69990 48187 29572 88734 8275 62258 21431 45450 3619 18860 92804 37432 88345 20560 53090 7284 44849 29733 1024 2928 40626 17680 85255 84392 50953 17810 49701 21934 21713 64160
47721 74546 95189 77291 66780 86307 25894 88209 18101 29511 89912 14406 49785 64601 17808 6375 71883 62655 18950 55749 65581 42419 73427 37180 13155 10724 37832 62854 32657 42388 13358 80376 20434 12048 44011 70056 81197 69903 44609 2798 82257 20865 17202 18386 85465 17852 7604 43692 80505 9396 2942 32430 51813 59211 69609 47811 52778 10941 14165 85433 53327 10366 52153 56603 22412 96162 30159 86451 52410 74767 89247 21011 95630 89292 39395 67439 10644 46997 14632 91148 39236 416 9922 91047 42469 79529 42358 95245 73313 39366 84178 12984 49730 39831 69586 54984 22338 82587 27779 74746
60854 20526 78599 42829 13318 21494 13768 6805 51334 28398 1453 90568 11656 90715 67959 54124 56589 93160 52869 33402 18870 23392 29228 51442 63221 81656 89268 68401 67744 20547 46647 14942 41071 28746 57769 37232 33083 54380 44035 67259 65620 28330 44171 77275 22545 15630 34899 79132 91632 70610 95376 14002 94000 10949 65442 43566 92603 41054 15467 46691 61599 44957 61632 85513 56545 5745 26245 89626 60123 53122 43229 29244 81450 87398 10019 86837 85871 27760 52314 81003 81212 51190 95004 61557 44981 46790 8623 41085 87843 6932 70618 35786 51887 35750 24799 11933 41494 33886 84401 84459
87006 31131 17203 54800 4873 10064 45138 90742 20666 952 75246 5379 34984 56594 49778 79964 6884 58399 7393 77569 65329 78009 16856 3561 104 41653 94834 24440 75538 82735 12399 48888 210 12445 7189 84424 5351 52325 78666 26016 36119 57412 14237 71101 350 64013 37409 7233 8756 44800 67644 56927 9154 84498 60486 88598 12496 41664 16538 70876 27900 11779 23264 10952 24222 13295 95374 29572 65618 60385 38430 84579 4141 35509 59181 4490 82364 90 91063 91118 27733 62207 34389 36885 33050 77718 28983 45544 22882 28363 2764 33624 40140 8870 44575 47205 22164 26293 59619 70624
86676 1549 58704 90816 19900 21385 95304 5764 4317 89867 79724 32048 38418 17613 51775 71466 95329 63600 3354 21712 91961 6116 55334 18446 14985 82751 65649 19991 12545 28768 90613 2721 13159 52817 76379 15901 57044 75183 21663 61360 51394 4887 76250 72655 5342 31526 47621 83514 95124 33818 8726 73430 39932 46902 91874 37759 15998 43867 57748 28541 55477 51862 14104 68634 87521 73326 67377 48066 34853 89038 12926 86246 76767 72018 62401 64951 7044 92864 51965 85011 30182 43533 44785 52957 90434 23003 73558 89274 66868 17651 21315 25845 52355 18261 77321 43376 91585 48198 91440 12783
23580 87208 2529 83189 62727 47772 51640 52613 26980 86448 23968 40005 33481 51595 75804 10259 74596 52862 3033 27808 70511 7190 53651 26366 8294 17316 52585 82721 48356 30369 95502 71934 21078 1531 41467 66647 32145 75950 5604 41968 65898 12415 81971 2879 46852 44119 13137 24949 481 95510 35599 53835 6201 89249 63043 14493 89407 19128 714 41264 32340 96215 96040 53416 80588 41008 6407 95576 20458 91351 41044 69198 86608 9359 72075 36961 53476 68054 44752 36799 67065 80349 73476 56108 55942 22864 70599 48850 24834 54155 90112 57172 53870 72496 93430 20803 17004 3337 2723 20304
94687 43765 89500 84795 35966 47920 8100 72284 2318 52850 91925 52225 36700 68902 11833 92640 91764 65274 44990 2942 22930 21446 60113 59642 93941 57043 63287 93787 60379 66008 436 41410 92615 72778 12549 32081 24198 20648 87207 9359 56340 82633 61582 93038 37879 73414 89179 15987 42188 20513 18927 47960 24802 79038 11103 22243 39582 74388 2374 82803 26741 2808 10557 22856 58429 5948 37780 82625 9438 28487 91982 65777 14620 39909 62315 35341 16823 37838 51326 41853 41194 70252 89812 65994 35634 83757 71079 75214 44489 56295 44361 71228 41946 54916 94083 3875 60863 35363 69342 53143
46692 47669 22420 44155 87576 67578 79494 7899 88258 34321 32594 32952 87415 8750 81788 26549 92505 39211 5264 40495 95505 32467 94565 40951 87382 74992 27668 34589 93197 510 87730 43390 48177 92993 87543 39253 64071 70537 29994 55829 87700 45431 71624 78615 54179 39756 8665 50185 78966 93269 73522 77971 29236 54431 5266 2962 32924 32932 20393 29621 16284 90966 73009 64460 87459 64052 86555 37874 20934 2894 76545 12134 48323 34513 73592 85344 74268 82255 39029 56734 61868 95393 21049 91102 53325 9157 76907 69091 24931 80142 2212 41213 74608 58064 88515 48411 8460 61415 86283 29392
64307 49173 24369 95472 83684 1461 84316 61452 66558 9690 4530 31926 8583 25577 9372 44750 17576 69121 17341 42505 52764 2396 66561 30872 60458 58576 62126 51760 6335 51909 63995 70640 83924 88362 52456 71109 72665 23117 18905 42723 32805 23434 57491 24230 31853 66861 51823 49428 39483 52006 74775 92245 54400 44836 9461 1202 86255 71585 35805 92588 9839 3300 49573 93761 74504 84871 51214 50669 11488 70118 76234 27135 93550 37225 51364 28903 86928 86029 61173 12755 41535 22293 8500 78778 49971 804 62822 39726 55231 2127 18659 65068 5425 51074 45174 79927 39445 96386 16940 33776
70004 93172 60909 67054 16741 95115 78800 7170 84644 26317 19923 29680 48608 11266 11958 2080 91410 57622 24648 50141 59748 26149 18710 48015 77221 46726 31443 3011 46612 31225 36785 2961 27898 80536 70013 27481 79152 35157 34649 67296 44317 37415 79818 92923 48679 74618 77845 43589 35741 85336 93728 95487 14985 95280 47002 75049 28350 61287 60902 74961 92511 80529 77920 6753 64565 34277 34232 30061 52277 51724 858 94 89137 63518 75859 24160 41637 40049 50591 77376 28885 30663 76363 26712 12288 9709 84603 40636 53839 49005 1941 49850 33034 79859 39445 80442 481 56519 14003 35600
11743 94201 35692 83722 61220 94393 90724 85699 37942 44815 66575 49669 75477 29282 59224 87763 38989 47327 31899 75670 79175 33839 29020 15709 42 51307 78993 79863 90669 75839 18963 85254 73540 37497 72477 21104 18235 66701 10303 56175 94359 59720 88687 73336 89000 51411 64599 14334 81580 79340 90002 64255 96021 5367 62807 78906 39516 45300 62269 33685 7483 64075 22440 63866 5072 77759 84968 23305 47960 78114 62323 28663 41334 37354 5499 16679 71607 52940 31011 56687 18625 7357 24443 18146 12722 70092 552 35081 1736 45664 68764 9218 13239 91202 73082 18309 72461 61550 24457 6766
26008 86778 35427 50185 10476 23769 66862 82081 76707 80715 42268 95330 88070 49553 96319 83635 23145 79713 5060 7724 28877 73822 16940 42114 68525 90020 43266 27330 37914 50565 16938 63921 40843 35208 450 51317 58975 67310 19742 22026 34369 62008 3701 8783 94404 3520 75260 3893 83231 80318 11615 94951 57641 28553 40565 12510 22073 66673 22682 42830 20738 39619 10251 44423 74825 90041 78582 20144 60851 1824 42168 95218 46675 45867 86843 44579 32229 65604 48470 18961 49422 42928 17412 10563 54323 40819 5915 59239 90335 28596 5569 93915 51057 95160 41839 29382 88701 6765 49524 53052
8588 74534 34614 55261 6746 7801 82682 38973 73403 17496 40776 26326 60422 41030 19731 18246 64692 8489 77483 58527 37083 83050 55942 88138 64554 80623 3864 56755 87387 36230 92649 78817 14264 13607 20422 21008 21406 6604 42824 94808 24098 83598 7478 67363 28129 27207 68451 92819 35694 49434 54846 55619 18828 93630 47257 66224 60598 33963 26479 34329 70191 22628 16646 67298 19077 37066 88304 40481 26512 34628 21633 33452 21727 29109 83657 32698 39159 55608 29017 57695 87884 66705 16815 89554 63835 46914 59278 10777 63720 85755 45104 37411 91225 61748 8209 13802 81656 79356 37126 91010
328 58757 27963 22053 70709 15120 37593 13368 70727 66608 53905 44955 36813 53562 38010 83491 83319 788 94266 50539 69386 42871 87948 46955 87461 79000 60756 55462 61856 80724 49972 62182 25825 60777 67078 34 58740 8171 92742 15811 74778 50148 60764 94433 7210 2274 81424 90527 82403 62035 44566 55289 87748 36015 5744 61553 1359 49342 20515 63213 16410 53330 28895 42234 451 78815 42266 59189 86985 38509 74998 48107 88655 22107 46040 78707 7223 13809 72735 89624 58686 20801 31257 49934 39658 19844 14987 41015 69184 18345 87070 85593 54517 2310 14171 54966 81123 39279 500 54452
77786 75496 6059 52785 80445 34942 17837 87667 31593 90570 63635 90277 94213 94891 43711 20216 18235 41540 44073 70261 59883 34644 42198 744 36952 56367 55709 4419 95645 56207 58870 59775 18047 64927 95403 81335 82711 16740 72502 17804 10810 39637 11581 87865 38028 38134 11581 39105 62517 38497 12867 25900 73139 55063 26643 92933 14931 65194 852 93418 7745 42564 56693 8634 90334 38440 89967 76545 55178 65969 94348 48830 88449 88771 23040 12821 13250 34619 51925 75765 55958 64790 84507 32597 6197 93992 11874 21126 62686 92067 888 53273 38131 40424 61906 31965 78862 55373 12011 37541
7687 89201 69213 96134 64316 92251 91797 60408 13215 47222 39673 69171 94854 10525 84611 4552 8017 96483 8520 53546 92050 9407 10319 16526 49829 55067 48489 32191 13941 43342 52574 4470 18887 8132 4104 66046 3883 78743 29954 17096 29466 52470 69110 10664 62993 57221 15214 71008 40048 6577 10898 18443 95324 4060 34967 48653 59125 66298 63686 55908 92483 2605 60376 94212 10735 47322 63758 93958 29566 76555 93897 59030 32525 66507 52536 95516 10072 67749 52868 50118 57168 46609 68559 55992 50667 7026 87487 13292 56167 37517 69199 52150 40120 33075 49862 33697 63240 96463 31156 92804
76518 11397 38178 91885 77902 90712 73745 70816 44805 30113 24434 5473 59564 92992 61463 13731 82860 35294 27022 25371 72810 79063 77519 95772 94980 13726 32970 61720 93031 46968 40868 73049 41207 79044 51278 22609 56101 28523 93423 4406 41478 4201 89220 4543 693 37027 18272 66396 72320 28136 91765 48630 10699 55629 47902 88522 52197 63714 53742 31572 93524 77453 8121 38231 59997 59397 43682 19598 70762 23449 6847 15740 27649 96065 20281 11184 36592 21396 60422 12412 49530 38532 43884 43072 77003 74629 35094 32700 41843 71678 64270 21712 52631 55233 59941 95471 974 7124 1413 71734
13415 8258 70316 41062 7823 90596 35089 27258 15492 95509 39668 47864 37541 83551 90934 18044 61680 12372 33586 86365 84049 80698 11577 23024 22275 54361 21995 23247 44327 6251 77823 57740 14507 51640 81645 5173 28580 20234 32429 26914 2087 54939 57620 22471 24834 52055 40513 69356 47269 56942 59222 17662 41140 53641 40685 63414 90844 45522 69503 38671 51771 33671 79254 49121 85309 47243 54292 233 50319 69563 9989 52404 28002 67607 74873 52835 6006 1731 25691 53274 41515 67755 53778 82653 7741 94461 32411 2085 26328 5415 23599 60941 39084 85695 13562 10737 36438 50696 90310 86755
6603 3799 25503 34604 54248 83219 70281 60253 84948 78814 96369 29963 50070 53647 95458 40653 34453 31370 42736 43623 19627 49177 8064 41553 38372 4469 35132 74808 38007 28942 65063 44609 15583 73409 62055 69829 60128 18680 16426 31420 994 95637 61381 33906 35629 43183 74557 70080 57395 3638 47 77020 52813 87451 4917 91184 91918 40047 69492 16270 68987 20900 43721 67412 94307 9276 40742 40779 27954 57166 72197 11790 39148 19922 45695 74775 63103 23752 31199 23999 27388 31244 83861 80200 22195 71621 74884 458 15168 30720 96068 66998 34462 43289 37910 15113 35407 78650 55890 46203
22161 14431 57991 61307 34351 7186 22426 955 30937 53623 7796 41167 84865 74499 24867 89902 49620 82593 73202 47631 96156 72770 18129 34118 2403 56037 32074 37808 21032 70806 84009 26035 85236 45501 70184 23087 52685 92608 6884 66464 49731 94020 11132 20940 54864 18841 93684 87326 84277 70387 38457 83933 29501 39428 4395 31903 78308 19311 52553 82182 90116 40063 11717 78852 68406 81899 84781 7435 60851 91664 56742 93424 72028 67872 17864 30392 69555 94390 21219 57332 51121 42518 27609 80621 81945 32003 95366 46597 51312 51419 32279 27772 74324 43994 89466 29074 12237 77748 36508 55930
55756 93248 52854 31284 47464 53560 44519 3363 51450 48580 60694 6072 91096 88301 69535 59385 6648 68401 9482 40803 6164 24603 51417 63331 68595 44384 92403 63674 25632 15255 23104 81386 91345 58800 95512 25153 15860 43531 28515 50153 74953 72051 39067 69550 46696 12102 15279 36187 63345 7604 76988 52351 32205 14749 19182 83643 59131 94428 33661 84761 13183 39608 52491 87371 1908 34348 16024 611 77877 27381 50762 56331 2932 89827 12225 32471 84771 10346 68656 34460 17948 31988 86809 32996 46735 88834 20139 9367 86762 36642 76970 82787 76248 32962 73658 78155 67308 72525 78764 31529
