87
11111111
000000000
011000100
101000110000001
00110011111100
011111001
00101100010101
10111
1010011101001
001001001100
01011101110
10000001011
1100111001110
10001101
111001011110
01101
001111
01100101
0011101001001
101010
101100000000
11110
0010100
1010010
00011
00001001010001
10000
111001100011101
1100010001000
0000101
0101110101011
00001000000001
01100001000001
0010011110
0001000
011011010010000
010111010
100010111111101
11101111110
1011100
00011011101001
101100001111
00001110010
10011010101
11100
0111010111110
101100001
00000000110110
011011010000
100100110101
10101111
11001
0110010011
100000010101
000101110
0110001010110
101011110
00110110001
11011001100
11001010010
00010010101110
01010101011100
001101
000110000
101000101111110
100100110011110
001100011101111
011010110
1111110101000
00100110101
10000111101
010111
1011010101
1111001011100
01001
11110111
011111
11101011000011
11001100
111010
111001010
110110001101
110000001010110
11101101
1110110101111
11101100
000111010
