1497
11111111111
00000000000
10011101000
10010011011
00100000100
10110101010
10010011001
11111011100
11010101000
00010101101
00001010010
10100110101
10001011010
00111111010
10010100011
00000001000
01000000110
10011110101
01101101010
11000000110
11110111101
00010111011
01111010100
11000011111
01010101101
01110001110
10001000100
01001100010
01110001000
11100000100
10101000001
11100101111
00110110001
11100100111
10101000011
11100011010
10111111010
01111111011
01110111100
01001001001
01100100110
11111000001
10001001000
01100011110
00101110101
01101010000
01110110001
11111000011
01110100101
00100010111
11110000011
01100111011
11000101010
00010100101
00000001100
00110100001
01000101010
01001110100
00100001001
00110110111
01011000001
11001111100
00110011100
10010001100
00110101100
10001100100
01101011010
11101101000
00111110010
00101011111
00101101011
00110100110
00111111000
01011010101
11110011100
11000001000
00111010000
11100000011
00011100111
01000000001
00000101110
00011000100
11011011010
11110101110
00001101111
10111110011
10101101110
10001110101
00101010011
00110111010
00100000010
11100001000
11111110111
10000010011
11111001011
00011000000
10111010000
10100100101
00010101010
10101100101
10011001110
10101111101
00011011110
11011010000
00000011101
11000001100
01011100011
01110101111
00100011001
10010100001
00000011010
01010111001
01000001110
10111001101
10100000011
00001111010
10000100110
10100100110
10100101100
00111100011
01100001000
01100001001
01001001000
11101010000
10111111110
10010001111
11111101010
10010100010
11001011011
10000010010
01100001111
11111101100
00111101010
00011000101
10100011100
01000010001
10001111000
00101010101
00000101010
00011010001
11101100011
00001111011
00101000101
00101110011
00000011111
00100011101
11010010100
10110011100
01111010000
10111110110
11100001111
01101100100
11101110010
11001011100
01101000110
11001000100
11110111010
10010101010
00111001110
01101100000
11111001010
01111001010
00011010101
10001001101
11100011101
00001010100
10101100001
01111001110
11010111101
00011010011
00100101111
10011001101
01101110010
00111011111
00110000001
11011000001
01111011011
11001100010
11100010011
00111110110
10101010111
00110010111
00111000110
01001111001
11100010001
10111111111
00010011110
00100111010
11001111011
11111010000
11010101101
11101101100
11010011010
00111111101
10000111000
10001001110
00011001101
01110001011
00111011010
10100011000
00100011011
11011000000
10100010111
00111101100
10011110100
01000100101
01110010100
00101001100
10011011011
11110101100
10111011001
11110111011
10011000110
11000111010
11100101101
01111010011
11010111001
01010011100
00011001000
11101001100
10000011111
00100110000
10010111110
00111110001
11100110101
01010100000
11010010000
11110110100
10110001100
11001100111
01110010101
10101111110
00000011011
10111000110
00100110110
11100110111
11001110001
10101000111
11111000100
01001000000
01111110101
01100001010
00010110111
10110110000
01000110011
01110010110
10110000010
10011011001
10011001011
10010000110
00000000011
00101100101
10011111000
11001001110
11101010001
01010111011
00001001001
01111110100
00000001011
11001101000
10011111100
00010010110
01000000111
11111011000
01100000010
11011101100
11000111011
01110001111
01000011101
11111110010
11010001100
00001000001
10000011000
01011011010
01000001011
01110010000
10101001000
00001101010
01111110001
00000010100
00111010011
10110100111
10111001010
00001101101
11010110011
10010000100
01101001001
11011111010
01101000100
00010101110
00011011101
00101000100
11010001101
10100000000
10010001000
00101111000
11000000111
10000101011
10000111010
10001010011
10100010000
00101111111
11110011010
01100010001
11010110111
10000011101
11011011110
10000001100
00001110110
11001111010
01111110111
00100000110
01010000110
10111010110
00110101101
01100000110
11001110111
10010010010
11100000000
11100001101
01000001000
11001100110
11101001011
10111101000
10010010011
11011100110
01010001111
01010101110
11000000010
00011100101
01000001010
10010100111
00000101001
00111011100
01011011100
10010001010
10000000101
11000001001
10110101101
11101011011
11011000011
00100101000
01001101111
00100110100
01001111110
01111101101
01111011010
11011100100
00010011000
11011011101
01101111010
00000110011
01111011000
01111000011
10100111000
10010011110
01011011000
01010011110
00001101011
11100000010
00011010100
01111100101
00101010100
00100000011
01000111010
01100111101
11010011100
00010110000
01000001111
00000101111
00110111110
01000110111
01011001010
10001010100
11001010100
11011000110
00110111111
01101010110
01110110110
01101110011
00000000100
11110010011
10101101011
10110010011
00100100100
00010100010
01010011111
00010001010
11101000110
11000010010
11000000011
10101110001
01110111010
00010000111
10011110010
11001010101
11000100011
00101000010
11111100100
10011001010
00011011010
10011010000
11110011110
10100100100
10000001101
01110010111
10010010100
10110000101
10010110001
01001000100
11111010001
11100000110
10111100000
01010110101
01011111011
11110001111
10000111001
10010110000
10011010011
00010110001
10011101110
10010110011
11110010101
10111011111
10101101001
00001110011
10101010001
01100011111
11100100011
11110100000
01010101001
01000100001
01010011010
11110100001
00011100100
11111000000
10010111001
11111011111
11010000101
00011101010
11010111000
00001100001
01110100011
11110000000
00100000000
11101001010
11101000111
11111001001
00001000110
10000101001
00001001111
11100111101
11101110011
00101101000
01111100111
01101011001
10001111001
01010011000
10100110110
11111100000
11111001101
10001101001
10101110100
10000110101
01001101110
10111010010
01011110100
00000010101
00011111011
11000001010
10110100110
10011000100
01100110001
00100001110
11011110111
11000100000
10101011111
00110010011
11100010110
01011000110
10000100101
10000101110
01110101101
11101001111
10100000101
01010001101
00001100110
01000010011
11000100111
00001011101
11101001110
11010011000
01101111101
11010010010
00101101101
01011101100
01001110001
10110110101
11110101000
11001001000
00101111010
00101101001
11111010010
01011101101
01111001100
00101111101
01000100000
10010111100
00110011011
10010010000
01110001101
10110101000
11000001101
11001011001
10000110000
00011001100
00110100100
10010011010
00111100010
10101001110
10001000010
10100010001
00111000011
11110100100
00001100000
00100100001
10110000001
00010100000
11101101111
00000001111
10011100110
11111010111
01001100110
10011010110
00101010001
01010100101
10001110100
00011101111
10110010101
10101110111
10110101011
10011000011
01011000010
01110110011
00101111011
01101010101
11110110010
10110100001
00001111000
10000000111
11010110101
01010010011
10100111001
00011101001
10011111111
11101111011
01001111100
00011101101
11011011001
11011001110
01100111110
01100110110
10000010110
01001001101
00000110110
10011111010
11111001000
10100101001
10100011110
01101000000
01101110101
00101110001
00101000110
10111010001
01011101010
01111001111
00100100101
01001001110
10111010011
11001000010
11100101011
10100101000
10000000011
01001011110
10101001011
10100011111
00110001111
11001111101
11011111110
00011101110
11001010011
00101001011
01111110010
10010010110
00001100101
01110011010
11111011011
10000110001
11101010111
10001001011
01000000101
00101011001
10001010110
01101111100
01110111111
00100011110
10111110010
00010000011
01000001101
00110101111
00000000110
10001000000
10111101111
00011110010
11011001011
00101001111
01001101001
01100011100
01000010010
01101000111
01110011111
11010011011
10000111101
00000101100
00111101110
11101100100
01101001101
10100100010
10001101011
01011001000
01111011101
01011000100
01100000100
01001001100
11110011111
00111100111
01111100001
11110111111
00110110010
11011110000
10111000011
01010011101
11110001001
10100111100
11111010110
11101110110
11000101101
00100101010
01111110000
10001001111
11101010011
10000101010
11000110101
11000111110
11011100000
11011001000
11100000101
01111011001
00101110100
01011010111
10101001111
01110100001
01101111011
10100001000
01011100100
00011110000
11100111100
11010010011
10010011111
10101110011
11111011110
11001011110
01101001010
11011010001
01101101100
10001111011
01010101010
01010001100
01110100000
00010000010
10110001110
11001001011
11001110000
11000101011
01010010101
01100010100
00111001100
00100001111
01110001001
10001111101
10010100100
10011100001
10100001101
11011100111
00010001110
10110111111
00101111100
01111101000
01011010010
00000010011
10001101110
10001101111
10000000010
10000001111
00000100100
11101111110
00010001011
10111101011
11111101011
11100011000
11000110001
10100010110
10011100010
00010111010
11111110100
10001010111
01100000011
00011011111
00011010000
10000000100
11011010101
11101000101
10001110011
10010101101
01000100100
00000101000
11010110110
10011000000
01000111001
01100110011
11010110100
00111000000
11111110001
11111110101
11110101011
00010001000
10111111100
11010001111
11110011101
10111111000
11010101110
00110110011
10011110001
01011111000
00111011011
01101000011
11011011100
01010010010
01110101001
10001100011
01001100100
11111000101
11111100011
00011011000
01111101001
11110000101
00011111010
01011100000
01010101100
01101001100
00101100010
01000011001
01101010010
00000111111
10110001010
11110100110
10000101101
10011110000
10111001100
00010100001
00111011101
11010100101
00111110111
01100011001
11011111111
01011111001
01100110100
01010110111
00100010010
00010000001
00110001011
10001010101
11111100111
10101110101
11100001011
00110000100
00010010001
10110110001
10000100111
00001100011
01001111111
11100100010
10100000100
11100110011
01111100000
11101011110
11000111101
01001010001
00110010100
01000110000
00010010101
00101000011
11110000100
10001101101
01000110010
00000011000
11001000011
01111000101
01011100110
00000010010
00000100110
10000100000
01010100001
10001110000
00011110011
11000011101
10000110100
11100011001
11101110001
11100011011
01000011011
01011011001
10100010100
01011110010
00100101001
11011001001
10001001010
01010111110
01011110001
11100010100
10110011111
01000010101
11011011011
10001010010
00011011001
01010110010
00111010111
11010110000
11010100000
01000111110
01000011100
10100101111
01000110001
11001111110
10100110100
10101001010
00011100000
10000000000
11100110010
10100001001
01001011101
00000111010
10111000010
10000001110
11001100000
10100101101
01100011010
01101101000
11000100110
11100100100
11111101000
00100011000
10110111100
01101110110
11010001010
01101110000
00000110100
10010110101
01010010100
11111111110
00010011011
11110001110
01111000000
11000110000
10101000101
00011001011
01000111100
00010111001
00111110000
10001011101
01010110100
11100111001
10100001100
11010111010
10110101001
00001000011
00011111110
00100001101
00011100011
00110001110
10101010101
00110001000
10111111011
10110010111
01110011001
00100000001
11010010110
00000010111
01001011011
11110011000
10001110110
00101111001
10011010111
11000010111
00110001010
00100010011
11101111000
01101101111
00111000100
00001000101
10001111111
11001000101
01110101000
01100100001
00101010111
11100011110
00101100000
11110101101
11100101010
11010000001
00110000110
11001110100
00111111100
11010010101
00010100011
11010001001
11100100001
00010010111
10110010010
10101011011
11100011100
10101010100
01100100111
01111000110
11000100001
00111111111
11000011011
11101111001
00110000011
11010001011
00001001110
00100001011
00010101001
00111010100
01101011100
01011011101
00110000111
01101011110
11001010111
01000011111
11011101110
00011000001
00101101010
01000001100
11011100010
00010100100
10001000110
11111100001
00101010010
00000100010
10101110110
00010010010
01110000100
00100100111
11000010100
11001011111
01101111110
01100111111
10111010111
00100110101
10000011001
01111011110
11101010100
10010100000
01011000101
10000000110
11111001110
00101011010
11001001101
11000101000
11011010100
00001110101
11011111101
10001110001
10010101111
10110001101
10110101100
11001101001
01001110110
00100100110
00100101110
00111000101
10111101110
00111011000
11000111111
01101111000
10010110110
10010110111
01010100011
01001101011
00001001011
00110100011
00000001010
01111011100
10000101100
00000101011
01110011101
01011101001
10011111110
00000100000
00100100010
01010001001
10101111111
11010111011
11100001100
11001010010
00010110101
01100101011
00000110000
11101011001
10011000101
00001111111
11100101000
10011000001
01011011011
11111110000
01111100011
00100101101
00011001111
00000010001
10000111011
00110001100
00000111001
11010100110
10110100010
10100110001
10111001111
00001010111
01011001101
01001101100
10101101111
00011101011
10111010100
10010001110
01000101000
10010100110
00010111101
00000111000
11000000101
01001001111
10010000011
01110010011
00001000010
10100011101
10011101111
11010000010
01000100110
00110101001
00111101101
10010110100
01001001010
00000011100
00000000111
00110000000
01101011011
11101101101
01110010010
11010101010
00010000110
01101011101
10110001111
10101100010
00001000111
11010011111
01010101111
11010100111
11010111111
01011101011
01110111101
10000010100
11110100111
11110000001
00101100011
11010001000
00110010010
11111100110
01101001000
10100011010
00110010110
11011100011
01101001011
11001100001
10111001001
11001101011
01101100110
01000010000
01110111001
00111000111
01110101011
10111011000
01100101000
11001000111
10110010100
11110100101
10001011110
10101100000
01000101111
00101100100
10110111001
10111011011
01101010100
11101010101
00111001010
00000010000
01001100001
10001100111
01001100000
00110111011
00001001000
10010000010
11100110000
01011100001
01011111110
00101001101
10110111110
10100111111
10011010001
00001110001
01011111010
11111110011
10101001001
00011111111
10110100101
10111000001
10110000111
01000010111
00100000111
00011111101
00100011100
00001011001
11011101011
10110010001
00011110111
11001000001
11010001110
11000110110
00011000010
01010010001
01111001000
01110011011
11011110011
00011111100
00111000001
01101111001
01010110110
00001101100
00010001001
11101110000
11011000111
01110011110
01100001100
00000111100
10111000100
01000011010
00100111110
11110111001
01110101010
01010000111
01011110101
10001101010
01111101111
11110010010
10110010000
11110000111
10011011110
00101011101
11011110010
10111010101
01100101001
11010000011
10100000001
11000101111
01001010111
11001000000
11000111000
01110000011
11101011111
00100110001
11101010110
10000010000
11100100110
10111111101
10100110000
00101001110
11001111001
01000000010
10000000001
01111101110
10110110110
10100001110
10101101010
00110111000
00011100110
00111010010
00101100110
01110011000
11110101010
11110110101
10000011011
01010111000
01110110100
10101100110
01111000001
00011001001
10010000111
01000001001
11011110110
00100110011
11111101111
11000001111
00100001000
01011001111
10110111011
01011111111
01111100010
01100100011
01010100010
01011010100
11001110110
11100000111
11010111110
00010001101
00010000000
00010110110
00010001100
11011110001
10101111001
11010011101
00111111011
10110111101
11111100101
10101010010
01100101100
11101110111
11100001110
01100000000
01101101011
00111010110
10011001001
01011111100
10100010011
01111110110
01101111111
01100010111
01010001110
01110001100
01100100010
00100010110
01011001100
10101011000
11101001001
11110111100
01010100111
11011010110
00010110010
00001101110
11011000100
00110100101
01101101101
10111001011
01110100110
11101000000
10011000111
11110100011
00001100010
11001011101
10000011010
11110110110
10011001111
01011110000
01001101010
10010100101
10001001100
11111011001
01100011000
11001101110
00000000010
10111101101
00100000101
11111010100
00001011100
10111110111
00100010101
11011100101
10100111010
01110111000
11001111111
00010011100
10010110010
11000000000
11111101001
00001100100
01001000001
11011111100
10000010111
11001111000
00111110100
01110100010
10101011110
00100110111
11010110010
11100111011
11010101100
00101001000
11011101000
10111101100
00100111000
10101001101
00000100101
01001010010
11011000010
00001000100
01111001101
01111001011
01011010000
11101110100
00101011110
00000100001
01111101010
01111010010
00101110111
11110010111
01110000010
11011101010
01011100010
10110100000
11110101111
10101110010
11011001101
10001011001
00110111100
00011110101
11110110111
00011000011
01010000011
01100000001
01110110000
00110001001
00100110010
00101000001
00101101111
10110011110
11001011010
11110010110
00000000001
11001011000
11010100100
10110100100
11000100100
11010100010
11110101001
01110111110
01011101000
10011100111
10100101110
10000001010
10001101100
00000001101
10101000100
11101111100
10011011000
01011000000
11100010000
00111101111
01000101110
10111011110
11000101001
01101101110
10011101010
10101100111
11100111000
10010111010
11101100001
10101011001
10000100010
11111001100
01000101100
11011100001
01111111000
11011011111
10000001011
11110001010
01101000101
11011001100
10011101001
00010100111
00100100000
01010111101
10111110000
01000000000
11110110011
01111111001
10100111011
01110000111
11110010100
11011101001
00111001001
00110010001
00111011110
11001100101
10010111101
11001100011
10101000010
01011110111
11110001100
01011010001
11101110101
10001011000
00110100111
10111000111
10011100100
00101000111
11110110001
01000101101
01100001011
01001000111
10101111000
00110110000
11101100000
11010101011
00010111100
00111101000
01110001010
00100101011
01111011111
10111100001
01010000000
10001110010
00101000000
01011001011
10101111011
01111111111
01110000101
00110000010
11101101011
11100100000
00000110010
10101111010
00010011111
10011110011
01001011001
01010001010
10011011100
11011010111
01100110000
11110110000
01100110010
01010011011
10011101011
11111111100
10100100001
01110110010
11110111000
00101101110
01010001011
01001110011
00010000101
01100101101
11100100101
01111100100
10000111110
01110000001
11100111110
10101110000
11111011010
11011010011
00110100010
00000000101
01100010110
00110101011
01011110110
00110011111
01100011011
11010100001
10001101000
11000010011
11101011000
11100000001
00110001101
11010000100
01000111111
11010110001
10011011111
00100010001
00001011000
11110100010
01110011111
