200 215
188 34
188 70
188 36
34 139
139 66
66 58
58 10
10 60
60 75
75 42
42 37
37 82
82 98
98 124
124 13
13 126
126 63
63 128
128 137
137 86
86 171
171 49
49 101
101 188
70 33
70 80
70 131
33 197
197 125
125 173
173 93
93 199
199 76
76 96
96 83
83 151
151 70
151 81
81 46
46 149
149 41
41 2
2 69
69 87
87 145
145 136
136 174
174 38
38 151
36 26
36 107
36 57
26 77
77 27
27 104
104 161
161 138
138 79
79 180
180 116
116 20
20 150
150 36
150 120
120 7
7 183
183 170
170 108
108 109
109 62
62 4
4 129
129 61
61 20
80 47
80 39
80 14
47 154
154 32
32 106
106 164
164 179
179 15
15 181
181 148
148 176
176 53
53 160
160 140
140 18
18 40
40 90
90 111
111 68
68 155
155 44
44 182
182 80
131 51
131 12
51 135
135 29
29 172
172 141
141 19
19 178
178 78
78 25
25 162
162 131
162 192
192 132
132 89
89 133
133 166
166 65
65 6
6 175
175 114
114 147
147 43
43 162
107 67
67 1
1 142
142 112
112 64
64 193
193 134
134 127
127 72
72 110
110 54
54 107
54 185
185 94
94 168
168 195
195 56
56 59
59 186
186 24
24 156
156 165
165 110
57 22
22 23
23 103
103 50
50 144
144 184
184 16
16 45
45 119
119 48
48 157
157 177
177 97
97 113
113 123
123 31
31 130
130 158
158 5
5 17
17 121
121 57
39 3
3 196
196 84
84 105
105 117
117 35
35 8
8 11
11 88
88 99
99 39
99 191
191 163
163 194
194 30
30 167
167 92
92 122
122 100
100 28
28 9
9 198
198 99
14 159
159 73
73 152
152 21
21 143
143 190
190 55
55 118
118 85
85 52
52 153
153 14
153 169
169 146
146 189
189 74
74 95
95 200
200 71
71 91
91 115
115 102
102 52
12 187
187 12
22
29
28
38
125
112
123
52
31
26
23
115
30
157
96
79
52
45
60
106
129
66
94
37
13
68
161
153
102
43
140
13
146
188
33
64
96
147
88
74
69
96
19
132
43
73
16
11
74
15
185
143
120
28
171
50
130
128
152
137
23
165
35
80
181
62
20
156
112
70
76
131
146
114
110
61
161
41
56
111
167
69
140
49
172
44
26
43
72
130
55
127
57
59
73
126
48
30
118
107
53
126
185
144
165
179
28
103
139
137
13
11
113
160
51
186
128
93
136
11
28
150
64
26
147
48
134
121
151
117
101
165
150
72
63
152
18
14
184
112
63
41
121
86
116
141
89
173
146
168
109
33
158
41
154
26
119
170
43
127
81
169
140
124
148
128
97
178
32
92
132
159
89
85
110
105
35
59
85
171
156
183
168
103
96
98
187
180
154
112
171
15
157
180
76
49
175
100
179
170
188 7
132 72 185 45 119 30 146 
