2600 2889
604 2163
604 2011
604 1519
2163 1542
1542 2039
2039 626
626 398
398 110
110 635
635 1866
1866 163
163 812
812 916
916 756
756 2220
2220 94
94 604
2011 1040
2011 2428
2011 1202
1040 2436
2436 134
134 832
832 735
735 69
69 2286
2286 2011
2286 1763
1763 441
441 1195
1195 354
354 1896
1896 1439
1439 2477
2477 2286
1519 566
1519 1024
1519 2430
566 67
67 1947
1947 1389
1389 265
265 1013
1013 1132
1132 1196
1196 1519
1196 1149
1149 2182
2182 871
871 25
25 112
112 1090
1090 1132
2428 202
2428 1932
2428 1156
202 1332
1332 204
204 2142
2142 2321
2321 1698
1698 858
858 1743
1743 1870
1870 1496
1496 2452
2452 842
842 23
23 1425
1425 2428
1202 1002
1202 1867
1202 505
1002 2444
2444 1787
1787 1191
1191 777
777 1127
1127 1820
1820 1202
1820 2194
2194 1232
1232 2386
2386 1877
1877 1850
1850 1485
1485 2261
2261 1820
1024 1184
1024 1243
1024 1605
1184 2585
2585 2382
2382 1173
1173 2132
2132 1053
1053 787
787 526
526 1024
526 580
580 1945
1945 2468
2468 1428
1428 173
173 1325
1325 787
2430 1550
2430 731
2430 1707
1550 2014
2014 822
822 2338
2338 1267
1267 828
828 2380
2380 2260
2260 2114
2114 919
919 1204
1204 1488
1488 344
344 1222
1222 2430
1932 2457
1932 2559
1932 195
2457 222
222 590
590 1640
1640 1592
1592 1304
1304 1360
1360 1932
1360 2332
2332 1685
1685 2318
2318 290
290 168
168 1630
1630 2106
2106 1360
1156 1690
1156 2155
1156 755
1690 2565
2565 26
26 2316
2316 853
853 856
856 2267
2267 1067
1067 1156
1067 1756
1756 998
998 2143
2143 1716
1716 367
367 721
721 2267
1867 2463
1867 1808
1867 182
2463 390
390 636
636 1176
1176 2314
2314 1164
1164 550
550 815
815 117
117 437
437 176
176 2071
2071 1984
1984 33
33 1867
505 2048
505 1554
505 2168
2048 2409
2409 133
133 1552
1552 1799
1799 2218
2218 1068
1068 505
1068 48
48 2018
2018 490
490 1822
1822 716
716 152
152 1528
1528 1068
1243 683
1243 1003
1243 397
683 46
46 122
122 207
207 1927
1927 1891
1891 2377
2377 2263
2263 1243
2263 1108
1108 1526
1526 1964
1964 1929
1929 637
637 315
315 2377
1605 30
1605 272
1605 1951
30 1823
1823 263
263 456
456 2542
2542 957
957 2131
2131 246
246 88
88 2289
2289 1036
1036 1171
1171 936
936 2154
2154 1605
731 2583
731 553
731 1288
2583 1645
1645 2290
2290 1950
1950 725
725 1529
1529 739
739 731
739 1413
1413 1993
1993 688
688 2166
2166 2185
2185 2107
2107 1590
1590 739
1707 95
1707 2151
1707 1396
95 2027
2027 2520
2520 438
438 831
831 1622
1622 2113
2113 1398
1398 1707
1398 10
10 21
21 796
796 1299
1299 1106
1106 387
387 2113
2559 379
2559 2047
2559 2480
379 1445
1445 710
710 2513
2513 782
782 584
584 90
90 1646
1646 75
75 2128
2128 416
416 1738
1738 1887
1887 543
543 2559
195 2231
195 164
195 1744
2231 1150
1150 1160
1160 2593
2593 558
558 1745
1745 2473
2473 195
2473 2571
2571 328
328 54
54 2068
2068 1946
1946 2324
2324 2524
2524 2473
2155 2375
2155 2577
2155 2240
2375 1766
1766 1718
1718 340
340 1749
1749 217
217 1322
1322 522
522 2155
522 1508
1508 233
233 946
946 563
563 541
541 835
835 1322
755 451
755 2326
755 1828
451 1135
1135 2278
2278 34
34 1595
1595 1157
1157 2350
2350 2007
2007 2158
2158 2482
2482 13
13 865
865 1130
1130 2230
2230 755
1808 1933
1808 1254
1808 1048
1933 680
680 1594
1594 1627
1627 1030
1030 1094
1094 1725
1725 1808
1725 1233
1233 1224
1224 1759
1759 1403
1403 349
349 532
532 2044
2044 1725
182 2300
182 247
182 898
2300 210
210 2558
2558 1466
1466 1617
1617 373
373 1062
1062 2276
2276 182
2276 1199
1199 602
602 468
468 2537
2537 1557
1557 808
808 1062
1554 838
1554 571
1554 2200
838 1144
1144 978
978 2022
2022 1073
1073 1436
1436 2125
2125 1207
1207 2184
2184 2404
2404 958
958 1096
1096 1840
1840 956
956 1554
2168 2235
2168 629
2168 1829
2235 1112
1112 965
965 2282
2282 325
325 630
630 257
257 2168
257 2411
2411 2208
2208 976
976 245
245 2013
2013 1917
1917 1167
1167 257
1003 1750
1003 624
1003 432
1750 2161
2161 1271
1271 93
93 942
942 669
669 1613
1613 1596
1596 1003
1596 2331
2331 827
827 1294
1294 1713
1713 303
303 1779
1779 1613
397 1564
397 497
397 2099
1564 76
76 1449
1449 2320
2320 1060
1060 414
414 2600
2600 199
199 74
74 1023
1023 1411
1411 15
15 1983
1983 2214
2214 397
272 980
272 57
272 2215
980 2254
2254 317
317 1223
1223 239
239 2173
2173 2164
2164 272
2164 925
925 36
36 1376
1376 502
502 2422
2422 2080
2080 2023
2023 2164
1951 1515
1951 149
1951 2174
1515 642
642 2319
2319 1009
1009 2
2 1133
1133 53
53 1658
1658 1951
1658 337
337 552
552 318
318 1081
1081 2392
2392 2566
2566 53
553 1874
553 342
553 1337
1874 1958
1958 826
826 874
874 741
741 953
953 2325
2325 895
895 2274
2274 1201
1201 2576
2576 179
179 1505
1505 2442
2442 553
1288 12
1288 296
1288 2506
12 455
455 2127
2127 935
935 971
971 29
29 422
422 1288
422 587
587 1523
1523 1076
1076 2433
2433 1434
1434 570
570 1264
1264 422
2151 1575
2151 883
2151 268
1575 2330
2330 1565
1565 1078
1078 747
747 1312
1312 1976
1976 819
819 2151
819 1901
1901 445
445 1082
1082 655
655 2538
2538 2010
2010 1976
1396 1634
1396 1071
1396 785
1634 2497
2497 2491
2491 2582
2582 402
402 2323
2323 2365
2365 285
285 292
292 439
439 381
381 154
154 2096
2096 1588
1588 1396
2047 586
2047 1353
2047 200
586 1347
1347 1400
1400 1788
1788 1323
1323 2217
2217 1147
1147 2047
1147 2339
2339 662
662 2251
2251 1540
1540 464
464 1612
1612 1136
1136 1147
2480 510
2480 1317
2480 1211
510 496
496 2371
2371 1404
1404 1281
1281 147
147 2426
2426 1012
1012 2480
1012 692
692 985
985 478
478 1424
1424 1253
1253 181
181 2426
164 347
164 1153
164 184
347 153
153 2094
2094 554
554 2494
2494 2211
2211 2262
2262 2435
2435 38
38 610
610 1972
1972 848
848 2028
2028 966
966 164
1744 1547
1744 2112
1744 256
1547 2083
2083 2090
2090 1937
1937 462
462 1790
1790 1359
1359 1744
1359 424
424 2171
2171 2472
2472 1975
1975 1266
1266 1426
1426 564
564 1359
2577 1614
2577 1514
2577 2031
1614 2553
2553 572
572 790
790 870
870 495
495 389
389 1752
1752 2577
1752 1775
1775 96
96 1457
1457 1115
1115 1570
1570 2417
2417 389
2240 121
2240 2149
2240 1942
121 1372
1372 1220
1220 2279
2279 431
431 1001
1001 2311
2311 857
857 276
276 2310
2310 80
80 540
540 1011
1011 2397
2397 2240
2326 1363
2326 1767
2326 1924
1363 1409
1409 421
421 2557
2557 203
203 565
565 1980
1980 2326
1980 116
116 2541
2541 880
880 70
70 1768
1768 523
523 573
573 1980
1828 2574
1828 599
1828 1026
2574 1339
1339 350
350 753
753 2550
2550 671
671 2490
2490 652
652 1828
652 385
385 742
742 382
382 394
394 2162
2162 1122
1122 2490
1254 1141
1254 1303
1254 805
1141 363
363 2551
2551 189
189 1461
1461 2532
2532 419
419 1092
1092 260
260 1734
1734 979
979 2398
2398 1907
1907 2285
2285 1254
1048 2272
1048 911
1048 1435
2272 126
126 2271
2271 1555
1555 1671
1671 1631
1631 868
868 1048
868 1033
1033 2102
2102 331
331 2357
2357 1831
1831 666
666 1989
1989 868
247 192
247 266
247 1422
192 1581
1581 61
61 494
494 2504
2504 2347
2347 781
781 286
286 247
286 1362
1362 649
649 2255
2255 527
527 2140
2140 1673
1673 781
898 1586
898 1099
898 991
1586 1198
1198 1591
1591 294
294 930
930 2342
2342 1851
1851 241
241 2523
2523 1345
1345 1782
1782 1145
1145 479
479 1064
1064 898
571 1978
571 1472
571 1842
1978 413
413 2549
2549 2092
2092 2451
2451 1952
1952 1600
1600 571
1600 2589
2589 1401
1401 1721
1721 607
607 2407
2407 198
198 1308
1308 1600
2200 1185
2200 1221
2200 1904
1185 2248
2248 1029
1029 452
452 885
885 2336
2336 1649
1649 2283
2283 2200
2283 356
356 238
238 2425
2425 807
807 2333
2333 313
313 1649
629 1490
629 1100
629 211
1490 2019
2019 1249
1249 311
311 2175
2175 583
583 1016
1016 223
223 2312
2312 1511
1511 663
663 1601
1601 2225
2225 1441
1441 629
1829 172
1829 216
1829 999
172 323
323 2133
2133 2159
2159 1531
1531 282
282 128
128 1829
128 89
89 1491
1491 1849
1849 1739
1739 1452
1452 1642
1642 778
778 128
624 258
624 471
624 1321
258 746
746 16
16 931
931 1459
1459 105
105 1098
1098 269
269 624
269 127
127 388
388 1726
1726 1778
1778 2294
2294 72
72 1098
432 1326
432 228
432 823
1326 2560
2560 1616
1616 1935
1935 346
346 2228
2228 234
234 2406
2406 654
654 1626
1626 403
403 534
534 1213
1213 1628
1628 432
497 2521
497 1771
497 287
2521 1148
1148 295
295 312
312 2447
2447 2153
2153 834
834 497
834 780
780 2198
2198 309
309 2575
2575 1168
1168 2224
2224 47
47 834
2099 170
2099 903
2099 1548
170 750
750 1837
1837 119
119 1888
1888 514
514 641
641 836
836 2099
836 2591
2591 1269
1269 718
718 301
301 144
144 2431
2431 641
57 1839
57 1088
57 2535
1839 159
159 730
730 627
627 989
989 2292
2292 1448
1448 1579
1579 103
103 2033
2033 1268
1268 319
319 679
679 896
896 57
2215 897
2215 776
2215 1465
897 843
843 1155
1155 1110
1110 1816
1816 1017
1017 1899
1899 2215
1899 378
378 2046
2046 762
762 481
481 1666
1666 2595
2595 351
351 1899
149 2544
149 1697
149 2295
2544 972
972 186
186 2239
2239 463
463 770
770 2483
2483 1709
1709 149
1709 2193
2193 187
187 2201
2201 524
524 284
284 875
875 2483
2174 2511
2174 644
2174 2069
2511 1244
1244 1410
1410 1880
1880 882
882 322
322 1306
1306 104
104 1576
1576 754
754 1433
1433 1587
1587 846
846 345
345 2174
342 1042
342 2379
342 1043
1042 2195
2195 2499
2499 2212
2212 1900
1900 933
933 1741
1741 342
1741 1478
1478 1815
1815 2580
2580 1541
1541 1180
1180 986
986 1920
1920 1741
1337 1296
1337 1471
1337 664
1296 2469
2469 1688
1688 1719
1719 2077
2077 886
886 1783
1783 1577
1577 1337
1577 1446
1446 1847
1847 798
798 2145
2145 910
910 2364
2364 1783
296 2384
296 470
296 2530
2384 2515
2515 2531
2531 1183
1183 62
62 990
990 11
11 44
44 1943
1943 1049
1049 1291
1291 1817
1817 2123
2123 1175
1175 296
2506 660
2506 1335
2506 2581
660 801
801 1848
1848 1731
1731 1909
1909 232
232 2032
2032 2506
2032 556
556 2590
2590 814
814 1369
1369 2493
2493 1545
1545 2005
2005 2032
883 298
883 724
883 1825
298 2117
2117 1860
1860 2352
2352 1765
1765 1498
1498 855
855 964
964 883
964 2015
2015 2489
2489 878
878 1374
1374 348
348 2598
2598 855
268 1641
268 900
268 928
1641 366
366 736
736 2554
2554 280
280 1473
1473 1412
1412 305
305 1225
1225 1703
1703 2223
2223 214
214 1137
1137 2328
2328 268
1071 109
1071 609
1071 1125
109 102
102 236
236 1986
1986 2026
2026 659
659 1603
1603 1071
1603 685
685 1357
1357 206
206 169
169 1431
1431 1350
1350 1714
1714 1603
785 2079
785 1257
785 1854
2079 399
399 2234
2234 2528
2528 2165
2165 920
920 50
50 2572
2572 785
2572 909
909 852
852 1391
1391 921
921 743
743 1015
1015 50
1353 1855
1353 1194
1353 1240
1855 728
728 185
185 1747
1747 2025
2025 417
417 1728
1728 714
714 289
289 2197
2197 2192
2192 461
461 1420
1420 1210
1210 1353
200 1477
200 299
200 1805
1477 1806
1806 1324
1324 2073
2073 1387
1387 2126
2126 277
277 200
277 643
643 1693
1693 717
717 1919
1919 2226
2226 648
648 1370
1370 277
1317 42
1317 2594
1317 2269
42 1796
1796 411
411 2259
2259 703
703 1022
1022 2054
2054 2209
2209 1317
2209 1464
1464 987
987 353
353 926
926 1165
1165 507
507 2054
1211 1151
1211 2529
1211 1710
1151 2306
2306 866
866 262
262 606
606 1593
1593 1521
1521 1609
1609 901
901 429
429 2066
2066 1881
1881 365
365 551
551 1211
1153 535
1153 1758
1153 1109
535 1329
1329 723
723 2086
2086 142
142 1507
1507 2349
2349 1153
2349 1407
1407 274
274 682
682 1336
1336 473
473 2584
2584 1583
1583 2349
184 2305
184 1447
184 1415
2305 1006
1006 1154
1154 1971
1971 1571
1571 1544
1544 1309
1309 1399
1399 184
1399 1349
1349 1694
1694 1784
1784 707
707 49
49 1826
1826 1309
2112 1047
2112 2097
2112 561
1047 1241
1241 1912
1912 795
795 1536
1536 1509
1509 1460
1460 136
136 2517
2517 1580
1580 700
700 1166
1166 1539
1539 1089
1089 2112
256 947
256 2051
256 519
947 1008
1008 1914
1914 597
597 1069
1069 2024
2024 1340
1340 256
1340 1648
1648 1985
1985 1361
1361 178
178 279
279 371
371 167
167 1340
1514 1366
1514 2273
1514 2525
1366 562
562 252
252 2036
2036 2030
2030 1724
1724 631
631 516
516 1514
516 1392
1392 2074
2074 567
567 2000
2000 334
334 1065
1065 631
2031 1754
2031 1941
2031 2222
1754 242
242 2172
2172 899
899 1205
1205 2370
2370 2082
2082 2205
2205 719
719 1852
1852 960
960 1632
1632 1821
1821 308
308 2031
2149 711
2149 475
2149 851
711 2076
2076 1665
1665 1004
1004 1898
1898 973
973 977
977 2149
977 435
435 2337
2337 752
752 2147
2147 1327
1327 1289
1289 79
79 977
1942 1987
1942 219
1942 2470
1987 2284
2284 1534
1534 765
765 1045
1045 1107
1107 617
617 2038
2038 1942
2038 1111
1111 2104
2104 859
859 208
208 1227
1227 1146
1146 617
1767 146
1767 2508
1767 1352
146 1239
1239 2001
2001 2081
2081 151
151 1814
1814 779
779 2453
2453 383
383 904
904 1753
1753 1421
1421 2253
2253 2249
2249 1767
1924 1287
1924 2367
1924 995
1287 1456
1456 1769
1769 1310
1310 111
111 1742
1742 2297
2297 1924
2297 1388
1388 2519
2519 504
504 713
713 1903
1903 945
945 1177
1177 2297
599 764
599 310
599 907
764 1342
1342 448
448 1517
1517 1578
1578 2188
2188 2356
2356 1858
1858 599
1858 1922
1922 1059
1059 1864
1864 1700
1700 1960
1960 1723
1723 2356
1026 800
1026 1832
1026 1416
800 2050
2050 1733
1733 1377
1377 405
405 841
841 396
396 1494
1494 300
300 2393
2393 2098
2098 86
86 623
623 485
485 1026
1303 2233
1303 621
1303 585
2233 667
667 1186
1186 1560
1560 2505
2505 1606
1606 360
360 1303
360 1876
1876 577
577 2578
2578 740
740 632
632 2498
2498 1954
1954 360
805 1992
805 503
805 1318
1992 2317
2317 1824
1824 1338
1338 1406
1406 824
824 988
988 1647
1647 805
1647 1226
1226 2204
2204 1953
1953 2353
2353 937
937 2136
2136 988
911 1913
911 1566
911 2441
1913 2373
2373 2564
2564 701
701 840
840 2394
2394 1798
1798 1056
1056 1727
1727 1284
1284 1328
1328 2237
2237 1390
1390 2450
2450 911
1435 393
1435 869
1435 941
393 2302
2302 1101
1101 996
996 1974
1974 1706
1706 1453
1453 1435
1453 2448
2448 83
83 706
706 493
493 65
65 913
913 2548
2548 1453
266 675
266 2012
266 704
675 1844
1844 2045
2045 486
486 2466
2466 1378
1378 1354
1354 1140
1140 266
1140 1462
1462 772
772 2488
2488 1258
1258 1516
1516 709
709 1354
1422 1689
1422 483
1422 1095
1689 1382
1382 2213
2213 1206
1206 1959
1959 1705
1705 2187
2187 2597
2597 1722
1722 231
231 1139
1139 954
954 961
961 888
888 1422
1099 453
1099 226
1099 158
453 982
982 1968
1968 830
830 1635
1635 2414
2414 653
653 1099
653 1368
1368 2043
2043 2438
2438 2060
2060 2423
2423 1495
1495 1678
1678 653
991 862
991 839
862 517
517 2236
2236 2484
2484 1197
1197 1298
1298 1032
1032 320
320 991
320 773
773 2322
2322 415
415 85
85 2460
2460 2041
2041 1032
1472 929
929 1925
1925 425
425 2346
2346 1483
1483 1343
1343 537
537 230
230 58
58 329
329 364
364 2242
2242 2004
2004 1440
1440 1472
1842 1283
1283 2115
2115 469
469 2121
2121 1979
1979 984
984 99
99 1842
99 2562
2562 2400
2400 1957
1957 1037
1037 1801
1801 484
484 1740
1740 99
1221 1072
1072 1563
1563 1549
1549 1701
1701 2190
2190 1773
1773 2592
2592 695
695 1221
695 628
628 2065
2065 2539
2539 392
392 1432
1432 1676
1676 2592
1904 699
699 684
684 1696
1696 1708
1708 338
338 993
993 1379
1379 73
73 715
715 1918
1918 433
433 1633
1633 1652
1652 1489
1489 1904
1100 1711
1711 575
575 616
616 1066
1066 1813
1813 594
594 174
174 1100
174 2475
2475 2078
2078 118
118 2546
2546 138
138 661
661 2064
2064 174
211 1639
1639 56
56 1604
1604 291
291 2109
2109 803
803 1280
1280 2247
2247 211
2247 1949
1949 1313
1313 2148
2148 428
428 370
370 2383
2383 1280
216 271
271 1791
1791 2180
2180 2138
2138 1871
1871 2130
2130 520
520 1890
1890 2421
2421 1684
1684 1650
1650 1394
1394 249
249 2599
2599 216
999 92
92 2432
2432 546
546 1686
1686 589
589 108
108 992
992 999
992 938
938 444
444 749
749 948
948 1629
1629 1442
1442 538
538 992
471 1279
1279 757
757 766
766 1482
1482 934
934 2344
2344 1582
1582 1905
1905 471
1905 1772
1772 1373
1373 1502
1502 793
793 1861
1861 2245
2245 1582
1321 802
802 2053
2053 2381
2381 1084
1084 55
55 1320
1320 1803
1803 952
952 1691
1691 171
171 129
129 1618
1618 139
139 1131
1131 1321
228 1474
1474 1704
1704 603
603 1562
1562 1356
1356 2387
2387 1973
1973 228
1973 395
395 472
472 333
333 1692
1692 1761
1761 737
737 2547
2547 1973
823 35
35 141
141 2518
2518 1031
1031 1967
1967 376
376 2072
2072 1746
1746 823
1746 183
183 314
314 2210
2210 1668
1668 324
324 2391
2391 2072
1771 2362
2362 434
434 508
508 1838
1838 1330
1330 605
605 1486
1486 1364
1364 906
906 1114
1114 1189
1189 1996
1996 1760
1760 727
727 1771
287 1074
1074 2429
2429 1236
1236 1118
1118 2514
2514 59
59 1365
1365 287
1365 1293
1293 326
326 767
767 1674
1674 1602
1602 240
240 1417
1417 1365
903 91
91 2403
2403 487
487 227
227 2062
2062 674
674 518
518 2120
2120 903
2120 1533
1533 446
446 100
100 951
951 1702
1702 2410
2410 518
1548 2399
2399 1615
1615 949
949 876
876 2063
2063 2270
2270 1862
1862 1297
1297 2449
2449 1991
1991 362
362 1251
1251 1620
1620 2543
2543 1548
1088 1863
1863 2257
2257 2266
2266 454
454 2101
2101 2366
2366 2067
2067 1088
2067 6
6 681
681 135
135 1480
1480 924
924 1018
1018 2085
2085 2067
2535 2372
2372 733
733 1121
1121 1276
1276 1559
1559 915
915 259
259 410
410 2535
410 672
672 2110
2110 2567
2567 557
557 20
20 1608
1608 259
776 2122
2122 1086
1086 981
981 1161
1161 2408
2408 2361
2361 156
156 41
41 2186
2186 1835
1835 1574
1574 1255
1255 1408
1408 2454
2454 776
1465 1256
1256 615
615 1956
1956 2476
2476 596
596 702
702 533
533 1465
533 2526
2526 1936
1936 849
849 2016
2016 22
22 1351
1351 1819
1819 533
1697 2458
2458 614
614 791
791 1035
1035 1116
1116 1386
1386 536
536 2509
2509 1697
2509 406
406 1063
1063 2552
2552 969
969 1450
1450 1278
1278 536
2295 1119
1119 81
81 769
769 2376
2376 124
124 357
357 806
806 2596
2596 1429
1429 863
863 32
32 593
593 720
720 213
213 2295
644 2059
2059 1418
1418 2390
2390 1610
1610 1915
1915 466
466 1934
1934 644
1934 3
3 442
442 2265
2265 668
668 829
829 2434
2434 2288
2288 1934
2069 1503
1503 1894
1894 850
850 890
890 2485
2485 418
418 2152
2152 1346
1346 2069
1346 1102
1102 2561
2561 1535
1535 860
860 2443
2443 248
248 2152
2379 1169
1169 2191
2191 729
729 1868
1868 1928
1928 480
480 1105
1105 2455
2455 2540
2540 2536
2536 748
748 1810
1810 1841
1841 1499
1499 2379
1043 1341
1341 1883
1883 2277
2277 1212
1212 1273
1273 196
196 1174
1174 1043
1174 879
879 601
601 687
687 2219
2219 581
581 1020
1020 905
905 1174
1471 2462
2462 738
738 1859
1859 2424
2424 1755
1755 2481
2481 251
251 131
131 1471
131 1677
1677 1252
1252 377
377 1469
1469 1878
1878 1348
1348 251
664 595
595 511
511 39
39 854
854 2206
2206 1087
1087 1748
1748 369
369 2057
2057 1895
1895 1965
1965 2179
2179 426
426 1216
1216 664
470 763
763 775
775 1380
1380 639
639 686
686 1546
1546 273
273 470
273 1506
1506 2534
2534 1780
1780 43
43 2568
2568 1537
1537 994
994 273
2530 467
467 400
400 194
194 760
760 696
696 1272
1272 1143
1143 745
745 2530
745 2303
2303 1397
1397 306
306 634
634 751
751 335
335 1143
1335 24
24 521
521 2464
2464 689
689 825
825 2533
2533 1080
1080 2029
2029 2056
2056 407
407 1437
1437 71
71 1443
1443 107
107 1335
2581 2396
2396 799
799 2360
2360 1300
1300 1659
1659 1875
1875 962
962 2581
962 1800
1800 2139
2139 2003
2003 1028
1028 676
676 2040
2040 125
125 962
724 625
625 734
734 645
645 2510
2510 1007
1007 1286
1286 1079
1079 887
887 724
887 2416
2416 2042
2042 2354
2354 2034
2034 2100
2100 1510
1510 1079
1825 1208
1208 2129
2129 450
450 670
670 5
5 939
939 1682
1682 1764
1764 1479
1479 404
404 1025
1025 2227
2227 1123
1123 1200
1200 1825
900 330
330 1938
1938 525
525 771
771 997
997 1331
1331 2183
2183 900
2183 1513
1513 598
598 2570
2570 63
63 215
215 902
902 140
140 2183
928 1290
1290 8
8 2503
2503 665
665 1475
1475 2020
2020 2378
2378 1717
1717 928
1717 2465
2465 1667
1667 513
513 316
316 1997
1997 1484
1484 2378
609 1381
1381 1070
1070 1836
1836 197
197 927
927 932
932 501
501 166
166 620
620 1190
1190 2189
2189 1736
1736 2307
2307 2108
2108 609
1125 148
148 817
817 17
17 549
549 1093
1093 201
201 175
175 1125
175 658
658 633
633 1757
1757 847
847 18
18 443
443 818
818 175
1257 1572
1572 1625
1625 1661
1661 2495
2495 244
244 2264
2264 209
209 430
430 1257
430 368
368 1995
1995 1219
1219 1138
1138 2093
2093 1275
1275 209
1854 1010
1010 1619
1619 1994
1994 2556
2556 2555
2555 474
474 816
816 811
811 2280
2280 2095
2095 1085
1085 1939
1939 457
457 1657
1657 1854
1194 2002
2002 1543
1543 343
343 1910
1910 2061
2061 1492
1492 193
193 1194
193 1884
1884 1681
1681 145
145 2395
2395 539
539 2358
2358 1237
1237 193
1240 1970
1970 1857
1857 1818
1818 1438
1438 2119
2119 278
278 2196
2196 2156
2156 1240
2156 1762
1762 2496
2496 797
797 66
66 2055
2055 1019
1019 2196
299 1075
1075 1405
1405 545
545 1643
1643 1651
1651 1234
1234 1846
1846 1246
1246 1879
1879 162
162 212
212 2134
2134 908
908 68
68 299
1805 237
237 515
515 28
28 917
917 884
884 2135
2135 161
161 1805
161 2088
2088 2340
2340 1785
1785 1077
1077 2298
2298 465
465 1809
1809 161
2594 1178
1178 1367
1367 2327
2327 459
459 82
82 1142
1142 359
359 2178
2178 2594
2178 788
788 2124
2124 1218
1218 255
255 1
1 944
944 359
2269 967
967 2176
2176 31
31 1209
1209 582
582 690
690 2522
2522 77
77 51
51 1091
1091 355
355 106
106 440
440 114
114 2269
2529 1793
1793 1556
1556 2500
2500 84
84 1621
1621 2437
2437 221
221 2529
221 2359
2359 2177
2177 722
722 1561
1561 528
528 608
608 2586
2586 221
1710 1344
1344 1285
1285 2199
2199 922
922 372
372 1921
1921 1774
1774 220
220 1710
220 2221
2221 1611
1611 2291
2291 1683
1683 2304
2304 113
113 1774
1758 143
143 1923
1923 1520
1520 1230
1230 1530
1530 542
542 1963
1963 640
640 2315
2315 1481
1481 1853
1853 2420
2420 646
646 155
155 1758
1109 1794
1794 293
293 2401
2401 893
893 160
160 2501
2501 1916
1916 1109
1916 2461
2461 412
412 1467
1467 1182
1182 1834
1834 2413
2413 1261
1261 1916
1447 694
694 657
657 809
809 1872
1872 341
341 2118
2118 1638
1638 1454
1454 1447
1454 548
548 2241
2241 302
302 1117
1117 2487
2487 697
697 1638
1415 1869
1869 1573
1573 2308
2308 339
339 678
678 1518
1518 2467
2467 693
693 427
427 191
191 2587
2587 19
19 877
877 2246
2246 1415
2097 408
408 1188
1188 1162
1162 1214
1214 1124
1124 2075
2075 1589
1589 2097
1589 1470
1470 1624
1624 87
87 1653
1653 1301
1301 732
732 651
651 1589
561 205
205 2427
2427 283
283 2573
2573 1663
1663 705
705 281
281 120
120 561
120 872
872 101
101 1911
1911 861
861 1215
1215 1384
1384 281
2051 476
476 1027
1027 530
530 864
864 498
498 1558
1558 1644
1644 889
889 1455
1455 1654
1654 1930
1930 1675
1675 1955
1955 1712
1712 2051
519 150
150 2216
2216 2160
2160 275
275 1999
1999 2348
2348 1248
1248 519
1248 2301
2301 1311
1311 1607
1607 1776
1776 1892
1892 1670
1670 833
833 1248
2273 783
783 332
332 1497
1497 358
358 1777
1777 449
449 1792
1792 264
264 2273
264 261
261 2507
2507 1476
1476 821
821 1833
1833 2293
2293 1792
2525 297
297 1170
1170 218
218 959
959 2419
2419 1845
1845 1055
1055 2368
2368 759
759 2502
2502 1395
1395 2329
2329 1423
1423 40
40 2525
1941 1041
1041 592
592 1512
1512 1316
1316 2439
2439 1567
1567 1662
1662 1941
1662 1889
1889 267
267 1751
1751 726
726 1695
1695 336
336 744
744 1662
2222 758
758 477
477 2275
2275 374
374 1414
1414 307
307 492
492 2516
2516 2222
2516 2313
2313 591
591 401
401 2144
2144 1371
1371 2170
2170 492
475 1044
1044 7
7 691
691 1789
1789 792
792 1865
1865 157
157 1672
1672 1737
1737 2037
2037 253
253 352
352 1735
1735 1886
1886 475
851 2287
2287 2207
2207 1270
1270 2035
2035 45
45 2341
2341 2268
2268 851
2268 1315
1315 1527
1527 611
611 1277
1277 968
968 9
9 2258
2258 2268
219 1355
1355 2369
2369 436
436 774
774 1034
1034 2229
2229 1795
1795 1926
1926 219
1926 2091
2091 1902
1902 1229
1229 1931
1931 1786
1786 2479
2479 1795
2470 2167
2167 409
409 1969
1969 327
327 1282
1282 2405
2405 2345
2345 2141
2141 1636
1636 619
619 1159
1159 578
578 4
4 1504
1504 2470
2508 2009
2009 1468
1468 784
784 1660
1660 1172
1172 1134
1134 2588
2588 2508
2588 975
975 2446
2446 1158
1158 650
650 1893
1893 2569
2569 1179
1179 2588
1352 1228
1228 1163
1163 1990
1990 2084
2084 1669
1669 813
813 881
881 768
768 1352
768 544
544 588
588 529
529 2232
2232 1235
1235 243
243 881
2367 1451
1451 1599
1599 2243
2243 761
761 914
914 2296
2296 2459
2459 647
647 1014
1014 1061
1061 1585
1585 361
361 2299
2299 1584
1584 2367
995 1680
1680 384
384 177
177 612
612 2021
2021 1493
1493 579
579 995
579 2250
2250 2412
2412 2374
2374 894
894 2146
2146 190
190 2388
2388 579
310 2474
2474 1532
1532 224
224 250
250 673
673 2478
2478 1375
1375 60
60 310
60 1000
1000 873
873 2415
2415 1623
1623 130
130 2169
2169 1375
907 1152
1152 1966
1966 1730
1730 1402
1402 1295
1295 2181
2181 1038
1038 499
499 380
380 27
27 2006
2006 618
618 1524
1524 622
622 907
1832 2103
2103 1242
1242 1811
1811 1664
1664 974
974 1444
1444 820
820 1832
820 950
950 1217
1217 1129
1129 2351
2351 983
983 698
698 1265
1265 820
1416 1998
1998 1906
1906 482
482 254
254 1804
1804 512
512 2137
2137 2017
2017 1416
2017 963
963 123
123 1314
1314 64
64 2402
2402 509
509 2137
621 2456
2456 1050
1050 1522
1522 1187
1187 1538
1538 488
488 1193
1193 2105
2105 891
891 2527
2527 708
708 1781
1781 2049
2049 1430
1430 621
585 2157
2157 386
386 132
132 789
789 1419
1419 613
613 1097
1097 585
1097 1908
1908 1720
1720 491
491 2385
2385 656
656 2089
2089 1247
1247 1097
503 1203
1203 188
188 2058
2058 270
270 2334
2334 1501
1501 2363
2363 1427
1427 503
1427 1103
1103 1655
1655 2355
2355 1083
1083 1732
1732 1181
1181 2363
1318 78
78 1843
1843 321
321 1729
1729 1259
1259 1830
1830 1715
1715 1120
1120 1358
1358 1827
1827 52
52 2203
2203 1051
1051 2052
2052 1318
1566 2111
2111 555
555 912
912 1897
1897 1940
1940 1637
1637 2238
2238 1566
2238 225
225 2471
2471 1057
1057 447
447 97
97 2256
2256 1393
1393 2238
2441 1005
1005 1551
1551 923
923 794
794 1569
1569 1039
1039 1568
1568 1885
1885 2441
1885 1807
1807 304
304 489
489 1856
1856 576
576 115
115 1568
869 2445
2445 892
892 568
568 1962
1962 1977
1977 1126
1126 1260
1260 1458
1458 137
137 1262
1262 288
288 1054
1054 844
844 229
229 869
941 712
712 460
460 2252
2252 500
500 1882
1882 837
837 2545
2545 941
2545 2335
2335 955
955 423
423 1500
1500 600
600 1263
1263 458
458 2545
2012 1383
1383 2512
2512 638
638 2563
2563 531
531 1797
1797 574
574 2309
2309 2012
2309 2116
2116 375
375 1052
1052 1334
1334 2070
2070 943
943 574
704 2440
2440 2418
2418 1656
1656 2486
2486 2087
2087 918
918 1770
1770 1192
1192 804
804 1873
1873 391
391 37
37 1525
1525 1231
1231 704
483 1699
1699 560
560 1553
1553 180
180 940
940 1333
1333 1021
1021 483
1021 1982
1982 1046
1046 559
559 2579
2579 786
786 1981
1981 165
165 1021
1095 1274
1274 677
677 1292
1292 1058
1058 14
14 420
420 810
810 547
547 1095
547 1305
1305 1128
1128 98
98 970
970 1812
1812 2343
2343 810
226 1988
1988 1302
1302 2150
2150 1948
1948 506
506 1597
1597 1679
1679 1238
1238 2008
2008 1319
1319 1245
1245 1250
1250 1487
1487 235
235 226
158 1104
1104 2244
2244 845
845 1385
1385 1307
1307 569
569 1113
1113 158
1113 1944
1944 2492
2492 1598
1598 1463
1463 2202
2202 1687
1687 2281
2281 1113
839 867
867 2389
2389 1802
1802 839
1802 1961
1961 2389
185
261
401
410
234
408
51
199
413
318
212
175
177
321
56
351
226
210
331
278
291
307
177
441
377
56
350
312
142
372
403
356
439
73
293
183
154
202
358
352
260
355
59
110
262
240
430
388
194
327
141
113
369
133
342
247
103
368
363
221
260
349
285
118
71
403
368
162
277
310
366
251
320
151
270
132
199
76
266
241
77
65
294
59
151
327
138
129
401
416
250
60
63
449
361
398
78
53
141
402
377
310
422
72
359
267
375
244
185
114
138
55
348
70
333
287
159
185
158
57
291
180
64
124
138
85
73
271
84
263
187
207
226
374
386
146
67
96
148
200
448
375
277
413
226
66
318
422
242
390
403
91
175
226
79
269
244
115
305
102
430
246
118
163
396
92
379
81
295
443
410
302
277
245
162
210
379
419
397
250
228
256
164
259
230
350
211
346
131
399
191
136
167
335
66
97
266
426
71
379
334
110
440
123
334
197
326
77
436
411
390
418
68
236
303
295
433
159
447
188
286
147
319
145
370
344
376
343
55
334
135
197
238
284
219
449
208
301
252
183
353
123
178
248
172
276
377
83
280
166
314
299
214
348
176
196
242
73
413
254
326
326
83
169
58
446
367
185
159
197
435
156
402
175
382
90
371
395
447
161
182
406
383
292
148
230
361
415
215
323
72
299
285
338
230
359
301
133
240
375
71
99
298
165
242
443
369
236
428
254
100
260
406
60
151
125
409
423
223
129
378
178
129
139
352
198
74
85
374
326
411
337
362
357
209
307
86
377
273
110
146
192
176
192
397
377
265
402
443
377
117
126
434
267
370
230
322
430
324
260
401
353
288
194
312
199
191
405
324
366
407
361
404
345
175
123
73
420
279
87
114
237
336
72
318
138
79
281
250
184
116
52
265
397
338
56
401
415
443
293
357
114
102
159
372
105
209
447
388
382
199
286
95
220
56
229
415
223
380
443
84
293
361
92
154
375
431
91
201
123
93
162
373
415
307
260
377
214
318
340
65
276
245
360
398
245
245
104
169
233
112
378
228
149
74
159
281
160
314
207
296
353
101
243
264
275
159
270
380
427
94
192
322
89
83
318
286
242
397
327
428
82
313
132
332
351
170
334
333
307
70
351
158
150
52
184
124
81
362
160
169
438
376
130
65
284
71
225
209
222
206
386
446
209
400
177
258
127
384
183
319
229
400
339
168
405
304
382
434
324
307
272
243
303
194
339
72
380
321
384
282
184
267
89
392
202
250
86
111
183
189
87
264
101
132
164
101
305
127
434
146
233
232
81
324
63
392
280
402
174
87
113
151
421
258
318
118
156
334
95
186
126
70
87
74
349
97
344
88
185
273
124
359
353
133
439
146
389
223
209
415
67
183
438
261
326
417
51
74
157
62
379
429
413
426
241
153
271
422
68
408
112
385
433
337
357
302
217
217
209
108
57
155
111
302
65
62
367
162
334
76
446
192
149
420
139
319
184
211
399
189
325
271
336
372
187
442
360
241
163
369
435
243
394
368
307
201
319
374
407
359
109
333
304
334
189
188
404
166
407
444
128
447
167
303
340
443
59
337
427
275
367
168
389
94
55
172
352
378
103
82
377
84
53
331
69
306
384
132
91
95
399
78
97
396
278
227
191
392
165
342
183
142
352
190
181
355
93
85
195
200
429
276
349
336
193
104
230
56
199
90
155
280
98
215
157
288
418
193
121
76
54
187
218
437
317
98
61
286
354
201
111
87
91
350
390
293
290
252
330
151
366
328
197
325
95
241
222
278
409
166
202
53
353
290
113
65
98
138
86
237
112
272
346
222
223
97
311
269
439
183
90
288
302
216
436
324
332
136
181
418
67
109
376
165
320
169
61
312
189
222
295
428
82
380
422
174
208
212
257
281
91
374
197
395
234
171
343
153
69
274
104
102
244
334
310
449
304
88
163
241
113
429
77
442
365
384
261
410
196
67
333
112
156
321
94
351
405
257
202
223
348
296
378
283
433
148
406
136
308
293
85
267
184
329
140
209
177
401
359
203
303
332
205
214
119
64
110
442
265
437
178
267
224
91
188
362
199
381
428
293
123
316
115
365
140
232
384
269
182
195
378
271
406
404
212
260
447
317
87
420
219
408
231
228
331
347
421
87
292
252
359
396
212
118
60
373
319
88
398
159
208
375
115
297
388
143
121
67
232
207
187
328
103
179
308
276
124
172
370
213
274
54
364
440
339
393
206
218
412
429
210
63
363
229
211
350
308
372
368
142
71
76
434
108
379
436
170
400
406
254
429
154
359
433
247
56
306
74
115
61
443
211
223
78
317
125
379
285
368
215
446
423
331
363
425
396
135
436
440
441
122
250
391
298
407
436
100
127
137
210
132
159
198
186
444
311
218
365
138
245
378
344
95
168
348
310
247
307
221
180
392
162
272
408
132
283
233
219
154
236
234
280
270
96
305
219
79
73
190
341
322
400
264
150
289
199
333
336
161
283
214
107
377
164
422
403
420
224
232
296
437
380
289
184
92
105
277
258
414
207
144
74
170
301
89
395
176
294
173
327
113
299
180
242
176
435
442
300
294
152
311
436
175
317
386
79
404
423
272
407
261
125
338
417
95
241
329
277
342
348
234
51
332
291
129
107
171
203
217
178
387
378
203
447
169
149
279
67
267
240
284
207
365
81
177
194
342
155
278
77
56
70
206
179
94
357
263
211
183
189
196
274
114
267
129
294
441
71
56
141
428
329
158
351
216
192
75
153
304
71
273
300
140
187
57
427
449
283
127
380
54
82
165
156
248
404
361
414
413
225
119
339
105
242
271
411
378
421
384
253
228
121
136
201
280
295
374
371
162
330
259
74
202
206
220
108
146
439
400
295
257
77
162
182
247
111
320
137
301
54
368
399
424
256
264
206
306
178
103
345
320
345
52
313
318
106
397
271
258
63
150
211
57
162
357
434
411
379
325
148
367
339
156
384
137
60
101
380
436
291
318
375
439
324
361
332
146
114
246
231
394
300
219
405
397
80
182
65
53
132
132
178
397
153
287
90
230
163
311
245
381
366
413
250
246
249
364
102
283
208
302
148
352
106
354
63
285
213
129
126
138
264
385
147
155
192
268
332
326
364
324
84
99
366
275
152
359
248
84
296
369
250
305
336
243
65
139
365
444
342
447
199
378
308
387
86
129
209
137
444
317
317
154
183
188
326
352
415
416
142
231
384
333
96
61
150
418
296
269
215
187
281
328
195
88
431
237
372
255
286
153
78
166
368
341
106
378
396
108
299
240
142
308
80
430
136
169
311
66
279
279
446
445
447
181
161
312
429
51
191
182
419
326
430
306
315
99
438
378
120
371
128
434
259
386
289
90
64
168
336
403
400
387
101
425
338
265
217
296
282
400
105
160
377
135
64
67
282
312
144
79
381
280
391
233
135
433
389
235
249
250
85
143
165
196
305
212
308
189
449
270
393
178
300
164
173
283
425
352
208
423
166
421
84
431
312
181
53
386
195
445
183
315
437
136
256
67
338
427
217
226
350
245
326
447
405
156
174
177
93
305
268
284
93
417
192
376
303
360
208
155
237
241
188
318
331
304
151
376
169
188
257
317
58
133
326
220
161
99
175
235
154
101
69
328
402
99
339
446
334
417
97
231
63
271
297
142
132
167
189
349
392
235
290
75
199
399
332
146
121
444
436
306
268
404
278
324
445
391
191
98
128
411
324
190
362
371
442
225
177
439
274
144
342
313
109
146
408
354
150
185
262
61
249
55
441
411
330
331
249
100
212
183
281
158
162
430
215
78
313
317
65
356
389
272
437
279
262
53
282
364
102
390
411
438
397
78
106
64
231
374
205
159
131
445
241
185
317
85
173
448
354
244
335
222
159
93
369
205
394
339
233
181
285
52
267
276
114
284
296
150
383
309
448
157
355
63
364
380
222
204
303
281
53
157
151
317
243
336
307
244
377
398
278
427
87
155
340
64
182
352
189
373
65
202
384
131
115
189
330
179
160
170
321
314
223
434
216
430
410
251
372
331
163
195
315
58
109
85
289
293
223
207
441
107
334
91
278
391
210
427
244
53
230
398
95
115
290
380
276
440
384
181
164
92
219
114
135
388
263
317
252
170
194
426
219
307
167
340
423
236
143
344
261
315
317
441
321
136
368
323
60
93
241
305
93
273
170
236
146
417
70
293
58
391
90
169
91
367
98
236
102
179
376
126
264
426
215
62
252
323
374
229
203
342
222
151
189
115
443
230
135
194
247
175
141
297
247
227
439
361
280
218
363
400
151
368
214
185
77
321
449
280
370
289
173
320
314
78
350
252
438
173
232
386
305
266
440
80
90
110
112
403
85
166
216
341
74
68
435
128
271
424
363
306
98
164
301
101
335
358
227
63
176
414
142
102
347
386
120
289
97
421
357
83
112
232
428
407
297
257
166
173
91
248
315
169
199
318
217
219
84
116
84
352
375
244
59
409
139
401
208
102
182
413
162
365
408
380
322
109
193
66
78
313
331
270
433
218
310
70
183
294
387
52
322
417
449
120
374
369
287
78
108
62
278
219
237
373
385
414
401
422
119
300
241
330
196
128
171
307
409
56
290
79
109
195
422
73
178
380
178
427
185
167
154
271
250
86
251
173
178
413
64
237
249
111
272
391
364
362
176
274
318
250
74
379
421
441
251
305
440
330
361
304
410
313
183
424
184
70
406
253
398
122
322
305
257
287
134
59
259
331
226
293
317
74
217
378
129
231
174
280
302
368
66
435
145
366
225
385
224
355
92
287
172
316
256
74
286
406
178
95
365
389
358
77
285
268
241
242
143
124
213
393
79
401
348
181
207
182
93
251
432
430
57
325
214
107
345
69
200
346
251
408
192
71
133
121
120
263
436
156
122
171
318
191
66
416
380
91
321
388
367
176
91
338
437
425
342
416
188
359
349
157
116
405
397
384
67
222
330
271
261
436
58
52
398
346
326
352
265
416
271
271
384
191
141
339
179
350
104
191
120
191
379
212
59
232
194
97
205
97
192
265
129
381
169
386
357
350
52
295
110
316
177
313
398
336
85
422
437
263
184
182
343
260
406
192
309
100
174
422
240
407
426
407
309
175
343
272
335
435
444
331
302
372
64
436
358
235
399
437
153
388
107
219
152
177
145
154
80
155
251
65
143
392
192
114
289
351
127
402
145
64
100
413
213
221
320
288
394
251
299
287
238
152
114
252
306
233
213
123
297
271
80
271
364
133
78
222
405
120
85
125
103
109
244
252
424
112
316
168
83
131
430
358
363
271
441
238
106
177
418
169
417
335
51
187
145
443
225
437
200
121
241
129
365
149
91
237
229
368
281
294
274
307
270
414
286
329
229
327
114
341
337
203
169
110
305
410
239
82
192
230
369
143
400
212
187
216
175
59
218
80
162
237
315
111
258
226
241
405
263
395
166
193
426
69
333
173
275
382
75
163
255
308
108
124
118
152
58
297
448
166
107
268
440
109
266
270
161
285
231
369
336
233
63
249
121
411
350
390
247
164
152
359
235
197
103
422
227
172
288
250
85
95
184
201
150
362
284
358
91
64
281
202
106
430
407
213
328
442
380
194
290
66
403
420
430
356
411
294
169
199
166
338
263
268
75
289
371
119
267
52
273
227
99
63
410
145
348
227
179
167
151
363
354
250
261
359
189
325
96
94
422
86
162
385
139
291
94
436
363
59
424
304
326
123
355
57
365
272
442
284
178
107
137
136
387
51
143
347
179
135
222
161
162
53
210
175
397
436
255
91
161
142
259
300
245
305
370
408
169
314
186
327
73
89
369
121
206
378
205
400
375
180
66
403
189
426
248
112
132
58
294
72
380
112
239
414
200
356
300
247
171
171
107
362
384
415
112
278
305
288
435
143
190
91
604 48
2460 929 1343 1072 2539 715 589 444 1991 2366 2122 644 2206 450 818 1543 1910 193 1884 2395 1246 1805 917 2135 657 2487 1930 2348 1892 744 1414 2170 1672 1270 2035 1034 1931 190 1532 1000 2169 2351 1193 1259 794 288 1500 1052 
