2600 2987
603 2446
603 1140
603 2011
2446 2137
2446 464
2137 1598
1598 1632
1632 329
329 1951
1951 771
771 1929
1929 1872
1872 2307
2307 1642
1642 2563
2563 560
560 1349
1349 733
733 1242
1242 715
715 2266
2266 8
8 2397
2397 2141
2141 1878
2141 2045
1878 2445
2445 1677
1677 310
310 1069
1069 1938
1069 134
1938 134
134 1046
1046 1200
1200 358
358 813
813 2399
2399 1449
1449 611
611 1437
1437 2047
2047 2247
2247 2364
2364 1710
1710 1140
1710 2576
1140 2098
2098 464
464 1492
1492 1633
1633 842
842 662
662 1419
1419 2316
1419 104
2316 871
871 2045
2045 2011
2011 2154
2154 1193
1193 1827
1827 978
978 1470
1470 2394
1470 219
2394 1823
1823 701
701 431
431 446
446 2588
2588 970
2588 2164
970 966
966 2576
2576 1861
2576 104
1861 710
710 1366
1366 1078
1078 34
34 219
219 2128
219 815
2128 887
887 308
308 2079
308 2100
2079 2286
2286 1354
1354 1841
1841 728
728 708
708 1003
708 1280
1003 236
236 1966
1966 104
104 1253
1253 2472
2472 1443
1443 2454
2454 2088
2088 1601
1601 672
1601 2357
672 740
740 1370
1370 1747
1747 755
755 2245
2245 778
778 952
952 161
161 1820
1820 2379
2379 787
787 1112
1112 1073
1073 1235
1073 468
1235 1142
1142 2233
1142 1591
2233 1280
2233 468
1280 835
1280 2306
835 808
808 379
379 1640
1640 748
748 2164
2164 1166
1166 1683
1683 380
1683 290
1683 2080
380 815
815 290
290 1649
1649 2100
2100 159
2100 274
159 990
159 1714
990 2276
2276 346
346 2081
2081 2357
2357 1400
1400 1099
1099 587
587 603
2554 717
717 2351
717 2469
2351 1136
1136 1626
1626 1947
1947 274
274 2087
274 1026
2087 2175
2175 770
770 1707
1707 1221
1221 1524
1524 2465
2465 2306
2306 1188
2306 2324
1188 2558
2558 1026
2558 468
1026 1526
1526 2208
2208 1265
1265 177
177 936
936 943
943 1116
1116 2469
2469 468
468 2023
2023 596
596 1825
1825 1846
1846 444
444 1733
1733 1591
1591 1621
1621 1554
1554 1172
1172 2324
2324 585
585 1236
1236 226
226 2080
2080 2574
2574 239
239 2311
2311 905
905 1308
1308 945
945 1714
945 414
1714 2549
2549 515
515 2180
2180 1518
1518 2244
1518 1576
2244 1148
1148 1983
1983 1304
1304 1576
1576 2222
2222 124
124 1320
1320 414
414 118
118 1395
1395 89
89 1687
1687 2554
1687 1716
1716 724
724 465
465 1717
1717 2174
2174 991
991 908
908 201
201 2058
2058 922
922 1007
1007 2197
2197 2274
2274 244
2274 2239
244 240
240 2241
2241 729
729 2232
2232 1416
1416 1519
1416 1574
1519 269
1519 2239
269 2490
2490 14
2490 1436
2490 747
14 1457
14 678
1457 1916
1916 2026
2026 947
947 852
852 1780
1780 132
132 2176
2176 1914
1914 667
667 580
667 678
580 409
409 913
913 2239
2239 2185
2185 1376
2185 2131
1376 531
1376 2061
531 1194
1194 160
160 1574
160 1634
1574 1436
1436 393
393 2570
393 324
2570 2061
2061 213
2061 1385
213 844
844 1063
1063 324
324 722
722 2235
2235 144
144 137
137 688
688 2071
688 836
2071 2440
2440 187
2440 1634
187 292
292 314
292 1378
314 573
573 2514
2514 1673
1673 1385
1385 747
747 1687
299 1655
299 597
1655 81
81 2097
2097 332
2097 1378
332 891
891 1930
1930 2255
2255 2202
2255 630
2202 2285
2285 1848
1848 637
637 678
678 1378
1378 2415
2415 1085
2415 357
1085 1397
1397 697
697 1553
1553 805
805 2043
2043 482
2043 2553
482 600
600 2553
2553 1943
1943 2230
2230 21
21 2051
2051 1454
1454 2131
2131 597
2131 836
597 1666
1666 2144
2144 1634
1634 271
271 876
876 1909
1909 732
732 327
732 962
327 895
895 1198
1198 168
168 854
854 1339
1339 836
836 356
356 719
719 1374
1374 2074
2074 630
630 1514
1514 214
1514 1691
214 357
357 1181
1181 2065
2065 1603
1603 1744
1744 1019
1019 156
156 1981
1981 513
1981 2594
513 800
800 1925
1925 2484
2484 880
880 1893
1893 962
962 299
962 930
930 17
17 86
17 2594
86 29
29 1582
1582 2106
1582 1303
2106 850
850 1175
1175 591
1175 2414
591 1652
591 2583
1652 30
1652 2015
30 1628
1628 1992
1992 1608
1608 1807
1807 1691
1691 758
758 2439
758 2594
2439 1021
1021 2594
2594 1719
1719 1103
1103 2491
2491 2407
2407 727
727 647
727 618
647 1228
1228 242
242 2486
2486 1892
1892 367
367 1332
1332 1987
1987 1334
1987 400
1334 109
109 2583
2583 2513
2513 2423
2423 258
2423 59
258 1782
1782 243
243 1874
1874 1445
1874 661
1445 989
989 644
644 753
753 2015
2015 1504
1504 1414
1414 2152
2152 654
2152 916
2152 203
654 416
416 661
661 1960
1960 929
929 146
929 1565
146 421
421 2186
421 1024
2186 45
45 1702
1702 1735
1735 916
916 400
400 1214
1214 1303
1303 1893
2042 2414
2414 1565
2414 345
1565 598
1565 478
598 1932
1932 1211
1211 59
59 1024
1024 858
858 1468
1468 618
618 1578
1578 1101
1101 689
689 195
195 1750
1750 638
638 203
203 1506
1506 931
931 1327
1327 1599
1599 1491
1491 1568
1568 1517
1517 1912
1912 1969
1969 1030
1030 1025
1030 1809
1025 1734
1734 643
643 1298
1298 1485
1485 1392
1392 10
10 478
478 2281
478 1473
2281 455
455 1206
1206 1793
1793 604
604 2319
2319 1330
1330 1523
1523 162
162 2358
2358 1041
1041 1204
1041 315
1204 25
25 522
522 1786
1786 335
1786 1000
335 2523
2523 666
666 1176
1176 2271
2271 1000
1000 1312
1312 458
458 1362
1362 1830
1830 345
345 1011
1011 1301
1011 1659
1301 61
61 2470
2470 1058
1058 2561
2561 2376
2376 1659
1659 2494
2494 626
626 2126
2126 136
136 413
413 1907
1907 1147
1147 685
685 2540
2540 2196
2196 1885
1885 1473
1473 1089
1089 2033
1089 2256
2033 1952
1952 1809
1809 2312
2312 1053
1053 2187
2187 2297
2297 738
738 2508
738 763
2508 15
15 564
564 1609
1609 272
272 584
584 1088
1088 2323
2323 1401
1401 84
1401 670
1401 2506
84 315
315 2359
2359 1032
1032 2589
2589 1645
1645 1328
1328 1790
1790 801
801 670
670 2269
2269 588
588 1467
1467 690
690 282
282 1648
1648 763
763 1281
1281 1223
1281 65
1223 1272
1272 246
1272 996
246 570
570 1244
1244 491
491 83
83 1962
1962 695
1962 1463
695 2409
2409 1536
1536 2256
2256 1927
1927 2290
2290 2042
2290 1979
1584 777
1584 592
777 1804
777 278
1804 592
592 849
849 65
65 1699
1699 1739
1699 2278
1739 2346
2346 1588
2346 1743
1588 1160
1160 1753
1753 896
896 231
231 1092
1092 2568
1092 1276
2568 2471
2471 2388
2388 238
238 1917
1917 709
709 1828
1828 2278
2278 97
97 996
996 1754
1754 1537
1537 2506
2506 1802
2506 1964
1802 188
1802 2059
188 2309
2309 5
2309 1276
5 1463
1463 1276
1276 2478
2478 823
823 1664
1664 1859
1859 1979
1979 333
1979 277
333 1832
1832 2427
1832 450
2427 1037
1037 278
278 2064
2064 1653
1653 650
650 1689
1689 543
543 841
841 2056
2056 1839
2056 2077
1839 2096
2096 589
589 1543
1543 1539
1543 2264
1539 1676
1539 1746
1676 2567
2567 2264
2264 2077
2077 2066
2066 62
62 1743
1743 450
450 2213
450 776
2213 776
776 1584
776 48
48 2059
2059 277
277 1432
277 1266
277 164
1432 894
894 2181
2181 2396
2396 579
2396 232
2396 1267
579 209
209 853
853 1904
1904 1639
1639 721
721 1964
1964 1329
1329 496
496 541
541 1150
1150 1107
1107 1684
1684 2267
2267 232
232 1128
1128 2020
2020 322
322 510
510 2265
2265 551
2265 1152
551 280
280 1095
1095 1405
1405 1267
1405 347
1267 211
211 1326
1326 2218
2218 892
892 2018
2018 2293
2293 347
2293 1258
347 46
46 2502
2502 1119
1119 497
497 2133
2133 1151
1151 1266
1266 1746
1746 2367
1746 621
2367 2095
2095 1356
1356 128
128 811
811 1441
1441 1057
1057 866
866 1184
1184 798
798 538
538 523
523 621
621 486
486 877
877 164
164 1836
1836 2182
2182 1546
1546 776
1258 1284
1284 885
885 388
388 1525
388 736
1525 2476
2476 1260
1260 2555
2555 1325
1325 1456
1456 376
376 471
376 2404
471 106
106 1115
1115 1424
1424 1196
1196 1798
1798 1152
1152 179
179 636
636 1779
1779 2229
1779 207
2229 2404
2404 207
207 1351
1351 2541
2541 2330
2330 2422
2422 1130
1130 1182
1182 1724
1724 1333
1333 1043
1043 1856
1856 2460
2460 736
736 39
736 169
39 1610
1610 698
698 773
773 2380
2380 1953
1953 2530
2530 2035
2035 2528
2528 1532
1532 653
653 1059
1059 561
561 602
602 2403
2403 2151
2151 1117
2151 2171
1117 2046
1117 1894
2046 2012
2012 2193
2193 1093
1093 1894
1894 1616
1616 939
1616 1935
939 767
767 13
13 463
463 2130
2130 1812
2130 313
1812 1496
1496 1548
1548 1258
1548 2240
2240 1009
1009 1974
1974 1566
1566 51
51 2172
2172 484
484 1114
1114 234
234 1755
1755 169
169 2215
2215 2406
2406 1935
1935 1731
1731 518
518 556
556 865
865 2436
2436 435
435 2548
2548 1918
1918 1120
1120 2371
2371 1847
1847 2086
2086 499
499 1372
1372 928
928 1433
1433 2171
2171 2535
2535 153
153 1476
1476 578
578 1472
1472 845
845 418
418 1108
1108 2107
2107 2542
2542 1158
2542 1262
1158 1695
1695 43
43 2533
2533 1688
1688 1697
1697 1685
1685 264
264 1968
1968 1342
1342 700
700 120
120 557
557 1898
557 1048
1898 1711
1711 313
313 1430
1430 1083
1083 181
181 1048
1048 2116
2116 1141
1141 1567
1567 2052
2052 1496
1049 1661
1661 2031
1661 44
2031 1461
1461 720
720 542
720 1230
542 428
428 2253
2253 2361
2361 1189
1189 2595
2595 1403
1403 1813
1813 2104
1813 2332
2104 809
809 1940
1940 1752
1752 1646
1646 451
451 1031
1031 879
879 904
879 705
904 1262
1262 2121
2121 2277
2277 976
976 1516
1516 139
139 794
794 386
386 173
173 2094
2094 266
266 1230
266 1778
1230 1289
1289 977
977 1450
1450 100
100 652
652 920
652 1270
920 1778
1778 2207
2207 2510
2207 625
2510 760
2510 287
760 1279
1279 2099
2099 625
625 1428
1428 2085
1428 328
2085 2451
2451 1864
1864 2013
1864 1761
2013 791
791 1777
791 2073
791 2237
1777 1375
1375 44
44 1409
1409 705
705 2332
2332 2512
2512 1657
1657 1569
1569 912
912 2048
2048 1658
1658 519
519 287
519 1742
287 641
641 1434
1434 1458
1458 1273
1273 577
577 1296
1296 1529
1296 817
1529 1748
1748 1527
1527 241
241 1251
241 2258
1251 2577
2577 1270
1270 2425
2425 669
669 1129
1129 1808
1129 779
1808 775
775 1762
1762 2282
2282 1795
1795 1521
1795 1383
1521 2550
2550 1482
1482 2258
2258 2021
2021 1742
1742 957
957 2463
2463 1387
2463 878
1387 1383
1383 55
55 2073
2073 995
995 1509
1509 1110
1509 873
1110 1269
1269 1102
1102 328
328 2076
2076 878
878 1761
1761 2237
2237 1816
1816 673
673 1811
1811 182
1811 1261
182 85
85 2448
85 1222
2448 1209
1209 790
790 1760
1760 1261
1760 1501
1261 439
439 2008
439 779
2008 632
632 1065
1065 817
817 1840
1840 2203
1840 2329
2203 1407
1407 103
1407 1501
103 462
462 617
617 1364
1364 1049
1364 1197
1086 1377
1377 1036
1036 1365
1365 2438
2438 806
806 1183
1183 1857
1857 1222
1222 779
779 1170
1170 1818
1818 467
467 2010
2010 1501
2010 47
1501 2156
2156 1062
2156 2029
1062 2246
2246 2566
2566 873
873 200
200 140
140 2034
2034 1637
1637 1663
1663 1197
1197 612
612 123
123 752
123 506
752 712
712 1512
1512 1606
1606 27
27 1122
1122 984
984 2459
2459 133
133 1963
1963 2329
2329 888
888 634
888 150
634 506
634 1534
506 1243
1243 1530
1530 101
101 145
145 150
150 1620
150 2296
1620 1970
1620 20
1970 569
569 1605
1605 2296
2296 610
2296 1486
610 1477
1477 803
803 1323
1323 2596
2596 1638
1638 433
433 2029
2029 1854
1854 799
799 2352
2352 1240
1240 1988
1988 1291
1291 1086
1291 47
1291 2536
47 1883
1883 659
659 1534
1534 2389
2389 2387
2387 1850
1850 475
475 1700
1700 2350
2350 516
516 1833
1833 2262
2262 2480
2480 881
881 2200
2200 1288
1288 1656
1656 2449
1656 9
2449 1674
1674 2383
1674 1027
2383 1087
1087 141
141 40
141 1853
40 20
20 1944
1944 1915
1915 9
9 2473
2473 789
789 2434
2434 2536
2536 2321
2321 1564
1564 1549
1549 674
674 1050
674 1131
1050 2517
2517 944
944 1853
1853 1486
1486 1934
1934 1849
1849 1259
1259 963
963 1577
1577 1636
1636 268
1636 1481
268 110
268 901
110 1081
1081 1013
1013 1555
1555 608
608 1425
1425 965
965 744
744 901
744 2522
901 1431
1431 1557
1557 233
233 524
524 2474
2474 665
665 889
665 2263
889 147
147 1131
1131 1291
102 1208
1208 1490
1490 457
457 1713
1713 1422
1422 96
96 2578
2578 711
2578 576
711 1382
1382 1027
1027 2573
2573 1617
1617 2037
2037 2114
2114 218
218 441
441 394
394 1022
1022 1500
1500 1510
1510 2579
2579 37
37 297
297 1993
297 371
1993 2263
2263 114
114 1954
1954 372
372 1955
1955 95
95 940
940 189
189 1481
1481 918
918 704
704 415
415 452
452 750
750 1018
1018 642
642 390
390 1439
1439 222
222 2522
2522 1693
1693 1513
1513 2432
2432 2593
2593 1911
1911 576
576 22
22 2356
2356 2314
2314 623
623 176
176 2503
176 553
2503 549
549 1232
1232 1542
1542 185
1542 1499
1542 2283
185 318
185 1792
318 295
295 194
295 247
194 1127
1127 1118
1127 2105
1118 529
1118 1831
529 102
529 2363
2363 447
447 1055
1055 1499
1499 508
508 33
33 1411
1411 553
553 1313
553 1367
1313 1016
1016 371
1016 870
1016 417
371 1776
1776 1844
1844 1202
1202 368
368 558
558 1975
1975 312
312 1156
1156 1344
1156 384
1344 1484
1484 216
216 1413
1413 1738
1738 493
1738 1908
493 427
427 247
247 1531
1531 2342
2342 80
80 31
31 2509
31 923
2509 191
191 1162
1162 1720
1720 923
923 1488
1488 1233
1233 2105
2105 395
395 2283
2283 2347
2347 562
562 870
870 1420
1420 1797
1797 1831
1797 714
1831 1871
1871 1792
1792 1191
1191 2562
2562 971
971 217
217 734
734 331
331 1879
1879 417
417 2408
2408 1106
1106 1592
1592 1012
1012 125
125 422
422 1367
422 2257
1367 863
863 1118
71 2526
2526 254
254 2049
2049 2462
2462 1886
1886 1207
1207 384
384 742
384 480
742 52
742 2349
52 122
122 1404
1404 1132
1404 1803
1132 1908
1908 2221
1908 397
2221 2507
2507 2289
2289 714
714 2310
2310 968
968 1503
968 1705
1503 260
260 90
90 687
687 490
490 196
196 1028
196 2600
1028 397
397 2600
397 1317
2600 1446
1446 829
1446 210
829 11
829 624
11 1219
1219 536
536 624
624 1928
1928 828
828 1105
1105 199
199 1803
1803 1725
1725 544
544 1317
1317 796
796 2257
2257 480
480 2349
2349 1728
1728 2149
2149 574
574 1224
1224 1264
1224 440
1264 273
273 528
273 2268
528 1306
1306 398
398 1563
1563 210
210 1705
1705 1887
1887 1427
1427 2268
1427 2511
2268 2511
2511 1321
1321 2060
2060 1352
1352 2390
2390 2006
2006 3
3 2532
2532 2392
2392 2231
2231 2219
2219 985
985 228
228 1285
1285 683
683 2161
2161 429
429 1255
1255 1945
1945 300
1945 1985
300 827
827 24
827 440
24 1005
1005 2091
2091 772
772 909
909 786
786 2273
786 1950
786 759
2273 859
859 1600
1600 2167
2167 440
440 1643
1643 35
1643 2368
35 668
668 1423
1423 900
900 2272
900 212
2272 1229
2272 2431
1229 76
76 2209
2209 1787
1787 365
365 1961
1961 521
521 2457
2457 1727
1727 1985
1727 1726
1985 1205
1205 797
1205 70
797 126
126 1950
1950 2552
2552 2431
2431 1726
1726 38
38 627
38 70
627 2479
627 1698
2479 1611
1611 981
981 1866
1866 1933
1933 1239
1239 344
344 2368
2368 2344
2368 183
2344 1976
1976 2145
2145 986
986 1084
1084 71
1937 1602
1602 2109
2109 751
751 1775
751 586
751 1696
1775 1238
1775 759
1238 307
307 2497
2497 1257
1257 759
759 1946
1946 2372
2372 1311
2372 649
1311 741
741 1941
1941 229
229 212
212 2466
2466 2384
2384 1475
2384 839
1475 326
326 2420
2420 166
2420 1769
166 1698
1698 165
165 1268
165 831
1268 994
1268 593
994 731
731 2336
2336 762
762 472
472 586
586 1483
1483 70
70 1682
1682 1154
1682 1821
1154 2275
2275 875
875 1679
1679 1421
1421 2124
2124 2217
2217 2355
2355 814
814 726
814 2520
726 1821
1821 78
78 1318
1318 1696
1696 2084
1696 1143
2084 774
774 1336
1336 831
831 1669
831 1522
1669 183
183 1769
1769 825
825 456
456 2205
2205 1391
1391 783
783 2435
2435 2063
2063 461
461 839
839 2110
2110 1937
2110 2155
2155 649
649 2520
2520 2575
2575 2191
2191 565
565 1389
1389 1322
1322 882
882 16
16 2395
2395 2315
2315 99
2315 780
99 2496
2496 1126
1126 884
884 862
862 593
862 2412
862 631
593 1785
1785 1867
1867 1835
1835 1038
1835 325
1038 249
1038 1991
249 1895
1895 974
974 1368
1368 220
220 2214
2214 1340
1340 1361
1361 1343
1361 289
1343 1522
1522 2464
2464 1880
1880 2027
2027 2400
2027 1052
2027 1749
2400 633
2400 1583
633 2160
2160 2412
2160 1815
2412 2501
2501 319
319 820
820 1143
1143 1991
1991 2178
2178 973
973 2365
2365 2125
2125 1815
1815 1772
1772 2385
2385 780
2385 2527
780 2195
780 378
2195 1678
1678 2118
2118 2529
2529 57
57 1052
1052 378
378 1736
378 2518
1736 1722
1722 2019
2019 325
325 716
716 1819
1819 483
483 2110
1989 631
631 289
631 2199
631 1
289 903
903 350
350 53
53 1185
1185 1426
1426 2518
2518 1469
2518 259
1469 646
646 2303
2303 766
766 1749
1749 867
867 934
934 1180
1180 2565
1180 341
2565 919
919 485
485 2199
2199 938
938 1192
1192 2335
2335 1515
1515 1345
1515 2305
1345 1583
1583 1890
1890 259
259 2527
2527 1
1 559
559 2157
2157 267
267 432
432 208
208 1618
1618 1070
1070 225
225 382
382 769
769 192
769 2453
192 2370
2370 1794
2370 2142
1794 874
874 2305
2305 1324
1324 2024
2024 756
756 1091
1091 2298
2298 366
366 2585
2585 2201
2201 2147
2147 1451
1451 607
607 1001
1001 130
130 341
341 2173
2173 1511
1511 910
910 1921
1921 477
477 679
477 615
679 1641
1641 1989
1641 2166
2166 320
320 399
399 1771
1771 2254
2254 2177
2177 2057
2057 2101
2101 1388
1388 1331
1388 1034
1331 2248
2248 1034
1034 2569
2569 1694
1694 1094
1094 469
469 1863
1863 175
175 1594
1594 615
615 2453
2453 2142
2142 375
375 2260
2260 848
848 1282
848 2228
1282 2183
1282 812
2183 112
112 470
470 812
812 1942
1942 1195
1195 117
117 143
143 897
143 2103
897 1561
1561 682
682 36
36 2326
2326 1035
1035 1900
1900 949
949 1541
1541 2041
1541 1489
2041 1884
1884 590
590 2341
2341 969
969 2028
969 595
969 1341
2028 2598
2598 235
235 1899
1899 706
706 2014
2014 1902
1902 2053
2053 540
540 694
694 186
186 2228
2228 595
595 2488
2488 1972
1972 362
362 1990
1990 679
1905 2007
2007 119
119 826
826 340
340 2556
2556 1544
2556 754
1544 1826
1826 899
899 224
899 1558
224 979
979 348
348 1487
1487 2068
2068 445
445 2426
2426 1410
1410 1066
1066 942
942 1341
1341 1489
1489 2163
2163 1429
1429 1810
1810 170
1810 2477
170 2381
2381 1686
2381 2159
2381 1615
1686 582
1686 1662
582 2103
2103 1593
1593 1998
1593 992
1998 601
601 1562
1562 2159
2159 73
73 999
73 1875
999 1379
1379 1615
1379 1440
1615 1999
1999 1956
1956 1080
1080 303
303 927
927 1670
1670 2287
2287 487
487 2212
2212 1662
1662 437
1662 1875
437 1045
1045 1875
1045 2340
1875 402
402 2092
2092 937
937 1784
1784 2524
2524 754
754 1111
1111 2416
2416 2477
2477 1042
1042 620
620 2158
620 992
620 2429
2158 992
992 1418
1418 1558
1558 691
691 1337
1337 1435
1435 1398
1398 288
288 1309
1309 1497
1497 1248
1248 1471
1471 2456
2456 2340
2340 795
795 1852
1852 1113
1113 1896
1896 1440
1440 2313
2313 533
533 2429
2429 1310
2429 781
1310 1910
1910 354
354 1505
354 1765
1505 423
423 1072
1072 334
334 68
68 98
98 781
781 535
535 785
535 961
785 514
514 2505
2505 1986
1986 1545
1545 1178
1545 67
1178 306
306 1104
306 1076
1104 2148
2148 223
223 361
361 1901
1901 1076
1901 2225
1076 2402
2402 676
676 2252
2252 1667
2252 2373
1667 1644
1644 1203
1203 2162
2162 1256
1256 2299
2299 703
703 964
964 1547
1547 872
1547 509
872 1157
1157 1967
1967 227
227 2002
2002 946
946 663
946 932
663 178
663 2032
178 509
509 1346
509 1300
1346 1922
1922 1905
2225 1765
2225 1708
1765 822
1765 75
822 237
237 2560
2560 2138
2138 2259
2259 23
23 1051
1051 834
834 343
343 1897
1897 2373
2373 730
730 2452
2452 1299
1299 1493
1493 2032
2032 1581
1581 1706
1706 67
67 932
67 2333
932 152
152 961
961 1071
1071 2516
1071 2022
2516 1829
1829 1552
1552 1226
1226 890
890 275
275 911
911 151
151 352
151 757
352 115
115 75
115 2338
75 488
488 1924
1924 2022
1924 2338
1924 2492
2022 1075
1075 1300
1300 1881
1881 2366
2366 958
958 1307
1307 2338
2338 2090
2090 1338
2090 2599
1338 2132
2132 42
42 1995
1995 330
330 1495
330 2375
1495 148
148 2455
148 2334
2455 1453
1453 757
757 2067
2067 1708
1708 1572
1572 304
304 1789
1789 1994
1994 1252
1252 656
656 1982
1982 2225
1982 2333
2333 2492
2492 864
864 860
860 26
26 1478
1478 1996
1996 2393
1996 743
2393 2442
2442 374
374 131
131 385
385 707
707 525
525 1384
1384 1408
1408 2337
2337 851
2337 1773
851 2375
2375 2025
2025 2089
2025 1438
2089 1630
1630 2123
2123 768
768 883
883 2334
2334 66
66 1006
66 1040
1006 419
419 202
202 1680
1680 743
743 1660
1660 1806
1806 349
349 245
245 548
548 2075
2075 1773
2075 550
1773 1791
1791 2599
2599 1781
1781 1533
1533 311
311 830
830 1438
830 1936
1438 2430
2430 363
363 915
915 2039
2039 2580
2580 261
261 792
261 1936
792 1287
1287 498
1287 1177
498 1709
498 248
1709 505
505 1704
1704 459
1704 537
459 1575
1575 1090
1090 1146
1146 108
1146 2386
108 389
389 855
855 476
476 1982
105 1040
1040 907
907 953
953 1234
953 1135
953 2398
953 79
1234 1764
1764 265
265 1906
1906 2143
2143 545
545 1135
1135 1801
1801 355
355 802
802 370
370 537
537 550
550 248
248 2001
2001 2398
2398 2547
2547 2481
2481 2300
2300 2339
2339 1109
1109 1124
1124 1936
1936 1417
1417 1060
1060 1125
1125 2317
2317 1177
1177 1079
1177 1406
1079 50
50 2386
2386 262
2386 1386
262 410
410 351
351 2206
351 804
2206 2468
2468 2288
2288 1169
1169 2129
2129 1459
1459 1650
1650 79
79 1412
1412 1585
1585 609
609 403
403 1587
1587 2413
2413 270
2413 1889
270 6
6 1168
1168 664
1168 737
664 1315
1315 511
511 4
511 180
4 1290
1290 594
594 1502
1502 111
111 1056
1056 599
1056 387
599 1020
1020 41
1020 155
41 105
41 702
702 575
575 501
575 1033
501 2251
501 2111
2251 1137
2251 1347
1137 804
804 1347
1347 503
503 1745
1745 1889
1889 1480
1889 205
1480 2017
2017 1452
1452 737
737 1406
1406 2331
2331 2224
2224 2111
2111 1396
1396 279
1396 2483
279 1174
1174 387
387 180
387 1399
180 1619
1619 1386
1386 988
988 2559
2559 1723
1723 2354
2354 1139
1139 1149
1149 205
205 1249
1249 1399
1249 982
1399 305
1399 1919
305 54
305 2362
54 980
54 2592
980 2119
2119 1629
2119 1845
1629 2592
1629 1220
2592 2545
2545 1668
1668 677
677 745
745 1845
1845 155
1845 684
155 2483
2483 454
454 1033
1033 1217
1033 1625
1217 1357
1357 1766
1766 739
739 1098
1098 2362
2362 1133
2362 1631
1133 88
88 1919
1919 58
58 782
782 843
843 725
725 2525
2525 902
902 1623
902 1535
1623 1020
1623 1295
1631 495
495 1220
1220 2050
2050 82
82 2280
82 824
2280 1625
1625 925
1625 92
925 1466
925 2227
1466 1959
1959 1926
1926 660
660 2112
2112 2519
2519 1044
1044 554
554 1335
1335 2564
2564 2211
2211 1627
1627 824
824 438
438 92
438 810
92 982
982 1843
1843 2194
2194 406
406 1054
406 1163
1054 2482
1054 474
1054 983
2482 840
840 921
921 2546
2546 684
2546 2227
684 2004
2004 1540
2004 1077
1540 972
972 1064
1064 72
72 489
489 2374
2374 1295
1295 1690
1690 172
172 442
442 2055
2055 1701
1701 2227
1701 256
2227 291
291 474
474 572
572 613
613 1535
1535 1462
1462 810
810 1250
1250 616
616 941
941 2204
941 1380
2204 998
998 983
983 1029
1029 1865
1865 256
256 1319
1319 2581
2581 2279
2279 2584
2584 1980
2584 2078
1980 87
87 1817
1817 821
821 116
116 1002
1002 1163
1163 2294
2294 1164
1164 532
532 2005
2005 1868
1868 1949
1949 1873
1949 699
1873 2150
1873 520
2150 2078
2078 1380
1380 2327
2327 1703
1703 1712
1712 19
19 2443
2443 364
364 1077
364 1855
1077 2458
2458 699
699 18
699 2378
18 1855
1855 1100
1100 914
914 614
614 1363
1363 2428
2428 512
512 2557
2557 2165
2165 1796
2165 1210
1796 424
424 2587
2587 2411
2411 1851
1851 401
401 1348
1348 2382
2382 2424
2424 1590
1590 1756
1756 1213
1213 2243
2243 1302
1302 1965
1965 893
893 886
886 2170
2170 2378
2378 1622
1622 396
396 997
997 157
157 1350
1350 2417
2417 520
520 2537
2537 391
391 1201
1201 1631
7 1314
1314 1216
1216 987
987 2102
2102 250
250 956
956 2534
2534 1369
2534 1381
1369 1838
1838 502
502 184
184 301
301 2261
2261 1635
2261 1958
1635 1225
1225 481
481 819
819 1210
1210 1047
1210 1353
1047 2220
2220 761
761 49
49 1671
1671 408
408 504
504 2586
2586 2291
2291 2223
2223 837
837 1842
1842 1788
1788 2242
1788 215
2242 1442
1442 1353
1353 479
479 1538
1538 1654
1538 167
1654 167
1654 93
167 1923
1923 1607
1607 1718
1718 215
215 857
857 1556
1556 1278
1278 861
861 746
746 1958
1958 2140
2140 1858
1858 1729
1729 1675
1675 2134
2134 369
369 1882
1882 924
924 2072
2072 1740
1740 263
263 1373
1373 1381
1381 383
383 93
93 735
735 1758
1758 7
1758 221
221 2168
2168 107
107 342
342 337
337 171
337 1613
171 2543
171 1254
2543 2421
2421 2009
2009 2000
2000 294
294 2475
2475 94
94 2249
2249 917
917 91
91 1186
1186 500
500 833
833 680
680 2441
2441 1173
1173 1997
1997 1275
1275 2016
2016 1465
2016 2308
1465 121
121 1455
121 2284
1455 1570
1455 2405
1570 434
434 1283
434 1528
1283 933
933 1096
1096 2531
2531 1474
1474 1613
1613 1293
1293 360
360 2405
2405 197
197 546
197 2038
546 206
206 359
359 1008
1008 1316
1316 2284
2284 2153
2153 74
74 1263
1263 2250
2250 1920
1920 2328
2328 1948
1948 2538
2538 2308
2308 2003
2003 411
411 1145
1145 967
967 1402
1402 1271
1402 950
1402 1017
1271 1004
1004 1254
1254 2489
2489 507
507 950
950 1758
566 1171
1171 1144
1171 2069
1144 1984
1984 2082
2082 2437
2437 2038
2038 285
285 2192
2192 1359
2192 2083
1359 2108
1359 302
2108 1528
1528 606
606 651
651 2115
2115 1015
1015 2188
1015 1305
2188 1190
1190 1371
1371 2234
2234 1692
1692 296
296 1138
1138 526
526 1973
1973 788
788 655
655 426
426 1479
1479 1876
1876 1571
1571 619
619 302
302 2582
302 1017
2582 1360
1360 2391
2391 1305
1305 1017
1017 1614
1017 1596
1614 2410
2410 2572
2572 681
681 492
492 1039
1039 530
530 547
547 2127
2127 32
32 1957
1957 1624
1624 2433
2433 1763
1763 955
955 2122
2122 718
718 567
567 338
567 568
338 257
257 1274
1274 2054
2054 2179
2179 2069
2069 1121
1121 2302
2302 1393
1393 1245
1245 568
568 566
568 138
138 2083
2083 2487
2487 1767
1767 1179
1179 2
1179 283
2 381
381 420
420 2120
2120 793
793 63
63 392
392 286
286 832
832 2318
832 645
2318 1978
1978 1768
1768 2551
2551 539
539 1390
1390 2500
1390 1573
2500 1757
2500 284
2500 2499
1757 1596
1596 2135
2135 563
563 1573
1573 174
174 1612
1612 1560
1560 1805
1805 2325
2325 2444
2444 321
321 443
443 555
555 2044
2044 1520
1520 1123
1123 284
284 1134
1134 198
198 1199
198 1891
1199 473
473 309
309 430
430 959
959 2198
2198 1460
1460 1903
1903 1774
1774 2544
2544 1971
1971 1672
1672 2113
2113 2062
2062 1888
1888 494
494 283
283 190
190 1394
1394 807
807 993
993 645
645 2499
645 2515
2499 56
56 1245
2345 784
784 948
948 323
323 856
856 2498
2498 581
581 1061
1061 639
639 149
639 2304
639 230
149 1067
1067 1939
1067 635
1939 154
154 1586
1586 1770
1770 818
818 2030
818 276
2030 1167
2030 1550
1167 954
954 2093
2093 436
436 353
353 336
353 60
336 1891
1891 869
869 1824
1824 675
675 1159
1159 1877
1159 1212
1877 951
951 377
377 425
425 1647
1647 276
276 64
64 2304
2304 629
2304 1870
629 1741
1741 1589
1741 1799
1589 135
135 2485
135 1977
2485 1464
1464 316
316 1799
1799 534
534 2515
2515 142
2515 2238
142 2139
2139 2216
2139 1212
2216 1834
1834 293
293 1931
1931 1187
1187 1732
1732 1231
1231 317
317 1212
1212 2597
2597 605
605 2419
2419 1604
1604 230
230 1165
1165 1241
1241 635
1241 1837
635 113
113 657
657 1277
1277 1550
1277 1082
1550 405
405 1822
1822 77
77 60
60 2117
2117 1597
2117 765
1597 898
898 686
686 253
253 906
906 281
281 1870
1870 404
404 1862
404 2295
1862 1014
1014 2461
2461 2238
2461 648
2238 1977
1977 1730
1730 2377
2377 1507
1507 2226
2226 628
628 2353
2353 2493
2493 163
163 838
838 1595
1595 2348
2348 1494
1494 1448
1448 2295
2295 1074
1074 2210
2210 1097
1097 2190
2190 1715
1715 1355
1355 1082
1082 2418
2418 127
127 935
935 1161
1161 552
552 696
696 1155
1155 1237
1237 765
765 671
671 28
28 1665
1665 1837
1837 2369
2369 2591
2591 583
583 466
466 2450
2450 1551
1551 204
204 1447
1447 1869
1869 517
517 448
448 2345
2343 1292
1292 2504
2504 648
648 1444
1444 373
373 2539
2539 2270
2270 1227
1227 2320
2320 527
527 2236
2236 622
622 1860
1860 1247
1247 1751
1751 1508
1508 129
129 1358
1358 460
460 1559
1559 571
571 1023
1023 407
407 1800
1800 2401
2401 1010
1010 846
846 2040
2040 158
158 1783
1783 2070
2070 1153
1153 1759
1759 298
298 926
926 1294
1294 1415
1415 251
251 339
339 2169
2169 2189
2189 2360
2360 193
193 2447
2447 1297
1297 2343
1297 252
252 1579
1579 1498
1498 1580
1580 1721
1721 1737
1737 764
764 2184
2184 2036
2036 2590
2590 1651
1651 692
692 2521
2521 1246
1246 453
453 255
255 12
12 1913
1913 2136
2136 1681
1681 749
749 1218
1218 975
975 960
960 2571
2571 640
640 2146
2146 713
713 723
723 69
69 449
449 2292
2292 658
658 2301
2301 816
816 2322
2322 868
868 1215
1215 693
693 412
412 1286
1286 1068
1068 1814
1814 2467
2467 2495
2495 847
847 1297
436
368
328
206
295
300
218
202
75
326
303
353
81
317
278
53
371
305
218
446
74
388
273
347
297
231
72
259
148
358
327
305
307
127
223
198
411
374
365
169
98
220
375
409
412
122
235
165
134
88
77
97
186
370
280
165
207
136
434
408
73
80
377
318
250
382
328
170
260
246
192
143
219
199
142
394
306
254
218
243
202
385
131
338
75
312
374
222
173
68
372
222
232
200
342
428
376
68
166
145
420
156
405
414
75
300
344
243
215
401
296
106
416
143
348
341
329
173
250
409
437
152
256
63
168
231
160
395
257
364
386
352
208
84
78
263
426
431
397
200
212
68
180
194
433
172
126
241
148
123
328
83
248
185
239
312
213
326
209
166
208
146
184
219
67
66
415
162
251
221
445
443
185
335
332
108
351
310
176
437
308
313
339
298
166
258
301
185
226
354
396
183
95
408
69
391
302
89
415
343
384
153
347
67
361
225
414
232
289
296
241
333
130
274
378
94
284
305
413
261
53
357
341
326
184
449
202
294
405
417
61
180
53
252
187
248
252
184
414
95
291
224
408
182
414
121
389
231
222
113
215
94
134
362
340
190
197
168
245
337
169
300
379
241
196
379
133
307
241
254
126
198
437
428
194
128
323
175
405
256
250
121
308
336
427
156
138
419
216
62
273
431
84
223
173
249
167
170
182
332
380
418
353
298
358
308
204
53
442
322
190
420
176
241
295
383
250
270
137
362
403
301
340
338
194
57
387
150
166
340
319
359
339
351
149
429
405
303
432
106
225
249
184
130
331
318
101
358
53
135
273
294
402
51
158
127
69
392
186
60
346
425
111
310
301
141
205
187
245
365
114
128
250
62
232
393
62
230
144
239
419
213
434
306
313
442
369
233
209
86
321
338
376
63
403
394
228
120
226
398
185
404
279
234
329
172
355
221
439
55
410
343
227
248
158
100
273
363
72
193
438
346
255
234
301
132
366
438
246
333
266
328
332
102
281
175
401
290
160
401
70
87
441
308
281
330
396
386
359
153
366
149
101
321
387
400
356
396
60
293
300
234
228
248
361
182
178
51
219
77
439
159
423
191
330
139
104
177
104
333
284
388
338
65
214
360
303
191
418
68
330
318
157
190
309
198
248
303
197
92
172
111
187
81
172
171
102
204
173
158
304
346
149
225
203
387
116
317
267
225
332
312
241
186
241
69
264
266
403
117
388
327
206
337
300
346
279
249
376
239
159
408
186
140
237
97
131
147
292
226
325
202
107
289
296
81
214
168
186
214
230
66
257
224
314
284
398
314
424
80
225
352
250
359
360
65
403
262
118
360
209
112
199
250
376
54
90
210
179
410
137
196
358
346
308
186
250
276
63
267
330
195
273
449
358
160
381
179
86
348
287
76
322
106
75
104
322
408
275
238
64
230
283
99
259
316
366
121
397
276
375
330
152
374
366
398
203
131
84
79
302
128
73
196
282
382
393
407
64
413
246
447
302
90
381
340
374
298
148
309
79
388
259
60
223
97
328
357
418
439
386
388
280
222
305
402
333
375
314
317
218
205
391
92
390
158
331
246
175
222
257
267
200
281
260
316
285
116
230
127
59
146
445
369
78
358
105
291
270
122
255
162
359
102
207
246
60
280
79
265
418
404
176
151
352
297
391
291
447
385
438
260
55
167
218
109
312
400
64
250
403
91
84
373
257
160
405
331
264
138
117
67
407
331
437
74
122
348
420
376
409
438
357
160
285
97
448
306
447
337
298
87
283
342
104
111
421
448
353
313
357
249
54
341
351
285
132
145
424
375
248
410
125
346
354
372
193
228
413
124
391
442
329
129
213
170
276
377
95
244
273
416
288
75
177
92
52
381
382
339
145
63
417
140
431
208
316
58
350
56
320
91
296
273
155
235
368
251
433
348
64
312
353
106
436
298
388
229
422
295
92
311
336
80
63
235
345
136
411
120
368
147
105
347
354
163
391
393
436
75
152
224
168
415
315
234
274
275
386
330
117
446
72
388
183
231
386
187
136
342
306
299
157
63
367
166
77
54
333
171
66
310
245
287
316
321
360
144
53
356
183
251
71
318
273
202
158
305
224
374
182
95
180
94
402
89
390
237
205
96
159
248
181
223
212
340
358
65
193
116
201
405
420
408
340
273
98
126
102
248
393
297
424
250
401
426
442
317
311
335
383
381
196
359
120
278
121
388
329
352
390
216
104
378
238
431
176
185
206
295
216
291
350
51
82
189
311
63
284
308
71
54
415
104
304
362
432
448
293
185
441
146
224
298
404
206
313
390
390
237
130
116
444
223
284
210
89
94
118
417
138
293
160
291
361
386
186
399
82
404
180
416
258
239
237
447
89
310
52
90
117
212
72
92
241
315
154
388
304
53
312
435
284
142
408
401
344
231
334
167
236
291
192
310
55
195
281
150
142
102
141
348
106
390
161
190
70
434
258
306
385
90
121
330
97
310
83
379
197
136
257
186
223
410
83
102
363
226
112
54
115
333
255
410
88
361
244
372
264
427
361
398
374
352
360
68
395
370
428
69
377
110
400
231
446
306
65
53
306
367
109
94
366
118
162
264
100
346
386
102
193
52
98
132
294
72
272
408
447
288
406
318
173
200
293
358
270
261
119
132
237
288
131
353
149
335
127
429
437
255
288
306
229
190
157
288
174
443
338
179
445
271
89
391
168
425
314
151
260
261
82
148
252
361
378
440
169
148
162
338
140
99
405
329
99
192
102
253
311
143
445
446
316
69
270
321
243
60
52
309
130
389
290
344
349
112
383
415
239
226
298
137
112
147
368
202
185
87
155
106
306
349
432
143
377
106
305
76
146
357
359
365
93
236
318
123
76
256
419
379
53
347
201
51
198
152
85
240
308
285
168
196
75
119
212
283
220
175
366
432
289
241
187
394
315
375
317
278
253
373
217
280
431
402
84
439
297
165
438
273
435
195
349
420
443
53
433
82
132
256
250
197
257
309
276
178
231
303
325
425
416
267
138
143
207
337
338
231
363
290
299
386
137
403
66
335
416
105
158
101
442
382
100
249
290
106
117
270
92
110
390
68
368
428
156
385
233
297
414
305
420
134
260
374
358
289
340
396
219
105
134
126
158
295
287
176
190
410
368
248
443
299
55
316
261
68
269
165
311
144
137
275
142
321
421
96
345
423
91
288
398
326
392
252
324
182
446
373
279
101
277
205
250
333
202
444
168
238
62
103
329
66
224
324
88
202
305
103
256
369
150
411
438
439
213
294
74
370
64
389
122
86
346
160
324
329
306
84
232
277
212
114
264
302
447
174
169
202
217
413
220
54
69
197
423
397
241
83
353
400
108
271
69
247
355
200
120
238
263
202
241
192
312
79
288
239
280
360
201
273
148
145
377
123
301
101
386
62
122
218
220
388
284
276
395
436
90
417
187
207
305
89
131
227
153
280
174
287
364
90
268
215
439
374
272
253
380
414
191
359
213
412
346
217
445
333
274
241
287
389
161
72
109
130
201
339
90
303
326
53
332
372
96
155
119
438
292
437
399
190
412
391
424
409
251
207
153
385
330
105
91
157
142
395
336
262
362
78
83
390
137
236
93
381
263
264
261
435
392
239
66
269
145
241
258
413
114
426
283
116
356
420
96
446
391
378
299
252
124
300
250
280
117
296
117
356
294
365
398
83
434
296
182
195
351
103
203
412
165
148
425
55
406
419
123
137
413
168
314
328
210
177
248
279
404
118
378
57
283
82
215
345
166
413
136
256
325
215
199
130
326
95
393
303
114
114
147
338
434
207
409
231
113
301
436
443
365
393
438
231
111
396
330
211
115
150
222
358
340
95
372
313
255
242
331
395
100
442
138
251
421
314
78
360
200
400
202
329
281
143
97
287
428
393
198
351
426
120
241
381
129
187
279
195
209
129
113
328
151
144
340
248
272
212
389
60
392
101
343
408
178
76
238
267
278
343
384
372
425
115
96
356
336
195
411
323
228
135
192
410
153
166
85
442
406
311
422
342
298
300
402
153
202
145
97
341
433
169
216
287
320
360
435
93
92
131
258
268
78
220
231
76
287
230
168
279
128
124
60
416
163
62
348
186
126
416
259
312
175
314
306
126
395
183
388
277
118
250
123
176
288
448
139
199
307
65
413
273
196
371
96
173
302
363
233
184
412
411
368
73
416
134
277
415
438
198
183
58
137
447
102
162
356
70
334
88
128
321
247
385
279
341
364
238
329
191
296
76
157
112
233
440
90
424
348
173
342
138
235
214
362
340
316
322
72
226
345
214
226
391
440
153
240
245
359
385
272
316
444
70
217
331
244
53
160
191
282
418
124
400
52
90
213
141
223
118
257
115
172
273
283
294
375
125
240
213
351
247
215
429
324
91
100
118
115
183
292
111
92
383
269
346
219
365
245
328
174
162
337
449
168
383
434
78
447
169
172
317
438
364
333
432
158
92
197
411
335
430
360
215
176
381
186
256
265
257
226
67
251
151
202
337
425
411
109
439
445
118
187
201
327
151
415
321
111
299
243
259
446
284
56
164
232
192
149
288
302
381
111
307
96
181
313
279
59
413
183
130
350
296
83
119
187
205
435
246
164
270
325
92
392
116
183
139
262
134
370
169
266
305
167
132
123
69
276
69
342
226
85
71
92
342
244
368
398
371
82
188
107
105
394
67
219
416
239
414
133
449
292
385
436
137
301
97
289
188
73
410
214
228
379
368
357
423
313
58
144
138
144
428
306
317
208
321
65
124
401
439
147
379
240
228
179
74
286
60
366
134
323
183
131
275
353
384
308
233
418
234
301
226
379
344
84
408
149
345
145
123
405
152
350
442
114
201
337
226
110
235
221
163
272
175
387
242
86
221
389
199
292
107
379
87
149
160
208
201
109
422
370
333
397
59
160
383
353
77
69
62
308
238
259
276
146
353
159
145
303
297
281
363
377
447
136
447
183
350
193
250
401
180
136
84
208
56
209
79
255
118
393
104
363
251
368
433
198
242
76
332
332
135
235
299
296
144
88
174
314
364
297
213
265
336
361
361
169
94
54
68
59
352
198
161
314
205
78
338
257
244
51
392
92
409
342
441
309
238
436
257
266
379
270
296
107
317
158
352
228
72
185
110
62
225
189
390
338
431
95
120
139
63
141
133
205
432
120
126
369
381
443
298
210
350
202
309
229
284
316
141
284
165
170
197
134
319
79
100
129
59
360
282
69
276
144
184
203
414
162
325
297
187
432
359
110
359
101
91
57
120
91
152
393
254
167
104
54
319
388
447
344
250
109
87
301
394
447
333
59
333
150
54
135
286
266
224
316
270
279
199
79
188
323
68
370
79
202
364
211
262
236
313
311
74
414
419
283
277
331
253
406
377
138
344
416
192
356
304
252
420
216
236
284
123
386
230
345
391
211
95
244
393
79
282
438
436
122
313
387
93
423
309
152
253
71
61
366
170
323
445
294
429
234
300
388
158
52
77
104
104
100
55
117
370
94
195
427
122
371
57
441
276
219
76
69
253
162
325
89
377
349
331
114
409
427
84
374
127
79
68
449
220
332
181
101
438
54
102
290
353
422
228
402
372
265
172
120
436
277
86
157
226
60
411
414
319
217
52
155
109
218
359
109
82
281
404
52
275
292
446
190
144
365
210
238
412
350
183
347
266
192
249
286
248
109
199
179
336
79
54
207
124
401
283
333
257
173
294
51
275
339
103
399
178
137
390
313
97
297
166
362
54
115
442
278
363
334
134
172
300
219
240
421
188
440
447
159
140
156
130
364
313
301
141
330
367
195
165
404
184
330
168
234
120
221
209
341
88
106
98
243
243
254
373
125
68
169
239
94
197
224
320
323
136
408
279
425
282
307
303
273
243
131
315
343
368
134
190
226
285
186
290
778 6
1716 690 2056 1503 166 1967 
