51260
63988
100234
100234
63988
80022
51260
80022
63988
63988
63988
63988
80022
100234
63988
51260
63988
100234
51260
100234
80022
63988
51260
100234
63988
63988
80022
51260
80022
63988
100234
63988
63988
80022
100234
80022
51260
80022
63988
63988
63988
100234
51260
100234
63988
100234
80022
100234
100234
63988
100234
51260
100234
80022
51260
51260
51260
63988
80022
63988
63988
80022
63988
80022
51260
63988
63988
51260
51260
63988
63988
63988
51260
100234
51260
63988
100234
100234
63988
63988
100234
100234
80022
100234
63988
80022
100234
63988
100234
63988
63988
63988
51260
80022
51260
51260
100234
51260
100234
51260
1
1
1
1
1
1
1
1
1
1
1
1
1
1
1
1
1
1
1
1
1
1
1
1
1
1
1
1
1
1
1
1
1
1
1
1
1
1
1
1
1
1
1
1
1
1
1
1
1
1
1
1
1
1
1
1
1
1
1
1
1
1
1
1
1
1
1
1
1
1
1
1
1
1
1
1
1
1
1
1
1
1
1
1
1
1
1
1
1
1
1
1
1
1
1
1
1
1
1
1
