100
189417312 50 97
414080427 91 257
158289546 1988 469762049
14807361 2432 469762049
125986270 3497 469762049
69219952 58 193
186914129 2051 469762049
150507136 33 257
42839848 9980 469762049
283644037 51 97
50238172 10 17
422897183 211 257
116565451 37 193
221921182 105 257
306704057 135 257
254733320 7838 23068673
94483472 8922 469762049
2789777 2494 23068673
90579 73 193
535170775 99 469762049
445530103 23 97
237396958 113 193
427261892 9391 167772161
330603986 11 17
40063709 2823 469762049
392659781 8711 167772161
495201568 1634 104857601
187459594 5615 104857601
164780532 148 193
8461174 7086 469762049
504723169 7495 23068673
248010936 1545 167772161
120101447 8914 104857601
114363376 1101 167772161
312870684 3807 469762049
936203845 3963 104857601
268092814 118 193
11956830 63 257
196231527 1 17
499152575 158 193
134031002 4700 469762049
190280379 7249 469762049
515585308 4682 104857601
244979206 9245 469762049
123902283 168 193
530181892 10 17
882296628 3 17
232224558 83 97
14631833 173 23068673
326807482 26 97
814608851 7140 104857601
266456283 1 17
331370780 844 469762049
441505117 245 257
116333399 72 97
165913405 3380 469762049
142276988 4335 469762049
615065553 2866 167772161
255950281 64 97
282396713 2230 469762049
2916566 86 97
79352030 46 193
335011708 5419 104857601
46815020 163 257
255730279 8993 469762049
262247970 4742 104857601
489160655 5317 469762049
38542401 207 257
353230642 79 257
117847553 4677 469762049
48055752 127 193
671331840 9686 23068673
124009954 709 469762049
470445184 6297 23068673
132742087 176 193
288003464 9827 469762049
285948268 3635 167772161
15798266 140 193
299129591 8810 469762049
291063419 196 257
125678732 3859 104857601
215019233 2 17
646813686 2784 469762049
494583317 173 193
33335368 738 469762049
11888378 94 97
716877211 2037 469762049
287031826 76 97
32084284 5236 104857601
72173969 153 193
101262897 40 257
114367849 6605 23068673
426661159 211 257
146700627 21 97
257207826 5918 469762049
574475572 110 193
3855929 6999 469762049
762969589 14 17
202842456 16 17
427172133 133 257
