100
135813122 5933 23068673
394408501 7495 469762049
829649638 68 97
216999206 3189 167772161
187964271 8100 104857601
779994766 91 97
118545955 9782 469762049
342467092 1108 469762049
18902579 9 17
540280842 61 97
346746992 2843 469762049
417765937 156 257
649207035 49 257
135554317 2829 104857601
28453149 30 193
53528334 134 193
135982411 4671 104857601
97718132 35 97
118009521 107 193
168430108 3809 104857601
146482323 3715 104857601
467952466 109 257
69979119 5542 167772161
272796305 58 193
929755252 720 469762049
124215850 72 97
411803481 1856 469762049
93709002 7708 469762049
91930448 1327 23068673
161557092 99 257
10877147 7148 469762049
4356755 195 257
272958931 51 257
837844392 191 257
129249455 1966 469762049
623860234 9607 469762049
393048308 1644 469762049
328768096 699 469762049
229767269 21 193
548116103 1510 469762049
15744430 5215 167772161
101402547 4527 469762049
604168546 11 17
288126319 146 257
71187388 4 17
134852899 871 23068673
534215591 170 257
28524768 4893 167772161
183240454 33 97
345821805 9714 469762049
152434230 5792 469762049
252378825 2002 469762049
135530967 760 469762049
60255326 75 193
925084386 230 257
354826941 181 257
12342816 12 97
38378665 9447 104857601
590467108 61 257
28553976 9917 104857601
394291007 4553 469762049
241568916 224 257
143214263 185 193
427260830 9552 469762049
725623936 4 17
28789933 1 97
210071828 1522 104857601
311420248 223 257
690303167 687 104857601
207507440 2 17
91080707 3655 469762049
204683851 5107 167772161
214209759 65 97
35471477 1317 104857601
206427167 8374 469762049
51514259 216 257
430657015 1350 469762049
30770938 7153 469762049
157814311 186 193
154293453 25 257
487257947 66 193
638172788 6560 469762049
187970904 9683 469762049
27162729 1868 104857601
555067621 364 23068673
412413519 2196 469762049
273930940 8924 469762049
31429277 3855 167772161
121208810 40 97
9215848 2878 167772161
172832750 24 257
251441253 4337 469762049
34485039 3732 104857601
50104598 1185 104857601
168231316 733 469762049
377145579 181 193
732335329 6679 23068673
133104183 9988 469762049
202099884 8886 104857601
194395878 4469 469762049
