>>>    1    1    1
>>>    2    2    2
>>>    3    3    3
>>>    4    3    1
>>>    5    4    4
>>>    6    4    2
>>>    7    4    1
>>>    8    5    5
>>>    9    5    3
>>>   10    5    1
>>>   11    5    2
>>>   12    6    6
>>>   13    6    1
>>>   14    6    4
>>>   15    6    2
>>>   16    6    1
>>>   17    6    3
>>>   18    7    7
>>>   19    7    1
>>>   20    7    2
>>>   21    7    5
>>>   22    7    1
>>>   23    7    3
>>>   24    7    2
>>>   25    7    1
>>>   26    7    4
>>>   27    8    8
>>>   28    8    1
>>>   29    8    2
>>>   30    8    3
>>>   31    8    1
>>>   32    8    6
>>>   33    8    2
>>>   34    8    1
>>>   35    8    4
>>>   36    8    3
>>>   37    8    1
>>>   38    8    2
>>>   39    8    5
>>>   40    8    1
>>>   41    9    9
>>>   42    9    2
>>>   43    9    1
>>>   44    9    3
>>>   45    9    4
>>>   46    9    1
>>>   47    9    2
>>>   48    9    7
>>>   49    9    1
>>>   50    9    3
>>>   51    9    2
>>>   52    9    1
>>>   53    9    5
>>>   54    9    4
>>>   55    9    1
>>>   56    9    2
>>>   57    9    3
>>>   58    9    1
>>>   59    9    6
>>>   60    9    2
>>>   61    9    1
>>>   62   10   10
>>>   63   10    3
>>>   64   10    1
>>>   65   10    2
>>>   66   10    4
>>>   67   10    1
>>>   68   10    5
>>>   69   10    2
>>>   70   10    1
>>>   71   10    3
>>>   72   10    8
>>>   73   10    1
>>>   74   10    2
>>>   75   10    4
>>>   76   10    1
>>>   77   10    3
>>>   78   10    2
>>>   79   10    1
>>>   80   10    6
>>>   81   10    5
>>>   82   10    1
>>>   83   10    2
>>>   84   10    3
>>>   85   10    1
>>>   86   10    4
>>>   87   10    2
>>>   88   10    1
>>>   89   10    7
>>>   90   10    3
>>>   91   10    1
>>>   92   10    2
>>>   93   11   11
>>>   94   11    1
>>>   95   11    4
>>>   96   11    2
>>>   97   11    1
>>>   98   11    3
>>>   99   11    5
>>>  100   11    1
