1000 1000
261
361
425
446
510
533
636
655
827
838
961
1097
1159
1204
1417
1528
1575
1652
1768
1810
1820
1843
1862
1874
1964
2137
2214
2331
2343
2345
2420
2475
2646
2651
2655
2854
2917
3017
3026
3082
3202
3258
3286
3450
3483
3595
3730
3847
3848
3896
4042
4056
4094
4105
4150
4189
4212
4305
4356
4372
4523
4537
4541
4610
4657
4687
4696
4734
4959
4997
4999
5149
5159
5176
5240
5258
5283
5288
5306
5351
5366
5383
5420
5663
5706
5722
5742
5788
5934
5957
6124
6223
6230
6261
6334
6353
6375
6388
6588
6718
6724
6729
6733
6808
6859
6897
7008
7090
7182
7369
7443
7452
7465
7511
7522
7572
7600
7625
7631
7787
7881
7895
7896
7930
7951
7961
8223
8309
8382
8450
8509
8512
8662
8815
8834
8855
8865
8902
8916
8960
9221
9278
9319
9362
9521
9611
9631
9664
9707
9786
9910
10081
10092
10129
10195
10233
10236
10676
10700
10761
10762
10914
10968
10994
10998
11119
11125
11136
11138
11242
11258
11412
11452
11525
11608
11780
11984
12053
12068
12214
12231
12375
12395
12433
12444
12505
12593
12614
12615
12673
12715
12803
12884
12927
12940
12999
13001
13049
13069
13082
13250
13277
13385
13475
13486
13547
13792
13798
13821
13822
13846
13860
13874
13929
13976
14047
14052
14151
14212
14216
14250
14303
14316
14366
14415
14434
14454
14533
14827
14852
14932
14967
14988
15053
15065
15129
15240
15273
15274
15338
15353
15365
15437
15444
15689
15733
15776
15872
15939
15950
15983
16062
16209
16213
16214
16291
16355
16377
16390
16454
16476
16482
16612
16673
16737
16738
16773
16854
16891
16895
16941
16978
17029
17150
17209
17240
17249
17329
17348
17450
17457
17576
17633
17684
17710
17717
17775
17795
17828
17838
17913
17918
17925
17944
17980
18020
18031
18293
18377
18516
18518
18600
18614
18693
18914
18995
19069
19070
19171
19198
19198
19252
19340
19350
19384
19485
19495
19578
19615
19680
19700
19800
19801
19840
19884
20031
20056
20068
20073
20106
20147
20154
20186
20241
20248
20333
20357
20382
20451
20509
20566
20566
20573
20573
20602
20666
20674
20691
20697
20737
20755
20845
20899
20941
21067
21121
21160
21217
21254
21271
21341
21345
21361
21470
21545
21770
21790
21816
21873
21890
21900
21921
21930
21947
21978
22198
22245
22246
22257
22267
22339
22391
22461
22500
22574
22621
22683
22714
22852
22853
22921
22935
23014
23121
23344
23393
23413
23470
23539
23542
23566
23686
23780
23874
23889
23978
23989
24138
24183
24389
24467
24470
24539
24670
24688
24741
24791
24824
24916
24921
24932
24982
25058
25123
25129
25139
25186
25453
25503
25680
25692
25715
25717
25799
25828
25928
25993
25996
26009
26093
26127
26187
26208
26243
26357
26610
26654
26656
26760
26776
26790
26909
27005
27021
27051
27098
27177
27182
27243
27310
27468
27472
27483
27656
27793
27865
27923
27962
28227
28264
28285
28347
28417
28419
28458
28482
28627
28672
28685
28707
28709
28737
28790
28821
28867
28975
29056
29071
29100
29119
29173
29201
29395
29410
29421
29505
29544
29556
29574
29575
29609
29655
29855
29893
29929
29934
29946
29953
29995
30073
30199
30242
30250
30316
30333
30341
30348
30448
30507
30510
30556
30577
30586
30657
30690
30713
30729
30749
30866
30910
30948
30980
31021
31091
31097
31150
31240
31261
31302
31302
31372
31588
31622
31720
31736
31768
31797
31797
31803
31830
32033
32064
32185
32370
32408
32431
32548
32563
32566
32571
32636
32694
32772
32783
32879
32887
32915
33033
33162
33249
33284
33506
33657
34081
34224
34627
35199
35572
35621
35753
35839
35891
36604
36653
36727
37387
37607
37632
37811
38067
38123
38246
38334
38663
38846
38953
39203
39278
39835
39897
40791
41196
41271
41955
42018
42567
43729
45170
45187
45461
45709
47571
47873
48123
48332
48591
48968
49661
49842
49865
50736
51076
51132
51469
52231
53044
53709
55497
57147
57506
57593
58005
58372
58626
59966
60336
60817
61636
61735
61982
63457
63568
66626
67499
67812
68991
69322
69579
69977
70613
70949
71457
71842
71851
72028
72084
72583
73369
75956
77527
78180
78247
78433
80218
80303
80421
80817
81740
81754
81775
83723
84026
84737
86341
87063
87650
88781
89104
89464
89912
90033
90126
90944
90971
92084
92097
92107
94098
94172
94362
95294
95512
95881
96407
96964
97183
97933
98713
99272
99281
99565
99833
101447
102128
102350
102537
102837
103088
103475
104631
105089
105458
106201
106214
106383
108646
108789
109617
109907
110140
110295
110529
111762
112083
112774
112803
113042
113228
114834
116305
116440
116958
117011
117725
117893
119247
119373
119754
120275
121140
121141
122764
122871
127902
128276
128408
133647
142362
143624
144483
150162
151702
153230
153995
154474
169071
179468
189242
204946
205350
207820
219257
241380
243268
254464
256256
267800
271615
286453
295766
298139
298600
302025
303924
319539
323849
331054
331103
334245
343584
360709
361105
377771
379415
387903
404713
408905
410545
414843
427721
439756
454160
455463
456714
468519
469844
470751
476792
479652
485397
486172
488383
489118
491204
493300
498522
500974
506337
517317
519643
519878
523194
540520
546878
551123
551864
556278
578761
589849
596943
597043
607205
614085
615730
618747
638763
639794
640385
646296
658868
662096
668960
676387
683240
691160
691462
702513
711334
719636
733907
735919
736155
741705
742702
753646
755148
756375
772108
773633
782728
787005
792320
797858
812223
819109
820394
823280
830639
837193
850755
864660
868191
869777
871112
890756
916358
916675
928571
930779
942351
946404
953297
958499
967720
982578
982674
985260
988504
992066
994275
1007083
1010019
1013753
1083792
1250807
1288825
1300763
1415399
1431004
1460630
1573681
1622040
2016952
2048070
2121403
2154330
2163412
2194572
2209304
2211491
2220513
2326204
2413175
2498447
2555124
2573968
2728455
2758002
2821969
2834635
2839567
2866984
2894024
2913893
3073018
3087321
3108053
3149243
3238115
3272276
3295650
3375556
3432532
3484411
3538259
3554423
3703935
3719317
3802220
3848381
3978260
4005585
4098386
4156656
4240562
4294241
4359406
4389031
4394456
4401353
4416547
4425794
4489634
4655825
4696131
4789019
4916106
5230127
5271676
5313021
5351511
5354426
5412719
5507997
5754241
5809266
6068539
6630640
6687428
6885544
6956023
7007638
7015997
7100504
7143403
7182281
7194404
7301962
7358028
7439770
7618794
7729881
7746153
8263762
8287243
8390532
8432339
8443917
8512873
8536126
8622854
8736523
8739148
8765401
8773872
8784182
9136109
9139625
9164407
9423055
9427171
9437297
9448973
9469890
9535215
9573623
9642814
9709967
9759522
9968218
1 4
6 876808
5 60920
3 453
4 5780
7 2328608
2 18
3 200
1 8
4 8028
4 8756
2 85
1 6
7 3513708
5 69670
6 220694
7 8080498
6 103675
7 5118930
6 854097
5 52152
4 1860
4 1140
5 24496
3 143
7 2309380
6 173889
3 200
1 5
1 8
2 62
4 2928
1 8
2 40
7 1734876
6 588928
7 1748313
5 79162
3 584
4 9600
1 1
2 68
1 6
3 580
7 1124132
5 99580
4 1072
4 4125
1 6
3 725
2 42
2 87
4 1456
5 40860
7 5083052
6 211008
4 8012
2 50
6 103260
2 56
3 880
7 9589887
4 5438
6 139613
1 1
4 2414
6 706640
7 4848820
7 4263584
1 1
2 64
5 82056
5 71620
4 9901
5 17544
7 1246126
1 1
3 172
2 12
7 5480061
6 176424
6 680724
7 1351140
5 57860
1 2
5 60880
3 356
1 2
7 3664280
3 112
3 387
2 84
3 902
6 170910
7 9659392
4 4332
7 7206375
3 775
7 7973824
6 326344
5 91236
2 16
1 7
2 12
2 34
2 32
5 67404
7 4335232
1 4
5 30870
1 1
5 11484
2 80
3 430
6 781136
4 2605
5 48992
6 958528
3 592
3 888
6 141180
5 95560
6 281780
4 1250
1 1
3 755
5 46986
6 192260
1 4
6 488920
2 24
1 1
5 10064
3 190
3 872
7 8434544
4 8088
4 4598
3 308
5 63772
7 5921190
6 642122
7 7042236
6 876532
7 9979733
3 935
4 6915
4 1104
1 2
1 1
4 2526
5 23012
3 439
5 44788
6 624880
1 2
4 3724
3 970
6 526391
1 8
1 8
4 9948
4 1100
4 7938
3 456
5 57610
4 6858
4 1519
1 1
4 1618
3 176
2 50
7 1747564
1 1
7 4034344
1 5
6 765610
5 78020
5 33546
4 7609
1 1
4 5400
1 3
6 313805
1 1
3 648
4 5312
7 2171130
6 298920
2 10
2 84
5 65972
7 8128793
1 1
5 96517
5 89389
1 1
5 13788
6 101116
1 6
6 853385
6 973304
2 94
5 32540
1 8
6 451803
7 1460398
7 1781667
5 46922
3 132
5 52274
3 336
7 6909355
5 40583
2 11
2 50
7 2219968
3 440
7 1002576
6 936424
2 86
3 448
5 92002
3 876
1 1
2 36
3 200
6 395920
5 85475
1 7
4 8320
6 397004
5 21850
3 554
3 860
2 76
2 28
2 15
4 7314
7 1739367
5 85112
4 1674
7 7177380
1 2
3 100
1 9
2 53
4 3480
3 224
5 11961
3 695
3 583
4 8870
4 8230
1 8
7 6828607
6 567738
2 75
1 3
3 264
3 659
2 46
4 2265
7 6231080
7 9911760
2 32
7 3444128
2 25
4 4385
3 500
4 2371
5 48482
5 55752
1 2
4 6172
7 6427708
2 95
6 967050
6 609883
1 1
6 781803
3 100
4 8725
2 81
3 440
6 431582
5 15782
4 1516
3 904
6 980772
2 80
3 785
7 3226436
2 85
6 639269
2 60
5 75760
7 8194375
2 95
6 167735
7 9721420
5 27109
4 5662
4 7758
4 1520
6 121230
7 8054109
4 7024
6 330880
7 2658180
3 944
5 11679
7 1856412
3 464
7 3112876
2 24
2 11
3 776
4 5405
4 5338
7 8878256
5 39232
4 1480
4 7750
4 4637
7 5177199
4 7528
5 86736
5 28011
2 12
2 90
3 827
2 16
6 394032
7 1007002
4 3836
3 180
6 870631
7 6332850
2 77
3 255
3 648
2 74
7 1267002
3 659
2 27
4 8280
2 92
4 2030
1 7
4 6392
4 7834
7 3563963
4 2819
6 643670
4 4439
6 954756
7 8259812
2 16
6 252685
2 76
7 1258020
2 62
2 96
5 19921
6 365206
3 772
1 8
1 7
4 8862
7 4976000
1 6
3 442
6 134796
3 710
5 19468
4 4000
3 239
5 64072
1 6
7 5337762
4 7648
4 9260
5 45795
6 576812
6 578674
3 124
2 38
3 772
1 6
6 851607
7 7026661
4 7264
5 86200
5 72158
5 57170
1 1
7 1522925
7 8365208
7 6639570
2 28
5 19906
1 5
3 870
3 928
2 27
4 1672
2 30
7 1871722
7 1746416
4 8300
3 267
1 1
2 19
4 1750
5 70072
2 12
3 133
3 140
4 1556
5 41063
2 84
5 29574
6 556726
1 8
5 62400
6 154450
1 1
4 8189
7 2395952
7 1552100
6 784496
1 2
3 556
7 1112288
7 8133996
4 4734
6 907700
3 105
6 193760
2 46
7 1482760
2 10
3 600
3 318
3 584
7 4558832
5 23990
6 275000
4 1736
7 7003991
7 1843632
4 7389
5 18595
4 2395
5 94976
3 100
7 4992710
1 4
6 711125
5 38448
2 19
3 453
5 99248
4 4056
4 5677
6 467260
6 337230
2 62
7 4669482
1 6
6 327993
5 70452
1 3
4 9170
6 882792
2 32
7 7743451
2 96
4 1100
6 177910
3 264
5 11626
6 154154
2 50
7 7108960
4 5510
2 40
2 54
4 9415
4 7311
3 484
6 163278
5 77064
3 847
7 1399650
2 11
3 250
3 544
1 1
7 2429213
6 654096
2 68
2 32
1 2
7 5131844
1 8
7 2185960
6 968749
6 313727
1 4
6 149025
2 18
7 5702325
6 113962
7 2785828
6 699570
6 802370
2 68
7 7263175
5 56235
6 808769
1 3
3 241
4 8012
6 267360
7 8365949
6 250995
2 58
3 938
1 6
6 487030
6 608018
7 9899400
1 1
5 51642
7 4936180
4 4405
2 33
2 94
4 7030
2 88
7 8099744
7 5076952
3 200
1 3
5 88640
7 4421677
5 50425
5 23163
7 3725225
4 9780
4 8792
5 14424
5 78250
1 5
1 8
6 338912
5 71875
6 150515
2 75
4 1984
4 9654
2 86
1 1
7 8002288
6 283900
3 296
2 92
2 74
7 5931250
2 91
6 218630
6 153630
7 1866857
5 12020
3 767
1 8
1 4
3 751
2 12
4 7219
5 52328
4 5420
1 5
7 5699591
3 110
3 640
1 4
6 389970
4 4648
1 2
2 92
4 4992
7 3294166
5 33884
6 811998
5 45315
3 997
6 232785
1 7
6 489110
3 690
4 2028
5 67412
4 2471
4 6564
5 12861
3 151
4 2458
3 100
1 2
6 358440
3 908
4 7368
5 95234
1 3
6 557040
5 41642
4 7325
3 570
6 488450
2 58
3 172
7 7608596
6 378825
4 9212
7 6692376
1 6
5 21060
6 255768
3 163
5 68000
6 912008
3 437
5 17736
5 72363
3 489
3 660
3 170
5 85153
2 19
3 916
5 77296
7 6205926
1 1
3 960
4 6972
4 1600
6 764750
4 5136
2 60
1 2
1 9
1 8
6 494914
3 180
5 35616
3 800
4 2992
2 82
1 5
3 530
4 4712
3 624
7 1634350
6 703876
2 25
1 6
7 3780004
7 4196920
5 85996
3 616
1 1
1 8
7 8137725
7 7942170
7 3046772
1 4
7 5546349
3 300
7 1620838
2 18
7 2503552
2 10
1 6
4 6024
2 10
6 569645
1 6
5 34099
5 46422
1 4
6 229568
3 737
6 436173
4 3190
1 1
5 16719
1 6
7 7716431
5 56000
5 63736
3 220
4 2172
7 9262336
7 2725556
5 99032
2 20
3 155
4 1207
5 86818
4 5620
1 3
2 62
6 153164
7 8861780
3 192
3 200
6 110362
6 838768
5 72972
2 56
4 1860
6 923126
3 532
6 195126
5 61807
7 8127891
3 708
2 74
6 186976
7 3749720
7 6362577
6 565424
3 924
2 20
2 64
6 245576
4 3206
7 2154388
2 44
3 240
3 860
7 1280256
6 438756
2 17
7 5920330
7 8686396
4 4278
2 46
2 45
6 972500
3 140
2 57
5 49704
7 6795750
4 9012
3 120
5 76424
5 33000
5 84912
5 49496
7 5028742
7 2085986
5 11420
7 9840860
1 6
7 2828550
6 881622
1 1
3 322
4 8660
5 14312
7 5169936
7 3746188
4 9722
4 2450
3 118
4 2901
4 4838
1 8
7 9158734
7 2094591
3 164
1 9
7 9637280
3 117
5 13908
7 6012792
4 3272
4 6820
2 80
1 1
7 7607181
3 400
2 28
4 1256
5 97336
5 96147
2 58
1 2
4 5760
4 4409
5 17620
7 2923358
2 80
3 984
7 1574952
3 480
5 27552
2 12
4 5770
3 506
2 87
6 182144
5 76770
4 4975
4 1375
7 8221266
7 1497642
4 2976
5 16000
4 2579
2 80
5 99424
5 83633
7 5380818
3 328
2 10
5 11365
6 532250
5 69906
6 602958
2 70
2 12
7 6220416
5 54738
1 1
2 88
4 4904
3 320
3 196
5 12295
7 3285976
1 2
2 63
3 620
3 689
7 4260218
1 1
6 899872
4 8800
1 6
1 1
4 1994
4 5580
7 1956240
1 1
2 10
4 3840
2 24
1 1
5 48969
3 155
2 98
5 36557
7 5086322
2 10
2 84
2 10
7 1068296
7 1413844
3 277
5 31035
5 50960
6 467874
1 4
5 58868
2 16
7 5530625
3 852
3 376
4 1424
3 307
6 432987
1 2
2 31
2 16
1 6
4 2972
2 40
4 8020
4 1955
4 4935
6 121437
6 158692
5 58496
6 904276
3 670
7 5404965
1 4
4 7380
6 433704
7 3908557
7 5795307
1 1
2 16
3 856
1 1
4 8800
1 1
3 696
3 700
5 76930
4 3092
4 5612
6 781590
6 639680
4 4914
1 8
3 349
6 510856
7 1247942
6 484547
3 150
2 70
4 9413
6 501760
4 3589
1 4
5 85721
6 367934
3 288
3 175
2 68
5 55220
7 1368708
5 65660
2 37
5 13640
1 1
3 570
6 155280
4 6822
1 3
4 2842
2 30
2 80
3 136
4 3717
5 72412
5 12944
6 401312
3 868
1 1
5 53284
7 8653992
3 760
5 14751
1 7
5 55161
7 2520825
6 824160
2 72
5 45739
5 50000
7 8276544
5 77517
7 1113911
1 3
4 8893
5 38560
4 6324
7 8276210
7 3224250
5 51040
4 2510
6 165136
4 6438
1 1
2 77
7 9770625
6 277728
2 14
2 48
6 768904
4 6867
1 3
7 7141760
6 949440
3 750
4 5758
5 97710
7 7647979
5 11976
1 1
6 858764
2 56
3 346
