131154
-1
-1
-1
6750274
-1
26448
4845600
767516
46336
-1
700110
-1
-1
-1
-1
-1
-1
3415
5624
6728678
70501
-1
-1
176242
2777988
-1
220160
284676
70501
440393
70501
-1
-1
-1
-1
26448
46336
1325914
70501
2348480
-1
-1
5624
-1
-1
9300875
3686231
-1
-1
-1
8377844
3915911
-1
-1
-1
-1
220160
-1
-1
261250
1325914
-1
-1
3415
4861051
-1
-1
74628
220160
434839
-1
-1
26448
5624
1882461
70501
-1
-1
-1
3415
-1
2611904
26448
-1
440393
5624
-1
1932163
-1
-1
1918364
-1
70380
176242
-1
2846106
5624
2215958
-1
-1
-1
-1
176030
-1
-1
46336
-1
-1
-1
46336
-1
-1
-1
-1
-1
-1
-1
-1
-1
-1
-1
-1
-1
70501
778968
-1
-1
-1
-1
-1
-1
6209812
-1
-1
-1
130488
176242
-1
-1
-1
26448
-1
-1
26448
5624
-1
46336
3539840
-1
-1
1022623
-1
-1
-1
434839
-1
-1
5624
-1
3415
-1
5624
3415
5489152
7602200
-1
-1
-1
-1
-1
-1
110640
-1
176242
-1
-1
-1
941744
26448
-1
-1
70501
70501
3827
-1
-1
2162112
5473126
3415
9300875
1553313
-1
4863840
-1
-1
-1
-1
-1
-1
-1
-1
-1
698726
1399896
-1
-1
-1
4845600
-1
5991300
70501
-1
-1
844370
-1
-1
767516
46336
2215958
-1
-1
1932163
176030
4451116
26448
-1
-1
-1
5624
2162112
-1
-1
-1
434839
-1
70501
-1
220160
-1
-1
-1
287925
-1
1071168
3709882
170784
176030
-1
700110
46336
70501
-1
-1
-1
70501
-1
-1
70501
-1
-1
-1
-1
70501
-1
261250
-1
-1
-1
1071168
-1
-1
767516
1055790
719372
238320
6727720
-1
-1
-1
1250234
-1
-1
-1
-1
778968
-1
-1
7283819
-1
-1
-1
5624
46336
176242
-1
-1
-1
46336
-1
46336
-1
-1
-1
-1
2774975
259164
-1
-1
-1
-1
46336
-1
-1
-1
-1
26448
472680
-1
767516
-1
3415
-1
-1
-1
957950
-1
-1
-1
220160
220160
-1
5624
-1
-1
-1
176242
-1
-1
-1
639200
3656672
-1
-1
6997698
-1
-1
2293824
-1
-1
-1
5632255
-1
3128952
-1
6485780
-1
-1
-1
3134206
-1
5624
-1
-1
-1
-1
3415
-1
-1
3415
-1
180155
-1
2611904
26448
-1
176242
440393
1835378
70501
-1
440393
-1
-1
-1
5624
-1
2219394
-1
-1
238320
440393
-1
-1
-1
3827
-1
5624
-1
26448
580175
-1
-1
3839440
1115341
5557536
415424
-1
-1
-1
-1
-1
-1
-1
6253714
70501
1325914
267122
5489152
767516
-1
130488
261250
-1
70501
-1
-1
-1
46336
1325914
46336
-1
-1
-1
2924176
-1
2727920
1602104
-1
-1
9720342
-1
719372
-1
-1
-1
-1
-1
3415
-1
-1
-1
3728944
-1
70501
580175
4857312
-1
-1
434839
-1
261250
26448
-1
-1
7283819
-1
-1
-1
-1
2727920
-1
-1
-1
70501
-1
2178443
176242
8476970
-1
-1
-1
110640
3696438
-1
-1
1509140
-1
5624
176242
3582820
5632255
-1
-1
-1
-1
-1
70501
-1
-1
-1
-1
176242
-1
2887495
9412762
2548498
6702236
-1
440393
70501
3728944
-1
941744
-1
6342021
-1
-1
-1
-1
-1
-1
3415
-1
6069120
-1
700110
-1
-1
-1
984386
70501
4861051
-1
4845600
-1
-1
176242
614986
1191252
-1
-1
9791710
1891520
4654128
180155
-1
526900
-1
-1
-1
46336
-1
614986
-1
-1
74628
434839
70501
-1
-1
-1
670983
-1
70501
-1
-1
176242
26448
-1
-1
-1
1226166
-1
-1
-1
580175
1411500
70380
434839
3955915
700110
3827
-1
-1
-1
5624
-1
-1
-1
-1
-1
442337
-1
9412762
515392
-1
-1
-1
-1
-1
2679940
-1
-1
2548498
1553313
-1
4784971
1076018
442337
7752576
-1
-1
-1
-1
-1
434839
26448
-1
4067017
1226166
-1
-1
70501
-1
472680
-1
261250
6069120
124400
220160
-1
-1
-1
1962630
-1
1065012
7825888
-1
-1
428591
-1
124400
3415
-1
-1
-1
-1
70380
-1
70501
46336
-1
3415
176242
-1
-1
-1
26448
-1
-1
1065012
-1
6868168
-1
-1
46336
-1
-1
-1
4588512
-1
941744
-1
6728678
3415
-1
-1
-1
-1
46336
-1
26448
-1
176242
-1
3827
-1
3047653
-1
176242
176242
-1
-1
70501
70501
-1
9753937
700110
-1
-1
-1
70501
-1
180155
-1
-1
70501
-1
170784
-1
-1
-1
-1
5624
3827
-1
-1
3396048
88935
-1
2777988
-1
397874
70501
422100
-1
-1
-1
-1
26448
-1
-1
3343045
-1
-1
-1
46336
70501
-1
-1
-1
131154
70501
176242
-1
-1
-1
70501
176242
74628
941744
-1
287925
-1
70380
-1
-1
5559757
580175
-1
249881
-1
-1
-1
-1
-1
-1
-1
1325914
1076018
-1
176242
-1
-1
46336
-1
-1
70501
-1
5496683
-1
176242
-1
-1
9128280
-1
-1
-1
-1
-1
778968
-1
2451100
-1
-1
-1
8774432
-1
-1
-1
-1
-1
-1
700110
4906828
-1
70501
-1
-1
-1
70501
7258750
5534060
-1
70501
-1
3415
-1
766299
3415
4590180
-1
5365170
176242
-1
8111796
-1
-1
-1
-1
-1
3415
-1
176242
-1
-1
70501
238320
5701385
46336
-1
-1
-1
-1
-1
-1
-1
6928145
-1
70501
-1
2236920
46336
-1
26448
1250234
220160
70501
70501
-1
-1
-1
-1
-1
-1
434839
-1
-1
1928647
-1
-1
2318287
-1
-1
-1
-1
-1
1065012
176242
5624
-1
719372
-1
-1
46336
-1
-1
110640
-1
-1
-1
6154728
5624
-1
-1
-1
-1
-1
1553313
70501
-1
259164
-1
3510300
259164
-1
4988160
778968
-1
-1
-1
-1
-1
-1
2428124
-1
1674292
-1
-1
-1
-1
5624
124400
9486954
-1
70501
-1
-1
-1
483185
2862194
-1
3827
-1
6515380
3696438
-1
1932163
-1
-1
-1
-1
-1
3839440
-1
3827
-1
-1
-1
176242
1780184
46336
-1
-1
-1
261250
3768164
-1
-1
-1
5624
-1
2215958
5365170
-1
-1
-1
3839440
-1
-1
-1
3915911
-1
4115280
-1
-1
5365170
1065012
-1
-1
-1
-1
2204224
-1
180155
-1
-1
-1
-1
-1
-1
2679940
778968
-1
1076018
-1
-1
-1
-1
