6526 -13271
-31038 64319
-68555 -6222
-37094 -20473
-83004 95138
-85747 27200
-31616 64441
-6410 30319
-81417 89548
-72579 63051
-72325 16645
-91177 12561
-14212 26495
-38080 67890
-57423 67700
-66178 34741
-71256 72990
-92507 74647
-77118 97559
-66592 -12864
-56559 79100
-84108 -45693
-10253 33579
-54563 -8875
-7949 33436
-37361 54055
-59557 16327
-96049 -49536
-79859 37290
-98583 92390
-43911 20320
-77393 79846
108 81918
-66430 -58472
-62688 -9597
-58891 63759
-65117 -37497
-38460 63341
-14426 66574
-58535 -12858
-51076 -49659
-26445 97657
-10708 91399
-29092 -12660
-17682 41563
-47481 -12572
-7740 28830
-19169 -9521
-12503 -7664
-24663 79944
-8890 72097
-28206 43563
-95362 40224
-17610 76996
-79823 36362
-54768 71569
-63242 99033
-41602 15457
-63054 -28431
-28474 -2976
-3715 30062
-36314 84322
-74537 21206
-50288 54270
-47241 2441
-72243 80470
-27871 -16485
-31864 47373
-85036 -80563
-68769 34810
-14859 85590
-10862 3758
-68537 97835
-31651 -6898
-47337 97431
-30086 -22243
-91850 75571
-52072 -9164
-44577 62407
-68590 -25524
-44843 -13006
-46664 88210
-85258 -71392
-74713 -9281
-96865 87887
-36190 57535
-35975 20892
-60552 16642
-65690 21982
-17212 -16850
-48855 25036
-9361 19555
-99107 -3203
-3313 3057
-70357 -66848
-38506 26305
-82272 2873
-29210 27012
-4227 28530
-43011 -23905
-15889 48477
-3918 79423
-65903 -10333
-13279 77662
-88621 70304
-34475 -11990
-49733 73829
-10506 53687
-66450 99260
-52528 63586
-57477 83151
-21485 16714
-34313 8305
-42189 -21264
-15929 63791
-22987 91512
-60101 -23741
-60943 68325
-53355 -18248
-8408 50026
-72721 15706
-67572 3455
-63142 -39058
-58896 93029
-10108 79331
-42726 29405
300 75020
-80902 -4101
-55852 81761
-54078 464
-7809 71486
-8504 85949
-11834 72446
-75178 -48280
-19314 76354
-14162 91226
-45787 52119
-12780 94951
-70227 -68867
-17517 96287
-24938 25051
-94189 -92244
-77465 62010
-11079 85511
-83678 -8062
-74773 58028
-82847 -62670
-27062 75788
-20585 99809
-50014 69548
-38079 14853
-26370 -4511
-87241 -18514
-45892 38073
-92788 23260
-36442 44347
-7864 1591
-93125 8746
-59035 -12114
-19501 52656
-5022 95780
-97661 -52859
-68109 -499
-8035 64332
-44225 93642
-61660 -57833
-25701 72206
-42586 12542
-89557 80903
-25186 9652
-14351 5938
-80892 75762
-26056 -20264
-92325 37131
-59874 -25309
-48974 19674
-76215 9718
-22791 99290
-75024 -4515
-81229 1133
-70292 -54854
-49514 43628
-31042 86275
-85182 -40376
-20326 37836
-8405 50545
-53359 -1115
-25182 39716
-99979 40647
-89436 42768
-12975 21743
-25097 18501
-6005 18741
-49157 -47410
-87560 1739
-34552 90471
-72033 -20864
-4273 8020
-60387 8351
-6997 75818
-24119 74493
-25179 95046
-83893 20260
-6670 81381
-78274 -35515
-72632 9071
-16147 28064
-78484 62981
-99070 90372
-11772 94192
-19504 72208
-86682 18748
-50949 84560
-99698 26337
-77317 78333
-24076 -464
-9227 3906
-52562 2982
-96328 6005
-59896 -58183
-49241 65533
-89999 78705
-9525 44740
-82796 -77350
-76213 90744
-2178 31827
-35490 390
-74113 33494
-29845 40609
-19556 17668
978 70896
-96906 11953
-93201 -43458
-38975 35522
-41705 -8877
-89490 17943
-56429 -28680
-98104 -88474
-61257 -37270
-23572 76177
-80843 15761
-48009 -7288
-86594 -44050
-59187 -32893
-29475 7032
-34626 93183
-30945 70528
-87279 6754
-52262 82591
-23601 13842
-77430 -61473
-43656 -31847
-44711 90104
-83973 30284
-54804 93665
-16782 -16085
-13068 50468
-13060 -358
-89842 -64089
-77510 99703
-60812 -3968
-12961 4339
-62717 -22294
-60969 38998
-64945 18184
-48963 87536
-15954 2324
-91406 40738
-83334 -49826
-87812 -40691
-85531 7283
-22652 62398
-7833 746
-58809 -43597
-38681 -9744
-59218 60685
-45872 -6300
-1221 94745
-1674 11767
-96806 42563
-75323 13721
-99667 -64797
-29578 -1626
-44914 95162
-27761 72521
-50924 34446
-2657 9295
-33731 -5843
-12502 78378
-44247 -13347
-62097 30481
-22026 47897
-17928 -13999
-78292 23510
-33324 33625
-42910 -23542
-4355 44128
-3116 52109
-52347 64513
-3302 59556
-50657 28544
-71568 34074
-10907 79265
-70633 -51871
-75058 -32817
-47655 3551
-36373 37555
-70686 73062
-41740 -41648
-78965 18497
-3840 36531
-23589 70308
-82173 -48250
-51643 -37402
-78893 84951
-48639 67336
-39614 4892
-86153 94540
-13723 -10898
-22678 18491
-9725 77455
-36033 58372
-20649 21193
-21841 22572
-20255 16110
-68319 -32964
-44608 99881
-52792 8673
-28223 58886
267 43108
-48029 -41971
-20984 5964
-43278 37050
-5636 78017
-66991 7435
-89121 -33582
-76993 90758
-20908 78039
-54461 -12583
-93271 -750
-52843 -50890
-62416 -61261
-91496 -69424
-5539 96233
-5391 95729
-45498 11466
-80410 -17260
-39694 5013
-80533 -56654
-90229 61129
-33279 31776
-74768 47072
-6466 64832
-32658 22814
-44726 -43557
-2005 54087
-63091 91270
-72289 -71246
-14141 99062
-32449 65785
-38972 18653
-12638 93607
-53345 86485
-8074 27976
-73938 -21931
-24895 28920
-57108 97881
-83843 71596
-1934 47873
-35795 75069
-329 27561
-82546 -61034
-65157 -33424
-89768 -55059
-36241 -31219
-22285 87624
-81094 -2768
-66899 -59006
-16492 24531
-74093 -53627
-1709 76270
-35489 88220
-97262 -46236
-9422 26014
-1083 48485
-98188 -10872
-44456 -32153
-67991 -22040
-50013 45375
-24240 44255
-30886 -8645
-18111 21674
-99151 512
-20932 -18370
-72967 -26760
-82854 -50185
-4499 71813
-17731 4430
-48397 -4646
-22502 13617
-22408 52903
-52384 -15565
-21056 57800
703 17650
-68441 59863
-67891 -31090
-15225 -12217
-54350 26638
597 50818
-79045 38145
-79615 68613
-1841 53887
-45016 21021
-38070 -4280
-6658 92980
-52531 19028
-86873 -41598
-72777 -9346
-3544 65383
-13409 10999
-54253 -22106
-1866 61855
-51978 90628
-84117 -49133
-66499 -49713
-37221 83918
-32976 80375
-78438 77832
-89514 49330
-27628 80757
-95998 95333
-24158 3497
-43444 -14528
-90263 -42162
-41431 -18650
-86836 -65944
-26576 20861
-11101 6256
-15634 12327
-94644 -35472
-85331 4267
-1105 24223
-90481 16531
-79491 31050
-68152 63205
-99945 59840
-22347 -16654
-15089 -4509
-96708 9850
-80015 22574
66 35252
-63350 14566
-76890 54420
-69696 -19539
-25943 38798
-21765 -3688
-28216 74417
-17873 2705
-90664 -9582
-78725 3011
-39527 10588
-53098 -18296
-64206 31864
-69691 -32532
-92207 54568
-72222 -40680
-85702 85635
-50146 -40306
-9203 60391
-93847 69269
-96897 -31266
-279 61750
-484 74200
-28017 30642
-98170 -79306
-19044 80807
-94286 47941
-6718 79759
-69098 -24013
-33872 -17202
-87550 -11041
-72442 27632
-98208 -83831
-53327 11729
-57918 51841
-72015 -22187
-15979 67513
-71270 -60607
-79660 38746
-12063 17257
-95 4730
-49527 41692
-21477 52159
-50690 86600
-34649 37633
-48614 87075
-29631 81369
-76543 5754
-84619 -50611
-53896 95729
-15819 35545
-33486 38724
-9845 -5727
-49963 -32115
-85817 15807
-1893 35735
-81231 -66587
-76550 -21260
-62703 -30001
-28673 60688
-42465 6108
-8341 63403
-21268 6486
-41207 88187
-2378 34516
-98141 -44902
-11647 92356
-6854 52932
-99061 27677
-95215 7119
-46133 -37410
-14110 17220
-67790 59565
-60091 -4681
-55925 1355
-76095 -8287
-5663 39051
-78526 -35282
-95272 -25008
-41733 -5224
-92671 12196
-63501 58664
-21556 72324
-93946 -53158
-69696 -9417
-85293 89673
-14896 76599
-76658 17017
-99926 -1618
-69681 3623
-2810 83566
-79284 16136
-94376 -15347
-30698 34201
-84187 23238
-35207 79121
-6866 44148
-9510 77935
-63577 32360
-8264 86541
-4011 37769
-26808 56823
-7370 78552
-98710 -12261
-62655 -14663
-48228 6290
-18046 5562
-37441 -14167
-33915 56808
-71159 -39620
-85141 96006
-69064 -60519
-2775 95112
-574 25813
-93367 22344
-65847 -46825
-95923 -50696
-16536 -1638
-64612 82396
-53081 82217
-87633 96113
-7664 19900
-10672 75511
-43825 92041
-81466 -67683
-1337 70277
-30302 4783
-85900 71268
-77720 49626
-52090 -29511
-57873 42952
-63386 37498
-3471 5197
-11126 44429
-36462 45805
-66430 -18253
-36334 17745
-71529 -39536
-35520 19832
-80886 62745
-67095 -18030
-52198 -18588
-88145 -80298
-18166 80689
-15636 73987
-3453 79738
-50680 -4112
-16633 57008
-97580 4905
-87707 60656
-99431 50754
-33994 10486
-23737 849
-87983 71029
-66464 28399
-17840 -2503
-53315 5962
-79683 -39816
-14370 69927
-47811 -9522
-78029 41831
-39857 74669
-86117 55433
-25916 22959
-24801 83803
-73791 28998
-53326 52455
-21210 72905
-1178 87222
-35598 -29317
-63110 52539
-30705 62457
-77597 -918
-72157 67108
-15417 41803
-64996 92373
-77078 -32791
-21085 24916
-56069 -21836
-66062 58322
-85231 85542
-58661 -58266
-44498 39514
-37509 36355
-33880 31094
-38797 -1694
-27822 32919
-36928 830
-69006 64277
-68901 21271
-88938 12506
-14041 -13567
-52414 -5120
-91511 -88652
-46249 90735
-85057 2331
-37949 76523
-96555 68283
-72367 55885
-66813 -39222
-31742 12460
-3752 8265
-39870 9123
-66160 57340
-86596 39142
-21210 40594
-71195 94552
-4091 9109
-27418 44397
-93093 37173
-39577 -9234
-56099 -15208
-95149 25842
-66029 -13445
-87883 23755
-40093 92645
-28702 -8932
-6968 69372
-26333 25844
-65356 16553
-66981 50382
-93967 10235
-81651 16634
-44298 95917
-6282 36931
-12405 39015
-10553 53548
-14951 98658
-56138 -21934
-66358 40997
-81149 8720
-75800 73328
-41021 1710
-28033 28584
-5511 75670
-55337 -7331
-52686 93813
696 58136
-44537 66181
-73664 60592
-59616 1863
-40868 -23513
-14624 30850
-67592 90477
-12305 85035
-9198 -9063
-1202 68436
-30875 -15537
-4607 49903
-49697 13165
-64442 7678
-97312 -87664
-86016 -14642
-55062 -38544
-82936 84513
-50769 19126
-54826 -6650
-85592 -69031
-9439 84592
-19098 76241
-96624 -12346
-89405 -73724
-7366 74404
-51239 51663
-58285 62284
-50946 67052
-66558 71434
-3970 81944
-13258 13270
-47372 83472
-6961 34705
-41222 82888
-1244 8250
-36287 -25738
-74274 38454
-8937 68046
-54228 -31627
-55204 21132
-1385 26592
-95806 41412
-7932 65663
-46038 76127
-56688 -10335
-29787 36883
-93512 93851
-13749 80998
-31513 -23904
-30695 -22848
-72485 46289
-9501 46684
-20190 94572
-23603 98116
-2571 92214
-18522 78630
-8912 95880
-24885 -19527
-41672 71620
-56564 23603
-8360 14728
-95552 28502
-31036 87558
-1307 59711
-86487 7584
-41470 51212
-42262 67397
-28698 26323
-2070 37211
-79314 -53906
-48938 62554
-56468 94501
-6718 31727
-35159 10807
-80376 58483
-85993 6508
-16216 -6802
-44435 9026
-17720 560
-63389 -16724
-53711 81317
-74029 74529
-38600 -19348
-97295 16678
-95473 -76632
-10558 61834
647 37604
-9147 91082
-41729 47182
-92500 97840
-62684 46384
-65133 1999
-92094 -90089
-17853 91360
-6818 21341
-48118 1654
-87999 71347
-48193 -5640
-79111 -44794
-42682 99982
-35146 -11537
-97888 -65381
-43776 14507
-63611 5508
-14173 -8756
-40725 85974
-76560 -43354
-20251 60314
-47895 37261
-32203 90622
-22768 64700
-81311 -41418
-44076 76234
-39002 35842
-35456 26072
-79579 -6426
-4402 7374
-68220 -35700
-6501 56196
-31594 89015
-81322 58499
-37574 79755
-38625 9318
-3551 43487
-80112 -45925
-27725 73808
-62480 80727
-67348 84110
-92870 -49703
-23802 73949
-11126 -9029
-52285 22819
-75871 54408
-26555 1415
-44679 -41892
-17432 79000
-78930 -65566
-37680 15873
-21262 26976
-17555 48754
-85065 7993
-76787 24877
-21791 70903
-98698 37683
-61336 33347
-56380 63461
-97007 50867
-50982 61182
-880 23813
-18324 9627
-78124 -35002
-44384 -43384
-3735 58879
-71991 49213
-78293 -5163
-41034 -14556
-25719 41750
-2309 39250
-84908 -32404
-1299 96638
-75978 95714
-94995 -82310
-24461 74231
-52878 -52555
-30500 -18697
-39670 95277
-66365 98457
-310 80526
-67920 -50240
-34840 -17240
-38681 63291
-86458 43224
276 6707
-43000 54100
-25246 23787
-40545 79859
578 23226
-33514 87427
-66673 -47877
-58542 62089
-46222 73574
-40066 -12721
-18618 28632
-28252 78790
-26633 -16891
-5653 89134
-80577 -67706
-47978 64151
-50220 -17996
-98645 22807
-27531 -22421
-36635 92043
-18676 -18670
-92332 -34133
-59345 29352
-77004 49046
-61364 -39372
-50231 -14863
-82807 47780
-98656 40033
-55656 -36524
-60204 -16582
-41221 28182
-98510 -44696
-8159 95583
-98692 -59189
-88992 14963
-13432 23630
-95845 -28729
-77385 23080
-21983 95086
-65452 -17328
-83918 66272
-20407 66851
-75408 -3339
-92572 32522
-37038 98859
-98123 48207
-67925 -47645
-488 71683
-58014 93834
-35945 -25183
-1942 4483
-93482 71999
-20795 49548
-27529 61159
-22579 9777
-2337 48080
-49046 53650
-32294 5802
-69803 83151
-58992 31056
-82316 -76321
-99228 94046
-95054 -52035
-49152 -30900
-73125 64716
-62425 67139
-18363 17048
-4864 83521
-70342 -46146
-46 93147
-16711 90152
-9936 76846
-24984 59449
-28162 -22951
-78327 -71338
-23692 78889
-46896 -32707
-11918 25561
-90634 -63598
-4769 22623
-84747 50897
-94695 59432
-53630 15416
-85502 -31552
-46683 99931
-4025 3667
-14976 -8694
-13237 13617
-49391 25321
-57242 -45489
-9206 43067
-51252 56398
-99546 -73351
-37339 -2718
-64052 32719
-15132 10537
-96906 -2979
-95948 50123
-4911 72912
-80737 38171
-13341 50314
-50022 82735
-12976 42278
-78806 7599
-64528 98361
-46056 66306
-36684 57851
-31727 99792
-71136 -7759
-29604 5191
-5088 -746
-85487 67632
-38699 78649
-22 99702
-34510 13946
-12368 47116
-64331 22574
-7776 33765
-47091 98382
-74613 -23380
-26211 35056
-88891 -72557
-52448 81753
-79226 -3395
-35241 80632
-94458 -18699
-3412 16231
-58275 53901
-64566 49326
-52075 -5257
-81584 -28184
-60239 6606
-58689 33794
-71808 68356
-29620 -8849
-72900 45204
-33566 22058
-51662 -20855
-45981 30335
-92805 6725
-90245 88721
-22683 -1756
-40694 15420
-75528 -47599
-99182 8589
-92744 3300
-21546 28558
-70498 70550
-23165 74807
-33286 -29913
-57473 -23681
-30447 92143
-6468 15609
-67528 54078
-31271 -4444
-97169 29531
-88545 -22978
-84375 77358
-18746 -5507
-62527 48491
-61184 25165
-61387 20257
-3295 91901
-92877 53255
-52763 78189
-86670 -39399
-27206 48219
-75510 92715
-73401 3571
-65869 -52527
-21106 20424
-83556 -61187
-46348 69588
-76296 -1882
-53526 -10539
-53777 -3177
-99563 26122
-43676 51828
-3121 63840
-17161 72291
-27865 52057
-41741 58438
-27111 3683
-85250 7701
-52394 -50098
-2586 5065
-52338 26635
-30816 -20753
-46991 32955
-69437 -38643
-98564 71806
-1513 64268
-6238 19066
-11698 -6405
-36122 56946
-61105 72504
-88799 -35137
-43054 38020
-45816 -41083
-64013 17437
-55717 36021
-95729 -10023
-29648 72658
-91485 -60774
-32409 -6030
-88515 -85751
-8256 29491
-90904 -87619
-26347 -25890
-37604 46118
-95765 76402
-89059 -13483
-9627 17294
-74806 71353
-11481 87584
-69584 -15041
-62264 -5222
-7316 12186
-91907 -42279
-15957 99019
-46213 -2065
-63135 -61170
-65051 -12204
-33848 -30248
-49127 76653
-27350 -12724
-34331 16176
-99511 41438
-92120 -78289
-6565 78966
-58711 57759
-57794 2435
-58893 -47646
-32177 10367
-42641 -6889
-70881 -41602
-48560 59152
-30913 30754
-14031 -10745
-17392 10148
-2901 23900
-55915 66676
-14867 92494
-75434 54356
-17457 4274
-69905 43506
-99559 21785
-51312 -1281
-98244 -90681
-49330 -44243
-22578 10586
-59190 6725
-44208 87692
-82143 65130
-90074 -9020
-48394 -23429
-55931 21739
-61626 -48736
-49292 24808
-13900 72537
-22535 41920
-61996 -51403
-55123 50361
-71152 87259
-25423 29141
-40333 -1645
-2787 90510
-31327 91898
-84223 -18608
-75098 37178
-74077 96825
-81984 -22627
-4905 35750
-18678 5988
-26708 57119
-98660 34797
-92141 2428
-69620 95742
-96944 -61204
-49095 -30492
-28335 66336
-69705 -4405
-54432 98719
-1958 64007
-41272 849
-97587 -36398
-35327 42227
-17391 -4793
-94131 83444
-23112 96951
-52960 26227
-60050 50183
-79960 -16315
-11430 4002
-10999 93686
-14550 79719
-32879 -20081
-1285 17069
-8551 55518
-61382 -3159
-71420 -61420
-87037 -78884
-57632 91634
-32006 61323
-16125 -10295
-98937 -66054
-18738 11145
-55217 935
-43162 -34339
-52770 13472
-27077 4280
-99580 64962
-56393 35922
-7368 50771
-56605 -1337
-29753 48277
-43083 66357
-95219 92629
-65880 55745
-78610 -21601
-23518 69282
-80438 18904
-96994 96305
-35924 24991
-67082 86694
-87524 78642
-59621 73587
-99888 59162
-19011 94056
-8905 85611
-35425 -28640
-66018 40229
-49656 -36898
-8623 21786
-50487 93628
-39141 76981
-92981 86124
-49363 80733
-57571 -33796
-23836 46248
-57268 64367
-24945 81377
-64159 80334
-27667 33989
-31434 70129
-62937 64321
-61063 -21997
-39151 -3314
-27012 60360
-81657 60213
-22542 -7368
-16130 95411
-44433 85701
-46479 9034
-8742 93175
-28464 80604
-91035 -826
-33359 57652
-58481 68363
-39168 -7759
-13289 33752
-85377 -40050
-43398 45477
-72416 -66983
-40322 82038
-75870 -54347
-9504 -121
-70508 94704
-21216 44502
-2236 88418
-34971 30345
-9505 49054
-52105 56119
-90139 -25129
-24743 20460
-68775 -20173
-46417 -38145
-28697 25225
-23708 14394
-96174 -45240
-68723 28138
184 54828
-23733 -1063
-97758 -28239
-88846 -43399
-2076 74879
-764 51740
-80715 -34208
-14925 49928
-74367 64848
-62008 7895
-43317 -7810
-99045 -67634
-68316 -64011
-89627 -45378
-11061 75144
-16859 -7804
-87065 89501
-60334 30559
-34387 30267
-56674 -29058
-4093 79416
-53827 -29875
-76723 -53029
-87286 67412
-34039 30985
-24423 54032
-25244 -6140
-26419 97976
-89833 -25136
-50278 22317
-13945 53589
-61037 23464
-13890 92260
-57451 44458
-14690 90225
-72405 87168
-59886 22632
-9948 95407
-77585 -43727
-36241 65293
-56781 13910
-80075 80976
-21436 89330
-12203 92506
-15642 58642
-31263 42191
-71535 61965
-64033 -20274
-74133 24925
-50939 53898
-4883 53862
-84967 73320
-56819 -25489
-9167 37890
-54152 61133
-48167 -43827
-84520 -64933
-54556 -22777
-5196 86490
-16166 46151
-95271 86194
-92867 -73140
-11695 83817
-15468 -4161
-37861 19728
-11215 88163
-57262 22024
-11637 39454
-26410 6459
-19388 91335
-92996 -928
-30787 80470
-9199 39657
-45191 65638
-38282 83313
-8384 53135
-69909 -1689
-88485 25582
-90659 30313
-57154 85365
-89678 31531
-51230 -25380
-48628 3137
-3086 62462
-11530 70909
-65995 -58079
-55497 45845
-73538 -25374
-68399 -35570
-50866 -20188
-72442 49660
-57874 54138
-4273 54711
-11031 4058
-32187 66437
-73011 -67160
-35755 97984
-51780 21908
-27664 22446
-75092 86651
-58442 13855
-61618 19313
-88537 73431
-28575 -27741
-70909 27180
-2683 83677
-90792 45558
-35921 30088
-45528 77725
-78443 47928
-1846 1299
-89940 -70746
-98998 -78800
-11436 52254
-42066 91563
-51679 52032
-92405 -63782
-2971 23188
-3625 96479
-62419 62787
-2790 28342
-27002 79829
-57103 -31550
-5122 68275
-90752 73903
-94906 79377
-40183 26465
-78064 19483
-22353 68527
-43483 69112
-57296 68854
-62227 38381
-81317 57465
-46433 8082
-31443 60137
-81528 24518
-74268 -71960
-31268 60571
-53113 -16054
-50520 804
-94881 32064
-80186 99169
-93619 52797
-45344 -40146
-98187 25381
-59864 -13583
-18738 39889
-19458 37417
332 24899
-38699 74364
-90609 71472
-4427 37666
-3221 9179
-36816 1091
-52571 83378
-14605 83145
-98716 91863
-3339 22767
-35093 -26613
-11591 83182
-47986 -8718
-13792 64724
-5843 22659
-79250 -69178
-69227 38706
-68292 -7394
-87070 -71285
-56961 52714
-12098 62896
-37676 28354
-68649 46946
964 70397
-50234 10218
-1697 9971
-29033 52539
-56189 48695
-90125 -61875
-71517 -7739
-11652 55477
-13421 -3712
-45656 94273
-67723 -45485
-86150 -41812
-81804 76840
-73651 32439
-77642 9427
-28501 -18971
-27552 67701
-22157 27255
-77963 26478
-92763 59314
-10650 69601
-36900 28615
-7129 15929
870 22561
-92100 54461
-37547 14327
-90996 57201
-57712 -36538
-16939 49136
-21450 98865
-81159 11830
-51625 -45433
-19953 -15390
-74236 -34611
-75087 -40026
-72709 11346
-24582 -8022
-55723 -36100
-92100 -19180
-53683 -35097
-41061 72872
-40827 72462
-33423 9105
-70974 -7418
-56852 87949
-65429 -45354
-96347 89679
-65982 76749
-65922 -14258
-5953 3429
-2327 24096
-60040 -38060
-42269 68972
-78155 -7066
-50432 -19020
-7780 32751
-24771 24513
-65406 68527
-62746 26935
-95292 8553
-46670 53716
-20178 86479
-98784 -8208
-45889 -11844
167 54119
-75579 -53097
-47577 -2191
-92092 -32749
-76884 -69238
-77456 89800
-66031 -24183
-6014 35795
-60872 56156
-75536 39405
-74937 55824
-32884 40543
-81521 62719
-39083 -6810
-8185 71171
-94025 -29558
-20022 -19317
-82669 86643
-2372 688
-47827 58787
-80462 78106
-24756 41720
-1381 3757
-57641 -14509
-94878 92005
-86716 -76985
-42468 21327
-91537 -86495
-39336 -31158
-75717 43926
-38340 -6431
-98680 -47509
-32648 67511
-32070 91939
-62399 16131
-97047 -56596
-74146 -47313
-47688 99558
-68870 56646
-82782 10202
-7278 5676
-39368 -33517
-55119 28178
-90034 -67956
436 62656
-86529 11195
-7548 92373
-36193 33256
-77616 30034
-9892 92964
-79330 -21144
-90920 -15691
-62932 -8617
-64093 10574
-59115 -7884
-36570 -1833
-46714 -37440
-22476 58370
-13331 20059
-86531 10403
-78159 52272
-24141 42193
-78655 28772
-91165 -71828
-14552 -8609
-71603 -63052
-94075 -56323
-43539 38577
-80076 -21905
-60228 -49707
-66298 84215
-66811 -60690
-99771 95769
-94119 -93538
-79782 -74877
-36202 3527
-10516 61036
-95283 65721
-93363 -20417
-27990 12324
-18089 8938
-48357 -11217
-63572 -15663
-68946 -34558
-71631 -36592
-70315 -14276
-32298 87544
-91831 78774
-56926 70627
-2549 80283
-98016 -89108
-82549 54834
-74375 47779
-77091 51169
-15781 26315
-73528 -56781
-25262 37507
-67421 90823
-15852 13106
-17208 99424
-57276 27933
-42861 -17107
-76535 24404
-54484 -20881
-22784 41563
-34332 40562
-41656 30488
-27023 38105
-51426 18935
-9384 78906
-41245 -12184
-68032 -51524
-58049 -10546
-21355 -13589
130 52540
-16202 75749
-21332 53163
-65087 90008
-82698 -3178
-62642 65579
-8777 51543
-23386 74873
-71748 -51104
-57589 22395
-18942 -2255
-89887 91622
-14959 70743
-6408 48870
-90064 -22877
-57722 44803
-55228 -19089
-4701 95081
-67266 -44764
-78932 -9392
-49971 18691
-65899 40128
-64164 -10198
-38098 -25386
-35274 -29024
-21085 11903
-24489 83822
-57517 72281
-35025 -10728
-72106 -7116
-79668 -17535
-92685 -62776
-92228 -64566
-31022 79654
-51575 -21193
-13750 88897
-2498 92234
-75167 31597
-84945 45229
-56907 71792
-73119 -54909
-18904 40476
-43225 -40170
-62967 -47617
-42851 78613
-47893 31142
-99978 16997
-28019 71838
-53532 99312
-5811 -1990
-48258 17071
-25977 -4046
-3296 54641
-36478 57261
-89629 81218
-80418 10546
-79593 64379
-96210 -39246
-41770 68513
-62917 -26115
-5712 -2956
-60372 26531
-36164 -21178
-13154 8322
-48841 77440
-77354 -75198
-98334 40989
-85099 -72372
-64389 51919
-59039 -19043
-36212 5851
-56107 -6784
-25041 53483
-75979 43140
-54420 34706
-4728 2254
-84355 -1949
-84309 -68647
-60281 20290
-11608 96964
-17002 71756
-7213 73082
-89691 -50311
-5642 -3610
-73556 -23759
-63923 54309
-83753 57534
-78991 -4910
-84648 -21132
-50151 -5883
-24743 79914
-49527 27501
-51936 -38203
-92985 -37435
-89237 66739
-9272 10580
-50716 96586
-51126 -29455
-77735 -43093
-42832 41754
-28 1769
-80133 -42268
-15809 15044
-958 64829
-53785 -31858
-2848 53885
-32828 31729
-38097 -8681
-49470 -38984
-82368 25307
-86959 57853
-3223 17116
-10772 52956
-59056 9711
-37630 -33696
-97758 93973
-83855 24595
-61625 4201
-31858 60730
-59567 7888
-70986 16889
-36822 42404
-92584 4036
-75839 40258
-15026 13405
-15655 24169
-27165 -17298
-78547 -18814
-95919 62205
-94488 99097
-77184 78512
-36115 84740
-17239 40775
-93206 -86627
-32359 -29234
-53402 55806
-55564 42690
-65654 29738
-50856 58416
-5285 62362
-3136 68447
-59125 97750
-18342 17651
-95499 61575
-47046 -9172
-53648 -7367
-83742 -48603
-95949 -57832
-97926 -28795
-79942 94591
-21996 50465
-18192 94144
-20230 90228
-14506 30390
-77457 -55365
-98364 46995
-64134 -49773
-70075 23018
-33233 -18343
-98005 -61111
-8096 86351
-9324 96971
-10892 65984
-40510 25862
-26656 62173
-44835 46535
-40696 56669
-5115 17620
-90501 17205
-85651 34042
-9936 71013
-64559 27701
-84491 -64076
-86841 66495
-47009 -9672
-86680 32149
-71509 3292
-58928 -22036
-38756 26202
-46230 90411
-47246 -21369
-58561 27595
-382 77923
-42362 26767
-57341 59143
-26978 26949
-57351 -42653
-75695 26009
-21050 82154
-6694 99856
-82437 93422
-50315 29489
-19999 51485
-96005 -77344
-20519 -351
-68544 19815
-71572 76977
-62137 51492
-77610 14612
-83274 72038
-81778 56156
-65715 13818
-28963 32049
-84799 43703
-84566 59192
-47236 30907
-24848 64110
-1735 30220
-28626 14098
-98238 -44036
-11512 61502
-73560 33057
-31460 -24071
-45369 -35511
-57923 25379
-49886 8663
-94905 85935
-52333 54111
-19623 31881
-82769 -14511
-60355 -44752
-5607 -2925
-77538 1084
-90140 91478
-97679 -87378
-51134 80969
-43086 3727
-26739 75016
-25634 55564
-53629 6419
-9315 21130
-89092 -2098
-74602 -67564
-78826 -27820
-79292 -35393
-91437 52110
-51768 7057
-85808 -6968
-47282 75459
-83209 -57708
-78372 -13244
-24914 83552
-11431 63049
-13406 82730
-10777 3593
-41557 97728
-59412 80042
-47210 17625
-32816 19954
-70772 87742
-27074 29985
-80224 -11640
-42123 48111
-58446 38614
-7924 30766
-79220 12232
-39726 -27424
-39890 10127
-24471 71050
-91602 55748
-15907 95417
-87912 41249
-95926 76435
-13204 62178
-98205 -57239
-8857 82358
-50854 70720
-4426 21272
-3772 65996
-90640 6754
769 82922
-90119 25617
-95000 91402
-61189 37802
-63950 75141
-75274 85977
-55414 85509
-23085 31299
-88713 31455
-84546 35050
-39561 65906
-14618 28123
-49041 10265
-61975 95575
-39127 46433
-62858 -9217
-27020 4650
-45438 55007
-88402 81682
-7876 14470
-7033 7414
-84538 -18313
-71681 -39268
-31194 12702
-88816 3603
-57027 47931
-7085 91312
-9534 24639
-85692 -4473
-69651 69478
-59997 -30017
-19930 37422
-26237 65574
-71136 49231
-76250 -3567
-32453 43963
-39438 -35187
-52670 -22084
-26674 -1910
-28520 -10640
-98901 93327
-6053 56124
-62056 61403
-47258 89735
-44349 -19876
-42912 53887
-13326 41589
-21362 57501
-10507 17029
-1281 34460
-31472 -14629
-508 98813
-79829 61021
-54758 37685
-23589 16108
-89948 88474
-36868 7397
-2917 94603
-54774 14734
-9129 89138
-38360 8710
-92106 98388
-83973 -27379
-35046 17815
-6440 71595
-31806 43415
-78456 -43420
-58018 -21765
-83599 34641
-18590 6565
-61883 22435
-72850 20090
-94557 51932
-76683 89068
-22724 70659
-52932 2521
-43723 30563
-44819 78140
-38641 -26715
-6038 8881
-58094 18745
-84384 70414
-84092 -8342
-25437 -13527
-12460 37752
-18311 13915
-11314 84592
-58411 -9770
-28551 16107
-5485 26441
-72112 18680
-84637 18984
-32998 59015
-3486 99449
-68813 36444
-45786 110
-55537 -3409
-61842 68011
-74339 12300
-90496 -48885
-97686 83380
-93719 28330
-84195 -11435
-40208 7033
-32981 6305
-40380 -320
-68805 -33006
-59771 -49620
-99568 -80890
-27878 -5417
-50802 70089
-56484 -49568
157 10221
-67316 -17203
-61648 31672
-39796 96212
-56347 38070
-60072 -16985
-56110 -17861
-48894 -48750
-32919 3151
-13567 3323
-45256 34747
-86129 -29901
-62503 94251
-43196 72133
-90255 -32671
-97051 62490
-68803 16729
-45717 77077
-12211 26418
-49972 57859
-21720 24811
-85159 -66143
-89031 616
-45973 99655
-61646 -59404
-89073 -22088
-72543 -50328
-44093 63130
-74561 -58056
-67310 -4945
-61219 -4238
-38234 54255
-6055 74494
-62857 45908
-92004 6240
-41838 -38175
-16248 89345
-7584 68190
-23264 10111
-15608 7056
-64754 56219
-88531 -15122
-85879 -42832
-43740 42054
-29270 -21090
-37128 -28173
-35103 -2362
-73295 -15179
-84814 -50995
-8175 94752
-99434 -90071
-348 954
-68471 -44547
-23764 52719
-69198 3130
-69790 48702
-15402 26252
-23390 22402
-73611 -53225
-41343 98334
-6717 31680
-50520 32038
-40470 -11491
-73043 -18268
-12590 98662
-14522 50128
-30815 53749
-82502 -9695
-83473 20658
837 59096
-52967 -6550
-55325 -26429
-99116 -90765
-90882 93633
-6613 10732
-1182 75923
-45723 14991
-1186 30424
-53760 73470
-76424 93390
-42879 89551
-35364 31623
-73898 48419
-30755 -15835
-85651 -51807
-14373 -9213
-27743 66888
-12206 95974
-30897 44912
-27039 20574
-43341 80112
-74515 69626
-8007 39283
-94733 -14305
-29877 48702
-96042 -83320
-77114 -72138
-33975 51040
-20671 -3577
-7961 21723
-30061 55165
-35773 54054
-63903 -2864
-56273 -23291
-63868 -31057
-12804 66338
-39671 -32305
-82572 -27498
-86228 88741
-26187 89081
-23429 38971
899 75456
-95569 1960
-25742 20079
-78741 84333
-8903 36323
-5227 74925
-18806 62892
-80585 15620
-64763 91739
-8263 6003
-33038 -12524
-89583 72461
-62708 68309
-71426 -56571
-13966 18458
-96795 -14832
-88001 63875
-500 75882
-657 66948
-75824 39134
-99933 -26407
-53478 74269
-46623 -40988
-71807 26500
-55456 -13291
-49513 10657
-95337 -69866
-48750 36191
-23187 1386
-91826 -440
-36769 -1101
-52843 66417
-85186 -82870
-20614 33027
-65762 25062
-29502 15975
-343 17318
-54807 35280
-34475 -20723
-16035 32906
-95589 74489
-60786 38180
-45719 85817
-1422 27147
-11669 1013
-50992 47242
-40533 17864
-96884 6473
-12684 80468
-19438 21986
-91204 82929
-4782 56709
-55435 93492
-74047 81035
-32997 99458
-77825 79314
-50368 -15722
-45257 27568
-9441 4575
-43664 -13624
-66338 -44628
-66515 15480
-65127 19183
-8349 18689
-77867 79884
-10323 -7546
-188 44340
-30771 19706
-88468 -74914
-72702 53769
-68056 39398
-76821 -23870
-50200 -43680
-67761 94605
-90012 -66088
-999 15886
-88245 -12617
-20248 -6287
-80246 -78157
-32777 37523
-14307 74912
-74184 -50326
-69459 93131
-45985 53695
-25956 57604
-44561 -7316
-4937 34398
-39612 -23067
-13388 20653
-59275 41069
-89226 -23210
-97650 -8758
-26917 45855
-25334 68399
-21042 66180
-95003 66671
-82694 70884
-76035 41042
-61912 -25637
-27232 -4606
-6842 39850
-15352 64040
-74125 7155
-1313 66000
-72469 2953
-18187 11581
-59092 -12666
-96478 4599
-28680 54430
-55412 -16281
-20809 83989
-82782 65308
-36646 76619
-13021 89293
-38839 -23701
-78070 -20327
-8242 5918
-8549 94594
-62172 30706
-4055 70603
-73996 57993
-96577 -42511
-1690 3095
-88320 -26088
-20461 -16518
-13331 13153
-50376 70157
-2543 5711
-25804 92917
-67017 97950
-71411 30724
-29717 26689
-19558 90541
-36635 47544
-99343 -32583
-76325 -64840
-74001 4702
-74845 54958
-79937 -31988
-40063 95378
-77391 65714
-39985 95968
-91590 -62661
-98558 43424
-34228 -24611
-42350 17660
-66229 13797
-19183 24587
-13331 24810
-19804 99403
-46591 32808
-72611 -36542
611 66316
-91675 60437
-10628 63667
-24587 48911
-73047 74898
-6664 2881
-9961 23960
-26694 5834
-92287 -84572
-23492 60882
-25642 75550
-89356 67238
-2265 18652
-4121 22232
-17026 41845
-9090 46778
-23223 9560
-49666 -11276
-14975 -13621
-54404 -27602
-51740 56519
-26356 68009
-41156 -18909
-12693 73418
-13803 24192
-90467 -78066
-51021 93848
-53012 88079
-47322 22117
220 34258
-87644 22178
-31883 26000
-21096 78041
-64356 -16601
-2542 85164
-3845 5599
-74212 45518
-19706 68533
-9217 36768
-57469 56513
-37955 59254
-91757 -63915
-78163 8565
-32892 77165
-65139 -42981
-16867 63388
-12872 41479
-76938 -50347
-25437 88609
-91446 -67159
-12021 67811
-24787 90603
-98313 19125
-22425 36288
-5437 16185
-31414 86230
-21770 13969
-25624 -24267
-1735 85231
-23952 92259
-47655 -46622
-45215 -29513
-82139 65247
-60081 -52212
-12927 79057
-93714 -62652
-42382 82159
-80325 36581
-39485 3417
-27146 -22927
-58233 93101
-15354 95255
-9794 58948
-4151 55373
-36920 71474
-31229 61111
-8982 -5940
-71625 71573
-40965 3048
-51643 -46964
-67325 -62387
-46678 51479
-51215 -15925
-82831 -30608
-41768 6232
-36134 -31236
-93740 -70103
-53927 47667
-28960 71457
-30119 -22815
-15116 58792
-94681 -63881
-28096 -27898
-76764 -42277
-3632 56905
-60229 -46531
-62886 -2947
-10112 92865
-58575 -34448
-78529 -46952
-57424 72917
-39074 76880
-15090 29478
-57974 -40511
-66872 33654
-94793 -48570
-79241 22951
-59167 21998
-456 10970
-17194 89026
-20873 94368
-31816 92820
-98511 15714
-66543 -52137
-9551 35737
-13138 -11963
-18745 65555
-53461 89936
-40397 36538
-715 6862
-55289 8048
-50470 7298
-30950 -28777
-20898 -8092
-51245 45042
-1297 81891
-32890 46428
-75498 40591
-44261 -31566
-15502 74797
-55691 -48500
-3943 79217
-5884 32007
-31622 -23008
-48493 71169
309 70401
-3762 40780
-70240 -6102
-28709 58638
-83200 79592
-13574 49456
-27774 93892
-6862 90747
-38897 36653
-82122 14805
-72077 52671
-35586 -4525
139 59895
-55941 70718
-89076 29442
-28111 17061
-21879 65180
-46356 149
-16234 72024
-59686 -35457
-12138 44028
-49976 26940
-91159 4016
-7416 39059
-90218 14276
-21555 -4772
-19846 80061
-29871 98716
-69266 599
-62913 -47985
-68953 -60552
-92166 67807
-44830 76803
-7738 42687
-78624 -63433
-85200 -52852
-61999 38573
-38314 -14091
-67520 18102
-32710 80997
-49853 18200
-75985 -42969
-25605 27572
-11925 72575
-85716 -45083
-28101 16307
-53018 54097
-48158 3224
-75190 2629
-79526 78045
-61340 -52803
-34892 96227
-63040 34940
-45107 -35223
-8806 55033
-11901 76203
-89796 -41112
-3715 86928
-12376 -12274
-96943 -14472
-97864 -7746
-34440 75456
-51523 -16472
-47610 75450
-13871 23629
-78707 12532
-84479 -61265
793 67879
-73938 -27425
-74483 -10232
-10574 61572
-71528 -57669
-53429 54335
-49701 83270
-65778 39774
-74677 77323
-33710 -8929
-38773 32825
-37672 18179
-71984 -68802
-33409 82486
-54216 67272
-44992 -1688
-80477 37114
-90310 -28189
-66509 28592
-50893 33185
-1195 54919
-35972 36916
-95928 34839
-58536 22936
-46992 72053
-19684 1626
-75413 -62702
-86176 -57121
-38095 92750
-97401 -5399
-10236 26472
-98504 4962
-91612 -79710
-21049 17811
-89320 -24143
-29566 48211
-44449 85234
-73843 -62137
-32543 89364
-38264 -12160
-67318 56618
-87044 -83415
-37939 -30775
-75256 62633
-18745 36844
-7607 96166
-66723 -17567
-29063 29088
-75630 -74841
-34823 72477
-47909 7131
-24920 -10700
-46082 1544
-50026 40327
-53957 77938
-40467 -462
-54583 70561
-52150 86289
-28527 59786
-70652 33045
-99098 -79663
-34725 83547
-10880 19596
-94126 70953
-77265 75866
-37993 68733
-26960 66545
-40 78300
-94746 47042
-78818 79549
-42673 51678
-44439 70552
-10292 78253
-67641 19415
-14693 98160
-25963 91936
-79732 -78510
-19830 20194
-483 76555
-1128 52866
-56307 76359
-75430 -12161
-34542 19629
-12258 33525
-16472 6847
-61998 68555
-57664 -3655
-98177 39942
-309 19684
-68169 92237
-94726 9740
-63190 75072
-23619 49480
-2494 25231
-94759 45419
-136 17270
-73888 -72554
-61070 -39981
-55503 -27899
-60878 6532
-37544 -19456
-31641 41096
-27101 13724
-50987 93576
-3369 78147
-9333 -3212
-60532 -2187
-24284 28694
-50954 1485
-35784 12284
-5720 2398
-72844 52682
-65279 91899
-99583 -42172
-4503 6252
-60037 26543
-45264 4006
-13516 -5491
-4241 23262
-25729 -8988
-54624 -41510
-29644 24251
-33782 88981
-97727 99173
-94717 59408
-61183 51386
-34981 705
-70421 85303
-651 16782
-41389 -38960
-43613 8591
-81413 23699
533 5587
-57745 4143
-66973 97443
-96332 -59016
-38075 -2262
-70411 -20649
-19471 86619
-2212 66534
396 25280
-99939 4832
-511 19161
-40321 8361
-7270 82160
-90312 -29351
-60345 8676
-2812 41758
-40280 49923
-81372 88332
-6217 7445
-40982 587
-58344 93230
-51172 -26753
-60834 97570
-10324 52213
-92197 -41862
-37018 89756
-30203 14153
-42345 22636
-16581 769
-49532 15777
-87764 -30161
-55857 74339
-91244 22065
-22256 92309
-39128 70839
-13601 95512
-43776 35876
-6430 60866
-70563 55322
-67980 -7573
-5781 12702
-44142 50180
-65562 66706
-34486 3709
-35681 65651
-47301 86035
-67196 6878
-67695 45072
-97119 -37576
-6576 16735
-83509 -37688
-55323 -6344
-21093 5305
-56901 -3852
-17809 19901
-58248 87651
-3992 18937
-60119 -51110
-79045 70735
-67025 -26631
-30667 45052
-62328 -22221
-8822 24206
-81289 82807
-70434 -59545
-5297 14026
-62038 -51287
-77480 20358
-79912 22483
-35018 92241
-85346 16752
24 55865
-60099 5962
-3790 19073
-49331 19462
-59252 63213
-51816 50669
-98584 -14420
-67730 30443
-84602 93386
-94235 -63051
-88361 60210
-51330 -12762
-94280 33412
-37695 78148
-38194 87451
-2234 1616
-52699 -21715
-8639 57286
-97456 11051
-21952 -7430
-8478 56641
-66353 21404
-32233 -19884
-17577 -16383
-31749 31167
-95200 55177
-65773 26093
-29832 38363
-74574 86360
-9891 54409
-17538 67786
-19019 32278
-37255 14539
-40885 20281
-2617 5278
-38073 64701
-2724 27653
-61287 -9553
-34081 2152
-12267 -9107
-66044 22670
-53568 -28203
-75068 -71819
-81951 5499
-5229 75056
-73887 86748
-30714 34679
-37613 59525
-31564 31745
843 65325
-21301 67408
-27292 60544
-41385 37159
-92357 18831
-65262 23272
-12725 86524
-11777 23842
-4432 50586
-66567 -62553
-74794 -73947
-98261 -8588
-8899 75796
-66422 82723
-53908 18082
-48577 -3666
-14905 57932
-5407 97165
-51222 44137
-96785 -5954
-79862 96312
-98185 -43092
-51180 -48018
-1757 2606
-9686 96307
-48755 79437
-62286 28188
-99776 -98472
-39588 75660
-85538 81102
-48314 54000
-71667 81018
-27774 -23758
-31408 44917
-60595 38557
-86328 -71487
-33745 18719
-34748 -4166
-44965 -21785
-21223 27762
-49917 27970
-71010 45871
-38154 86307
-69320 -41744
-58748 -39368
-63037 56105
-47798 74430
-50849 7633
-91453 62286
-48403 1056
-22612 29611
-12879 55639
-89383 99459
-93598 -1607
-70782 99115
-21102 38249
-84448 -32206
-96043 52559
-73272 47727
-9825 68710
-37760 14115
-88716 97917
-76255 36098
-79330 18180
-56628 25312
-610 3141
-33622 30365
-65812 -62925
-93498 10238
-45365 89320
-24747 -2690
-63350 33873
-10431 26669
-91295 64502
-52244 36139
-85539 -24025
-32369 9761
-60002 72466
-42650 51327
-66356 97031
-97698 4411
-43750 86793
-91650 -80536
-54438 14203
-48960 74390
-70795 -29414
-87494 -81638
-20168 -8358
-75038 29967
-81524 56525
-96729 -42543
-37022 59221
-25259 22216
-99551 -25679
-3389 11637
-49303 -10633
-8527 69218
-35119 -5903
-49436 72473
-80735 -76588
-90936 35005
-86009 69562
-27937 -9815
-98526 38239
-41896 -22941
-23622 -9829
-24327 85906
-19027 30962
-65992 64503
-85433 32951
-88089 91814
-44777 96842
-64315 25617
-21063 50124
-20205 61168
-37912 -11571
-27392 -3492
-53645 14957
-31119 -9
-8456 30666
-47785 71049
-91967 -34838
-74428 97946
-62316 73192
-83110 70721
-98389 -54484
-67308 -46432
-25219 34819
-66915 10387
-87832 -82627
-14733 41427
-71480 52048
-7863 31324
-5752 74690
-34250 8035
-77765 80371
-87168 36400
-8415 6043
-35297 97794
-86369 75553
-6330 62566
-60655 -8449
-50949 37806
-54814 91396
-76050 57345
-51661 34321
-59332 77919
-56226 -17308
-11224 68074
-1857 42355
-25577 90263
-59704 -36852
-39258 47608
-29931 -3352
-62680 53038
-59732 -3081
-71105 -60101
-52456 22532
-51006 -26859
-75287 -31949
-78091 7743
-6961 -6484
-98744 -11477
-94366 -80741
-39159 87069
-34785 13967
-16713 49427
-45941 25748
-26454 50507
-46821 -29309
-18251 36592
-7567 9777
-31767 41748
-59917 -47384
-29404 20481
-60147 71036
-72177 90374
-80681 63907
-52899 73736
-93663 67329
-81922 9328
-26329 1995
-73871 -1406
-65603 61580
-14380 24096
-99336 71578
-72808 20605
-90459 14748
-99668 61437
-22129 -2306
-26929 97891
-40907 78351
-94541 60950
-10189 7706
-69020 42280
-92039 -78336
-67348 -61221
-84609 44584
-62514 18049
-47301 24101
-43935 -1740
-87852 50216
-61651 -41799
-99491 55847
-56881 -35258
-50842 -5721
-23044 96589
-47176 -35894
-92891 18672
-89667 -41948
-51579 25415
-9069 67087
-2836 53215
-92129 81813
-17483 24491
-66878 -42147
-37479 90862
-33603 -529
-49088 55274
-88309 -80603
-23896 67023
-55390 50624
-95236 59150
-32211 8760
-77710 65290
-55293 94369
-13412 49668
-5426 83257
-17244 72417
-90374 -42317
-85308 -65117
-1459 23709
-95220 -70785
-68806 56872
-65856 83240
-53643 76604
-27897 20449
-46977 39887
-97548 -78206
-7608 24138
-68620 -65942
-9590 9885
-36391 13685
-86163 -34441
-95280 30207
-89326 -25268
-25487 -21691
-14057 36987
-95984 -52947
-3590 37439
-6771 84481
-30408 90526
-68541 80503
-45073 18484
-7832 57272
-69143 -43856
-54762 46278
-74647 -27553
-88946 48540
-88366 9156
-37370 -35655
-46267 82803
-75483 -31036
-12275 82001
-86394 51945
-92168 -71623
-82136 -70995
-41407 89025
-88378 -5721
-87054 -16714
-30988 27650
-31641 70139
-87806 18942
-5898 10524
-46411 35835
-13845 73253
-78078 34896
-68395 7339
-66787 23095
-42162 -3252
-38179 -10469
-35938 68238
-66260 85420
-40717 22818
-31236 72113
-87048 -16338
-66841 68926
-57987 -32304
-47933 45002
-83382 47095
-88867 31080
-51576 32376
-75774 30589
-74943 -19750
739 58030
-11696 86989
-29816 8091
-54448 68188
-2085 94861
-38594 -26198
-25942 45790
-20788 40962
-16953 9570
-47324 -39611
-96626 -6160
-39704 -7615
-61426 35378
-87708 30014
-30703 -304
-70428 89473
-28920 20826
-91368 1089
-14963 9730
-49511 86111
-77776 -40996
-58718 44587
-22765 20507
-29993 53852
-28633 7085
-93686 75130
-15924 -13755
-80220 2599
-59090 2059
-23990 93195
-93638 -15373
-93086 67215
-70388 78309
-84677 -52797
-18699 54482
-73409 77425
-55693 18426
-97428 -48355
-94578 -87226
-1285 90518
-58417 69964
-61234 -58518
-97616 92093
-32035 25937
-18196 26330
-11551 78896
-49965 6586
-47696 52718
-71670 30764
-8811 -4455
-92592 972
570 90825
-60973 66825
-49194 36454
-44803 19904
-83979 65020
-29302 40721
-83109 57685
-65707 37276
-83860 34417
-12268 14226
-56493 82050
-44673 96144
-34064 75605
-91817 58076
-36612 52835
-18858 26286
-27990 -8455
-26367 50285
-43441 30247
-57149 67944
-16000 11847
-1957 80393
-47516 -33723
-65589 97038
-90918 -33796
-65932 39252
-68342 19676
-52802 85833
-3103 60278
-67134 93750
-85409 -75386
-64773 26177
-11750 10323
-5134 55444
-30551 65685
-85121 71836
-92122 -487
-3388 16831
-78000 -72568
-93581 -2640
-19436 77501
-92273 97874
-99590 -20310
-34054 31391
-84032 -1612
-31429 -28186
-41454 -14561
-66289 91950
-13833 71840
-34943 47938
-48104 -4296
-55133 -5328
-53606 -36738
-16449 41239
-8049 52223
-48370 55826
-49508 81001
-15727 95058
-55421 73069
-72882 -21840
-28702 -12669
-26787 64759
-35775 40441
-24338 -2407
-16759 83284
-53597 18267
-97771 -58988
-14025 32730
-92376 56687
-3540 91296
-41756 27160
-93607 -63928
-53380 8059
-76821 -58025
-36899 99864
-71691 57668
-11978 69634
-41418 67650
-89606 62200
-28501 72162
-9536 74697
-89561 75675
-22254 2714
-57019 14327
-19575 32887
123 6277
-44403 -28998
-82958 -51806
-55627 -19479
-53461 -42064
-15291 29516
-13625 1526
-13439 61093
-95923 78109
-48730 2834
-52679 -34820
-65907 61797
-73690 -9100
-4148 32472
-17540 79070
-80058 7763
-47560 8368
-79442 36782
-84787 87322
-77615 2299
-70091 -35311
-63600 52133
-94004 99755
-55269 -30902
-73376 -21364
-39779 51212
-31975 29794
-35165 -24733
-51177 47006
-23939 54792
-34563 75577
-10469 50267
-14772 28666
-41365 63015
-65580 -9638
-59270 12253
-41892 47380
-39331 67405
-22581 -626
-67065 5697
-83929 5950
-88929 -22573
-49296 67145
-20296 98659
-23631 64584
-45625 89728
-554 85689
-78104 -33636
-63006 -52238
-61484 2420
-57742 2008
-72408 -55096
-95157 -23921
-74234 -38706
-66941 21148
-50541 8835
-24703 88745
-66649 -21014
-38667 20979
-96427 -78502
-16880 54961
-85541 -28773
-73464 8276
-37144 -13359
-21510 -8825
-98250 -72475
-75974 29148
-84535 7128
-17171 91722
-14701 37896
-66976 74284
-82648 29623
-88390 -30006
-11865 65416
-34785 40654
-67822 25973
-95633 -40641
-47073 45815
-90159 -6331
-51668 35383
-41866 -5806
-8733 77096
-89071 25978
-64153 59073
-70742 84897
-64435 15558
-35383 79327
-3509 62548
-51417 99050
-51686 41130
-42799 31088
-88945 76065
-17373 588
-55838 -21703
-96135 29882
-94858 -67794
-95095 -69632
-30619 15908
-3609 62783
-8400 87977
-9338 48426
-37205 45251
-13882 53231
-45731 -34797
-38279 -9412
-74900 -43187
-92657 55301
-78768 14302
-75190 94948
-56472 1406
-88003 62377
-41226 89722
-5504 98246
-3013 60978
-67969 -25319
-56752 58700
-43600 -13599
-10889 49451
-57715 51981
427 56226
-72758 64294
-43967 82858
-56796 21513
-5536 -5196
-43877 320
-73034 92212
-64985 25850
-46581 93524
-78729 77729
-75088 44202
-82007 86683
-51428 77705
-13773 95940
-49382 25855
-61355 -52852
-51065 97042
-37322 44043
-89121 -13332
-45537 67603
-50575 -30782
-7981 84823
-83588 -29122
-2765 67041
-8364 9981
-16491 21041
-21703 96393
-21260 62702
-33925 32677
-82830 88755
-75223 -44730
-21723 97922
-98263 -56571
-98587 -88163
-83395 -80830
-85035 -79966
-5542 89340
-89275 2245
-588 79121
-76487 -20139
-75188 -13837
-32277 -16646
-61789 13076
843 54902
-66643 -55270
-76962 -68725
-78249 57239
-36636 251
-86398 72734
-77504 24020
-87478 -15442
-97443 50531
-56636 80646
-79851 35419
-81795 -3620
-14457 65515
-38891 58138
-24709 60980
-5420 69726
-16704 23513
-70084 87287
-83368 -33453
-69449 17697
-13100 64831
-14567 91547
-85756 -78808
-71961 69573
-76199 -31108
-11234 56132
-10455 41833
-24566 5115
-45040 -1380
-29177 36254
-34167 80319
-21454 30655
-36082 37350
-73311 83430
-63244 73867
-20865 22567
-38103 98757
-28543 98904
-58593 96289
-82652 -70778
-53642 79937
-76208 30242
-31932 57125
-99131 32254
-75867 2897
-83214 -57950
-99921 61820
-27677 -5958
-12376 93888
-74726 88392
-75040 73088
-7614 37742
-38465 77041
-24149 -17274
-85017 67158
-11295 56463
-78731 -41083
-21010 76442
-39302 89424
-23671 55976
-35690 58907
-92297 22680
-84091 68176
-27160 87267
-62383 61123
-87520 83271
-13719 37320
-77452 38169
-42592 90180
-23674 -19265
-40766 41785
-16018 19214
-12852 2820
-71500 -25703
-26422 34859
-89161 52414
-47951 76624
-81491 -27649
-32293 -7821
-71006 44056
-10026 64279
-21144 84475
-30821 64224
-61785 77204
-10012 53128
-49975 47152
-99737 65928
-29506 36350
-51495 -11484
-53057 -16553
-6560 68196
-74487 86037
-34890 -6927
-37308 -29210
-78756 83110
-57276 5303
-94790 42787
-58365 -26156
-44828 5718
-74849 35001
-1553 28636
-97428 -91271
-15364 84413
-62209 78041
-25910 -14577
-44415 48214
-50784 -27653
-26727 -21015
-32048 29187
-35772 47132
-98330 -33308
-50160 18925
-20935 39244
-66795 46314
-38463 3270
-25098 36367
-67994 -2168
-23426 34573
-21473 16053
-47804 85846
-88434 33485
-73397 -6605
-82106 -7440
-22577 36091
-98284 97495
-59652 -5055
-90749 -53334
-50011 23643
-21691 68546
-46484 46090
-95842 89288
-20420 5782
-40807 7513
-66807 -7746
-36672 36482
-25574 -221
-72297 50425
-129 13089
-79654 -42180
-50778 -3253
-68545 50654
-48779 -10229
-97138 -1183
-83357 14527
-82073 28130
-61289 -13600
-55956 2999
-2395 110
-52914 -24355
-67604 64224
-12426 659
-5894 99953
-61276 43951
-92257 -23998
-63430 -58917
-40898 50351
-56824 -30490
-61472 -12690
-76314 69948
-33109 -1176
-39751 91035
-47379 -35283
-47868 68613
-63930 -60771
-33571 25851
-3968 11455
-89008 39099
-24074 20310
-39241 91274
-83581 -74581
-57656 72441
-61812 22806
-44609 16760
-55265 -8480
-91469 94708
-99128 -84580
-57179 82307
-24527 -18168
-20545 -11451
-2440 54907
-86481 -63694
-62176 75133
-93717 83227
-74932 27334
-88291 51434
-53738 2425
-90606 24939
-89070 87908
-65630 88961
-2407 95577
-31196 53775
-74812 -52103
-35691 48892
-30075 -7762
-91100 -83275
-65746 -12191
-77647 70908
-66573 -58193
-61463 5464
-26426 10686
-71804 -56237
-17590 83068
-3375 -2106
-46333 -43668
-56191 -22410
-11875 42649
-4501 75144
-71431 -52273
-57609 15506
-54087 -35762
-38449 54386
-85484 -67928
-50310 92749
-71698 84564
-7335 40033
-16732 91327
-32021 64936
-55648 28836
-51433 -17317
-55854 -49918
-77633 44139
81 23356
-91360 78938
-49270 44789
-67839 16116
-28226 17916
-25897 6719
-22292 87828
-24169 17630
-50372 42105
-24891 94842
-78748 -30813
-87521 -62952
-62749 -45153
-73110 -62134
-90888 37380
-98561 4922
-68975 -40499
-46122 -19057
-41142 71183
-41347 70902
-66253 -37167
-77392 -8020
-9945 23344
-26618 -4919
-69655 45721
-73432 -14229
-4771 93232
-22172 89631
-84136 -3007
-79095 86691
-52693 34611
-87423 25206
-39802 91253
-95618 -74902
-73661 -32175
-98024 -39307
-84835 -68985
-96261 -72472
-56088 72135
-95773 -87757
-28477 6461
-9918 11828
-33931 51914
-76854 -70954
-33884 11218
-50881 59851
410 91601
-71405 62025
-62174 37332
-31429 97070
-8657 79850
-89475 99945
-56270 19947
-2537 52295
-66158 28896
-42960 30222
-18209 31359
-65105 25306
-48894 -42465
-44058 21060
-19618 75495
-86408 84754
-8262 24063
-34328 70552
-13911 87057
-86785 -51685
-81810 -8668
-99815 89084
-93873 6240
-87509 -51751
-37177 -26461
-69631 31892
-72810 -42526
-70115 -8131
-74549 86488
-2793 2680
-70264 -12338
-34394 76578
-54169 -29562
-92117 45968
-95567 -16247
-85696 -82608
-46976 -10339
-49422 21939
-49643 81662
-68485 5982
-86877 53435
-48275 -16126
-49971 48612
-14287 64724
-32699 34174
-82507 32858
-1565 33140
-36416 81946
-13017 53720
-13356 85092
-73003 -20089
-7522 -4370
-49804 -36557
-44 82012
-82588 -36345
-1494 -904
-14091 29793
-99676 56003
-65504 -10451
-51880 -24271
-35705 28881
-80843 34728
-40861 -19146
-24413 40590
-75188 6614
-49223 -10993
-22555 -3134
-85887 -49243
-34684 64398
-18307 41008
-95419 71807
-39032 27264
-74744 -15935
710 20338
-6869 48708
-70690 30611
-23202 67033
-78511 2093
126 81025
-83351 46790
-58802 88090
-92269 51638
-33326 62439
-44390 40862
-7770 -489
-47610 10040
-22277 29346
-95972 39191
-87749 -9013
-55376 89552
-92025 -26353
-48161 28727
-61821 -24111
-51362 80010
-62174 28727
-35200 23272
-22650 22558
-37836 27304
-19616 4111
-12411 27413
-72445 -25510
-99428 -36714
-26080 99816
-46611 6774
-46134 6016
-89224 19065
-7365 51410
-16281 33268
-24517 24864
-12090 37328
-25447 26217
-10241 84308
-90572 76461
-11405 67405
-26479 90254
-67617 76133
-40832 -21068
-34037 46682
-15878 90199
748 49001
-18918 31389
-25641 -4572
-74851 48828
-35406 58861
-33484 45755
-43488 4895
-91828 37624
-19252 61798
-44668 351
-38749 47831
-17315 5841
-66814 42128
-45638 29787
-96794 -28891
-89138 -69243
-40567 91988
-36305 52860
-89710 -32602
-46695 8529
-38115 8887
-45355 88941
-47670 -39809
-70174 60704
-57290 33029
-26087 -25642
-58941 -52327
-40241 97020
-51277 95490
-72120 -47113
-79389 -30017
-4739 1949
-69646 41686
-57317 50681
-43851 80082
-57456 -44817
-71842 93144
-38629 61579
-18098 93933
-81058 82893
-71148 58091
-86815 -56309
-52664 99193
197 23179
-1341 79439
-18791 97492
-90817 -57133
-35652 20527
-76897 -56534
-36621 88180
-76364 -28709
-96584 -62093
-41793 -2677
-53135 48942
-55381 23323
-71751 86194
-61846 -52691
-99954 10037
-91754 -32637
-5749 14371
-30562 26935
-62453 -40458
-94186 -61831
-83055 -54904
-90378 31266
-56627 38888
-74951 4836
-39933 96479
-30594 84678
-51121 1533
-40814 30389
-12793 73555
-91954 -857
-2333 14437
-17053 52106
-66423 29797
-64301 10563
251 93026
-30374 31834
-88717 -39977
-2823 69709
-20880 87990
-48226 -29111
-46939 83505
-20178 51146
-65180 74767
-51951 33379
-5772 48281
-41493 75319
-78421 30792
-15929 -7986
-2872 95263
-17488 49281
-91231 15610
-10515 13766
-97875 -51475
-52326 -13333
-51428 43693
-87390 84319
-41947 60952
-12194 14612
-73362 65472
-10560 46636
-62468 -44415
-87616 -79436
-71792 72054
-88225 -11246
-65926 5941
-30808 -17509
47 82669
-28862 -17370
-58014 -30584
-79707 -59912
-79159 19830
-6701 68938
-98958 3353
-35084 46006
-25154 -3364
-95874 -8174
-8463 15866
-91420 -56838
-49138 -44672
-86923 99857
-98819 30810
-3404 45932
-34000 9590
-43263 60554
-9050 22431
-57575 -37125
-59774 -11364
-68839 18736
-65481 -40606
-51138 -24905
-50988 78102
-70361 -54880
-30877 51575
-80480 -26124
-18498 21430
-95688 18564
-1218 29953
-66690 88882
-84878 -34168
-90473 44865
-28927 4649
-15708 64550
-49510 63536
-21138 -19343
-83731 -15747
-68598 -55409
-10707 79430
-69810 56991
-81900 -32670
-35923 -11639
-24978 53581
-84621 73717
-43385 41763
-35978 31654
-98902 -20295
-4746 59600
-56205 32671
-34827 59404
-80019 -52595
-59307 47548
-76911 2183
-71833 -20794
-42512 -4889
456 77289
-59419 -46185
-33295 16394
-84934 -47172
-48370 40248
-29667 9747
-2952 6391
-23656 48030
-18332 -6391
-96753 -36786
-61537 82104
-76512 85899
-31842 15665
-37766 5695
-20789 48771
-86429 44358
-20660 84384
-35725 20236
-78433 58866
-23697 97866
-56316 18060
-58120 97810
-52250 87169
-42425 85780
-61785 -11083
-65504 44915
-14835 76703
-26307 51285
-52445 72471
-681 18170
-13570 5722
-27330 80271
-18620 81538
-72948 -19253
-29216 58948
-41954 96200
-63241 58998
-50283 -42681
-64917 -62238
-55305 37200
-62246 81455
-27075 -21049
-5554 73749
-50948 -18040
-51662 24219
-75672 -23774
-3160 41424
-54388 83229
-76816 74582
-56188 59513
-46955 42457
-26381 27582
-46402 81098
-28513 39329
-95178 2477
-27714 68263
-43250 95943
-88607 187
-88102 65046
-73012 -44552
-98974 62587
-70537 5253
-96203 49870
-50357 -44431
-51882 24325
-83718 -42919
-3160 -2063
-55362 6489
-14904 -2775
-22454 60939
-22828 41908
-23015 56586
-98377 -42294
-21635 21460
-67982 -14138
-90849 -32723
-64397 79279
-77147 -70509
-59209 -35320
-81743 70173
-90906 28489
-57984 81421
-48272 16018
-29504 25759
-26376 50675
-16936 62905
-64631 -6116
-38067 69184
-34635 84040
-31341 90028
-22502 -19707
-14664 -1047
-69364 82385
-35601 -2618
-17411 81106
-49054 62997
-16188 63594
-81223 -20792
-72513 32559
-59086 57052
-21104 33129
-71692 38671
-42693 36016
-70957 -61616
-84348 -40827
-86917 -69428
-21733 72237
-42797 677
-76115 66773
-21466 9086
-64043 27384
-34432 71405
-4069 76326
-7399 35454
-57202 25053
-6558 27656
-49007 62792
-47794 57488
-20638 -9256
-57752 42516
-41280 93403
-62685 41155
-34291 27147
-14842 39372
-25471 41293
-62506 43996
-49553 63670
-67355 81919
-60120 27907
-50709 3871
-30853 28434
-64682 -58188
-46218 43504
-2591 86067
-2198 873
-27820 -23260
-5995 20837
-18005 27641
-75767 19443
-25920 -18157
-61267 19459
-46633 95991
-985 56060
-73847 -69288
-39657 64110
-37864 73731
-41348 3753
-22447 85938
-94804 55956
-27355 11263
-40641 13079
-6319 -3765
-76975 -21976
-33083 79887
-50003 90792
-122 14788
-83032 12406
-60262 19866
-21037 31459
-43056 99116
-27190 99264
-98560 86450
-78761 -52911
-10925 83998
-95900 -39010
-28436 39088
-10370 -6773
-86355 64969
-43787 -22071
-9050 45695
-18859 1096
-56159 79991
-82111 -58283
-29099 67209
-36470 46372
-50468 -31870
-81458 52608
-11931 69288
-14083 23502
-61699 11266
-94941 -34244
-72128 -63111
-22355 85584
-14278 -4309
-38117 77015
-27229 43972
-27849 71353
-18026 56985
-39326 74461
-4108 38387
-92538 91739
-93779 60605
-5383 29368
-4113 14484
-63824 5733
-72527 96587
-33170 96149
-56583 -44427
-26584 46925
-62658 59678
-88437 59162
-75396 54529
-68322 84682
-45367 -41128
-70865 -49279
-97367 40071
-73382 44719
-49231 24840
-22849 78480
-9752 58530
-36757 26646
-78740 10813
-71735 -36484
-66559 65641
-6225 51684
-34380 -2904
-65887 -14192
-21045 63501
-12571 -3703
-80520 -46497
-61071 67055
-86293 -42915
-98532 66459
-90857 -90146
-76824 -47980
-69710 94799
-86904 44512
-75597 749
-45475 -44276
-71535 -1519
-77469 90446
-66325 -10021
-85424 -17914
-93797 66436
-26592 60854
-48297 5945
-96157 -55912
-25901 16060
-69845 79335
-56126 34742
-47250 24661
-45027 -26591
-90917 89018
-24861 75813
-49005 26861
-8431 71394
-22238 -4063
-96975 41053
-48643 -39487
-44312 92829
-2284 75591
-53614 -23667
-96261 -37931
-61574 41659
-6090 78960
-73518 -46887
-53160 27775
-24283 3546
-68416 67078
-80930 79799
-55554 86589
-31253 -30486
-59226 32562
-88542 29150
-96832 -79931
-20603 22925
-58003 -21155
-52704 -28782
-69390 75156
-12400 85505
-13624 64814
-74441 6528
-3244 79698
-44974 -22872
-82728 92550
-1876 78711
-85626 40623
-79957 -38264
-11002 84238
-50628 46517
-92375 -30783
-79603 -37260
-98576 -80882
-84672 32594
-2688 90930
-89511 -15870
-42825 74456
-72133 -56124
-35420 -28293
-66652 84093
-75863 8074
-27426 -17500
-43866 63675
-5101 77683
-38561 23391
-4171 32940
-22873 44816
-15943 50560
-5588 5841
-74611 10129
-28679 61960
-34699 -27389
-40066 39692
-59567 -44240
-77109 -62491
-66054 94402
-22552 63051
-74878 10775
-33459 72864
-16131 18372
-21209 -9374
-47563 -16545
-62910 24500
404 20017
-20608 99274
-15060 76216
-22207 88357
-38677 39299
-85662 11410
-40052 99488
-48931 91732
-80451 93810
-12738 -10137
-77820 -31624
-94800 63803
-10743 41577
-41477 88396
-30060 11515
-85584 -69927
-44623 58588
-47579 -17671
-95347 93157
-60827 59804
-75505 64046
-61132 -50337
-2929 13355
-95393 -16838
-53674 31652
596 78822
-88001 50919
-33815 6491
-97402 98126
-27874 13947
-33468 42859
-53078 93350
-68733 -55919
-87878 90792
-23432 93411
-70055 14349
-63495 85567
-95637 -73325
-65332 -26449
-31031 92378
-32640 9703
-24483 49066
-72892 -9220
-88710 -164
-53658 -51828
-89495 -63307
-32443 94719
-24455 36869
-19550 6576
-68960 -27553
-63762 8887
-80397 84678
-97653 39207
-2566 26491
-14517 68774
-50771 26168
-10356 71815
-50426 74880
-24207 37549
-70855 79820
-7958 24746
-47859 41814
-29177 83191
-12022 56933
-59028 -9447
-25705 62686
-16125 97879
-1264 76071
-96881 73366
-96142 -54797
-90247 -32076
-45161 -35422
-70117 -22431
-73419 6893
-73190 -51908
-5662 3685
-91002 80320
-99088 -72466
-72033 -34259
-93344 97763
-65537 51862
-13309 -1032
-38261 43108
-15653 14661
-28490 74940
-61429 48843
-62927 69076
-97097 25770
-24000 44510
-97964 59083
-5724 49951
-71363 29943
-64666 69181
-39091 78631
-39578 -15719
-38184 84167
-49603 49796
-83255 92259
-86115 26295
-82730 -22402
-74505 6198
-49676 56734
-73891 89355
985 4889
-28307 17908
-64347 5786
-48713 94067
-15988 96938
-49949 -40655
-5138 -4619
-54394 64018
-95943 -6101
-14807 4055
-10709 57697
-52608 -23987
-17321 36241
-71458 -15106
-18257 94557
-13398 43242
-94156 70119
-16960 2825
-11606 8782
-43684 -17010
-89810 -39660
-5446 7488
-96300 -6976
-3494 34439
-20086 70573
-9060 45341
-92908 4921
-38934 -34074
-50505 75259
-48737 -9857
-74640 40578
-46151 23629
-80325 52151
-94623 65066
-54577 -45507
-68845 -33461
-61774 -58557
-59308 92345
-53228 13135
-92031 9979
-11214 26463
-55180 -22230
-22827 26055
-81371 -17278
-32344 65529
-62078 -46906
-71491 34772
-48795 54019
-52342 83099
-34744 59717
-79812 18364
-23510 11477
-62237 -60076
-10461 43565
-70677 -50251
-70763 95221
-81991 -47867
-24699 -2092
-9798 22949
-51660 26552
-83328 -76424
-64232 51351
-55346 60472
-11002 12404
-80234 25995
-5989 35901
-85816 47426
-21428 73444
-89782 44560
-90047 -8816
-42597 99984
-74369 -18614
-26437 96975
-53395 26730
-49056 -25523
-75781 93323
-92928 -33971
-4774 33362
-75654 81557
-75231 64850
-60231 41578
-72210 -23602
-81196 37267
-66535 32124
-19194 47733
-26379 -12230
-43308 70875
-45555 80733
-28511 69491
-4433 7308
-50477 6833
-21944 64093
-85845 -75791
-99589 74196
-64634 13043
-41773 48902
-91728 2398
-37783 -3365
-89978 -49186
-20791 -15095
-13474 19184
-81183 44317
-13040 -1935
-91239 20509
-41052 23878
-34924 841
-15740 5845
-84344 10645
-88117 -63771
-57848 -6504
-59777 966
-25524 -19580
-86575 -69710
-41717 38205
-33695 27120
-32281 77493
-58811 4630
-85061 16336
-62327 -1506
-58119 -48847
-73543 37783
-73875 -18210
-15473 65611
-42247 28826
-20080 -5457
-98415 4796
-51558 -42842
-14876 40004
-21706 623
-99256 -67110
-46346 88859
-20602 -1627
-6198 19139
-24636 92604
-76129 22492
-22742 48631
-37999 76877
-28159 -20007
-88503 98563
-1139 50927
-23082 56302
-67818 49597
-53587 90916
-6835 6382
-87707 83915
-12237 73286
-1123 26094
-74228 -61422
-10788 30334
-78039 -59430
-48215 11900
-29199 4936
-7127 52525
-55675 -27497
-47841 -20919
-4249 21143
-61129 80050
-35005 -1070
-590 77518
-47038 97308
-20259 -18102
-41572 -9752
-75007 -5728
-91819 -90140
-85071 -72254
-99215 -10524
-93475 7845
-22032 -6894
-9569 31330
-12646 44734
-90246 -80330
-84818 -31895
-90240 -68310
-69866 81461
-81793 77286
646 21518
-2211 59953
-49764 -13693
-28005 -3569
-91723 -70150
-94249 20820
-88420 94395
-63698 39209
-69251 44022
-95563 -27933
-16117 38179
-23792 19301
-2590 54221
-84063 -60857
-76454 66342
-48812 67380
-48629 -6240
-40250 93744
-36083 41987
-45562 12516
-62591 -42540
-63443 81348
-67989 1284
-26853 92521
-73847 -60048
-18235 80067
-20113 98716
-95198 -59932
-87088 31097
-86975 65127
-33125 82157
-30720 76
-70442 18148
-18364 54797
-50753 7032
-26668 77042
-29753 46336
-51809 -36093
-58265 -11916
-32526 61005
-11729 72463
-17767 40185
-43095 75220
-73598 26534
-87362 85250
-30651 46472
-90248 61902
-6476 34083
-5827 60076
-45040 87789
-62997 -27390
-45959 2040
-94215 -23979
-34732 96286
-25642 -12788
-53343 96708
-49813 52044
-90831 4167
-37374 -12994
-9101 10486
-96868 83543
-81668 -57373
-29313 45858
-50712 78185
-81062 -12877
-24812 2688
-56030 12550
-75536 99895
-20028 -16213
-67715 28121
-46216 73096
-56873 -14486
-68521 53520
-58692 -17646
-84673 -84288
-56940 -34556
-74070 -36488
-82033 -45733
-35667 74980
-54384 70873
-28198 6152
-39707 42843
-62888 -16246
-52679 45854
-39629 13757
-23540 83909
-79326 -70515
-73795 58926
-81485 -81191
-12622 1983
-6713 19904
-66549 -24197
507 98088
-2552 48124
-30703 -6764
-67872 -40800
-57998 -21785
-73467 -45389
-34439 91878
-94771 -91409
-54641 -35307
-31777 8655
-10936 14916
-20759 60169
-48033 40454
-92570 -36003
-35555 20674
-16736 78422
-33849 72069
-79466 -39051
-98034 91866
-19495 55105
-89871 41254
-63793 13091
-30511 -22743
-97764 91875
-16699 26186
-73480 81216
-77465 91424
-2857 43932
-93352 -88005
-99858 -62045
-99282 1098
-25194 -724
-91866 45370
-63987 -56001
-71061 67929
-2642 15499
-71436 17636
-78752 -69514
-45716 45357
-3166 97730
-67854 -63432
-78537 2385
-66494 -7487
-59565 -51982
-4844 49890
-4582 66417
-91265 32546
-6575 30581
-50930 70756
-30599 25456
-5675 59849
-87500 -49009
-47302 15603
-11919 75028
-92999 35091
-18090 92810
-76576 91417
-12569 72010
-92838 -66658
-95631 70127
-1135 96640
-29420 84064
-13575 46097
-3465 98463
-97335 68284
-95498 47956
-13652 15032
-30104 15758
-96257 92563
-80912 55645
-39692 -9603
-45096 97194
-45021 11355
-90586 27252
-82275 51702
-47915 82320
-44040 68839
-45200 -18889
-26763 94792
-60132 -7425
-32388 34853
-85801 76257
-22258 60122
-33198 43715
-94264 38330
-13753 93749
-21325 62035
-74895 46483
-72921 -41633
-13470 2905
-45468 43487
-66706 57240
-39182 -11579
-49245 68447
-71120 65741
-36760 4036
-12658 82190
-25807 99512
-85741 589
-78221 96526
-32847 90491
-25230 64061
-38507 52794
-51907 -33743
-34707 15680
-8677 71738
-55903 43530
-25619 56778
-41131 23552
-89405 48503
-35297 -8059
-44665 65937
-42068 35361
-48271 -6477
-19460 70629
-29315 76668
-13734 75278
-97224 -68455
-5619 20343
-45887 73186
-20343 -19690
-34122 33078
-46932 -9882
-86148 42766
-9431 41024
-81489 50140
-7379 93911
-12776 16806
-29150 43865
-4054 7066
-76941 88382
-26039 -15260
-45623 -1487
-1867 53259
-6792 51840
-68521 49623
-98620 -49697
-45966 14617
-63417 -13010
-38351 -14849
-74933 84520
-33467 18161
-85260 -20432
-42371 -37429
-95292 80811
-41492 -15167
-286 6052
-61900 14114
-31513 -8613
-55136 31294
-59336 -52060
-73067 98697
-44290 88824
-38155 48213
-90201 -86858
-59170 -23207
-74516 78207
-92171 -17983
-90947 -73940
-22396 17250
-25363 88330
-26083 89923
-58869 -3238
-72899 95577
-10454 93779
-38073 35442
-64857 80491
-75524 -28484
-23435 6397
-59861 -46035
-56174 -55388
-11715 -6044
-89472 76628
-80544 -54374
-86625 61256
-84002 -53745
-59885 -14721
-50639 -36836
-84380 8269
-68181 -45853
-59420 12030
-80584 -6718
-9684 82390
-17282 88363
-5500 64843
-19753 83602
-47273 -40542
-42979 25124
-96167 75327
-48133 -48127
-50194 77629
-92389 28627
-77215 -29886
-2760 37378
-40821 44007
-35234 42905
-46277 -23035
-76729 81010
-10421 -4969
-43027 79356
-31542 45042
-58986 42311
-39237 49758
-61078 -13296
-3259 5993
-39342 -41
-3663 33979
-62364 90691
-27819 45244
-23087 86930
-64981 80284
-73751 -45872
-2776 -1348
-14828 37251
-42732 -15425
-69181 77609
-62180 13673
-13348 96205
-88357 53634
-25095 97054
-50997 83222
-50555 22977
-97576 30012
-75457 2873
-17939 -3587
-22193 64478
-88617 46876
-40898 -39142
-88298 72939
-8441 18179
-69534 88381
-91668 -75570
-27617 41517
-16239 23412
-99545 -46709
-2268 51093
-39220 -12586
-32444 -14540
-15155 44600
-26853 20906
-41706 68184
-92695 -41113
-82818 40679
-67843 -7968
-34437 -29069
-1531 10008
-42842 11210
-69205 62533
-93502 85167
-32498 59997
-67846 85712
-83141 18783
-25306 87600
-3575 5048
-49655 97416
-94607 71740
-97944 -72115
-64412 -5137
-60245 22755
-68706 -8408
-17715 47174
-66973 66224
-15426 27846
-15848 63432
-43951 54902
-73800 -11092
-21946 44926
-89692 95172
-76843 9379
-84497 -35587
-58430 2288
-92991 -74004
-8887 65443
-81035 -46688
-84078 31573
-63990 -29782
-78984 76255
-25969 8349
-20505 97614
-89552 63242
-96341 17039
-48379 92838
-67700 85653
-7762 -6365
-16731 5865
-97979 -12410
-84257 -61217
-22549 87410
-94849 -54751
-62464 -8860
-27395 -6766
-50596 -22929
-81610 -2829
-90104 -79304
-43172 37781
-54349 6800
-95200 17207
-82669 67016
-13691 66939
-20639 33269
-47241 35419
-31771 51467
-62725 -4248
-65371 -56085
-24454 99106
-67195 2138
-65534 -874
144 62467
-2701 3669
-21155 126
-14265 67640
-57952 -27221
-52209 -1864
-68642 82469
-55097 49389
-84378 -17611
-72431 -11082
-92679 54124
-69170 17318
-76193 54186
-87875 -25873
-65262 -18702
-71287 -1353
-96183 -28671
-55598 -42745
-60485 61662
-21948 -7620
-34519 32915
-98522 -27582
-59132 12528
-58672 -57494
-83566 -82014
-48553 -18591
-86783 -10518
-96342 98647
-33567 13214
-2078 115
-98030 -64218
-63534 57589
-18213 90996
-18320 31492
-49990 78334
-66343 -18958
-93867 -42353
-79188 -71481
-45301 38903
-23564 58981
-42134 -2579
-81903 -40499
-96764 -71513
-93173 46783
-67698 -15569
-65214 98066
-80200 74136
-53841 74318
-69453 -14265
-19445 20855
-93750 -36759
-42418 12418
-86294 -18163
-97013 55400
-96602 19612
-37710 43022
-1199 26105
-31805 50893
-65560 88554
-83496 88238
-93266 38323
-29267 -26637
-88952 91526
-57706 81186
-20244 51659
757 36440
-45936 -38781
-65128 99499
-13280 2619
-65267 88908
-31878 1889
-70951 57894
-77492 97253
-72870 82271
-21995 91320
-23335 -2426
-36063 24711
-38881 82385
-53277 54064
-5541 48676
-63952 -14626
-64665 -22105
-4581 14855
-12261 93088
-36542 35800
-42680 49221
-73093 -54986
-31443 56383
-1741 97598
-65541 86423
-3661 1579
-28219 78015
-95200 -15199
-26582 87619
-85808 97961
-17806 -14993
-63265 44583
-62456 70232
-50075 92851
-26883 60804
-70343 58464
-47549 56660
-95425 95949
-37524 95552
-39384 -22503
-53466 -2041
-6646 68256
-82655 -28790
-40178 93059
-25489 68190
-81935 -57048
-91489 -88167
-33043 47363
-43610 59756
-86925 -37042
-14655 21387
-65534 -12376
-91606 -10826
-55757 41643
-72276 56522
-75641 16898
-58979 16728
-24883 -15654
-34147 77889
-17845 3025
-85450 65757
-99603 33608
-74789 50597
-48419 60086
-48709 -21994
-92792 -8161
-21167 79708
-32443 69253
-47951 91499
-58837 25184
-34698 19361
-7937 83448
-19534 24989
-26662 92163
-1985 26697
-29660 -10790
-70285 51470
-76702 66096
-78965 -61796
-87133 31407
-97665 24484
-92283 85483
-89252 82911
-19812 32882
-20315 56000
-25967 95145
-18897 98386
-46541 20638
-60150 21068
-95384 85918
-65531 -26902
-74676 -53155
-53346 3691
-37301 34462
-76963 10720
-62053 97212
-26284 -16165
-43356 -26660
-8030 55417
-38618 55330
-72142 87307
-49411 41233
-81657 -6860
-17960 2853
-31095 96134
-79911 -23060
-29815 79334
-77639 1651
-66663 -58105
-44966 93248
-8311 2749
-60756 -17598
-14537 77784
-30771 71104
-2356 72926
-15955 60152
-14816 26460
-87232 28236
-64517 52804
-74177 33924
-79799 74830
-12479 84575
-52802 98817
-22702 24593
-70812 -15146
-81549 -41850
-56216 64743
-93645 -71794
-78313 59033
-61781 90603
-81576 -63625
-78451 -32233
-71445 47528
-57681 86170
-61035 88034
-68388 -27005
-23517 52036
-92984 -51473
-97058 -15785
-33421 49933
-18468 56814
-67385 -43411
133 32825
-76443 85320
-78151 -3862
-44901 22769
-30288 10546
-47500 -23930
-90475 -52363
-39315 35775
-48573 -44628
-6476 12202
-21872 44115
-82993 66732
-66345 44866
-96442 -68707
-44424 64728
-77600 -59200
-63737 -57009
-21990 78595
-76720 79325
-92161 76922
-23474 27139
-53044 88767
-1462 36585
-28512 -15467
-79484 -31202
-99947 -5795
-34640 52835
-89798 -71866
-55221 34386
-50858 44774
-28551 2423
-19567 90854
-34616 57589
-67206 16027
-98249 54885
-58131 -12121
-32845 47284
-97790 -63293
-54058 30587
-73330 16659
-26731 22267
-29575 62095
-88876 41644
-88373 60328
-80192 92045
-77597 37204
-54996 -49101
285 40729
-65472 -9639
-30216 -1678
-54845 27738
-38262 11230
-10601 4996
-46889 -10575
-91880 47839
-77319 1777
889 21734
-80485 -1398
-62179 -29718
-94825 -85359
-20197 96139
-45121 93038
-37754 37335
-64138 -10138
-9223 87172
-58909 -40556
-30161 -10363
-37647 91154
-51679 45448
-87825 -16283
-66892 -29118
-69225 -41946
-73503 -37911
-98998 36929
-83031 36635
-42290 93739
-36536 66312
-98282 -91534
-70319 60285
-80041 -21465
-86005 -62342
-14995 6415
-17767 55985
-31758 53568
-15213 33382
-42523 22682
-27779 -8124
-60655 -20642
-20444 93125
-23989 23426
-81584 -48795
-54188 35795
-83117 -60963
-10238 12974
-45897 -10290
-80705 -79452
-35991 69158
-18110 79996
-50626 -5591
-35544 3525
-15012 91218
-57635 -17527
-92157 -8234
-71148 42486
-74788 70793
-77068 9613
-48460 -6246
-20590 71120
-76384 64949
-95735 68921
-85860 68717
-54322 29441
-86850 598
-61161 78729
-76121 10345
-75596 84192
-96816 97903
-59426 14747
-33627 94726
-35394 -23375
-70598 83270
-31462 54196
-11063 90414
-45923 85801
-82999 12831
-25571 9195
606 42013
-7806 26340
-64879 -59391
-16597 76174
-97774 -1267
-64840 -49734
-88105 -34714
-58470 16156
-52413 -5848
-95848 90527
-55334 14323
-33874 24563
-78520 8321
-42562 -23357
-23454 62087
-39141 6071
-21729 23693
-74037 94048
-15155 50179
-9715 92303
-22196 9597
-56228 82796
-33230 68824
-22028 -1984
-99779 -59788
-16164 73209
-97221 -66431
-37399 61783
-91674 -68257
-75691 -52714
-9882 -2478
-66821 62195
-63214 -30056
-26636 -503
-13242 -2996
-15569 41148
-40530 -15165
-58296 -47546
-35835 10415
-24871 33176
-61221 62879
-36445 -24380
-17240 77680
-48410 -37168
-71578 -44950
-4652 74033
-7521 29030
-58051 63187
-14514 69214
-39617 41567
-45164 26085
-30424 63912
-41796 -3019
-2416 56122
-72499 -25462
-6174 62559
-64904 19865
-91272 28847
-96237 -80806
-89596 71
-36764 10568
-26020 18215
-97930 -78121
-1699 18145
-62978 -19583
-89772 -70035
-95529 -16119
-52468 -9370
-68294 -27197
-42487 -16836
-24732 48036
-31831 -23600
-60125 3474
-88745 -70159
-43478 83529
-58477 -55578
-95976 68279
-1051 91890
-40788 92575
-9074 4051
-7974 55411
-51265 -23756
-71545 -64359
-79650 13383
-7604 20848
-89609 -32335
-99557 -27120
-7853 48782
-52323 73394
-56833 5600
-15918 63806
-54446 16960
-57206 73840
-73883 31090
-41607 48749
-15732 53387
-99799 20355
-56462 702
-84172 61480
-79789 64882
-62674 66163
-84136 18908
-47264 90228
-76363 -34409
-33696 23912
-63749 -41659
-29495 -20730
-11643 -1600
-84807 52437
-94468 9897
-67091 -8364
-64534 18646
-75392 -59866
-79107 43707
-61185 -39742
-16183 54329
-66930 84845
957 98236
-34035 -19055
-836 59709
-77808 -46110
-30968 87637
-5571 7698
-96026 40771
-51156 23033
-4327 42004
-94814 -32633
-16408 17894
-88887 -37405
-60899 -38154
-94818 -12732
-93365 97943
-65727 -2024
-85030 58907
-66773 68204
-72659 64072
-30759 98678
-80920 -23122
626 66611
-19606 57161
-16277 30050
-9632 32655
-74655 24743
-23523 71289
-3846 28802
-58272 462
-44064 87220
-30732 96713
-77131 46568
-67227 -24992
-22984 -12612
-55091 6980
-35015 -26764
-65416 -1485
-54933 95059
-38611 47114
-27451 6267
-69464 -7734
-21761 -5803
-14739 56615
-44269 -4032
-73329 -7626
-45665 84485
-69618 53845
-55640 13297
-96270 27920
-62972 80192
-6397 49703
-44822 -6520
-20865 4598
-77480 -24599
-15524 63418
-94035 -25172
-65241 -27333
-56444 26010
-22756 42682
-35090 -16098
-56432 91449
-33080 9003
-92090 50986
-3793 49646
-66943 79065
-22285 47776
-39777 -14877
-98546 41331
-50799 -2574
-45788 -9767
-75493 69433
-5145 63613
-88555 -2237
-49422 -38628
-99536 -8147
-38768 -1834
-45727 -30351
-43850 61338
-48146 4052
-42460 28526
-58033 -10346
-37744 97872
-93102 71646
-13385 61245
-23172 45734
-79010 91800
-56300 -16188
-67035 60190
-37580 -23529
-36834 26688
-25816 -23917
-42926 34153
-84807 -1356
-51181 34733
-39121 -26481
-45094 68064
-66112 30649
-95572 -94685
-31232 13963
-90177 -73657
-68799 -55155
-65376 10461
-46209 6026
-46646 -5952
-29529 54573
-6240 80412
-82450 -24754
-51825 54288
-26558 38580
-47796 -35137
-22863 -20784
-23574 -12994
-21742 34234
-9535 96594
-26680 33565
-90387 38999
-9177 34466
-70455 -22254
-34021 95597
-93990 51493
-99892 17456
-42080 89032
-4921 37326
-7355 45307
-66455 27592
-91466 56780
-97774 -24003
-45552 -8710
-92822 -35203
-64607 19876
-22970 -5455
-95544 60794
-20480 36514
-54785 40928
-15880 37213
-96108 74808
-70818 -59309
-87417 93610
-58232 75287
-28558 -14703
-23861 -718
-8805 40235
-50871 7344
-87935 98956
-11450 75311
-76055 12188
-69107 -49744
-1550 64729
-65967 -64323
-3555 42661
-28452 74098
-26173 47331
-49371 79979
-79401 99633
-44950 26661
-12808 94241
-91324 -44514
-88927 -26597
-2235 79212
-68794 -11403
-27223 47844
-35773 87291
-83952 35730
-42467 66224
-6983 2549
-92246 -27280
-51259 95451
-39872 -21809
-92469 -48568
-96714 72
-32231 -20273
-83279 8574
-50195 54624
-48521 -15861
-38708 61413
-84195 31091
-31608 5515
-36404 27285
-53685 42779
-19902 81525
-74415 -4590
-4442 74672
-64793 97514
-63326 -17250
-76473 49541
-50276 57560
-31466 55754
-33012 6691
-41269 44232
-81354 32609
-2219 71786
-31208 29894
-99205 12527
-33547 74097
-53477 -32698
-52632 51781
-72295 80465
-58431 97453
-33395 11942
-53031 -19571
-65675 -12770
-39550 74862
-68889 -58159
-27481 17880
-34304 -26431
-93196 -27144
-14886 7909
-91785 39175
-38582 -6974
-98993 92586
-43790 -40750
-9258 41257
-75094 39407
-336 98754
-59618 -51305
-63610 47526
-22863 82259
-25829 84392
-19668 4021
-29800 -19812
-77945 -10099
-79308 -21864
-9550 59260
-96358 19140
-98421 25430
-23143 21938
-2845 34383
-40332 8660
-76356 72476
-57570 -658
-92592 -47513
-57231 76767
-23286 56214
-73870 2432
-10255 97545
-23657 4757
-81885 463
-77916 -47608
-53177 -23109
-85480 6301
-4975 97784
-45549 547
-64606 -61017
-4899 70910
-61597 -8561
-10940 20390
-93940 -86331
-40690 -23870
-78325 -10979
-27109 59233
-29891 96092
-25738 -20170
-92816 -47919
-65623 42004
-41959 50780
-53468 7635
-23154 25777
-46670 -4169
-29450 72859
-32457 -22152
-13568 -11730
-90740 -81982
-85892 -4944
-4341 93951
-54821 30269
-73937 -71748
-87554 40794
-76979 -20966
-32974 66806
-24269 66858
-69569 -51251
-39350 96115
-58318 -20776
-49123 49796
-13923 95593
-54154 68562
-305 52130
-57224 36010
-11472 62539
-47458 26013
-28719 24407
-57658 -42458
-40874 65441
-99171 47655
-16944 84646
-87873 97536
-73057 -26602
-46108 94634
-21283 4761
-4574 64665
-15734 84518
-72164 25220
-43813 -33640
-9428 3569
-84067 -26561
-35383 -35195
-68803 -26665
-47784 99107
-44821 28020
-88803 -83025
-41401 82086
-87162 24764
-17197 58096
-51052 -3211
-42509 85534
-32796 -5050
-7877 21225
-5059 65953
-64686 -62759
-89915 -69074
-63408 -12989
-2906 77820
-55410 1919
-54254 96463
-4824 38943
-82899 -54977
-72670 62177
-63380 -16872
-84967 -16135
-62376 47917
-56901 96865
-32762 82367
-32244 -25556
-99407 -271
-72400 -38490
-71873 74473
-67243 11386
-22243 13756
-2075 61363
-38792 19764
-77036 -72228
-31180 64027
-38417 2073
-36352 4473
-72091 80045
-71240 87455
-21058 87606
-1163 511
-43546 86086
-66761 -48783
-92321 -73431
-37700 -8743
-72059 -61234
-2983 63716
-88545 -68894
-27593 51593
-43879 -42467
-86306 87397
-37910 10049
-74871 26146
-44794 14034
-95688 -34890
-96123 -63268
-22548 1526
-5384 58587
-67357 -10760
-74444 -2396
-70185 -59403
-9319 12958
-38151 33794
-73131 85224
-53956 46047
-48853 32379
-35265 -34155
-81117 -65488
-23552 4226
-86101 -18601
-52607 -39129
-76618 -19704
-95967 -61439
-53039 -1891
-33276 -31767
-32456 28984
-81035 18348
-7590 85509
-52074 32176
-81609 88151
-66400 81260
-61677 95242
-24967 78958
-20980 57856
-98027 -23478
-65615 89148
-4599 71452
-85607 -20860
-1214 39999
-87607 37945
-20020 18799
-63072 -40703
-60634 22976
-26649 71017
-32984 52231
-20167 54598
-35016 61014
-73500 83459
-67326 77135
-18289 23474
-63357 -19178
-10727 34593
-80794 -12682
-70430 97335
-77059 66741
-48376 8346
-9471 72661
-79483 -49176
-40570 48032
-9785 77750
-79966 -43142
-49064 18985
-88393 86952
-43610 2242
-581 44323
-51135 -16569
-4559 98227
-17224 67769
-65824 -46664
-61707 91539
-136 75344
-23954 41904
-63189 23185
-96998 -4300
-79591 71911
51 24675
-87356 -73848
-40356 -23254
-9747 51591
-91388 -10298
-84308 34136
-1075 55457
-15284 9372
-19015 -11101
-83006 90343
-89317 29931
-15348 61131
-57280 68
-9752 78756
-39875 3480
-78362 97036
-25303 71720
-56636 93847
983 36463
-97832 -3915
-45504 85351
-34537 34937
-83811 53571
-65634 78155
-80802 -51590
-95324 -48165
-47366 14902
-29333 -20050
-78698 98247
-17315 26304
-98154 36173
-79333 -18758
-45804 -7658
-21483 60997
-58331 -17636
-30138 27023
-57826 -35281
-60138 19271
-30079 47839
-75571 -878
-46817 43923
-99073 -28440
-39031 74814
-38497 10165
-56894 59620
-91890 90993
-84135 35590
-57342 -37743
-34894 -12829
-90910 60152
-64522 10019
-82249 -42913
-61686 1366
-18366 -16095
-86699 -43350
-37867 72946
-93138 16602
-4408 65207
-69530 -10
-40462 -2968
-86825 -42760
-89290 -25896
-27886 48567
-16626 28508
-53400 48456
-26131 13909
-31051 45725
-73561 -49909
-92841 -49483
-7800 44984
-68520 57146
-88991 2987
-7967 16187
-66164 66720
-62952 -33774
-60453 8509
-40851 530
-21348 -17155
-39388 14335
-55953 31813
-32952 43206
-80266 -21591
-76537 -63795
-54049 2102
-7715 42723
-79150 -52067
-84227 -9056
-37464 -11925
-16112 -11550
-76312 64003
-89746 36989
-93557 -47100
-26861 79319
-33999 92275
-77855 69642
-25945 99176
-74630 -60658
-15242 50072
-13037 82237
-4540 81497
-71919 -7936
-32474 -12523
-30035 -21116
-41717 -27400
-6187 67114
-33322 -18081
-57833 93302
-817 79383
-3598 90863
-11380 8654
-37526 70436
-97963 82102
-38413 38212
-81244 -32070
-93455 -45023
-79974 -14950
-14415 91983
-92070 1343
-60782 29793
-21246 75227
-59278 24329
-5287 41737
-68341 20427
-92333 -88924
-22693 7762
-84894 -84888
-9338 37456
-37683 6357
-89634 -17507
-63632 17751
-19351 93841
-34649 46314
-51983 60144
-24828 13668
-35429 65952
-47891 -621
-33104 64528
-57450 72666
-55790 79991
-33772 61326
-77136 -43348
-1194 28172
-39781 6338
-74490 94354
-1280 28468
-15054 62666
-89575 15826
-99636 28252
-57403 42734
-60438 84168
-3827 74295
-63162 7498
-20035 5975
-8309 52572
-35913 41655
-56828 41870
-54913 69303
-8709 65216
-16164 5290
-10626 26970
-13669 29160
-52358 -35986
-99251 90767
-26606 11412
-13967 39910
-78859 84809
-62891 21423
-34072 7340
-72071 -48885
-84941 654
-43667 8245
-49747 -24722
-58220 -36267
-44151 14333
-8052 87242
-12733 -10112
-83872 -14807
-93092 -11547
-70636 1424
-89767 96546
-49036 44430
-67605 78959
-43243 -4085
-39699 -4371
-94990 75141
-19554 23385
-10786 75177
-55155 -51210
-86604 39021
-58576 35008
-71571 68976
-72093 -35440
-92924 -4724
-1002 12375
-55314 25376
-96194 -89789
-5000 37266
-56034 46807
-80544 -54720
-16128 76531
-20543 8827
-92454 -54695
-52214 22301
-4865 32085
-91945 -64080
-85393 80138
-75309 53865
-17462 26183
-87412 25207
-70765 96055
-21628 43201
-66962 18490
-58958 -29440
-26639 96210
-20566 -10541
-8491 13387
-5216 67088
-35452 80320
-40488 15933
-11108 78662
-58188 144
-57483 60351
-60309 53825
-44408 87258
-31867 -11167
-2716 29371
-28571 27467
-10380 9751
-5719 56756
-29943 -28955
-39591 -38135
-82392 53239
-29264 29894
-83073 12477
-21127 20778
-93880 -88102
-83716 -68097
-92146 -74461
-17167 66332
-48818 94268
-66696 -34743
-8125 9908
-98182 -50881
-80644 -29959
-12819 12630
-35464 15529
-24062 -6135
-62146 20581
-61767 28055
-12307 5492
-38266 -27181
-81637 -14983
-22813 -8753
-92484 -57022
-31389 -16772
-35641 882
-82047 89735
-97170 69068
-59282 -2436
-55122 51922
-84143 -2935
-83446 95468
-54281 -21541
-84996 88904
-77305 -37724
-94687 -23731
-82222 -16
-60643 -25507
-31186 57902
-19166 -17164
-89978 13048
-48826 19322
-60787 52971
-27315 32647
-13956 53133
-40845 55866
-17148 44908
-28892 66488
-20586 80624
-26151 56387
-55921 39342
-55111 32686
-99857 -13577
-84080 99710
-85971 -26382
-33916 71417
-97705 -96610
-61216 -39379
-95243 20115
-97505 -44899
-6223 44924
-84678 -74889
-47012 1734
-24144 75661
-506 44902
-77980 -5768
-93229 -50523
-7389 25685
-64681 25329
-82229 -12942
-7713 41128
-90767 -33429
-79695 36739
-26832 67678
-41433 21402
-51504 12601
-94234 -55767
-33240 -30521
-37522 23747
-24125 -5035
-4276 15861
-14318 59701
-75401 -50818
-17371 7336
-29860 -5728
-90722 2404
-50065 39336
-67560 46647
-93186 98616
-87001 -2653
-11165 22544
-55836 27956
-12045 92705
-68304 9373
-79963 15343
-94107 65712
-31312 -1585
-54759 81642
-25055 -22778
-27661 10173
-80868 19243
-44859 63022
-56587 72241
-15637 91086
-91781 51222
-76428 27955
-44403 -2547
-27520 65625
-79803 89531
-70752 -47184
-10976 77516
-2287 69403
-4256 26554
-7934 39371
-57072 -35607
-33115 52569
-79130 40510
-26288 -2822
-1892 29116
-11582 69026
-81895 -37626
-56616 42211
-69986 9821
-77355 88225
-35160 61642
-87671 -84801
-35083 91342
-10889 44594
-9338 24812
-22679 33689
-11605 52665
-57188 80200
-1564 49450
-24280 21841
-36733 39564
-22800 32741
-45386 -25281
-83713 -18513
-50154 68456
-53355 80289
-21013 -3933
-63899 -13155
-61814 -32835
-22084 38722
-92982 64669
-10797 -348
-30962 57892
-61942 -5955
-15310 51991
413 20505
-20325 73863
-6843 5651
-6836 5142
-51464 63004
-19601 81375
-7557 59455
-11069 58745
-47241 34031
-80822 -56767
-49117 17742
-53146 -8432
-10963 27419
-54085 93547
-1133 12794
-50393 -304
-83537 11280
-1226 82841
-15266 80769
-96281 -39621
-78683 29679
-81818 -13269
-63780 85948
-11255 15222
-58269 22022
-31179 -2684
-88191 -62744
-97045 -54632
-6482 51828
-99832 5806
-65029 -25013
-26160 20548
-61520 51180
-55154 -9891
-35890 -20482
-6546 38730
-79707 -29093
-28921 48005
-43480 18139
-92384 50614
-40184 -8519
-68782 -67170
-19514 42749
-97877 -16236
-81758 73591
-42073 64381
-81806 -75408
-91473 -90618
-60232 32572
-35686 89844
-72988 84327
-28196 51629
-5036 66017
-56485 39998
-37186 54180
-97160 94323
-67368 -35251
-90624 -32979
-44698 99469
-42527 94653
-36641 55425
-98365 -92952
-68835 -30170
-73987 -21460
-2904 48524
-17459 96594
-12916 -8326
-32183 24643
-70156 -12242
-32211 -4412
-25323 -22538
-53615 -508
-93217 50635
-85088 95834
-80301 493
-98249 92757
-35468 86672
-31153 86072
-3462 61905
-61222 85039
-17169 -9244
-8040 -2821
-64525 -62473
-73461 -34998
-43630 83956
-99922 -44472
-73051 8424
-9113 86005
-96816 33911
-3648 65447
-50482 48601
-16728 -6675
-92403 76816
-43212 68538
-3256 99524
-52728 74350
-15711 8727
-46112 -34670
-83831 15277
-67767 -57131
-45546 22395
-39867 -13167
-50682 9093
-84964 -67163
-89584 26536
-85574 -14403
-97312 40416
-59035 -9198
-63592 4914
-86580 -69852
301 41473
-56914 65239
-60332 94450
-92913 -31102
-48473 37210
-21969 29365
-90498 90110
-94419 -68622
-72992 93869
-7821 20455
-16533 -9070
-17323 10348
-38215 19276
-45450 -25522
-3815 99623
-14584 7146
-63707 18039
-56892 66076
-51152 80081
-84039 -25963
-53459 43237
-85972 -22453
-7627 6698
-83953 -68062
-6750 725
-77584 -59104
-55832 -50847
-64707 34343
-8404 10361
-20869 82282
-66653 75511
-96976 19612
-34609 60381
-12886 99622
-4335 70555
-47328 -42105
-53655 63522
-76551 83441
-53823 48171
-59898 52461
-12100 83490
-84148 85647
-87435 13187
-31575 46829
-25040 18848
-92919 3024
-50891 23276
-15066 61122
-61293 -9487
-99409 -1274
-71559 38571
-31496 54083
-96089 -39783
-34301 18420
-92957 8881
-89890 -57444
-87056 -14813
-89721 -8556
-1914 83801
-59645 -31520
-95545 37336
-50876 5982
-78152 77567
-23578 67108
-93788 -41964
-79029 82088
-67890 -48573
-19739 -17152
-37897 39467
-16573 19595
-17534 63129
-78627 75188
-57812 -41442
-13332 23370
-9331 51367
-35159 -21574
-17234 78387
-71267 -45424
-41080 52863
-5593 338
-33780 94272
-80919 9725
-8036 8507
-77996 59049
-67027 24625
-84009 58807
-58955 52849
-27354 313
-30991 14268
-78341 -51672
-11689 39171
-70337 -50119
-62357 89333
-13735 74629
-2328 69760
-43993 -4800
-55641 60704
-49452 -31887
-29738 88608
-84548 33558
-29656 -27909
-69894 17573
-4665 38140
-40953 -35455
-19667 56812
-56095 87301
-46286 89828
-92563 60315
-59670 -26932
-51709 -45893
-1997 36526
-96943 -13157
-93701 -8663
-29179 -24458
-69187 6362
-52434 -15730
-62522 30265
-30257 60159
-40967 68535
-8297 13342
-6175 36249
-74912 -68882
-7597 50361
-10146 64047
-62948 30544
-12348 91446
-77492 9638
-79283 63571
-46322 -8315
-68426 -44524
-93095 -87334
-97849 -76365
-33461 -17381
-83994 -57946
-50333 1529
-26302 4732
-39458 -25078
-67797 53840
-51048 78952
-61026 59904
-74690 -21855
-95228 -62875
-18264 43597
-34233 54608
-20654 97898
-64958 42665
-14490 66961
-40979 6089
-61351 -27039
-57711 48992
-41622 78324
-36515 88507
-1641 95364
-62644 42695
-96600 -57562
-53057 60719
-42356 79058
-97779 90574
-44029 17250
-43942 30573
-85098 -5935
-25848 51046
-88521 -86441
-55688 60137
-77061 -2145
-4844 88604
-81670 -76141
-32498 22141
-15303 72717
-51433 44214
-66737 11637
-68319 29824
-28881 57618
-52594 90499
-88424 22890
-32133 -18502
-53395 -18936
-73095 71752
-72722 509
-30715 36218
-99969 56093
-50989 72324
-43576 37493
-53720 -22009
-17206 16276
-74326 93808
-88963 -619
-70510 58045
-70723 13101
-23360 96547
-44204 -1589
-79326 -26943
-60294 36135
-35000 70850
-9567 29010
-85065 56514
-92978 -67599
-65112 8273
-96083 -64829
-62859 -40213
-61868 -21354
-16305 70162
-79059 29154
-78607 91171
-42581 -12815
-84 19235
-44707 -24457
-78507 -11347
-94840 -5860
-43444 -32449
572 45909
-13901 83738
-17108 -3627
-87740 -51347
-49070 99806
-7212 75466
-9168 8709
-1500 90081
-78716 -48577
-82067 -3459
-43046 5554
-11350 25868
-22848 -2703
-32418 70122
-71843 25895
-31683 22967
-68763 -12093
-25613 -2884
-24711 -23745
-11274 -439
-47296 6698
-64691 99546
-9783 63685
-12783 1904
-40976 19878
-50413 88208
-91884 -69996
-6159 75386
-62223 36092
-99721 -85983
-82913 12857
-7636 26901
-51968 -7794
-74142 -10247
-40157 53209
-40094 27161
-9179 83386
-8624 22495
-49862 51838
-10329 48928
-68119 76230
-70299 76379
-18118 54272
-19416 93386
-4056 2197
-47868 36812
-49908 25647
-88085 -27227
-54998 94670
-17739 57856
-87019 83698
-28514 1385
-72648 62478
-32350 9889
-85262 81355
-87300 -42996
-17679 15925
-23423 84016
-74155 77781
-82771 -73811
-2579 80219
-93014 -28343
-13445 75830
-10263 25088
-81199 89371
-89085 -39726
-61514 88552
-17620 70665
-71263 -24237
-12693 92624
-72143 53112
-68800 -42276
-7496 68570
-71279 35925
-17835 494
-82640 61123
-17256 43308
-89582 97725
-43514 30494
-22705 6009
-34359 12000
236 73380
-55674 24644
-83865 13638
-61599 82358
-11545 59400
-1851 67702
-67744 49318
-88348 50675
-90505 -73043
-91438 -31599
-87079 -71174
-89352 72777
-30175 17720
-99057 84926
-94388 -46441
-66974 1395
-59913 98629
-52966 85129
-95044 -57666
-86962 61277
-78621 -22929
-68338 44636
-46958 9239
-25940 -4213
-59748 -44137
-61154 -7315
-70627 1644
-15239 25361
-60122 77826
-53786 -31529
-31092 72887
-44477 1032
-2015 26073
-19939 23295
-61959 -23547
-90339 29936
-79220 71808
-48032 16930
-43775 3244
-46868 -32371
-73120 7466
-38040 28921
-77990 96455
-59802 54609
-45309 18729
-60530 46772
-5422 4187
-10101 15361
-52137 -51134
-87351 23567
-92536 -82215
-76018 1550
