756621
117487
524617
524520
222630
6263
523774
599481
524131
523869
524342
6634
951368
207772
524580
524534
564193
849414
296779
524191
524260
128741
400454
509508
604959
524167
53251
727939
31720
524438
728338
296649
524144
524273
727763
599887
203137
523940
524389
524316
524289
224193
666825
6524
523771
148437
666675
757830
849349
756260
848730
38884
255776
524310
524225
336425
524235
721257
728258
524344
524271
137061
926480
521763
572109
838782
524419
524186
400259
842589
848736
203376
104139
808431
739784
288824
38805
203640
524612
524076
162714
319253
524674
524429
523834
524048
524233
524396
95913
524590
203159
524115
470649
323480
523967
524073
440527
849180
523802
523814
458973
203270
727502
203320
750503
523953
430251
524307
565068
180767
187556
228398
524471
17265
524149
524299
925198
475495
38968
313113
736980
523976
537349
727997
523889
6463
524660
148694
931046
16342
472099
524575
38684
148800
727588
162615
523815
524560
203680
834124
523956
38641
296053
148926
542965
345723
38565
524649
635780
524216
849164
245958
728281
148569
524503
523939
523962
524232
39251
16538
296743
487546
296603
582366
296681
607761
524091
581405
148417
838413
374979
523993
524493
203485
728302
492441
523900
524667
524248
190846
650597
756718
463088
523858
6195
524605
757085
756313
523766
524001
524217
384764
899276
523969
296441
399967
524509
524636
16424
400178
932622
171643
756513
561038
84509
524234
524106
524448
203556
466717
728359
524606
728224
614770
865911
523906
148380
39096
456732
524355
517868
17258
6490
39210
16286
849317
524521
207347
530695
524130
524412
524559
524093
756871
524427
524413
524165
268249
524239
523996
524595
16991
587933
139621
756325
848988
570005
526157
455947
524032
524297
524293
16788
523912
848781
440430
524513
523980
682310
728127
524466
6638
701483
38513
575639
593160
727770
72839
524398
523832
550653
524528
524669
524282
524430
355005
170297
599664
6472
524554
631929
524256
757223
524550
219752
757095
39085
601586
524634
286978
727892
523871
3703
17077
664051
334137
848570
22732
235417
955674
524557
523925
937382
703452
669817
311962
16516
524555
742167
523831
638104
849076
757211
756528
523920
699608
730395
202911
524586
523943
148652
296403
523902
818492
576600
727598
756833
727594
524510
70691
876039
589093
524526
523963
523944
39363
60147
870367
139198
16355
524286
720411
524695
849250
759932
592854
6706
16865
369213
919397
524689
524211
524006
523784
355437
523877
524336
524242
653480
296357
791371
148864
39327
148597
837734
524047
728143
523968
524079
17083
524497
319106
849005
524257
400344
728089
810491
728293
756572
502766
6540
203263
148259
524498
400643
296289
727688
142248
849192
756562
400550
148116
17262
524187
524655
523903
6358
523959
16799
523847
591976
6640
5956
524212
523971
148134
6562
301343
833187
6224
524264
524530
148012
6594
6314
142228
524040
400074
524085
524542
16625
400402
523776
524519
356876
524537
855502
524577
849187
13454
523769
184676
42232
822067
690959
807066
524231
955593
848950
38712
203070
480511
523865
89168
523986
524035
524012
524657
296936
130904
683271
38766
6380
312167
399808
523876
190298
848574
523848
524017
351899
557449
97874
524325
523934
886042
524049
133482
205772
186669
523804
296606
524696
524626
16548
848821
523964
130883
524292
524647
39021
524327
526628
523764
168414
524353
39081
524369
547697
524192
524296
318464
523908
