278564
765761
353083
333962
874501
765643
875145
875098
816409
874849
653466
874896
874480
874674
874834
874459
283657
874438
874468
874236
874907
273049
788731
549372
326
12721
43332
788798
466675
379109
874385
65764
212642
874556
874906
115586
764850
874852
821575
766026
765461
242108
773565
874367
419564
241962
874782
633244
242223
874546
874365
696599
696539
43283
222352
874496
874884
241450
534550
303333
875106
420239
874869
352972
419461
874472
874773
765528
875144
874659
766272
554322
874958
874511
201819
871392
267238
874597
43170
874300
352585
742656
43692
874917
765292
875011
874284
874887
746065
874596
874324
352337
25957
43066
874836
43792
816409
272968
874549
874970
874278
874266
863429
242026
746758
512095
874668
510384
874559
874583
874940
668553
874983
875113
874566
874574
788486
419410
353098
874686
132211
874857
77838
789079
696823
700673
874662
393999
765360
592515
874552
241516
419585
874625
587494
352574
696729
875079
696880
874326
874503
874760
874916
57376
875094
509093
741113
875023
585769
630390
353152
885719
874517
874579
874816
874528
874714
781341
249938
696980
874335
765767
875095
420211
765615
874992
874740
874913
6185
874716
741627
420097
765277
874986
788640
770398
24044
824842
352141
788837
874230
874767
534479
874930
593122
874507
352724
874291
874219
696740
414344
874701
875108
266631
218529
187310
874685
420033
874807
874908
352134
875116
874425
874367
874628
874233
874475
272255
352511
874542
696738
727554
874885
874587
874775
741130
272160
874678
445296
673471
318317
226704
874708
533568
644483
43088
420279
603284
765613
272677
874261
874322
242312
875089
352843
875009
678652
874446
352883
741501
874646
875036
241602
788875
874347
874699
746435
874761
25184
874872
420095
353017
874422
874337
767036
874860
200777
875064
874861
26005
352400
25547
888240
272699
420228
741651
12193
874606
741772
241552
419781
874652
874762
352587
550793
874230
352371
419518
697092
890302
874324
874434
272865
874777
854235
875060
741176
623473
741449
765699
874694
875097
505945
697002
242273
874487
273018
788679
696822
789277
874577
33900
141575
874882
875129
874967
735212
353155
54780
875059
241391
352615
765247
874383
874591
765834
741298
875009
411170
874736
875101
874599
286358
875081
43347
696609
241813
272330
874437
43053
874897
798061
874928
874779
25622
241908
874382
696934
419607
419897
272635
880740
883631
874330
422008
834078
599406
874893
272703
765731
874435
25389
874950
697007
874310
874339
765638
874381
290511
819230
874387
241690
379585
874630
875105
148042
788904
765303
609083
25732
765276
420023
28071
874407
43621
696842
352925
166421
741170
449935
875080
647112
267238
355378
592515
874262
874944
241703
78252
420060
272563
437579
352400
741403
73155
31769
789272
875025
788890
874929
143506
874431
875117
272469
874744
67219
272407
322367
874260
242155
230590
874864
788847
874843
874397
272509
789046
691890
43478
206269
590294
463161
874595
43016
43516
765316
874717
43032
126462
874644
874851
874811
741625
874798
874756
25509
656821
874520
253583
874604
785876
275319
874530
416604
752165
875141
874949
92734
419475
107740
874961
874553
874393
874514
874500
652077
506113
874930
43034
419402
874538
25334
874700
43442
874351
874323
247120
145833
874886
619070
696622
875109
25802
875139
875013
789230
43429
353049
875105
275213
874799
875049
765871
