996 961 493
788 314
123 245
546 872
546 775
232 639
7 497
546 29
624 778
546 385
546 123
546 594
7 867
990 939
217 196
546 830
546 784
588 86
884 851
309 791
546 443
546 511
134 928
417 678
531 178
630 490
546 419
56 396
758 462
34 7
546 686
758 860
309 661
546 396
546 521
758 286
625 223
212 366
546 193
546 634
546 562
546 535
234 280
694 852
7 757
546 26
155 443
694 702
789 562
884 786
787 914
884 167
41 444
267 150
546 554
546 472
351 75
546 481
751 507
758 779
546 583
546 515
143 599
965 76
543 901
596 314
873 790
546 655
546 434
417 483
877 753
884 172
212 604
109 351
842 230
770 775
301 524
41 365
212 867
546 842
546 327
170 305
333 201
546 901
546 662
546 87
546 298
546 475
546 627
100 774
546 814
212 387
546 363
490 720
337 584
546 217
546 321
459 389
884 615
546 55
546 66
478 576
212 497
758 25
212 546
781 923
546 201
448 684
546 537
546 942
189 99
196 161
238 641
546 691
18 928
546 389
546 528
963 716
495 761
41 526
326 788
767 854
546 222
560 150
758 517
546 138
7 696
546 869
155 699
969 798
18 5
492 248
546 788
41 244
155 804
758 110
170 206
546 66
546 772
212 903
868 937
546 201
41 201
309 65
155 929
546 919
360 724
41 125
546 854
662 559
546 448
884 599
256 903
758 798
155 574
546 715
546 186
546 205
546 460
41 805
18 200
309 753
508 319
309 614
546 931
309 690
633 409
546 328
546 929
155 423
873 421
391 189
546 233
546 700
212 709
758 818
513 409
546 147
546 861
546 470
199 568
546 953
788 410
482 847
546 107
7 429
546 801
788 776
788 6
546 21
546 237
546 440
401 364
936 741
546 207
309 452
417 191
546 707
546 824
18 86
417 401
971 452
179 585
788 205
584 775
88 902
546 452
546 336
546 647
212 779
486 632
758 873
546 793
758 742
640 691
902 50
546 150
155 386
41 650
476 257
546 558
539 850
18 918
7 721
41 763
17 910
884 750
546 712
216 732
553 223
546 357
546 611
546 746
546 322
788 560
546 623
546 610
546 387
280 130
546 450
546 230
546 771
18 651
612 762
146 276
788 17
884 423
594 132
548 490
475 433
546 264
546 500
546 496
18 448
546 155
884 216
459 292
546 693
546 214
546 939
758 645
546 649
7 866
730 914
41 73
546 889
618 223
758 290
76 764
546 588
546 81
546 876
546 701
546 826
546 483
546 612
370 396
178 200
546 893
7 703
546 723
658 552
546 460
788 909
546 718
229 644
788 781
41 638
546 890
546 790
299 600
758 411
546 116
4 820
18 735
546 913
348 670
884 7
24 629
245 933
995 440
546 722
546 165
976 407
546 929
546 914
325 598
18 177
546 719
773 275
546 80
546 896
884 508
788 896
788 218
546 159
546 921
761 35
212 140
546 742
546 178
155 654
309 414
546 143
852 681
546 869
758 119
788 520
758 115
546 677
74 538
912 568
546 873
546 689
546 193
546 177
41 912
63 565
906 662
145 814
18 17
546 477
750 622
546 830
884 679
791 742
617 878
7 932
18 522
385 189
957 681
546 824
546 416
546 227
546 36
370 827
546 119
546 515
546 435
546 883
309 368
824 468
155 863
41 876
155 599
872 703
546 264
758 656
546 193
546 291
18 737
546 654
333 54
884 437
546 444
417 565
758 603
844 368
758 801
788 261
524 163
7 768
212 489
155 265
546 653
417 862
309 300
758 207
149 20
884 620
788 251
417 769
155 122
18 914
546 387
546 781
546 141
7 590
546 186
18 456
546 92
546 850
7 864
7 190
546 406
546 191
155 139
7 787
314 550
546 953
7 456
546 443
546 669
155 18
7 817
7 544
91 961
546 252
417 297
546 291
546 677
18 283
417 621
546 28
546 659
372 345
546 670
891 212
546 701
884 615
7 951
546 23
193 164
44 909
856 412
546 875
840 787
546 416
995 359
884 383
41 268
212 298
501 11
546 106
93 756
546 200
546 243
546 221
546 762
309 938
137 208
546 866
41 321
7 608
325 802
417 32
546 114
199 20
884 10
546 90
546 223
367 173
581 69
102 813
546 480
546 161
546 951
546 248
139 864
215 118
195 235
546 52
309 612
546 787
546 728
18 206
884 253
546 180
137 187
546 449
546 744
41 572
546 476
546 792
546 19
176 239
546 497
41 631
546 511
570 888
546 370
546 449
332 373
546 136
