1508545013
1508521177
1508556264
1508516330
1508527222
1466050939
2026854544
2052221469
998878588
1437703392
1508542998
1508548195
1710270142
1508549005
1508521505
1508514973
2036851881
1735185683
1508549262
1508526438
1893367021
2080086149
2047760553
1508523601
659762010
1173302730
1508537412
1013646232
491035584
1508541520
998914987
53691229
804948370
2036850323
1508543400
869327703
1427424364
804955786
1674227729
1508525321
1508547875
1223930578
998888695
804924913
1508539836
1508521072
869329401
1508531435
1508525191
1508547214
1508544052
1508517630
1882817150
864947657
1223945309
1080221148
1354490347
1508520112
804939149
53195406
582763506
53704904
1508516876
590518728
53666953
801815633
1674259548
220577576
2036849931
1313932645
1508528791
869309861
1140766759
1508513022
2036840883
1508546380
869330791
1508531018
259601081
1508537307
549310223
1212077020
491043649
649691561
1508539193
2036860074
53706413
1890640678
284314996
1508557588
1963033554
1508557617
1508539348
1508550779
53680625
1925523449
1639737336
1652269681
53684695
1508539961
1508547166
1508525437
6670799
89295388
1508557342
1805807826
2035029714
1508522670
248625209
1851157610
637104534
107359977
1933042867
1508533075
1508520111
1508523318
53680453
1508517417
1508548701
1508540661
1508553903
1508515199
1223962078
804922900
1508526948
1508550080
1508535924
1508551957
520813324
87599385
1508552895
1508549336
1508555110
1508528231
1210598807
1508536088
1508523662
1508521492
1508534674
1508522587
2036855236
1541742902
2036835764
1508541435
998914478
753259200
2026836523
2036859997
53662689
1674262644
1508556842
869324134
1107545733
491058154
1508533767
1797234516
1223947383
350506967
1508522809
2026823918
53682375
1508557109
1508539357
532966578
2026864529
1350865356
2036838222
804935620
89282698
1652465478
1541399202
835886295
672758237
869319404
1508537234
1189672536
367502104
878416232
1508555220
2026830268
1508523675
1393245724
230444730
1524695893
1508556320
1223964658
1508518264
1508550041
804931987
1096781705
1508553558
1508554273
1914961200
1508523645
1223937340
1508527478
412924048
1508547655
1508556871
1508542487
53677251
357680585
1508526305
869318630
2026866490
1508532266
1508532527
869328830
1508533296
1508556845
1508556366
89262033
1508518532
450359774
804949428
1508555967
870400098
1083869243
1508541627
1508518111
1508544560
883191037
998913995
1508538733
53697085
1876099361
89273942
1508524267
1513190952
804950248
2026866903
480262495
1508531065
1508513669
89262501
491061044
1674232189
920311010
1216814530
1508535718
1893514421
1361637496
1508537921
423780900
1508532706
1508557721
1508525796
1508536498
938453230
1041980406
1508520664
593073670
89268200
1508551661
89278208
1778914355
491039521
1223956305
1565546373
1508558074
1508526465
491042716
1031667472
998880172
1508540391
804927333
1508533315
46140476
1508529762
1508550672
1674237077
53671819
1030546165
53683599
1508552117
53688644
1528048841
1223944684
1508518094
998902248
869316030
1508526547
1508540773
53702674
2036848164
1674222000
804914861
228505969
1223951494
1508538743
1644213424
1508524427
1674257504
869314708
2026840170
1715724800
1814250886
1674245835
1508556741
1508527700
804942342
1358492568
804920890
541985721
1106829256
804924517
869327320
1508554184
1508546673
804944130
1508533243
1811865517
1508520904
1223935759
1674226594
1508555344
1508513730
1508542694
1508530116
1508518679
1508516977
612683232
1508512859
804945746
1674235323
1510987111
53704199
1508514870
1508522746
670334721
1508533809
998875669
933586773
869351006
869323705
804926267
926408047
613397274
1508536583
1508518938
2026842076
1508547595
1508541032
476312424
869316707
89294384
1508538760
2026861517
869343737
53699293
1379576945
683034361
1508540010
1508539551
898666179
1128076848
1508514690
407632910
1508556924
1508520744
1335941447
1508530091
1468274039
1508525461
1508558666
1508515769
1103904955
998923013
388743265
1508522637
1508540817
491028911
2026848712
1508551975
1301305106
1508553606
491062970
1508537559
1508557491
1508529783
1508545949
1316525966
804916332
1508539187
804938637
102873157
1223960834
2026832462
1508546445
1805036740
856877837
1508558494
53679864
53689221
1075730414
804933173
1508544425
869308145
1508546358
1055623986
1194947142
1767965187
1508527874
1508546719
1508528890
1176382229
1508550318
998884573
1508521440
1508523273
1508513110
1508531637
998901038
1508517197
1508514923
2036853298
2026856752
1508552505
186012125
604912475
1697560798
1508537188
1508543549
1508544432
869331816
1508538768
1508526212
2036860762
1720684252
1508556642
880053428
1603526026
1508547908
339592679
869345586
1137901103
491020999
1508538696
869319933
1508512852
1872157551
89265671
998908492
1508554603
1995022701
2036850831
1508534720
1546706830
1508545955
1508522921
1508537222
966301625
1933876189
515370727
1508554691
1508535755
1214960766
1508548985
679811737
1508552918
1508533567
865826477
1508518903
1899183805
1508537942
89294269
1508513629
1205562767
1508555424
1508519841
89275789
1508558184
1508521124
1508547538
998905661
1508525741
1784460083
491022024
