1000 10000
1 307 653
1 936 986
2 237
1 391 997
2 72
2 469
1 139 867
1 254 618
1 841 928
1 598 897
1 590 930
1 71 609
2 662
2 180
1 510 997
2 236
1 558 639
1 631 983
1 153 159
2 643
1 476 564
2 578
2 779
2 371
1 232 810
1 298 413
1 355 845
2 149
2 937
1 999 1000
2 235
2 881
2 937
1 673 773
1 415 564
1 215 935
1 681 984
2 63
2 449
2 448
2 182
2 381
1 843 845
1 868 888
1 307 467
2 236
1 334 796
2 317
2 744
2 439
1 802 919
2 300
1 307 856
1 946 983
2 430
2 339
2 229
2 726
2 570
2 738
1 935 975
1 947 947
1 690 961
2 726
1 789 883
2 790
1 790 891
2 167
2 171
2 787
1 119 484
1 682 939
1 647 868
1 732 857
1 659 865
1 999 999
1 943 963
1 60 630
2 748
1 724 780
1 540 678
2 981
2 836
1 841 992
1 46 953
1 977 977
2 6
1 965 996
2 201
1 63 794
1 361 733
2 898
1 631 825
2 668
1 653 902
2 796
2 855
2 869
1 674 792
2 464
1 174 421
1 714 916
2 269
2 963
1 501 900
1 781 1000
1 574 881
1 217 261
2 298
2 475
1 152 370
1 136 858
1 594 698
2 739
1 592 952
2 435
1 327 418
1 678 751
2 993
2 179
1 221 993
1 485 753
2 670
2 716
1 531 831
2 233
1 273 770
1 148 973
1 975 992
1 287 303
2 731
2 618
1 18 622
1 91 147
1 756 792
2 980
2 622
1 215 246
2 245
1 337 515
2 260
2 875
2 915
1 985 993
2 866
2 984
1 61 127
1 242 619
1 172 583
2 232
2 617
1 965 972
1 905 915
1 657 839
1 636 787
2 40
1 673 936
1 426 738
2 136
1 822 955
1 997 997
1 980 981
1 746 890
2 508
2 727
1 37 497
1 171 539
1 173 484
2 666
1 978 999
2 215
1 776 833
1 412 684
1 363 810
1 908 934
1 152 357
1 859 984
1 12 355
2 588
2 557
1 302 565
2 1
1 69 867
2 450
2 949
2 33
2 208
1 856 965
1 722 886
2 367
1 401 733
2 536
2 80
2 837
2 390
1 78 830
2 180
2 850
1 75 970
1 893 899
1 67 413
2 270
2 148
2 318
1 268 285
2 147
1 507 510
1 965 969
1 391 906
1 375 523
2 404
1 509 926
1 364 851
2 448
1 814 891
1 747 930
2 824
2 94
1 996 998
2 441
1 733 945
2 888
1 660 816
2 997
2 465
2 840
2 919
1 641 889
1 794 918
2 697
1 834 942
2 244
1 872 959
2 83
2 828
1 42 365
2 266
1 379 519
1 56 543
2 967
2 588
1 417 967
2 557
1 58 969
1 936 943
1 444 826
1 819 878
2 416
1 852 938
1 345 544
1 191 539
1 446 809
1 532 612
2 925
2 10
2 587
1 401 435
1 695 838
1 246 355
2 805
2 73
2 154
1 482 901
1 548 727
1 136 215
2 433
1 856 882
2 860
2 7
1 779 972
1 172 842
2 919
2 659
2 506
1 519 677
1 995 997
1 520 705
1 271 577
2 20
2 1000
2 127
1 544 846
2 874
2 580
2 797
1 54 932
1 818 972
2 443
1 749 946
1 664 967
2 98
1 777 833
1 753 950
1 204 937
2 859
2 34
1 228 885
1 360 979
2 23
1 821 973
1 554 798
1 316 317
1 671 788
1 797 881
1 283 362
2 266
1 115 207
1 944 995
2 317
2 384
1 322 666
2 491
1 522 970
2 245
2 475
1 158 842
1 673 938
1 795 968
1 652 708
2 380
2 616
2 501
1 627 681
2 366
1 729 737
1 473 846
2 3
1 689 790
1 596 794
1 392 398
2 937
2 733
2 133
1 524 541
2 407
2 24
1 294 545
2 113
2 752
1 362 956
2 919
1 807 912
1 435 541
2 330
2 293
2 255
1 548 763
2 90
2 464
2 772
1 585 668
1 431 436
2 952
2 749
1 570 782
1 444 684
2 827
2 992
2 228
2 175
1 231 452
1 153 692
2 95
2 75
1 894 924
2 652
2 438
2 8
1 762 952
2 719
1 262 958
1 73 517
1 382 706
1 44 195
2 506
2 941
1 399 483
2 942
2 301
2 816
2 938
1 554 775
2 728
2 611
2 23
1 743 878
1 782 963
1 482 897
1 565 722
1 665 717
1 46 496
1 676 916
1 903 911
1 219 899
2 344
2 88
1 686 887
2 284
2 859
2 606
2 609
1 780 819
2 525
2 964
1 690 875
1 471 771
1 948 958
1 963 989
2 954
1 393 577
2 220
2 682
1 23 191
1 43 500
1 857 958
1 617 846
1 99 743
1 309 524
1 7 398
2 552
2 392
1 573 767
2 7
1 521 779
1 458 734
2 959
1 420 454
2 148
1 749 817
2 717
2 198
2 354
2 993
2 553
2 382
1 988 996
2 218
2 104
2 915
1 949 971
1 308 484
2 26
2 523
2 93
1 806 994
2 857
1 789 993
2 360
1 301 371
1 62 509
2 806
2 791
1 916 988
1 434 744
2 633
1 790 961
1 825 851
1 67 791
1 180 823
2 926
1 555 911
1 581 641
2 24
2 307
2 458
2 12
2 185
2 464
2 343
2 600
2 62
2 970
2 126
1 744 970
1 938 982
2 755
2 72
1 714 794
2 75
2 737
1 525 693
2 410
2 162
2 399
1 672 981
1 377 384
2 180
2 242
1 172 312
2 425
2 295
2 230
1 200 320
1 454 608
1 640 659
2 434
2 558
1 695 900
1 476 519
1 545 698
1 297 551
1 21 730
1 245 343
1 779 798
1 920 963
1 475 810
1 383 400
1 276 551
1 301 800
1 512 902
1 3 174
1 324 504
1 514 558
1 481 523
2 411
1 479 721
1 662 764
1 402 578
1 174 506
2 621
1 515 857
2 7
1 861 907
1 165 194
2 11
1 550 994
2 319
2 686
2 156
1 392 683
2 153
2 447
1 776 852
2 608
2 129
2 344
2 209
2 939
2 364
1 792 794
2 365
2 785
1 366 602
1 448 517
1 253 529
2 499
2 241
1 896 983
1 276 775
1 918 988
1 345 350
1 889 922
2 181
2 511
1 95 864
2 435
2 477
2 959
1 603 967
1 464 650
2 427
2 689
1 695 797
2 985
2 172
2 938
2 809
1 80 847
2 827
2 112
1 272 554
2 806
2 368
1 711 816
1 922 967
2 350
1 575 625
1 640 688
1 461 612
2 417
2 371
2 507
1 924 926
2 683
2 44
2 959
2 260
2 575
2 246
2 712
2 238
1 151 311
2 92
2 424
1 239 454
1 343 358
1 269 407
1 65 624
2 421
1 387 500
1 684 982
1 763 868
2 316
1 654 932
1 805 921
1 105 423
2 706
1 253 787
2 622
1 408 782
2 998
2 339
2 195
1 859 979
2 184
1 398 551
2 750
1 865 960
2 580
2 722
2 430
2 177
2 8
2 812
2 183
1 695 897
2 271
1 234 692
2 546
2 615
1 302 582
1 882 899
1 237 258
2 914
2 895
2 737
2 333
2 726
1 947 950
2 598
2 314
1 796 927
2 901
1 325 524
1 460 948
1 372 592
1 59 399
2 872
1 796 991
2 764
2 328
1 307 578
1 533 669
1 201 750
1 663 704
2 495
1 275 439
2 925
1 634 688
1 738 852
2 180
2 922
1 291 787
1 861 891
2 718
1 614 617
2 457
2 823
1 608 761
1 672 723
1 687 878
1 808 900
2 653
2 818
2 105
2 872
1 37 330
1 248 354
1 64 303
2 857
1 454 649
1 216 220
2 662
2 899
1 522 663
1 202 863
2 461
2 463
1 26 594
2 26
2 589
2 766
2 507
1 428 554
1 500 766
1 603 842
2 439
2 703
1 875 926
1 743 998
2 142
2 982
1 397 677
2 452
2 413
2 819
2 362
2 308
2 496
1 702 863
1 604 820
1 394 880
2 75
1 805 896
1 633 722
2 361
2 759
2 539
2 625
2 661
1 866 890
2 166
2 682
2 63
1 559 874
2 980
2 242
1 605 718
1 23 710
2 510
2 603
1 930 965
1 911 997
2 336
2 821
1 849 991
1 684 777
1 328 509
1 80 443
1 792 847
2 795
1 749 839
2 433
2 667
1 789 898
2 674
1 870 896
2 926
2 834
1 980 990
2 652
2 16
2 540
2 305
2 648
1 973 987
2 527
1 370 811
1 868 938
1 275 753
1 639 832
2 689
1 451 960
1 879 907
2 818
2 54
2 672
1 304 486
1 400 931
1 967 990
1 788 925
1 85 887
1 359 468
1 351 649
1 966 997
1 147 281
1 34 121
1 690 877
2 127
2 658
2 732
1 629 696
1 5 257
1 673 912
2 872
2 963
1 807 984
2 903
1 532 957
1 958 981
1 162 788
2 540
1 768 855
2 386
1 651 875
1 455 637
2 465
2 96
2 933
1 801 831
2 737
2 618
1 365 544
1 10 307
1 307 932
1 107 759
1 891 892
2 915
2 331
1 506 776
1 811 910
2 916
2 364
1 71 910
2 652
2 223
1 462 719
1 612 648
2 600
1 861 929
1 391 941
1 815 938
1 948 949
1 776 995
1 432 896
1 232 351
2 250
1 817 853
1 842 951
1 599 799
1 556 559
2 771
1 721 740
2 648
1 811 862
1 992 995
1 153 962
2 25
2 401
2 874
1 744 910
2 571
1 914 994
2 197
1 572 608
1 992 1000
2 298
1 475 926
2 454
2 52
1 818 972
2 688
2 614
1 887 959
2 19
2 808
1 199 207
2 722
1 184 864
2 262
1 406 915
1 569 818
2 766
2 399
1 151 229
2 752
2 479
1 54 255
1 335 605
1 521 802
1 655 766
1 537 732
2 345
1 821 912
2 549
1 60 748
2 426
2 721
1 149 164
2 685
2 607
2 107
1 909 927
1 56 602
1 337 889
2 525
1 670 808
1 676 844
1 487 706
1 538 973
2 741
1 382 878
1 4 227
1 655 912
2 986
1 548 999
2 674
1 116 431
1 376 664
2 285
2 991
1 115 199
1 85 778
1 936 994
1 821 840
2 752
2 947
2 898
1 855 914
1 762 821
2 151
2 324
1 154 374
1 322 567
1 674 795
1 236 472
2 698
1 722 827
1 702 1000
1 99 225
1 718 741
2 455
2 866
1 600 951
1 718 882
2 218
2 680
2 299
1 947 997
2 947
2 326
1 605 985
1 951 974
2 503
1 324 671
1 318 586
2 405
2 117
2 460
1 702 788
2 251
2 492
2 752
1 617 782
2 943
1 567 645
2 496
2 565
2 687
2 876
2 114
2 86
1 630 723
2 201
2 550
1 476 518
2 250
2 184
1 513 689
1 948 972
2 706
1 245 533
2 577
1 301 449
2 207
2 790
2 275
2 611
1 106 677
2 690
2 561
2 761
1 702 753
2 693
2 599
1 931 971
1 598 805
2 203
1 183 564
2 746
2 298
2 28
1 946 953
2 20
1 805 976
1 832 999
2 745
2 332
1 538 634
2 659
1 652 694
2 6
1 231 867
1 266 451
1 962 980
2 957
1 681 934
2 718
2 346
1 728 891
1 242 608
1 504 938
1 305 639
1 35 649
2 688
1 327 680
1 612 823
2 387
2 55
1 151 294
1 359 460
1 780 821
2 145
2 626
1 438 920
2 806
1 67 723
1 660 695
1 916 969
1 157 541
2 140
1 689 875
1 769 804
2 433
2 345
2 290
2 665
2 758
1 220 683
1 672 833
2 145
1 261 682
2 981
1 920 923
2 940
1 707 951
1 920 953
2 456
2 983
1 320 591
1 561 756
2 585
1 537 542
1 35 415
1 309 963
2 991
1 871 924
2 28
1 90 948
2 21
1 486 925
1 706 771
2 848
1 660 756
2 41
2 406
1 721 769
1 157 735
1 524 577
1 488 867
1 367 885
1 445 473
2 321
1 553 616
1 965 965
2 249
2 995
2 401
2 967
2 322
2 105
1 747 996
2 141
1 939 940
2 348
1 942 968
1 29 499
1 385 421
2 724
2 253
2 857
1 275 888
1 695 951
1 865 922
1 616 927
1 130 430
1 843 918
2 85
2 808
1 659 810
1 965 997
1 762 901
1 827 997
1 467 941
1 721 942
2 861
2 984
1 130 643
2 189
2 503
2 397
1 804 986
1 105 812
2 667
1 435 644
2 436
1 545 818
2 533
1 243 588
1 946 946
1 749 900
1 729 815
2 359
2 806
1 671 973
1 586 695
2 554
2 301
1 823 873
1 541 542
1 828 933
2 684
1 299 894
1 261 268
2 1000
2 348
1 698 725
1 728 850
2 303
1 693 745
1 290 827
2 762
1 402 905
1 422 915
2 151
2 529
2 323
2 323
2 231
1 441 943
1 45 307
1 680 701
1 899 930
2 690
1 205 754
2 254
2 895
1 654 920
1 240 806
2 780
1 365 862
2 831
2 621
1 608 852
2 958
2 33
2 445
2 798
1 875 947
1 75 208
1 34 864
1 625 709
2 258
1 765 985
1 406 806
1 871 907
1 844 855
1 997 998
1 765 938
1 106 806
2 166
2 594
2 996
2 541
2 165
1 581 823
1 243 318
2 819
1 966 967
1 685 848
2 640
2 815
2 590
2 762
1 269 437
2 64
1 959 966
1 189 673
1 420 579
2 707
2 844
2 574
1 601 834
1 102 932
1 102 436
1 694 878
2 992
2 721
2 823
2 718
1 32 554
1 80 522
2 158
1 287 746
1 48 298
2 119
1 275 383
2 533
2 168
1 190 455
1 605 724
2 430
1 187 896
1 830 935
1 889 941
1 287 656
1 466 837
2 242
2 741
1 673 994
1 107 151
1 602 853
1 933 997
2 112
1 436 477
2 91
1 485 816
2 797
2 138
1 947 951
2 696
2 21
2 942
2 565
1 208 598
1 881 894
1 81 584
1 880 998
2 158
1 655 999
2 222
1 845 988
1 651 990
2 170
2 472
1 353 676
1 854 938
2 342
2 918
2 360
2 793
2 798
2 387
1 186 936
1 207 905
1 26 534
2 586
1 586 738
1 424 791
1 923 954
1 818 961
1 165 716
2 575
1 449 600
2 621
1 905 918
2 363
2 104
1 438 860
2 463
1 12 413
2 46
1 955 963
2 522
1 64 137
1 16 488
1 785 905
2 320
2 350
1 614 997
2 407
2 120
1 793 889
2 172
2 764
1 501 660
2 1
2 635
2 108
2 834
2 822
2 752
1 865 940
2 167
1 309 416
1 995 996
1 742 997
1 700 860
2 95
2 979
1 393 459
1 380 757
1 312 354
1 712 844
2 696
2 515
2 924
1 985 998
2 572
1 611 876
1 208 227
2 703
1 262 939
1 20 269
1 471 478
1 2 517
2 742
1 66 526
1 387 819
2 404
2 370
1 876 897
1 167 266
1 27 902
1 342 362
2 850
2 250
2 170
1 289 743
2 574
2 229
2 898
2 608
2 87
1 959 982
2 645
1 621 830
1 378 535
2 896
2 84
2 210
1 442 876
1 533 832
2 659
1 122 579
2 346
1 443 648
2 97
2 449
2 969
2 638
2 852
2 52
1 542 653
1 835 882
2 629
1 475 634
2 284
1 948 977
2 631
2 557
1 943 951
1 940 960
2 318
2 444
1 376 574
1 899 960
2 54
2 682
1 150 476
2 67
1 762 853
1 539 880
2 205
1 395 596
1 815 992
1 173 783
1 108 866
2 747
2 97
1 476 846
1 242 978
2 833
1 876 961
2 914
1 385 957
1 91 567
2 965
2 414
1 950 954
2 765
2 250
2 388
1 247 304
1 756 911
1 295 691
2 957
1 983 987
1 275 635
2 363
1 143 636
1 198 973
2 109
1 459 765
1 791 892
1 469 762
2 604
1 886 928
2 677
1 177 358
1 705 911
1 473 650
2 576
2 325
1 484 703
2 659
2 955
1 517 627
1 782 967
2 580
1 8 501
2 200
1 260 672
1 186 653
2 164
2 951
1 630 695
1 484 825
2 362
1 284 444
2 272
1 675 977
2 811
2 612
1 279 370
1 750 868
2 893
1 904 932
1 239 570
1 333 804
2 907
1 841 890
1 293 999
1 993 1000
1 197 502
2 530
1 144 568
2 530
2 329
2 307
2 108
2 313
2 497
1 563 853
1 729 763
1 439 606
2 350
1 237 786
1 97 347
2 70
1 341 527
1 295 541
2 272
1 847 947
1 575 690
1 807 857
2 24
1 276 550
2 471
1 592 726
1 349 913
1 839 939
2 215
1 251 263
2 373
1 98 365
2 715
1 809 972
2 332
2 801
2 122
1 681 775
2 694
2 373
1 121 164
2 205
1 973 977
2 835
2 954
2 154
1 277 500
1 908 963
2 196
1 440 920
2 933
2 414
2 331
2 687
1 608 952
1 44 541
1 771 927
1 787 827
2 485
1 298 342
2 801
1 281 630
2 163
1 988 991
1 666 744
2 59
1 304 859
1 767 834
2 575
1 288 815
2 979
2 800
2 208
1 168 863
2 63
1 339 821
2 295
2 703
2 714
2 847
1 464 476
1 784 789
2 879
1 129 977
1 591 675
2 948
1 416 567
2 127
1 274 759
1 619 848
1 935 995
2 750
2 336
2 594
2 462
1 230 570
2 513
2 278
2 821
1 405 507
2 704
2 105
2 291
1 929 943
1 853 971
2 666
1 504 991
2 138
2 471
2 443
1 305 894
2 407
1 73 695
2 29
2 5
1 728 990
2 875
1 542 558
2 719
2 660
2 388
1 854 974
1 492 961
2 293
2 110
1 878 958
2 495
1 225 247
2 954
2 875
1 377 508
2 674
1 300 383
2 826
1 847 882
1 232 929
1 9 899
1 557 868
2 606
1 166 469
2 656
2 421
2 529
1 635 876
2 646
2 288
2 175
1 626 961
2 550
2 445
1 141 653
1 916 967
2 680
1 206 921
1 683 756
2 932
2 953
1 78 836
1 301 774
2 204
1 539 712
2 435
1 975 992
1 215 758
1 237 987
2 709
2 678
2 246
2 92
1 104 854
1 115 645
1 271 716
2 339
1 15 614
2 523
1 179 320
2 737
1 850 988
2 989
1 455 553
1 226 469
2 425
2 659
2 694
2 648
1 722 787
2 4
2 893
2 474
1 696 958
2 344
1 232 439
1 52 78
2 644
2 580
2 419
1 929 960
1 33 713
1 472 804
1 339 812
2 214
1 443 944
1 47 352
2 286
2 552
2 88
1 6 409
1 56 740
2 592
2 105
1 320 338
1 601 697
1 357 743
1 275 351
2 672
1 700 940
2 482
2 162
1 991 993
2 848
2 361
1 725 809
2 136
2 740
1 207 715
2 368
1 202 486
1 359 742
2 873
2 566
1 37 989
1 479 840
1 647 843
2 654
2 920
1 259 794
2 103
1 759 994
2 122
1 810 851
2 852
1 855 912
2 6
1 589 762
2 480
2 505
2 628
1 163 226
2 535
1 621 763
1 613 656
1 453 810
1 613 880
1 949 987
2 846
1 457 611
1 339 560
2 878
1 280 610
1 323 825
1 340 790
1 403 788
2 766
2 696
1 822 917
2 688
1 224 599
2 685
1 415 749
2 710
1 63 539
1 352 374
2 621
1 75 432
2 626
1 702 951
2 370
1 492 597
1 631 889
2 917
2 855
1 141 203
1 645 805
1 43 170
1 8 378
2 409
2 529
2 711
1 551 626
2 317
1 526 811
2 582
1 684 724
1 362 582
1 706 951
2 393
2 405
2 371
1 950 992
1 277 802
1 153 820
2 876
1 446 879
1 963 972
2 931
1 612 924
1 793 809
1 433 989
2 421
1 565 733
2 906
2 394
2 186
2 401
2 295
2 474
1 400 982
1 935 943
1 57 791
2 661
1 804 928
1 7 522
2 157
1 320 359
2 264
1 50 707
2 258
2 32
2 682
2 702
1 595 747
1 730 978
1 598 708
2 217
1 934 964
2 683
2 206
1 724 889
2 557
1 729 814
1 263 649
1 842 869
2 260
2 857
1 895 973
2 721
2 812
1 515 554
2 190
2 385
2 727
1 68 612
2 754
2 139
2 356
2 242
1 55 977
1 635 721
2 405
2 141
1 406 842
1 858 901
2 854
2 885
2 267
1 717 892
1 151 297
1 223 273
1 101 602
2 74
2 469
1 748 836
1 913 976
1 237 692
2 158
2 403
2 352
2 830
2 179
1 382 529
1 322 840
2 637
2 882
1 523 842
2 521
2 545
2 580
1 732 983
1 42 479
1 237 496
2 555
2 154
1 488 802
2 349
1 695 822
2 637
1 299 995
2 152
2 770
2 55
1 433 911
1 430 769
2 122
1 330 883
1 627 896
2 148
2 182
2 728
1 779 814
1 326 817
1 813 912
2 810
1 587 605
2 61
1 58 581
1 683 854
1 384 783
1 769 808
1 483 968
1 622 864
2 289
2 305
1 700 859
2 260
1 306 910
1 400 453
1 359 961
2 491
1 837 936
1 786 909
2 582
1 788 834
1 410 501
1 272 734
1 307 639
2 837
1 741 808
1 537 786
1 735 921
1 55 444
1 633 954
2 986
2 704
2 680
2 19
2 352
1 608 877
2 571
2 17
1 923 943
2 995
2 726
1 403 566
1 309 585
2 721
1 790 851
1 858 966
1 339 541
2 516
2 7
2 104
2 444
2 35
2 326
1 472 716
2 184
1 552 780
1 538 909
1 135 565
2 387
2 870
1 48 177
2 297
1 226 277
2 46
1 623 804
1 496 629
1 925 932
2 771
2 276
1 322 757
1 831 870
1 780 830
2 79
2 306
2 978
1 313 555
2 365
2 377
2 135
1 881 908
2 656
1 637 861
2 436
2 162
2 708
2 218
2 158
1 657 882
1 691 948
1 1000 1000
2 402
2 997
2 596
2 317
2 871
2 766
1 488 691
1 443 938
1 526 895
2 907
1 718 843
2 132
2 421
2 236
2 623
1 460 697
2 528
1 364 957
1 748 859
1 255 976
1 466 741
1 131 562
1 358 451
2 748
2 867
1 882 890
2 271
2 178
2 362
1 391 598
2 1000
1 609 644
1 382 664
2 179
1 259 628
1 163 204
1 383 702
1 65 985
1 802 827
2 596
1 618 874
2 961
2 184
1 903 991
1 29 696
1 37 253
1 590 990
2 642
2 40
1 579 854
2 761
2 44
1 349 841
1 916 932
2 19
2 829
2 866
2 467
2 950
1 806 838
1 69 576
1 25 893
2 385
1 242 344
2 846
1 296 711
1 124 289
1 4 751
2 100
1 342 776
2 78
1 3 864
2 993
1 532 879
1 258 720
2 91
1 167 761
2 54
1 126 801
2 172
1 776 1000
2 781
1 524 971
1 760 886
2 209
2 459
1 524 750
1 48 800
1 583 737
2 78
2 514
2 487
2 725
2 568
2 748
1 259 500
2 108
2 884
2 416
2 936
1 300 672
1 269 971
2 44
2 719
2 163
1 340 919
2 125
2 775
2 988
2 664
2 820
1 450 609
1 562 975
2 682
1 62 86
1 810 977
1 413 642
1 880 995
2 908
2 420
2 196
2 689
2 331
1 301 366
1 419 555
2 762
1 908 980
2 332
1 503 984
1 296 817
2 886
2 215
2 905
2 255
1 107 820
1 418 658
2 432
1 921 950
1 337 661
2 268
2 746
1 514 680
2 251
2 651
2 12
1 347 785
2 695
2 835
1 664 783
1 340 834
1 721 724
1 971 979
1 903 977
1 471 659
1 64 472
1 488 549
2 648
1 625 818
2 431
2 908
2 392
1 308 672
1 191 359
2 793
1 706 851
1 211 610
1 660 996
2 778
1 664 892
1 4 975
1 741 804
2 506
2 643
2 684
1 976 976
2 33
1 232 375
1 727 964
2 574
1 867 909
2 844
2 734
2 731
1 803 956
1 930 976
2 405
1 281 856
2 983
1 546 629
1 141 365
1 334 466
2 516
1 157 891
1 46 554
1 747 944
2 317
2 902
1 17 193
1 310 744
1 560 601
1 443 784
1 364 740
1 18 769
1 889 963
1 517 974
1 830 892
2 238
1 626 685
1 885 889
2 358
2 452
2 866
1 8 889
1 230 515
1 851 958
2 100
1 988 1000
1 597 635
2 311
1 651 707
2 891
1 28 397
2 848
1 229 435
1 207 592
2 224
2 641
1 61 807
2 103
1 825 929
2 882
1 68 687
2 914
1 434 640
1 216 222
1 745 866
1 850 948
2 505
2 723
1 543 549
1 355 897
1 664 739
1 912 999
2 720
1 316 638
2 661
2 513
1 288 401
1 884 973
1 38 580
1 618 989
2 749
1 865 911
1 280 339
1 653 974
1 428 767
1 206 388
1 209 310
2 721
2 295
2 324
2 988
2 111
2 685
2 475
2 997
1 446 649
2 329
1 296 904
2 836
1 103 585
2 440
1 121 862
2 422
1 139 473
1 780 950
2 335
1 434 503
2 364
2 638
2 380
1 72 924
1 497 830
1 762 835
2 62
2 321
2 879
2 812
2 379
1 722 891
1 437 981
1 916 921
1 685 960
1 129 405
1 254 941
1 37 651
2 783
2 725
1 652 990
2 59
2 849
2 152
1 267 504
2 284
2 617
2 63
2 381
1 791 980
2 43
1 157 282
2 965
2 733
1 795 855
2 164
2 541
2 341
1 713 791
2 149
1 172 736
1 852 920
2 436
1 602 996
1 138 394
2 283
1 18 187
1 376 924
1 246 456
1 130 713
2 823
2 874
2 147
1 45 194
2 212
2 283
2 551
1 589 958
1 602 771
1 604 641
2 717
2 962
2 591
1 175 759
1 627 881
1 702 719
2 241
1 129 600
2 246
1 61 337
2 922
2 198
2 324
1 99 844
1 883 967
2 41
2 403
2 918
2 259
2 58
1 241 377
2 981
2 297
2 589
1 307 664
1 96 459
1 729 753
2 32
1 506 912
1 409 634
2 324
1 411 563
2 595
1 122 704
1 468 763
2 102
1 343 989
1 449 480
1 550 795
1 208 436
2 635
1 425 946
2 504
1 403 909
1 880 970
2 650
1 246 931
1 887 926
1 245 357
2 35
1 752 850
1 542 768
1 372 505
2 918
1 703 799
1 133 644
2 571
1 180 421
2 848
1 468 622
1 901 934
1 649 696
1 55 406
1 511 679
1 528 847
2 338
2 872
1 525 603
1 856 984
2 958
1 346 515
1 687 863
2 332
2 866
2 613
2 205
2 832
1 913 959
2 311
2 573
1 211 600
2 779
1 249 933
1 165 236
1 921 982
1 580 835
1 560 869
2 890
1 748 930
1 192 906
2 193
1 401 565
2 951
1 221 610
1 396 714
2 509
2 92
2 833
1 340 998
2 529
1 591 753
2 292
1 582 758
1 512 842
2 562
1 512 889
1 576 773
2 11
2 619
2 840
2 653
2 882
2 675
1 686 930
1 375 815
1 229 876
2 224
1 153 746
1 179 203
2 597
2 710
2 958
2 564
1 374 505
2 321
1 117 948
1 129 621
2 671
2 766
2 526
2 120
1 172 715
1 187 591
2 293
2 392
2 978
2 381
2 883
1 129 711
1 269 579
2 433
1 694 744
2 871
2 22
2 149
1 524 625
1 928 950
2 80
1 760 993
1 899 961
2 362
2 109
1 463 861
1 228 699
1 865 959
2 435
1 194 410
1 872 997
1 135 308
1 844 863
1 23 556
2 730
1 565 700
2 549
2 502
1 575 970
2 9
2 270
1 676 906
2 731
2 112
2 627
1 612 983
2 53
1 823 863
1 18 571
2 675
2 220
2 117
1 797 930
2 226
1 91 444
2 468
1 402 450
1 778 990
2 219
1 408 704
1 600 816
1 899 942
1 335 695
2 550
2 996
1 775 985
2 989
1 433 814
2 956
2 605
1 371 794
1 153 345
1 387 414
1 400 740
1 199 537
1 78 846
1 470 548
1 777 898
1 267 813
2 156
2 13
2 658
2 632
1 255 757
1 893 909
1 302 784
1 849 922
2 577
2 572
1 789 939
1 539 954
2 681
1 158 382
1 748 976
1 899 955
1 767 846
1 216 927
2 156
2 471
2 125
2 194
1 250 650
1 689 866
1 337 998
2 521
2 640
1 360 922
1 681 899
1 221 530
2 699
2 537
1 6 609
2 575
2 572
1 774 896
2 596
2 455
1 883 998
2 837
1 865 880
1 836 963
1 769 784
2 723
1 44 458
1 365 720
2 36
1 266 615
1 432 737
1 479 610
2 745
2 576
2 986
1 566 879
1 941 984
1 312 753
2 559
2 913
2 781
1 982 1000
1 986 998
2 736
1 896 983
1 71 794
1 605 645
2 553
2 25
1 127 156
2 502
1 3 597
2 777
2 494
2 460
1 761 836
1 981 987
1 773 960
1 266 278
2 211
2 740
1 220 858
2 291
1 113 504
2 644
1 327 761
2 463
2 345
1 862 936
1 642 685
2 381
1 226 256
1 39 739
1 529 782
1 466 656
1 912 931
1 336 946
1 925 987
2 137
2 986
1 153 171
1 99 780
1 275 297
1 562 639
2 313
2 878
1 586 992
2 804
2 362
1 311 955
2 521
2 730
1 819 989
2 555
2 38
2 799
1 790 963
2 749
2 643
1 305 473
2 179
1 317 597
1 385 447
1 708 982
2 997
2 89
1 463 545
1 612 681
1 436 673
2 930
1 346 565
1 730 941
2 690
1 489 526
1 861 934
1 427 756
1 499 991
1 283 474
2 419
2 540
2 375
2 730
1 90 802
2 385
2 914
2 141
2 931
1 103 308
2 486
1 722 899
1 560 597
2 496
2 279
1 826 864
1 413 987
1 959 997
2 71
2 749
1 34 876
1 972 984
1 364 992
1 999 999
1 464 672
2 298
1 743 965
2 563
1 307 382
2 862
2 558
1 86 383
2 695
2 361
1 85 817
1 742 805
1 966 990
1 681 906
1 416 684
1 395 420
1 481 905
1 948 949
1 869 874
1 358 927
2 349
2 166
1 456 604
2 969
2 560
1 236 450
2 974
2 991
1 36 823
2 561
1 199 906
1 52 677
2 51
2 552
2 478
1 743 808
1 373 602
1 635 997
2 931
1 743 948
2 174
1 851 974
2 923
2 827
2 244
2 88
2 398
1 45 300
2 223
1 139 820
2 602
2 161
1 322 860
1 65 350
1 527 689
2 554
1 482 960
2 146
2 786
2 685
1 572 615
2 986
1 6 457
2 857
1 156 359
2 711
1 360 675
2 150
1 155 352
1 715 951
1 505 920
1 717 884
1 641 989
1 411 705
1 618 692
2 856
1 427 681
2 49
2 916
2 899
1 487 534
1 70 128
2 790
2 866
1 663 706
2 451
1 987 988
2 468
1 859 876
2 650
2 186
2 472
1 313 418
2 359
1 64 618
2 494
2 849
1 876 923
1 524 830
1 600 851
1 461 866
1 877 965
1 385 832
2 554
1 134 143
2 560
2 266
1 630 868
1 429 621
2 577
1 937 943
2 5
1 624 833
2 556
2 760
1 834 881
1 499 924
2 548
2 548
1 681 926
1 626 866
1 594 875
1 151 642
2 847
1 645 755
1 993 995
1 870 980
2 50
2 228
2 505
1 867 870
2 533
2 203
2 97
2 891
2 876
2 255
1 475 969
2 490
2 646
2 569
1 818 825
2 717
1 26 182
1 706 871
1 462 817
1 513 930
1 122 374
2 65
2 618
1 372 772
1 935 979
1 977 980
2 948
1 257 575
2 772
1 55 533
2 703
1 831 964
1 695 814
2 411
2 173
1 652 973
1 852 881
1 933 936
2 88
1 558 987
1 548 960
2 322
2 146
2 587
1 790 998
1 39 721
2 259
1 658 671
2 171
1 901 937
1 74 999
1 113 282
2 247
2 766
1 591 955
1 368 801
2 519
1 895 973
2 32
2 215
1 365 713
2 207
2 577
1 644 773
1 675 707
2 80
2 345
1 744 1000
1 158 844
2 147
2 601
2 138
1 50 538
1 985 996
2 223
2 380
1 950 950
1 670 948
2 820
2 909
1 656 897
1 865 964
1 498 811
2 151
1 356 923
1 883 883
2 970
1 363 828
2 800
2 925
1 516 543
1 729 749
2 443
1 637 918
2 671
1 149 298
1 247 805
1 865 958
2 835
1 302 311
1 212 813
2 213
1 821 824
1 297 792
2 637
1 610 648
2 938
2 526
2 640
2 240
1 926 993
2 305
1 313 949
2 278
2 262
2 660
2 56
2 872
2 692
2 163
1 692 981
1 561 697
1 498 566
2 176
1 750 964
1 289 902
1 10 869
1 937 941
1 515 879
2 496
1 813 871
2 855
1 932 935
2 371
2 202
1 984 1000
2 879
2 127
1 945 973
2 280
1 530 592
2 396
2 504
1 660 721
2 750
1 77 361
1 709 746
1 663 755
2 650
2 61
1 731 758
1 792 1000
2 417
1 628 695
1 122 219
2 460
1 958 961
2 51
2 425
1 48 547
1 590 972
1 652 849
2 335
2 763
2 470
2 573
2 474
1 298 634
1 886 994
2 255
2 182
1 267 956
2 61
2 658
2 218
2 6
1 887 952
1 524 575
2 71
1 553 673
2 67
2 723
2 498
1 491 622
2 977
1 206 984
1 186 640
1 620 896
2 667
2 379
2 413
1 972 999
1 666 774
1 108 892
2 575
1 217 853
2 372
1 876 952
2 797
1 85 791
2 83
1 666 937
2 544
1 406 760
1 993 993
1 259 479
2 237
1 56 123
2 419
2 604
2 468
2 89
2 467
2 696
2 206
2 412
1 986 994
1 400 794
2 612
1 225 404
2 636
2 441
1 277 294
2 178
1 781 889
2 362
2 295
2 473
1 340 601
1 974 984
1 601 985
1 873 941
1 206 611
2 127
2 976
2 451
2 854
2 765
1 928 999
2 506
2 891
2 94
1 373 394
2 96
2 402
2 70
2 273
2 994
2 532
1 568 784
1 671 894
1 210 268
1 859 925
1 509 778
2 521
1 589 683
1 680 882
1 469 668
1 911 913
1 157 428
1 311 889
1 509 792
1 824 997
1 943 968
2 535
2 664
2 309
1 751 896
1 564 766
1 689 808
1 467 561
2 267
1 623 802
1 560 832
2 73
1 694 904
2 656
2 731
1 618 864
2 590
1 89 134
2 632
1 756 758
1 112 237
1 950 984
2 800
2 153
2 571
1 27 623
1 973 999
2 189
1 722 863
2 613
2 455
1 369 419
1 487 751
1 661 900
2 20
1 263 623
2 28
2 970
2 647
1 694 801
1 931 958
2 15
1 292 432
1 816 951
2 138
2 636
2 49
2 897
2 999
2 135
1 230 573
1 146 318
2 299
1 221 701
1 632 714
2 686
1 244 318
2 421
2 210
1 19 74
2 691
1 270 620
2 502
2 413
1 448 502
2 490
2 803
1 143 866
2 762
1 618 685
1 968 983
1 26 980
1 844 989
1 242 843
2 672
1 666 848
2 516
1 447 768
2 262
2 39
2 542
1 696 849
2 868
1 705 928
2 434
1 450 546
2 502
1 135 301
2 641
2 384
1 308 645
1 408 462
2 182
2 234
2 441
1 331 812
1 218 680
1 700 909
2 806
2 907
1 104 141
1 442 958
2 546
2 310
2 28
1 794 957
2 806
1 40 819
2 750
1 889 897
1 716 769
1 403 874
1 915 929
2 410
2 464
2 417
1 549 696
2 36
1 547 797
2 948
2 778
2 906
1 116 382
2 949
2 683
2 384
2 471
1 539 913
1 639 894
2 52
1 915 992
1 102 155
1 967 994
2 611
1 991 993
2 899
1 723 980
2 469
1 589 641
1 242 647
2 53
2 922
2 466
2 389
1 869 887
1 158 845
1 268 674
2 923
2 277
1 610 966
2 309
2 382
2 654
1 828 870
2 576
2 657
2 443
2 761
1 970 998
1 653 873
1 764 837
1 850 853
2 739
1 157 391
1 399 651
2 452
2 781
2 648
1 154 877
2 148
1 940 975
2 462
2 780
2 202
2 672
1 134 532
1 532 783
1 899 997
2 319
2 446
1 314 904
2 429
1 206 336
1 660 723
1 414 451
1 766 902
2 353
2 132
1 614 626
2 638
2 417
2 562
1 868 907
1 477 820
1 446 732
2 90
1 511 901
1 687 861
1 806 854
1 917 924
2 992
1 182 295
1 37 627
2 710
1 113 765
1 312 574
1 438 560
2 277
1 322 694
2 907
2 913
2 563
2 419
1 981 998
1 597 600
2 974
2 257
2 648
1 136 727
1 327 432
1 643 963
2 140
1 468 824
1 121 557
1 437 822
2 559
1 461 609
2 572
2 15
1 266 552
2 825
2 266
2 590
1 845 895
2 615
2 417
1 300 543
1 997 999
2 972
2 890
1 28 836
1 764 786
1 66 883
1 272 952
1 257 510
2 914
1 177 502
1 557 891
2 760
1 481 789
1 403 703
1 848 912
2 347
2 398
1 419 621
1 691 898
1 175 624
1 102 816
1 230 824
2 627
2 456
2 302
1 310 396
2 296
1 820 946
1 112 173
1 130 352
2 600
2 422
2 698
1 890 979
2 622
2 733
1 63 314
2 426
2 623
1 252 736
1 803 872
2 356
2 840
1 250 386
1 819 823
2 428
2 889
1 605 810
2 931
1 742 750
2 134
2 467
1 891 983
1 227 700
2 632
1 442 728
2 835
2 300
1 806 808
2 697
2 806
2 134
1 393 555
1 159 803
2 780
2 984
1 551 847
2 194
2 244
2 57
2 856
1 963 995
1 154 863
2 645
2 527
1 272 928
2 220
2 969
1 530 688
2 898
1 954 968
2 245
1 52 472
1 449 856
2 718
2 714
1 386 739
2 948
1 833 909
1 549 907
2 868
2 758
2 832
1 131 323
2 54
1 558 570
1 310 324
1 150 323
2 32
1 622 903
2 59
2 119
2 257
1 246 428
1 629 817
2 732
2 290
2 282
1 629 700
1 812 996
2 970
1 1 60
1 76 94
2 448
1 781 936
1 168 937
2 991
1 677 782
2 969
1 15 513
2 960
1 912 964
1 291 867
1 218 792
2 102
1 953 992
1 191 518
2 428
2 975
1 228 369
1 382 729
2 207
2 268
2 492
2 4
1 862 985
1 893 998
1 177 549
2 306
1 23 817
2 230
1 531 900
2 761
1 595 984
1 905 905
1 744 936
1 391 814
2 425
2 661
2 195
2 886
2 283
1 271 294
1 421 982
1 618 660
1 510 827
2 839
1 153 734
2 66
2 712
1 230 616
2 930
2 427
1 821 961
1 478 631
2 384
1 929 984
1 331 513
2 929
1 716 985
2 254
2 384
1 54 800
2 728
2 807
1 656 806
1 137 255
2 931
2 692
2 235
1 689 694
2 67
2 760
2 454
1 287 649
1 748 850
2 897
2 282
2 349
2 609
2 298
1 955 965
1 620 627
2 609
1 494 573
2 89
1 842 875
1 259 591
2 678
2 540
2 259
2 957
1 15 90
1 4 872
2 143
2 26
1 669 807
1 223 890
2 235
2 914
1 532 996
2 527
1 419 421
2 655
1 567 611
1 371 980
1 456 588
2 205
1 377 392
1 629 664
2 478
2 690
1 84 736
1 996 996
1 689 862
2 791
1 648 734
2 315
1 56 668
2 302
2 789
1 210 499
1 25 652
1 684 968
1 275 987
1 972 976
1 151 862
1 537 670
2 258
1 705 836
2 289
1 310 656
1 189 953
2 748
1 667 931
2 38
2 636
1 632 891
2 386
1 281 702
1 113 442
2 863
2 387
1 557 792
2 513
1 44 187
2 605
1 878 962
1 687 731
1 786 865
1 128 535
1 559 791
2 917
2 428
1 69 524
1 554 680
1 157 688
1 55 59
2 975
2 701
2 838
1 109 679
1 849 967
2 605
2 217
2 259
1 865 992
1 392 457
1 950 1000
1 742 968
1 381 451
2 334
2 361
1 49 673
2 244
1 856 975
2 562
2 602
1 767 842
1 444 828
2 149
2 471
1 378 858
1 264 400
1 839 931
1 811 872
2 621
2 397
1 818 990
1 542 795
1 359 727
2 446
2 794
1 740 925
2 628
2 929
1 671 937
1 404 784
1 221 678
1 845 979
1 309 986
2 500
2 904
2 133
1 114 585
1 627 657
1 833 943
2 333
2 559
2 80
2 969
1 707 806
1 74 178
1 89 843
1 901 952
1 511 574
2 682
2 343
1 914 989
1 918 999
1 620 663
1 632 761
1 590 862
1 724 833
2 165
2 269
1 498 695
1 49 472
1 808 870
1 510 776
1 254 359
2 853
1 937 974
2 75
2 652
1 319 887
2 403
2 324
1 713 843
2 914
1 950 954
1 643 783
2 697
2 985
2 236
2 273
1 874 879
1 582 710
2 462
2 607
2 803
1 230 528
1 426 923
2 278
2 502
2 279
1 575 685
1 665 994
1 794 894
2 676
1 923 970
1 50 749
1 797 900
2 128
2 643
1 930 931
2 177
2 242
2 692
1 549 708
1 758 949
1 857 885
2 537
2 829
2 368
2 80
1 917 982
2 407
1 553 798
2 84
2 548
1 251 896
2 74
2 851
1 604 855
2 344
1 5 432
2 879
1 232 508
2 799
1 782 877
2 628
2 280
1 783 957
1 458 792
2 870
1 586 615
1 898 950
2 263
2 592
1 717 928
1 158 308
2 382
1 209 698
2 239
1 542 943
2 326
2 359
1 133 930
1 322 709
1 666 962
1 648 710
2 658
1 988 996
2 741
1 175 395
2 27
1 445 540
1 556 964
1 780 830
1 537 828
1 305 842
1 884 920
1 128 757
1 647 829
1 614 842
2 925
2 376
1 815 969
2 874
1 854 998
1 463 961
2 719
1 990 1000
2 314
2 969
2 633
2 213
1 843 954
2 902
2 866
2 298
2 93
2 396
1 938 970
1 434 647
2 213
1 536 780
1 766 772
1 646 902
2 619
2 799
1 705 709
2 948
2 221
1 808 853
1 993 995
2 966
2 197
2 660
1 32 417
1 355 941
1 822 846
2 897
2 905
1 101 839
1 594 964
1 235 427
2 342
2 643
1 118 677
1 893 983
1 142 295
1 600 739
2 953
1 7 395
2 812
2 732
2 58
2 376
1 933 989
1 458 565
2 42
1 6 405
1 841 912
2 562
1 73 741
1 940 975
1 93 877
2 944
2 52
1 763 837
2 224
1 437 796
2 734
2 37
2 756
1 228 915
1 37 134
1 590 661
1 414 453
1 232 805
2 280
2 460
1 185 435
2 172
2 448
1 417 882
2 663
2 627
2 308
1 310 554
2 608
2 378
2 680
1 498 746
1 400 450
2 579
1 184 484
2 204
2 692
2 100
1 344 647
2 518
1 564 640
2 279
2 551
1 434 829
1 182 637
1 91 999
2 309
1 642 785
2 17
1 675 843
1 921 996
1 67 500
1 721 955
2 709
1 320 347
2 586
2 923
1 695 830
2 690
1 825 985
1 840 846
2 581
1 934 985
1 932 950
2 190
1 262 757
1 689 968
1 920 943
2 732
2 969
1 242 419
1 11 360
2 814
2 106
2 233
2 282
1 673 719
2 625
1 616 926
1 23 70
2 368
1 36 661
2 489
1 122 638
2 984
1 588 925
1 626 649
2 498
1 680 770
2 111
1 790 861
2 355
1 485 563
1 996 999
1 53 818
1 914 978
2 211
2 940
1 421 952
1 816 961
2 199
2 535
2 154
1 892 928
2 621
2 45
2 828
1 716 855
1 381 571
1 447 504
2 175
1 389 917
2 642
1 445 479
2 432
1 673 785
1 941 950
1 401 616
2 966
1 161 692
2 375
1 651 701
2 958
1 667 786
1 61 867
1 999 999
1 59 784
2 382
2 976
2 77
2 140
2 492
1 813 944
1 767 934
2 640
1 296 844
2 449
2 985
1 151 450
1 440 463
2 264
1 924 938
1 50 218
2 188
1 832 915
2 395
1 358 811
1 408 905
1 65 889
1 955 996
2 19
2 375
1 567 567
2 620
1 403 713
2 473
2 130
1 877 905
1 520 547
1 295 403
1 956 986
2 664
2 302
2 492
2 260
1 81 318
1 499 735
1 614 912
1 955 999
2 949
1 644 952
1 638 649
1 716 764
2 337
1 617 948
1 125 498
2 280
2 681
2 266
1 191 538
2 26
2 274
1 11 566
1 428 743
1 168 843
1 458 479
1 565 572
2 357
2 755
1 207 907
1 86 786
2 101
1 671 892
1 293 360
1 523 681
2 465
2 270
2 572
2 844
2 336
2 842
1 26 470
1 673 766
1 598 739
2 937
1 485 647
2 795
1 158 608
2 220
1 460 959
1 157 212
1 223 872
1 771 948
1 63 543
2 172
1 401 480
2 978
1 436 614
2 43
2 615
2 200
1 476 726
1 715 718
2 807
2 298
2 693
1 347 426
1 233 785
2 3
1 89 740
1 99 711
1 901 933
2 238
2 903
1 71 77
2 16
1 789 959
2 849
2 281
2 576
2 540
2 959
2 655
1 182 520
1 513 868
2 546
1 119 680
1 396 933
1 686 848
2 891
2 599
2 576
2 2
2 389
1 377 742
1 911 944
2 132
1 120 530
2 13
1 493 919
1 889 961
2 928
1 1000 1000
2 541
2 855
2 102
1 598 698
2 996
2 714
1 589 771
1 852 883
2 620
2 174
1 768 923
1 312 458
2 86
1 902 991
1 858 920
2 476
1 310 781
2 28
2 758
1 223 585
1 582 899
1 664 978
1 865 922
1 886 930
2 468
1 821 864
2 429
2 922
1 886 930
1 866 976
1 832 935
2 827
1 280 523
2 758
1 972 977
2 637
2 747
1 815 837
1 384 928
2 362
1 856 944
1 948 960
1 7 352
2 911
1 125 237
2 625
2 352
1 178 761
2 760
1 162 542
1 574 986
1 764 998
1 314 503
1 731 821
2 41
1 834 933
2 22
2 366
2 845
1 402 852
2 386
1 605 735
1 297 555
1 940 978
1 166 425
1 434 536
1 931 945
1 574 690
1 187 582
1 237 980
2 595
1 675 968
1 878 891
2 342
2 933
2 862
1 133 558
1 338 409
1 363 647
2 707
1 688 733
2 370
1 939 959
1 70 375
1 92 117
1 409 448
1 268 886
2 663
1 677 775
2 422
1 119 267
1 13 677
2 683
2 747
2 964
2 938
1 735 877
2 188
2 763
2 415
2 109
2 859
2 29
2 737
2 996
2 418
2 634
2 267
1 348 878
1 434 996
1 908 984
1 853 918
2 296
2 515
1 516 579
1 380 432
2 413
2 484
1 347 508
2 52
2 25
2 229
1 372 873
2 171
2 336
1 203 836
1 993 995
2 574
2 83
2 443
2 851
2 169
1 178 934
1 297 671
1 247 809
2 266
2 852
2 594
2 261
2 695
1 884 962
2 576
2 755
2 489
2 39
1 582 768
2 873
2 632
2 179
2 172
2 294
1 296 410
2 219
2 916
1 92 490
1 755 992
1 9 671
1 853 857
2 991
1 304 624
2 330
2 47
1 108 988
1 932 949
2 1000
2 904
2 720
1 599 974
1 573 638
2 709
2 567
1 570 859
1 796 972
1 396 964
2 583
1 263 273
2 164
1 209 258
1 107 925
1 920 978
2 168
2 727
2 340
1 468 604
1 897 995
1 962 990
1 294 820
2 342
1 845 872
1 849 969
1 247 346
2 968
2 84
1 128 883
1 350 832
1 32 521
1 57 562
1 302 756
2 905
1 80 298
1 846 913
1 884 925
2 367
1 84 915
1 244 576
2 263
1 56 651
2 135
2 945
2 623
2 914
2 37
1 563 757
2 839
1 166 383
2 952
1 724 904
2 967
2 130
1 668 774
1 94 805
2 544
1 800 913
1 646 717
1 514 686
2 239
2 920
2 260
2 236
1 549 755
1 242 247
2 829
1 849 943
1 198 391
1 614 841
2 52
2 796
1 816 998
2 591
2 608
1 909 958
1 165 622
1 589 778
1 935 953
1 187 876
1 236 857
2 899
2 675
2 692
2 419
2 282
2 629
1 643 782
1 329 516
2 371
1 33 326
1 274 640
2 283
2 530
2 498
1 296 677
1 509 578
1 850 861
2 118
2 317
1 547 971
1 556 602
2 219
1 196 578
1 663 796
1 980 999
1 499 770
2 144
1 533 660
1 261 518
2 30
1 42 390
1 380 986
2 188
1 111 858
2 746
2 391
1 563 802
1 353 594
2 788
1 565 584
2 896
2 602
1 350 981
2 821
1 957 990
1 392 992
1 943 990
1 13 20
2 65
2 154
1 706 826
1 179 558
2 272
1 25 764
1 828 897
1 149 464
2 302
2 472
1 458 506
1 846 942
2 354
1 898 903
2 231
1 473 531
1 824 949
1 578 725
1 156 400
2 842
2 624
2 592
1 233 958
2 578
2 294
1 601 937
1 676 694
2 691
1 345 650
1 215 720
1 984 995
1 93 761
1 441 927
1 298 883
2 800
2 767
1 442 939
1 606 832
2 180
2 889
2 550
2 895
2 987
2 272
2 195
2 42
2 802
2 450
1 352 657
2 173
1 684 783
1 853 854
1 406 673
1 561 894
2 90
1 506 977
1 934 938
1 894 932
2 286
1 927 962
2 901
2 702
2 171
2 357
1 975 996
1 918 960
1 871 891
1 798 920
2 347
1 490 701
2 684
1 235 505
2 699
2 56
2 355
2 404
2 408
1 895 961
1 675 881
1 984 985
2 764
1 536 824
2 113
1 854 865
2 992
1 637 715
2 576
1 149 404
1 631 670
1 353 389
1 930 947
2 913
1 434 894
1 983 986
2 360
2 78
2 422
1 694 700
1 983 992
1 649 824
2 331
1 669 959
2 180
2 739
2 174
1 715 746
2 210
1 649 758
2 450
1 49 509
2 410
1 18 797
1 267 992
2 619
2 786
2 168
2 524
2 428
1 849 954
1 345 836
2 418
2 161
2 154
2 615
1 48 871
2 416
1 583 669
2 567
2 675
1 850 986
1 456 878
1 814 889
1 569 944
2 526
1 844 890
1 762 850
2 151
1 479 542
1 993 997
2 839
1 609 669
2 96
2 511
1 696 950
2 750
1 222 475
1 769 774
1 696 716
1 210 891
2 630
2 942
2 672
2 310
2 815
1 293 882
2 427
2 981
2 219
2 744
1 104 688
1 153 500
1 690 898
2 171
1 143 625
1 838 989
1 678 743
1 333 967
2 95
1 181 938
1 965 977
1 398 753
1 623 651
1 308 817
2 483
2 818
1 202 834
1 852 858
2 616
1 221 298
1 232 653
1 395 529
1 938 975
2 64
1 442 555
1 4 736
2 124
1 403 708
2 556
2 540
2 374
2 691
2 474
2 718
1 293 403
2 494
2 372
1 513 614
2 597
1 405 786
2 803
1 105 766
1 173 651
2 682
1 536 589
2 500
1 356 999
1 115 960
2 689
1 430 668
1 458 925
2 486
1 455 782
1 951 967
1 978 996
1 525 588
1 469 476
2 411
2 437
2 635
1 331 651
2 859
2 489
2 376
2 195
1 915 960
1 588 784
1 50 476
2 819
1 499 850
1 523 792
2 694
2 452
2 210
2 807
2 822
1 234 421
1 504 581
1 321 923
1 826 957
2 276
1 251 880
2 412
1 4 746
2 629
2 885
2 996
2 582
2 539
2 428
2 421
2 95
1 503 586
2 675
2 102
1 928 981
2 62
2 39
1 743 897
1 560 650
1 230 795
2 372
1 319 978
2 774
1 812 920
2 465
2 723
1 584 843
2 493
2 937
2 379
2 15
1 123 136
1 836 908
2 454
1 471 839
2 906
2 270
2 241
2 364
1 707 719
1 631 747
2 283
1 982 988
1 872 1000
2 787
1 444 738
1 345 884
1 528 837
2 66
2 542
2 694
2 165
2 467
1 779 817
2 631
2 459
2 821
2 16
1 530 788
1 442 671
2 319
2 226
1 387 514
2 591
1 153 667
1 872 955
1 71 131
1 23 898
1 242 269
1 585 843
1 406 485
1 230 614
1 347 934
2 542
2 449
1 127 984
2 364
2 442
2 804
1 395 703
2 958
2 776
2 918
2 70
1 257 751
1 389 976
1 583 829
1 631 683
1 679 965
1 863 888
2 242
1 328 549
1 697 963
2 486
1 820 909
2 79
2 385
2 265
1 780 945
2 140
2 71
2 363
2 651
1 403 690
2 816
2 263
1 974 979
2 610
1 869 902
1 649 847
1 122 849
1 126 883
2 352
2 87
1 255 778
2 979
2 509
2 566
1 664 990
2 610
1 422 850
1 985 992
2 794
1 288 916
1 719 972
2 710
2 68
2 420
2 164
2 779
1 902 909
1 231 323
1 328 672
1 73 366
2 149
2 258
1 32 371
2 590
1 758 803
1 484 521
2 135
1 617 733
1 753 766
2 458
2 643
1 889 992
1 448 915
1 115 562
1 128 847
2 654
1 9 243
2 412
2 883
1 179 765
1 585 624
1 577 804
1 634 896
1 379 781
1 521 723
1 716 989
1 339 713
1 100 212
2 925
1 394 941
2 947
1 905 978
1 659 923
1 259 381
1 896 969
2 443
1 97 297
1 794 852
1 825 956
2 521
2 563
1 630 639
2 901
1 911 952
2 803
1 751 811
2 777
1 693 862
2 930
1 555 624
2 574
1 488 769
2 966
2 499
1 754 788
2 902
1 285 440
1 345 703
1 974 991
1 997 1000
1 666 941
1 148 320
1 393 505
1 212 895
2 277
1 215 555
2 603
1 822 970
2 239
1 710 790
2 436
2 235
1 54 659
1 82 949
2 414
2 192
1 879 935
2 46
2 793
1 346 850
2 379
2 529
2 526
1 103 205
2 619
1 86 716
1 758 943
1 381 567
2 31
1 114 407
1 116 825
2 781
2 963
2 294
1 33 504
1 810 954
2 579
1 61 552
2 719
1 502 917
2 761
1 519 897
1 760 958
1 93 772
1 372 674
1 62 318
2 455
2 550
1 28 966
2 48
1 271 388
2 278
1 716 977
2 326
1 452 458
2 687
2 247
1 883 982
1 391 420
2 80
1 374 545
2 640
2 958
2 542
2 145
1 591 611
2 300
1 906 979
1 173 532
2 78
1 332 492
1 340 732
1 725 835
2 861
1 260 466
1 56 563
2 836
2 251
2 208
1 880 935
1 90 220
2 621
1 980 985
2 545
2 173
2 672
1 743 880
2 753
2 42
1 625 665
2 229
2 961
1 804 959
1 970 980
2 980
2 982
2 869
2 79
2 921
2 638
1 451 520
2 976
2 211
2 504
1 221 624
2 497
2 161
2 548
2 406
1 832 959
2 144
2 389
1 465 530
2 822
1 680 934
1 899 928
2 158
1 33 941
2 80
1 589 596
1 756 946
2 632
1 447 891
2 142
2 520
1 656 799
1 573 987
1 814 848
2 741
2 990
2 529
1 372 494
1 69 847
2 973
1 108 593
2 402
2 127
2 74
2 286
1 921 996
2 682
1 29 277
2 344
1 830 896
1 809 869
2 754
1 266 726
1 484 491
2 951
2 376
2 518
1 563 782
1 397 739
1 577 628
2 285
2 440
2 522
1 59 176
1 113 301
1 294 1000
1 467 993
1 605 975
1 283 521
2 333
2 699
1 789 864
2 222
1 594 854
2 349
2 592
2 596
2 687
1 136 526
2 731
2 711
2 499
2 570
2 409
2 467
1 676 765
1 8 612
2 942
1 634 992
2 586
2 229
2 787
1 352 843
1 599 744
2 522
2 665
1 657 916
1 294 902
2 470
2 627
1 944 976
2 745
1 581 744
2 878
2 202
2 879
1 46 132
1 404 420
1 810 975
2 821
2 952
1 633 885
1 758 983
1 771 778
1 684 790
1 668 753
2 610
1 242 901
1 426 468
1 402 979
2 684
1 884 952
2 77
2 942
2 552
1 523 650
1 640 951
1 77 595
1 13 872
1 158 588
1 733 861
1 112 894
2 640
1 456 472
2 132
2 666
2 447
2 371
1 169 500
2 749
1 553 768
2 692
2 418
1 399 606
2 285
2 32
1 648 946
1 762 845
1 88 485
2 415
2 939
2 700
2 907
2 223
2 19
2 75
2 924
2 580
2 100
1 788 830
1 668 978
1 613 683
1 498 713
1 469 763
1 562 998
1 778 984
1 174 611
2 617
2 502
1 260 288
2 928
1 755 787
2 744
2 364
1 462 943
1 430 628
1 3 859
1 48 534
2 444
1 44 473
2 124
1 51 470
1 924 988
2 516
1 992 996
2 684
2 392
1 337 763
2 805
2 297
2 302
2 336
2 863
1 396 848
1 260 618
1 457 708
2 198
2 182
2 172
1 161 536
2 198
2 747
1 322 562
1 599 892
1 905 913
2 829
1 188 943
2 861
2 608
2 292
2 617
1 984 988
1 775 949
1 6 580
1 934 939
2 803
1 842 892
1 891 992
2 93
1 536 809
2 362
1 131 264
1 54 841
1 992 995
1 981 994
1 555 592
1 75 377
1 28 463
1 710 891
2 837
1 231 574
1 468 719
1 280 307
1 647 975
1 607 801
2 416
2 617
2 775
1 108 327
1 100 382
2 245
1 620 893
1 200 268
2 408
1 465 792
1 759 882
2 159
1 712 876
1 810 999
2 547
1 504 803
2 296
2 900
1 698 812
1 269 599
1 764 830
2 159
2 450
1 255 300
2 647
2 15
1 839 925
2 862
1 441 811
1 940 966
2 18
1 295 329
1 854 926
1 602 624
2 49
2 839
1 524 526
1 810 991
2 664
1 783 863
1 259 389
2 449
1 488 961
1 665 729
2 667
1 463 524
1 366 827
2 803
2 130
2 483
2 846
1 569 657
1 165 789
1 517 643
2 753
2 136
2 737
2 404
1 444 766
1 216 286
2 257
2 889
1 298 868
1 994 999
2 289
2 340
1 196 779
2 171
2 11
1 342 575
2 367
2 448
1 138 768
2 511
2 63
1 691 790
2 293
1 354 763
2 674
1 188 875
1 669 846
1 846 865
1 815 942
2 916
2 442
1 854 899
2 143
1 310 798
2 538
2 763
1 604 643
2 623
1 59 758
2 752
2 632
1 496 813
2 610
2 750
1 153 840
2 306
1 180 732
1 634 993
1 219 728
2 834
1 692 733
2 109
1 517 646
2 884
1 21 24
2 946
1 808 825
1 653 872
2 666
1 253 372
2 540
2 212
1 811 923
2 418
1 685 975
1 929 966
2 411
2 508
1 966 974
1 282 610
1 727 927
2 136
1 316 935
2 690
2 664
2 977
2 317
1 82 555
1 612 880
1 693 723
2 250
1 836 999
2 993
2 224
2 578
1 998 999
2 715
2 224
1 416 714
1 141 916
1 224 239
2 801
2 351
2 3
1 529 750
2 674
1 684 690
2 634
1 370 683
2 728
2 803
1 32 97
1 413 497
1 330 953
1 886 928
1 182 554
1 348 960
2 69
1 787 903
1 213 763
1 701 779
1 208 613
2 341
1 840 915
1 466 742
2 675
2 134
2 496
1 280 290
2 852
2 458
1 460 623
1 335 767
1 954 996
2 806
1 935 993
2 51
1 606 875
2 521
2 855
2 482
2 271
1 387 990
1 123 402
2 470
1 373 597
2 958
2 373
2 444
2 905
2 282
1 585 765
2 270
2 619
1 380 619
1 325 579
2 885
2 644
1 768 852
2 410
1 819 961
2 173
1 205 543
1 137 869
1 343 991
1 239 552
2 626
1 370 575
1 337 712
2 573
2 359
1 817 912
2 232
1 352 754
2 614
2 978
1 289 324
2 754
1 459 742
2 223
1 394 556
2 661
1 753 892
2 496
1 647 696
2 277
1 102 189
2 723
2 685
1 147 709
1 225 519
2 252
2 940
2 820
1 242 818
2 494
2 713
2 553
2 458
1 539 968
2 620
2 688
1 741 755
1 465 773
2 230
2 788
1 844 852
2 125
1 231 472
2 409
1 94 728
2 645
1 686 996
1 418 617
2 313
2 881
1 665 758
2 55
1 485 853
1 794 1000
2 343
2 33
1 713 716
2 870
2 756
1 800 828
2 162
1 106 268
1 28 658
2 320
1 112 658
2 313
1 331 753
1 47 593
2 146
2 301
2 899
1 690 738
1 364 654
1 268 690
2 390
2 721
2 647
1 877 958
2 231
2 16
2 234
2 548
2 891
2 736
2 887
2 786
1 533 744
1 446 476
1 600 836
1 56 470
1 882 933
1 410 638
2 171
1 573 928
1 224 689
2 867
2 858
2 974
1 638 841
1 657 790
2 975
2 623
1 88 186
2 307
2 856
2 519
1 368 593
2 594
2 214
1 185 314
1 293 804
1 198 765
1 20 584
1 712 882
1 398 794
2 321
2 909
1 739 757
2 742
2 433
2 414
2 474
2 902
2 89
1 485 688
1 55 117
1 894 972
2 282
1 130 515
1 441 449
1 517 906
2 510
1 868 870
1 213 674
1 227 778
1 414 698
1 462 735
2 95
1 501 980
2 309
1 899 909
2 320
2 720
2 237
1 30 840
1 535 942
2 992
1 793 933
2 999
1 717 969
2 114
2 338
2 378
1 428 626
1 136 785
1 798 914
1 402 980
1 201 425
2 213
2 326
1 286 922
2 42
1 377 616
1 583 718
2 9
1 649 842
1 870 970
1 692 863
2 255
2 922
1 859 963
1 202 773
1 421 805
1 57 256
1 785 840
1 5 818
1 626 703
2 280
2 451
1 585 829
2 381
1 40 876
2 610
1 571 713
2 182
2 399
2 177
2 409
1 760 939
1 449 820
1 709 818
2 519
2 614
2 513
1 129 393
2 996
1 429 436
2 994
1 689 722
2 581
2 3
2 497
2 252
1 985 999
1 510 933
1 502 816
2 342
2 508
1 558 732
1 852 965
1 823 996
2 344
2 358
2 821
1 381 394
1 442 684
2 136
1 505 939
1 584 789
1 777 814
2 944
2 728
2 335
1 516 708
2 868
2 694
2 422
1 924 974
2 706
2 408
2 474
2 192
1 97 291
2 797
1 296 497
1 120 392
2 972
1 478 524
2 834
2 285
1 275 425
1 97 546
2 890
1 935 939
2 11
2 426
2 859
1 791 968
2 249
2 507
1 422 443
1 974 999
2 186
1 527 838
2 858
1 270 726
1 422 910
1 137 838
2 943
1 920 920
1 958 985
1 3 231
1 907 909
2 630
1 394 583
2 900
1 733 748
2 290
2 160
1 601 812
1 658 755
2 470
1 617 665
1 200 305
2 174
2 902
2 501
1 784 834
1 901 997
1 59 181
2 993
1 574 886
2 489
1 754 778
2 726
2 124
2 702
2 868
1 118 118
1 499 573
2 812
1 287 535
2 82
2 682
2 484
2 902
2 447
2 296
2 421
1 621 649
2 737
2 511
1 728 806
2 800
1 423 562
1 57 496
1 698 704
1 772 914
1 762 978
1 776 935
1 482 484
1 53 585
2 463
2 744
2 323
1 386 711
2 884
2 752
1 340 360
2 927
2 490
2 842
2 653
1 778 858
2 358
2 911
1 123 658
1 849 859
2 734
2 111
1 343 857
2 457
2 913
2 872
1 915 1000
2 842
2 391
1 668 668
2 455
1 58 226
1 578 816
2 144
1 394 647
2 343
1 989 1000
1 3 31
1 732 927
1 57 132
2 755
2 740
2 202
1 967 981
2 466
1 639 871
2 131
1 129 610
1 538 675
2 642
1 562 854
2 606
2 359
2 115
1 828 853
1 360 896
2 206
2 372
1 140 924
1 229 919
1 679 898
1 210 563
1 708 888
1 183 752
1 743 815
2 586
2 622
1 166 375
2 289
2 438
2 723
1 165 172
2 517
2 135
1 539 587
2 499
2 904
1 235 588
1 573 767
2 755
2 453
2 849
2 192
2 910
2 428
2 18
1 635 670
2 567
2 681
1 187 572
2 210
1 960 992
2 144
1 497 762
1 689 896
1 92 451
1 895 925
1 357 558
1 197 452
2 292
1 548 888
1 312 700
1 576 649
1 326 540
2 424
1 312 336
1 948 961
2 475
2 123
2 916
2 883
2 56
2 784
2 301
1 758 926
1 632 839
1 436 986
2 406
2 28
1 304 519
1 482 741
1 589 817
1 821 851
2 100
2 802
1 219 715
2 134
1 104 585
2 683
1 968 990
2 575
1 857 860
1 342 572
2 531
1 307 438
1 373 678
2 973
2 369
2 687
2 376
1 602 941
1 76 241
1 398 828
1 882 943
1 219 825
1 254 352
1 355 788
1 637 807
2 806
1 966 966
1 7 433
2 779
1 529 667
1 570 971
1 21 383
1 312 487
1 829 966
1 6 358
1 284 803
1 596 945
2 603
2 725
2 29
2 60
2 174
1 406 474
2 900
1 354 916
1 507 689
1 193 724
1 363 576
2 746
2 518
1 281 646
2 957
1 526 964
1 990 993
2 292
1 735 959
2 229
1 659 994
2 866
1 845 999
1 648 779
1 822 876
1 915 933
1 211 797
2 325
1 864 903
1 364 834
1 578 847
1 87 490
1 695 732
1 419 824
1 717 994
1 702 859
2 550
1 121 955
1 148 989
2 532
1 916 963
1 464 719
2 936
2 32
1 439 516
2 509
2 904
1 39 122
2 945
1 488 695
2 235
1 703 761
2 43
2 610
1 781 972
1 478 774
1 904 963
2 894
1 678 839
1 235 938
2 477
1 436 862
1 497 854
1 851 904
2 7
1 170 817
2 690
1 183 450
1 60 363
1 804 878
1 739 971
1 84 760
1 398 531
2 118
2 255
1 211 732
2 165
1 71 149
1 88 673
2 146
2 172
1 168 201
1 77 285
1 260 757
1 933 953
1 878 912
2 24
1 357 576
2 96
1 877 897
2 831
1 433 739
2 394
1 542 586
2 255
1 69 74
2 970
1 818 921
1 577 939
1 430 697
1 529 644
2 919
1 935 971
1 473 841
2 466
1 114 900
2 287
1 627 870
2 351
2 991
2 555
2 26
2 838
1 990 994
1 71 358
1 395 684
2 235
2 990
2 588
1 822 871
2 334
2 182
2 660
1 448 868
1 272 842
1 641 983
2 502
1 447 891
1 25 153
1 763 846
1 900 900
1 275 749
2 709
2 874
2 970
2 308
2 408
1 439 442
2 585
2 687
2 423
2 701
2 396
1 605 846
1 424 926
1 328 429
1 681 997
1 973 978
2 11
1 674 686
2 691
1 89 584
1 794 860
2 691
1 583 936
1 871 984
2 463
1 567 807
2 230
1 369 549
2 156
1 893 970
1 298 490
1 616 913
1 512 869
1 485 984
1 275 345
1 948 992
1 824 924
2 98
1 123 491
1 167 959
2 427
2 200
2 896
1 491 816
1 722 942
2 352
1 722 899
2 922
2 22
2 298
1 517 732
2 893
2 500
2 306
2 832
1 591 640
1 246 717
2 559
2 325
1 666 992
1 427 616
2 424
2 763
2 642
2 545
2 672
1 91 266
2 434
2 393
1 124 444
1 927 945
2 372
1 340 512
2 970
1 617 696
1 509 831
1 300 674
1 21 580
2 362
2 233
2 492
1 870 944
2 288
2 883
2 787
2 189
2 293
1 631 765
1 831 867
1 801 810
2 485
2 155
2 446
1 524 599
1 640 835
2 452
2 578
2 300
2 857
1 790 1000
2 573
2 573
1 676 794
2 510
1 602 800
1 363 902
1 854 935
1 467 540
1 37 533
2 550
1 657 689
1 802 825
1 501 850
1 575 822
2 198
1 922 958
1 233 288
1 523 964
2 904
2 848
1 352 624
2 581
1 374 723
1 868 908
1 133 506
1 458 881
2 696
1 667 973
2 73
1 567 831
1 517 888
1 255 603
1 130 227
2 293
1 939 988
1 84 594
2 812
2 369
1 408 531
1 84 931
1 895 990
2 181
1 784 898
2 286
1 897 949
2 467
2 943
2 91
2 796
2 52
1 328 391
2 161
1 106 223
2 827
2 622
2 516
2 951
2 208
2 515
2 50
2 191
2 154
1 751 952
2 517
2 913
2 853
2 99
1 431 778
2 732
1 621 948
1 509 884
2 601
1 608 920
2 177
1 270 847
1 477 860
2 615
2 244
1 185 752
1 453 660
1 445 651
1 240 589
1 742 860
1 92 447
1 853 978
2 644
1 903 966
1 795 824
1 677 712
2 551
1 570 615
1 887 894
2 484
2 846
1 976 986
2 714
1 546 823
1 915 933
1 196 974
1 254 297
1 584 782
2 159
2 967
1 169 473
1 993 995
2 826
2 531
2 230
2 824
2 544
1 630 864
2 985
2 459
2 110
2 745
2 222
1 512 864
2 6
2 89
1 619 690
2 399
1 56 87
1 684 721
2 602
1 199 706
1 297 588
2 647
1 963 987
2 965
1 97 754
1 391 824
1 322 337
1 753 953
1 199 919
2 790
2 925
2 642
2 672
1 800 847
1 2 471
2 388
1 113 964
1 413 655
2 951
1 432 563
2 944
2 289
1 273 957
1 933 960
1 602 822
2 322
2 577
1 749 988
1 777 925
1 569 663
2 916
2 282
2 877
1 884 890
2 835
1 649 700
2 341
1 427 764
2 467
2 551
1 62 919
2 720
1 221 474
2 458
1 587 854
2 732
1 80 142
2 563
1 101 914
2 943
1 222 258
2 266
2 814
2 447
1 261 582
2 658
1 921 1000
1 484 555
2 15
1 902 916
2 564
2 290
2 685
1 835 893
2 289
1 384 577
2 112
2 159
2 81
2 168
2 656
1 985 995
2 10
1 240 555
1 856 952
2 427
2 395
2 335
1 817 993
1 301 448
2 838
1 899 922
2 727
1 411 892
1 46 166
2 641
2 265
2 392
1 929 939
2 190
2 957
2 116
2 56
2 798
1 60 584
1 891 988
1 180 935
2 506
1 794 829
1 599 904
1 307 585
1 902 986
1 153 584
2 225
2 645
1 867 871
2 847
1 75 462
2 248
2 969
1 933 998
1 481 548
1 755 812
1 393 521
1 305 667
2 88
2 993
2 721
2 270
2 535
2 700
1 25 818
2 411
1 189 752
1 612 835
1 861 881
2 26
2 178
2 840
1 650 724
1 330 382
2 849
1 733 819
2 966
2 591
2 901
2 277
1 554 980
2 425
1 707 987
1 554 991
1 883 978
1 211 519
1 144 555
2 228
1 577 977
2 13
1 140 204
1 31 415
2 815
2 788
2 415
2 712
2 611
2 64
1 698 975
1 690 843
2 671
2 934
2 583
2 428
2 953
2 384
2 637
1 166 448
2 583
1 898 910
2 270
1 324 869
1 294 684
1 502 875
2 939
1 978 1000
2 908
1 267 933
1 794 970
1 504 845
2 572
2 122
2 414
2 328
2 474
2 698
1 519 933
2 623
2 543
1 356 583
1 834 998
1 697 976
1 541 579
2 201
1 692 692
1 280 936
2 518
1 835 884
1 234 999
2 598
2 866
2 137
2 820
1 144 775
2 47
2 512
2 3
2 974
2 301
2 854
1 863 908
2 473
1 1 404
1 121 249
2 837
2 541
1 370 436
1 944 949
1 264 378
1 192 389
2 146
1 640 752
2 799
2 601
1 830 931
1 843 891
1 783 875
1 604 917
1 489 929
1 779 883
2 690
1 885 887
1 45 614
1 133 742
2 431
2 435
2 275
2 797
1 602 710
1 792 960
2 365
1 484 818
1 175 725
2 430
1 225 935
2 945
1 115 539
2 652
1 759 868
1 71 682
1 299 389
1 354 388
2 254
1 788 968
2 336
1 162 229
2 323
2 939
2 993
1 552 954
1 211 656
1 762 842
2 899
2 835
2 170
1 150 936
2 446
1 604 832
2 644
1 917 974
2 290
2 398
1 828 936
2 573
1 249 479
2 847
2 570
1 747 891
1 30 391
2 599
1 786 981
2 455
1 661 670
1 455 463
2 202
1 815 980
2 804
2 628
2 691
1 169 354
2 994
2 380
2 531
2 774
1 534 585
1 584 963
2 713
1 443 911
2 603
2 163
1 393 596
1 417 878
2 161
1 322 351
2 2
1 63 385
2 839
2 301
1 174 904
2 895
2 910
1 412 819
2 714
1 303 493
2 785
1 942 976
1 758 947
1 26 155
1 804 993
1 271 372
2 654
2 46
1 546 762
1 752 754
1 33 703
1 559 965
1 578 644
1 756 885
2 728
1 404 820
1 100 654
1 800 920
2 659
2 288
1 624 809
2 882
1 320 929
2 269
2 783
1 542 917
1 837 852
2 972
2 165
2 77
2 927
2 424
2 102
2 207
1 267 424
2 100
1 16 568
1 923 985
1 588 913
1 682 692
2 640
1 508 833
2 805
1 542 773
2 561
1 999 1000
2 161
1 490 651
1 298 539
2 75
2 153
1 972 976
2 399
2 120
1 869 923
1 101 618
1 922 939
2 963
1 165 331
1 11 956
2 210
1 673 778
1 394 715
1 921 991
2 435
1 282 397
1 272 565
2 238
1 199 350
1 136 434
1 758 940
1 484 568
1 430 881
2 593
1 440 635
1 362 486
2 321
2 753
1 308 1000
1 525 801
2 253
2 956
2 787
2 658
1 213 605
1 403 789
1 785 832
1 767 845
2 487
1 596 999
2 968
1 491 623
1 540 987
1 231 982
1 738 942
1 803 979
2 537
2 71
2 53
1 87 811
1 123 293
2 558
2 243
1 765 980
2 994
2 125
2 729
2 877
2 780
2 715
1 351 430
2 628
2 180
2 587
1 441 442
1 684 735
2 180
1 587 953
2 397
1 844 849
1 176 975
1 650 693
1 558 724
1 413 493
1 964 996
2 881
2 703
2 606
2 624
2 654
1 627 807
2 512
1 866 998
2 22
1 547 743
1 364 996
1 109 563
2 633
2 505
2 388
2 632
1 371 393
2 292
1 520 567
1 225 438
2 984
1 804 941
2 674
1 882 923
2 551
1 80 459
1 740 991
1 75 950
2 435
1 749 856
1 153 486
1 834 961
1 470 671
1 850 904
2 233
2 768
1 751 842
1 281 619
1 57 731
1 125 163
1 454 924
2 991
1 722 924
2 479
1 750 979
1 798 840
1 953 956
2 117
1 466 729
1 554 777
2 288
1 226 675
2 803
1 995 996
1 396 735
1 520 738
1 737 912
1 634 897
1 926 949
1 970 994
1 977 985
2 95
1 374 732
1 814 867
1 638 854
2 161
2 885
2 809
2 491
1 39 95
2 249
2 68
1 272 334
2 550
1 111 645
1 967 988
1 586 793
1 914 950
2 4
2 557
1 769 882
1 914 956
1 781 986
2 720
2 109
2 175
1 369 411
2 70
1 304 569
1 444 473
2 243
1 339 883
1 866 940
1 115 389
2 884
1 111 445
2 281
2 207
1 897 991
2 210
2 104
2 893
2 601
2 711
2 682
2 784
2 170
2 367
1 55 741
2 661
1 796 814
2 583
1 606 838
2 267
2 519
2 867
1 140 158
1 934 935
1 561 778
1 51 339
1 204 459
1 13 169
2 827
2 822
2 176
1 370 673
2 12
1 246 869
1 855 980
1 441 687
1 670 691
2 133
2 535
2 340
2 304
2 613
2 150
1 142 766
2 836
2 933
2 780
1 278 646
2 194
2 834
1 259 325
2 325
2 549
1 59 185
1 241 780
1 442 653
2 157
2 833
1 717 886
2 733
1 948 978
2 989
1 314 837
1 851 862
2 534
1 52 854
1 304 403
1 441 657
2 435
1 664 961
2 601
2 147
2 999
1 648 791
1 930 1000
2 191
1 412 477
1 314 343
2 24
2 813
2 350
2 567
1 103 373
2 760
1 287 472
2 847
2 165
1 763 827
2 789
2 790
1 308 692
2 581
2 409
2 102
1 863 975
2 358
2 137
1 135 927
2 365
1 598 672
2 257
1 52 105
2 988
1 515 987
2 77
1 998 999
1 768 982
2 851
2 499
2 854
1 925 931
2 514
1 327 811
2 46
2 1
2 525
1 214 565
1 712 874
1 838 907
2 535
1 304 600
1 379 982
2 767
1 188 498
1 912 940
2 587
2 817
1 123 485
2 262
1 951 972
2 564
2 729
1 31 468
2 776
2 562
2 451
1 611 687
2 392
2 735
2 930
2 64
1 592 622
2 562
1 901 957
2 405
2 614
2 843
1 995 995
1 410 773
2 62
2 62
2 600
1 535 741
1 368 570
1 911 911
2 2
1 922 961
1 794 949
2 39
1 419 553
1 100 848
2 966
1 382 587
2 768
2 790
2 710
2 362
2 395
1 889 984
2 334
1 623 930
2 589
1 908 948
1 730 887
1 119 892
2 463
1 850 959
1 393 888
1 540 633
1 899 939
2 786
1 1 201
2 812
2 533
1 993 1000
2 301
2 813
2 663
2 806
2 540
2 801
1 485 612
1 452 583
2 490
2 164
1 469 609
2 326
1 884 931
2 995
2 827
2 414
1 943 998
1 784 1000
1 339 788
1 662 688
2 626
2 188
2 192
2 371
1 349 940
1 28 950
2 547
2 87
2 25
2 167
1 183 380
2 407
2 33
2 799
1 860 911
2 228
2 32
1 551 904
2 298
2 174
1 613 897
1 972 982
2 240
1 566 799
1 563 653
1 551 684
1 196 463
2 674
1 349 729
1 826 983
2 349
1 791 952
1 873 965
1 537 777
2 814
2 899
2 227
1 35 648
1 677 899
1 889 936
1 862 974
2 385
2 365
2 720
2 502
2 295
1 168 291
2 686
2 944
2 73
2 336
1 265 657
1 733 886
2 895
1 840 1000
1 271 732
2 635
2 221
2 685
2 71
2 990
1 381 551
2 370
1 359 685
2 687
1 806 973
1 563 878
1 807 910
2 315
2 777
1 841 859
2 367
2 631
1 897 933
2 399
1 93 189
2 418
2 139
1 52 937
2 42
2 338
2 631
2 817
1 245 754
2 562
2 582
1 917 921
1 264 829
2 220
2 373
2 750
2 754
1 619 764
1 873 974
2 42
1 493 974
2 516
2 275
2 638
1 690 975
1 749 921
2 30
2 246
1 761 949
2 149
2 471
2 342
1 902 922
1 574 796
1 805 816
1 558 999
2 992
1 975 988
1 57 501
1 229 332
1 548 753
2 358
1 632 903
1 471 989
1 970 973
2 830
1 479 607
1 816 962
2 558
2 300
2 982
1 125 223
1 154 165
1 431 507
1 400 873
2 280
1 122 228
1 905 964
2 58
2 451
2 448
1 392 643
2 819
1 984 992
1 202 942
1 305 819
2 947
2 393
1 529 821
1 311 904
1 896 998
2 490
2 587
1 688 720
2 508
2 854
1 644 816
2 440
1 955 969
2 42
2 65
1 641 980
1 644 667
2 196
2 437
2 738
1 278 341
1 160 605
1 359 933
2 542
1 685 886
2 139
1 564 836
1 800 813
1 293 696
2 624
2 569
1 725 918
1 551 578
1 74 423
2 13
2 194
1 562 850
2 330
1 229 755
2 663
2 396
1 75 838
2 143
1 651 973
1 857 870
2 92
2 3
2 561
1 355 491
1 22 119
1 735 969
1 899 967
1 411 723
2 222
1 106 157
1 893 929
1 224 307
2 571
1 916 946
2 205
1 885 975
2 59
1 957 965
1 792 977
1 856 878
1 547 740
2 635
2 704
2 344
2 677
1 88 821
2 476
1 735 923
1 958 984
1 386 603
2 63
2 113
2 135
1 389 699
1 525 553
2 868
1 187 245
2 503
2 539
1 408 579
2 682
2 355
2 574
1 545 994
1 205 565
2 305
2 902
1 995 996
1 291 993
1 371 562
1 12 379
1 894 976
1 571 946
1 187 438
1 544 638
2 475
1 193 928
1 924 964
1 95 514
2 293
1 749 778
1 662 700
2 132
1 59 508
1 74 551
2 919
2 542
2 725
2 164
1 334 686
1 746 935
1 822 913
2 421
2 705
2 441
1 777 796
2 777
2 434
1 580 816
2 664
2 127
1 198 265
2 663
1 417 585
2 562
1 759 766
1 883 954
2 825
1 584 843
2 250
2 800
2 326
1 514 688
2 787
2 314
1 976 993
2 781
2 200
1 466 925
1 192 804
1 544 785
2 116
2 999
1 75 552
1 662 857
2 45
1 430 653
2 537
2 445
1 840 982
1 159 952
1 338 886
2 39
2 340
2 873
1 273 413
1 56 993
2 804
2 585
1 140 614
1 985 995
2 793
1 182 933
2 114
2 204
2 712
2 456
2 710
2 633
1 896 959
2 929
1 859 937
2 271
2 104
2 244
1 769 945
2 757
2 942
2 788
1 535 903
2 491
1 123 911
2 415
2 338
2 540
1 149 253
2 548
2 30
2 638
2 613
2 138
1 338 772
2 573
1 731 847
2 147
2 961
2 660
1 990 998
1 335 670
2 590
1 277 279
1 49 706
2 109
2 344
2 410
1 386 442
2 815
1 143 857
2 171
2 181
2 308
2 437
2 10
1 946 952
2 892
1 161 766
1 645 902
1 890 971
2 903
1 48 741
2 620
2 304
1 493 542
1 445 566
1 491 690
1 685 858
1 373 761
2 731
1 305 882
1 932 959
2 423
2 513
2 329
1 449 770
1 492 899
2 981
2 912
1 348 515
2 49
1 308 391
1 495 843
1 762 938
1 862 921
2 2
1 291 389
2 877
2 221
2 709
2 338
2 883
1 697 953
1 943 974
1 824 903
2 597
2 300
2 964
1 387 477
1 266 981
1 621 867
1 240 793
2 219
2 523
1 352 435
1 853 946
2 373
1 104 309
1 647 872
1 668 789
2 313
1 739 806
1 370 777
1 554 652
2 897
1 364 752
2 330
2 173
1 900 990
1 245 515
2 804
1 760 789
2 572
2 55
1 771 906
2 659
1 500 524
2 741
1 365 637
2 967
1 877 985
2 295
2 962
2 401
2 530
2 43
1 682 841
1 324 561
2 34
1 471 514
2 150
1 860 910
1 37 593
2 682
1 201 860
1 808 904
1 514 606
1 419 919
1 672 762
2 760
1 367 517
2 282
2 895
2 496
1 338 418
1 623 831
2 509
1 93 651
1 15 402
2 656
2 657
1 470 640
2 618
2 279
1 246 905
2 844
1 559 559
1 835 985
2 205
1 580 678
1 135 500
2 453
2 193
1 965 992
1 629 775
2 55
2 360
2 638
1 449 456
1 808 900
2 928
2 290
1 500 567
1 747 810
2 983
1 743 851
2 364
2 714
2 70
1 467 503
2 90
1 789 996
1 608 753
2 128
1 697 796
1 704 864
2 399
1 762 832
1 209 358
1 611 859
2 568
2 615
2 540
2 171
1 208 261
2 951
1 984 994
1 874 956
2 357
1 788 992
2 310
1 627 986
2 377
1 315 408
2 530
1 769 982
2 947
2 732
1 579 969
2 209
1 464 810
2 726
2 796
1 957 972
2 810
2 471
1 243 409
1 274 743
2 127
1 604 708
1 504 801
2 684
1 884 919
2 132
2 546
2 497
1 474 840
1 42 440
1 887 955
2 756
1 633 925
1 106 295
2 746
2 651
1 684 815
2 947
1 41 50
2 76
2 133
1 103 355
2 950
1 667 949
2 473
1 911 980
1 861 864
2 503
1 782 810
2 203
2 118
1 374 385
1 212 783
2 72
1 589 609
2 894
2 961
1 475 931
1 256 852
2 214
1 816 923
2 790
2 472
1 845 851
1 788 824
2 384
1 68 242
2 641
1 753 976
2 18
1 737 810
2 691
2 275
1 367 710
2 413
1 633 917
1 962 999
2 13
2 829
1 444 770
2 510
1 666 775
1 388 940
1 372 406
1 751 810
2 200
2 959
1 984 1000
1 767 896
2 92
2 207
2 91
1 602 932
1 699 718
1 998 1000
2 188
1 654 765
2 286
2 860
1 341 704
2 336
2 920
1 907 999
2 6
1 574 920
1 982 990
2 408
2 331
1 571 721
2 351
1 669 755
1 555 607
2 600
1 381 990
1 925 948
1 851 991
2 615
1 738 807
1 230 332
2 995
1 197 842
2 375
1 205 362
1 575 682
2 512
1 833 905
1 838 953
1 361 600
1 918 918
2 884
1 746 856
2 174
2 192
2 69
1 30 994
2 710
1 622 661
2 739
1 344 458
1 200 412
2 20
1 735 797
1 164 242
2 517
1 893 982
2 972
1 31 69
2 612
2 990
1 464 551
1 675 850
2 798
2 77
2 588
1 796 856
1 635 800
2 538
1 280 879
1 722 749
1 310 996
2 270
1 891 990
2 783
2 12
2 699
2 906
2 634
1 395 405
2 243
2 374
2 900
1 200 841
1 805 974
2 996
2 754
2 770
1 620 917
1 471 752
2 284
1 366 873
2 138
2 481
1 149 231
1 866 946
1 925 942
1 403 691
2 28
2 383
2 216
2 616
1 265 867
1 809 866
1 20 718
1 425 946
1 762 899
2 480
2 471
1 357 955
1 136 359
1 412 761
2 421
1 264 318
1 493 615
1 669 860
2 501
2 757
2 232
2 889
2 711
1 319 451
1 764 990
2 114
2 332
2 613
2 860
1 503 522
2 422
1 900 990
1 683 687
1 450 870
2 393
2 514
2 435
1 466 821
2 713
1 248 808
1 284 318
1 882 941
1 741 928
2 911
1 70 242
2 18
1 763 905
2 655
1 506 766
2 692
1 997 1000
1 668 735
1 741 780
2 51
2 252
2 130
1 517 624
1 231 748
2 460
2 476
1 673 859
1 612 887
1 944 968
2 799
1 515 537
1 380 739
1 462 953
1 596 706
1 89 422
1 954 984
1 749 945
2 758
2 379
2 505
1 749 862
1 849 855
1 95 674
1 996 1000
1 646 801
2 508
1 595 883
1 344 687
1 189 229
2 400
1 81 589
2 959
1 565 968
1 858 979
2 329
1 382 538
1 650 917
1 942 965
2 267
1 162 476
1 794 1000
1 460 663
2 315
1 470 989
1 895 919
1 48 262
1 434 681
1 848 885
1 295 755
2 301
2 354
2 86
1 46 63
1 401 713
2 216
2 499
2 302
2 351
1 152 886
1 607 943
2 589
2 113
1 869 928
1 454 942
1 592 902
1 165 246
1 255 903
2 911
1 645 868
2 443
2 514
1 720 906
1 438 991
1 652 868
1 76 305
2 696
1 172 897
2 308
2 798
2 717
1 145 280
2 555
1 478 837
2 40
1 266 522
1 129 878
1 99 536
2 743
2 963
2 657
1 538 728
1 217 545
1 949 950
2 527
2 376
1 439 536
2 741
2 821
1 320 675
2 841
2 431
1 667 886
2 334
1 687 939
1 34 111
2 549
2 293
1 17 784
1 388 988
2 610
2 862
2 801
1 785 829
1 378 674
2 297
1 72 713
1 583 618
1 615 785
1 223 659
1 79 809
1 717 840
2 304
2 384
2 823
2 636
2 386
2 994
2 651
1 814 954
1 1 747
1 819 922
1 717 756
2 374
2 558
1 536 624
2 294
2 439
1 433 548
2 966
1 842 938
2 881
1 208 980
1 192 759
1 867 960
2 96
1 801 825
1 322 688
1 262 831
1 950 964
2 701
1 725 854
1 387 970
2 115
2 46
1 58 235
2 361
2 796
2 691
2 700
1 193 840
2 841
1 56 964
2 480
2 994
2 547
2 852
2 815
1 606 846
2 901
1 294 460
1 831 918
1 27 690
2 601
1 80 671
1 711 836
2 284
2 726
1 959 974
1 569 957
2 209
2 935
1 250 464
1 92 693
1 916 922
1 175 505
2 41
2 665
1 142 789
1 115 901
1 464 697
2 356
2 234
2 480
2 444
1 607 939
2 345
2 942
2 309
2 452
2 286
1 132 682
2 998
2 361
2 410
1 509 669
2 65
1 992 997
2 19
1 410 575
2 166
2 791
2 193
2 578
2 917
2 164
1 746 857
2 535
2 859
1 44 376
2 999
1 362 961
2 522
2 949
2 238
2 617
1 564 573
1 169 779
2 961
2 254
2 946
2 382
1 831 899
1 3 8
1 279 643
2 531
2 282
1 645 1000
1 955 998
1 661 956
1 641 979
1 118 367
2 605
1 474 574
2 479
2 302
2 848
1 437 594
1 20 153
1 532 774
2 938
1 771 871
1 211 245
2 80
1 937 968
2 580
1 340 855
2 533
2 920
1 173 196
1 411 809
1 797 900
1 569 904
1 125 979
2 569
2 316
1 283 699
2 286
1 913 983
2 592
1 102 612
2 765
1 246 312
2 976
1 404 950
1 149 203
2 779
1 540 937
2 746
1 992 993
1 483 580
2 198
2 896
2 463
2 739
2 895
1 806 875
2 939
1 669 907
2 203
2 192
2 596
2 14
1 889 924
2 11
2 321
2 659
2 797
2 865
1 841 864
1 24 277
1 480 804
1 345 877
2 705
1 65 515
2 41
2 27
1 5 850
2 252
1 37 88
2 803
1 28 311
2 247
1 724 945
2 988
1 166 680
2 294
2 973
1 15 185
1 137 579
1 24 308
1 533 593
2 700
2 684
2 308
2 467
1 129 895
1 267 546
1 94 202
1 639 668
1 681 793
1 380 875
1 246 634
1 283 323
1 87 825
1 999 999
1 394 951
1 65 123
2 650
2 44
1 43 439
2 847
2 539
2 865
1 951 969
2 767
1 110 896
1 203 836
1 37 77
2 795
1 710 919
1 334 614
1 502 580
2 353
2 172
2 887
2 42
2 475
1 33 457
1 306 817
1 233 466
1 425 484
1 98 430
1 359 938
2 500
2 986
1 749 899
2 753
1 131 315
1 728 842
2 553
1 465 989
2 512
2 338
1 194 538
1 480 658
2 603
2 608
2 566
1 627 722
1 576 674
2 617
2 290
2 883
1 495 619
1 424 940
1 744 870
1 693 727
1 418 685
1 168 616
1 861 986
1 974 980
1 733 927
1 437 690
2 126
1 435 967
1 385 485
1 653 854
2 244
2 495
1 769 865
1 869 925
1 193 845
1 973 996
1 930 936
1 424 696
2 33
2 896
1 812 828
1 989 990
2 68
2 1000
1 734 763
1 543 908
1 482 984
2 951
2 66
1 434 577
1 889 963
2 20
1 84 521
1 348 863
1 540 916
2 624
2 617
1 113 687
2 412
1 535 572
1 950 985
2 123
1 276 925
1 568 998
2 334
1 258 753
1 664 975
2 543
2 89
2 559
2 646
2 561
2 250
1 350 542
1 432 634
2 617
2 552
1 221 239
2 736
2 595
2 39
2 999
1 325 805
2 598
2 903
2 429
2 254
1 727 927
2 206
2 591
2 245
2 91
1 458 569
1 318 891
1 341 783
1 972 987
1 754 763
1 125 809
2 167
1 351 517
2 230
2 512
1 346 468
1 508 990
2 652
1 293 820
1 186 801
2 511
2 285
1 74 602
2 291
1 221 962
1 607 817
2 198
2 573
2 587
1 492 521
1 532 853
1 746 961
1 411 533
1 955 955
1 469 744
1 319 988
1 735 952
2 390
2 236
2 192
1 59 554
2 485
1 863 975
1 151 388
1 77 167
1 505 526
1 131 944
1 469 569
2 888
2 659
2 808
1 962 968
2 680
1 406 542
2 839
2 411
2 359
2 330
1 969 986
1 634 810
1 953 976
1 611 746
2 929
2 482
1 621 640
2 617
2 435
2 971
2 372
1 210 672
1 118 155
2 603
1 534 859
1 118 795
1 792 915
1 94 697
1 906 944
1 585 637
2 40
2 680
1 509 684
2 670
1 889 892
2 568
1 934 938
1 66 385
2 332
2 152
2 657
2 527
1 14 224
2 74
1 98 716
1 539 937
1 132 922
1 485 811
1 955 979
1 544 917
1 715 846
1 481 832
1 410 761
1 293 530
2 52
1 607 745
2 988
2 541
1 391 615
2 726
2 757
2 591
1 175 989
2 593
1 227 904
2 222
1 686 946
2 917
1 513 688
2 402
2 681
2 58
1 417 726
1 423 621
2 894
1 711 997
1 925 951
1 236 744
2 500
1 35 36
2 136
2 919
1 619 932
2 697
1 455 652
2 768
2 438
1 29 42
1 597 897
2 11
1 606 669
1 109 880
1 286 778
1 322 732
2 783
1 386 480
1 91 176
2 683
2 976
2 863
1 928 961
1 765 892
2 254
1 465 945
1 225 800
1 537 889
2 633
1 392 758
2 379
1 879 992
1 635 710
1 436 591
1 697 727
1 295 924
1 229 386
1 180 642
1 389 534
2 210
1 452 817
2 252
1 729 792
1 848 998
2 539
1 485 737
1 654 764
1 331 647
1 890 903
1 25 999
1 964 967
1 716 908
2 534
1 903 986
2 659
1 956 1000
1 802 990
2 733
1 624 685
2 990
2 950
1 980 995
1 67 765
1 860 977
2 287
2 784
1 600 695
1 751 902
1 711 759
2 360
1 595 597
2 876
2 581
2 611
1 33 114
1 971 987
2 991
2 501
2 756
2 849
2 366
2 736
2 831
1 121 576
2 530
2 174
2 458
2 991
1 318 767
2 14
1 207 738
2 502
2 959
2 141
1 173 868
1 18 133
1 681 902
1 200 599
1 388 692
1 736 956
2 234
1 79 871
2 658
2 309
2 626
1 4 23
2 581
1 365 457
2 922
2 140
1 992 1000
2 93
1 859 905
2 230
2 331
2 995
2 826
1 450 804
2 814
2 333
1 411 707
2 948
2 989
1 856 944
2 698
2 250
1 545 761
1 178 397
2 121
2 522
2 494
1 298 957
2 357
2 815
2 201
2 430
1 699 716
1 118 733
1 27 680
1 381 724
2 219
2 868
2 963
1 727 768
1 563 703
2 547
1 920 945
1 570 672
1 447 592
2 917
2 182
2 431
2 926
2 200
1 802 954
1 668 718
2 208
2 787
2 72
1 611 796
2 222
1 687 942
1 468 498
1 780 812
1 338 977
1 458 590
1 816 969
1 911 947
1 688 913
1 129 281
2 685
2 668
1 236 644
2 252
2 76
2 862
2 285
1 214 235
2 710
1 837 986
2 881
2 166
1 522 755
2 948
1 562 875
2 992
1 367 488
2 923
2 849
1 176 919
1 145 732
2 270
1 914 968
1 352 647
1 680 942
1 430 769
1 127 548
2 535
1 63 469
1 639 976
2 328
2 236
2 914
1 242 453
1 715 828
2 268
1 171 661
2 595
1 304 840
2 553
1 166 623
2 461
2 776
2 660
1 66 554
2 229
1 326 691
1 805 816
1 522 603
2 901
2 749
1 713 829
1 589 951
1 395 425
2 667
1 499 657
1 690 961
2 489
2 301
1 214 511
1 543 968
1 718 837
2 133
1 969 997
2 34
1 718 847
1 865 965
2 300
1 361 428
1 237 520
1 517 682
1 139 440
2 871
2 866
2 171
1 41 978
1 479 897
1 833 901
2 233
2 608
1 997 998
1 249 685
2 195
2 334
2 34
2 601
2 730
1 66 740
1 640 900
1 869 894
2 668
2 606
1 823 957
1 165 392
2 157
2 39
1 414 627
2 240
1 518 738
1 836 945
2 493
1 13 888
2 596
2 108
1 529 722
2 611
2 108
1 356 393
2 232
1 305 508
1 380 836
1 695 723
2 336
2 448
1 869 943
1 151 759
1 547 681
1 257 689
1 735 831
2 315
2 492
1 9 969
2 196
1 161 939
2 207
1 516 622
2 537
1 23 233
2 309
2 857
2 738
1 76 886
1 919 949
2 434
2 757
2 317
1 197 556
2 88
1 17 168
1 989 993
1 998 998
2 637
2 711
1 620 992
2 738
2 42
2 681
1 380 703
1 997 999
1 714 857
1 17 731
1 768 994
1 934 978
1 950 960
2 549
1 270 629
2 504
2 987
2 953
1 215 300
2 96
1 377 505
2 748
1 93 377
2 959
1 925 978
2 63
2 948
2 50
2 986
1 259 590
2 36
1 952 970
1 268 377
2 642
1 190 628
2 755
1 174 654
1 936 992
1 949 969
1 458 540
2 236
1 298 668
2 967
1 164 922
2 867
1 550 561
1 429 650
2 257
2 8
1 397 896
1 168 631
2 269
1 279 494
2 470
2 829
1 206 450
2 358
1 356 745
1 906 944
1 920 975
2 361
1 122 247
2 233
1 6 543
1 391 879
1 204 792
1 4 202
2 827
1 820 856
1 865 917
1 123 196
2 736
2 841
1 304 424
2 482
1 808 874
1 929 951
2 184
1 846 911
1 514 907
1 230 252
1 404 906
2 530
2 910
2 804
2 214
1 405 954
2 451
1 588 741
1 18 115
2 423
2 688
1 868 989
1 821 920
1 188 463
2 576
2 341
2 207
1 688 971
1 747 790
1 557 723
2 166
1 108 409
1 146 803
2 223
2 844
2 904
2 842
1 976 996
1 435 494
2 833
2 60
2 747
2 56
2 902
1 291 930
2 327
2 525
2 350
2 527
1 456 861
1 514 900
1 452 768
2 425
1 228 669
2 38
2 917
2 815
2 743
2 537
2 353
2 890
1 25 171
2 693
1 985 987
1 269 892
2 294
2 270
2 849
1 360 376
1 143 219
2 375
1 343 728
2 646
2 639
2 511
2 210
1 962 966
1 289 630
2 571
1 830 848
1 233 871
2 945
1 852 922
2 271
2 19
2 992
1 843 888
2 845
2 378
1 364 846
1 859 978
1 671 785
1 824 945
1 463 480
1 231 721
1 475 588
2 123
2 951
2 246
2 957
2 812
1 399 706
1 844 880
2 502
2 296
1 436 801
2 242
1 103 735
1 669 701
1 730 985
2 983
2 887
1 105 744
1 328 723
1 815 985
2 113
1 479 644
2 313
2 5
1 34 677
1 122 358
1 493 986
2 149
1 106 479
1 166 634
1 712 919
1 724 953
1 240 342
1 763 829
1 538 786
2 747
1 124 994
2 301
1 311 709
2 305
2 311
1 770 957
1 343 849
2 728
1 22 853
1 204 907
1 985 998
1 90 772
1 735 976
2 951
2 788
1 805 868
2 75
2 467
1 407 903
2 220
2 957
2 941
1 561 616
1 463 993
1 842 965
2 187
2 907
1 348 427
1 818 893
1 214 863
1 78 978
2 759
2 38
2 516
2 280
2 151
1 715 866
1 565 849
2 859
2 299
2 734
1 781 981
2 295
2 845
2 232
1 12 552
1 494 794
1 228 578
2 204
2 466
2 89
1 343 886
2 959
2 701
2 522
1 632 785
1 855 975
1 743 929
1 553 816
1 903 947
1 616 926
1 771 983
1 883 950
2 880
2 179
1 264 544
2 537
1 239 730
2 760
1 680 735
2 853
1 825 849
1 190 649
1 202 824
1 659 830
1 430 762
1 641 841
2 103
1 293 542
1 573 862
1 339 435
2 841
2 543
2 696
1 326 762
2 770
2 5
2 33
1 681 973
2 114
2 986
2 652
1 218 679
2 930
1 875 884
2 487
1 515 769
2 705
1 915 962
1 582 840
2 672
1 852 858
2 952
1 723 752
1 440 458
2 154
2 982
1 190 478
2 865
2 704
2 786
1 104 353
1 346 758
2 618
2 482
1 757 894
2 220
1 18 997
1 628 814
1 658 851
2 345
2 397
1 605 997
1 21 351
2 615
1 691 944
1 27 299
1 500 729
2 807
2 423
2 309
2 127
1 777 777
1 552 835
1 762 772
2 721
2 251
2 678
1 463 900
2 396
1 450 480
1 568 760
1 253 534
2 397
1 648 952
1 868 933
2 986
1 167 285
2 671
1 519 870
2 687
1 971 984
1 125 570
2 807
2 179
2 896
1 673 876
1 95 789
2 230
1 918 979
2 69
2 819
1 448 821
1 745 808
2 117
1 988 991
1 803 997
2 91
1 950 958
1 933 956
1 135 274
2 482
1 347 648
2 718
2 189
2 875
2 621
2 319
2 734
1 798 924
1 657 979
1 617 794
1 693 766
1 284 972
2 630
1 217 1000
2 307
1 789 968
1 431 632
1 613 936
2 586
1 287 567
1 110 709
2 412
2 196
1 3 552
2 67
1 872 876
2 348
1 953 968
1 123 492
2 199
1 165 506
1 110 862
1 916 988
2 378
1 75 407
2 436
2 737
2 820
1 935 996
1 914 926
2 25
2 390
2 911
2 989
2 189
2 314
2 885
2 446
2 801
2 222
2 647
2 925
2 763
1 610 734
2 944
1 630 977
1 714 924
2 421
2 349
2 666
1 145 509
1 644 891
2 482
1 569 773
1 157 861
2 44
1 70 437
1 126 367
2 188
2 338
1 701 876
1 706 877
2 31
1 424 646
2 285
2 253
2 688
1 442 526
2 179
1 770 857
2 103
2 400
2 718
2 769
1 114 424
1 942 961
2 685
2 50
2 484
1 818 921
2 973
2 439
1 648 853
1 253 288
2 150
1 611 861
2 942
1 181 352
2 551
1 234 579
1 958 990
1 425 953
2 207
2 64
1 338 611
2 38
1 438 873
2 21
2 505
1 297 476
2 819
1 824 954
2 65
2 134
2 15
1 763 825
1 45 579
1 519 665
2 546
2 847
1 512 904
1 519 662
1 373 614
1 257 890
1 520 852
1 665 701
1 64 483
1 916 943
1 855 959
2 988
2 645
2 591
2 823
2 290
1 925 933
2 802
2 252
1 521 687
1 514 649
2 85
1 342 928
2 696
2 197
2 369
1 824 965
1 141 207
1 505 943
1 162 705
1 458 518
1 109 499
2 648
1 300 688
1 270 322
2 181
1 380 458
2 949
2 978
1 641 816
1 953 970
2 323
2 49
2 706
2 625
2 647
1 47 900
1 492 637
2 464
2 897
1 948 982
2 200
1 338 574
2 549
2 625
1 574 892
1 842 970
1 629 940
2 618
2 343
1 605 743
2 536
1 515 601
2 65
2 782
2 619
1 406 728
1 731 796
2 811
1 126 680
1 956 982
2 523
2 376
2 370
2 154
1 6 494
2 283
1 856 980
2 454
1 943 978
2 264
2 21
1 778 993
1 835 900
2 950
2 524
1 337 847
2 219
1 114 615
2 452
1 864 951
2 467
2 178
1 995 996
1 399 741
1 626 685
1 37 493
1 938 974
1 744 923
1 833 997
2 697
2 939
1 183 208
2 81
2 494
2 519
1 139 628
2 600
2 90
2 988
2 356
2 212
1 828 973
1 541 635
1 502 898
1 994 998
2 837
2 204
1 950 954
2 808
2 972
2 381
2 154
2 441
2 305
2 732
2 86
2 920
1 100 814
2 322
2 444
1 888 979
2 752
1 851 993
1 411 692
2 131
1 994 1000
2 163
2 381
2 168
1 967 969
1 121 645
2 626
2 682
1 493 832
1 451 550
1 521 752
2 678
1 472 845
2 859
1 728 997
2 868
1 904 971
1 658 862
1 185 372
1 697 712
2 281
2 715
1 808 973
2 124
2 956
1 763 805
2 378
2 567
2 437
2 407
1 185 999
2 911
2 237
2 621
2 198
2 895
2 353
2 879
2 622
2 393
1 194 837
2 509
2 105
1 158 910
1 6 864
2 2
1 494 868
2 47
2 536
1 449 911
2 59
1 404 858
1 619 853
1 992 992
1 589 717
1 605 993
1 493 871
2 180
2 523
1 974 981
2 362
1 927 927
1 535 659
1 247 916
2 879
1 375 677
1 248 488
1 932 942
1 64 540
1 968 973
1 498 779
1 970 975
1 468 696
1 564 802
2 703
1 210 670
2 112
2 529
1 258 842
1 882 965
2 89
1 83 788
1 58 278
1 234 797
1 279 832
2 387
1 709 1000
2 547
2 894
2 191
1 29 252
1 22 336
1 191 644
1 43 208
2 55
2 83
1 639 815
2 367
2 897
2 703
2 206
2 866
2 428
1 228 586
2 915
2 696
2 172
1 579 815
1 838 965
2 575
2 892
1 492 761
1 318 516
1 584 769
2 565
2 593
2 204
1 35 87
1 240 737
1 790 797
2 176
2 570
2 689
2 822
1 963 989
2 698
1 55 570
2 249
1 605 909
1 471 777
2 851
2 369
1 793 948
1 135 346
1 846 940
2 495
2 966
2 913
1 238 709
2 512
1 287 640
1 126 738
1 754 766
1 117 866
1 109 511
2 903
1 907 985
1 395 591
1 19 262
1 153 504
1 742 930
1 759 972
1 186 844
2 22
1 168 342
1 758 908
1 239 549
1 382 444
2 713
2 931
1 931 989
1 717 899
1 989 993
1 57 819
2 825
2 341
1 510 549
1 523 597
1 421 665
1 382 564
1 270 344
1 761 851
2 171
1 940 963
1 693 795
1 654 884
1 414 958
2 922
2 286
1 751 962
2 563
2 733
2 335
1 765 853
1 141 496
1 947 957
2 840
1 646 723
1 490 743
1 893 900
1 620 836
1 432 511
1 134 359
2 298
2 366
2 167
1 519 766
1 669 973
1 134 712
2 953
2 377
2 200
1 349 504
1 279 769
2 259
2 90
1 653 902
2 582
1 18 216
2 679
1 541 889
1 814 885
1 661 807
1 847 948
1 395 494
2 473
1 553 837
1 673 946
1 651 830
1 647 652
1 941 955
2 576
1 464 571
2 409
1 33 221
2 405
2 376
1 836 905
2 771
2 310
1 221 559
2 8
1 530 720
1 695 943
2 354
2 289
2 463
2 728
1 298 730
1 501 531
2 305
2 679
2 456
2 470
1 584 643
2 342
1 91 118
1 434 489
1 69 401
2 687
2 256
2 48
2 496
2 855
2 188
1 173 200
2 810
1 88 92
1 122 951
1 167 452
1 228 751
2 306
1 603 719
1 264 442
2 175
2 283
2 412
1 287 994
2 446
1 246 855
1 85 198
1 131 323
2 722
2 354
1 151 837
1 577 788
2 821
2 380
2 845
2 784
2 865
2 943
1 414 527
1 714 882
2 42
1 929 991
2 762
1 620 964
2 713
1 625 744
1 580 814
2 536
2 451
1 703 972
2 64
1 722 819
1 673 999
1 148 434
2 989
2 202
2 321
1 419 499
2 724
1 545 729
1 854 914
1 528 590
1 690 711
1 727 833
2 540
1 199 890
2 338
2 315
2 254
1 551 682
1 599 766
1 475 534
2 916
1 312 368
1 409 534
1 766 910
1 591 655
2 689
1 598 798
1 56 77
1 751 956
1 630 752
2 948
2 429
1 752 835
2 98
1 956 990
2 1
1 880 885
2 33
1 489 681
2 238
2 812
2 488
1 9 672
2 551
2 660
1 584 855
1 811 825
1 172 309
1 844 919
1 16 914
1 850 948
2 901
2 669
1 594 900
2 145
2 748
2 356
2 880
2 736
1 574 896
1 657 696
2 527
1 855 993
2 858
1 203 453
2 636
1 593 855
1 852 905
1 434 928
1 182 992
2 138
1 755 888
1 77 282
1 683 834
1 452 566
1 649 907
1 317 847
2 95
1 990 995
2 618
2 842
1 842 951
2 151
1 528 687
2 69
1 144 331
2 10
1 821 997
2 55
1 30 490
1 122 530
2 674
1 608 751
2 610
1 945 973
2 63
1 882 900
1 963 991
2 588
1 196 278
2 975
2 275
2 457
2 294
2 960
1 258 402
1 539 708
1 821 903
2 792
2 372
2 933
1 501 512
1 57 225
1 924 960
2 894
2 698
1 566 738
1 874 915
1 301 754
1 362 730
1 496 524
2 362
2 597
1 444 894
1 565 878
1 175 558
1 98 746
1 222 467
1 782 966
2 671
1 501 826
2 975
1 176 797
1 264 498
2 789
2 641
2 70
2 283
1 894 915
1 676 820
2 421
1 598 734
2 415
1 326 444
2 128
2 87
1 343 473
2 421
1 126 360
1 543 870
1 104 526
1 633 888
1 161 898
1 262 998
2 639
2 709
1 632 761
1 61 693
1 522 852
2 167
1 191 323
1 584 806
1 300 420
1 104 192
1 229 520
2 412
2 965
2 4
2 687
2 990
2 318
2 789
2 915
1 38 189
1 236 898
1 716 906
2 528
1 852 910
2 402
1 513 647
1 629 819
1 921 993
2 532
2 716
2 288
2 808
2 833
2 796
2 200
1 421 745
2 146
1 544 832
2 996
1 918 930
1 129 148
2 460
2 237
1 297 737
2 843
1 174 410
1 82 336
2 77
2 481
1 704 789
1 739 822
1 732 789
1 523 693
1 879 953
1 793 872
2 897
2 919
2 988
1 172 532
1 622 800
1 953 986
1 347 585
2 485
1 545 751
2 476
1 234 413
2 573
1 951 997
1 224 510
1 891 952
1 686 767
2 816
2 4
2 733
2 57
2 269
1 70 683
2 527
2 200
1 630 728
1 232 340
1 5 372
2 573
1 32 849
1 358 730
2 679
1 58 603
1 831 902
2 846
2 136
1 67 174
1 39 749
2 528
2 612
2 729
2 408
1 966 997
2 358
1 273 518
2 427
2 733
1 95 733
2 44
2 351
2 581
2 810
1 992 996
1 529 915
2 318
2 863
2 744
2 202
2 60
2 709
2 544
1 602 835
2 148
2 797
1 596 916
2 725
1 80 87
1 212 807
2 377
1 876 997
1 671 890
2 721
1 755 766
1 31 943
1 345 638
2 472
1 33 883
2 633
2 442
2 469
1 223 356
2 827
1 924 951
2 547
1 259 775
2 285
2 283
2 566
2 787
2 737
2 860
1 872 879
1 996 997
1 418 653
1 557 818
2 105
1 670 739
1 813 909
1 83 538
2 977
2 543
1 381 475
1 592 727
2 2
1 972 992
2 436
1 363 434
1 312 519
1 808 933
2 200
2 677
1 604 937
2 975
2 404
2 506
2 609
1 130 618
1 360 985
2 381
2 141
1 1000 1000
1 875 957
1 399 554
1 284 620
1 490 771
1 463 833
2 505
2 521
2 449
1 717 893
2 568
1 158 455
1 60 705
2 882
1 753 936
1 901 909
2 548
2 649
2 342
2 959
2 996
1 305 777
2 256
2 284
2 347
1 474 476
2 205
1 859 921
2 484
1 52 552
2 892
1 980 1000
2 888
1 720 899
2 623
1 707 961
2 266
1 338 380
1 704 840
1 855 877
1 932 933
2 62
1 584 587
1 291 987
1 33 778
2 482
1 644 700
2 988
1 554 651
1 548 756
2 545
1 156 949
2 213
1 668 969
1 250 444
2 877
1 987 997
1 820 854
1 7 389
2 897
2 489
2 39
2 48
2 825
1 18 861
1 767 806
1 347 643
2 404
1 315 901
1 419 773
1 891 997
2 802
1 416 998
1 96 912
1 817 982
2 809
1 389 712
2 366
1 312 555
1 414 937
2 591
1 14 839
1 644 663
1 919 953
1 60 710
1 553 612
2 58
1 104 967
1 912 915
1 692 899
2 838
1 596 649
1 995 1000
2 242
1 641 937
2 542
2 559
1 441 665
1 562 671
1 912 965
1 310 328
1 394 999
1 824 858
2 642
2 332
2 763
2 669
1 486 860
2 433
1 262 827
2 525
1 756 949
1 858 873
1 782 855
2 414
2 1
1 49 515
1 72 474
1 34 991
2 340
1 666 787
1 496 821
2 500
2 27
2 63
1 197 935
2 720
2 346
1 743 988
1 95 291
1 134 677
1 197 935
2 675
2 726
1 520 772
2 312
1 641 675
2 702
1 874 958
1 764 813
2 452
1 210 822
2 842
2 405
1 924 989
1 822 906
2 345
1 425 769
1 211 866
1 344 796
1 625 774
1 546 576
2 928
1 569 891
1 200 999
2 302
1 208 946
1 448 594
2 123
1 342 577
1 705 863
1 542 612
1 102 842
1 37 368
2 976
2 729
2 788
2 563
1 207 456
1 714 785
1 578 906
1 355 366
1 952 989
2 25
1 385 986
1 409 810
2 421
1 28 915
2 260
1 647 724
2 491
2 339
1 767 802
1 336 863
2 675
1 942 991
2 785
1 734 923
2 923
2 850
1 180 709
2 985
2 342
1 993 994
2 378
2 640
1 72 794
2 489
1 458 713
1 340 730
2 421
2 296
2 868
2 706
1 418 598
1 605 977
1 225 982
2 400
2 44
1 689 789
1 391 606
1 163 758
1 816 860
2 263
1 420 718
1 376 906
1 787 928
1 809 949
2 49
2 674
2 155
2 341
1 777 920
2 619
2 149
1 119 149
1 282 561
2 485
2 961
1 407 429
1 620 749
1 865 992
2 44
1 333 742
2 168
2 537
1 252 537
1 156 394
1 530 708
2 899
2 625
2 325
1 682 954
2 206
1 563 627
