100 100
2 79
2 85
1 67 81
2 65
1 75 77
2 69
1 4 50
2 1
1 100 100
2 54
1 13 44
2 50
1 84 84
1 55 83
1 56 66
1 79 82
2 76
1 4 12
1 70 89
2 28
2 84
2 71
2 92
1 72 83
1 29 54
2 40
2 78
1 56 85
1 78 85
1 34 83
1 70 77
1 6 93
1 62 94
1 43 70
1 77 98
1 8 92
1 73 82
2 40
2 75
2 11
1 78 80
2 83
1 52 62
1 12 80
1 57 59
2 8
1 94 94
2 84
2 81
1 55 68
2 85
1 70 92
1 63 99
2 65
1 76 82
1 93 98
1 44 51
2 46
1 5 97
1 56 92
1 79 97
1 33 84
2 99
2 78
1 79 91
1 52 99
2 35
1 58 64
2 40
2 18
1 89 94
1 63 94
1 96 100
2 87
2 20
2 35
1 13 71
1 87 94
2 48
1 21 32
1 20 54
1 14 22
1 3 82
2 83
2 27
2 42
1 22 52
1 50 57
1 51 60
2 82
2 53
2 53
2 56
1 98 99
2 32
2 23
1 42 93
2 50
1 92 95
1 72 95
