1000 5000
785 27 6646
27 667 25391
785 746 6607
746 729 1385
667 25 18541
746 202 15706
25 317 20675
785 67 14032
317 703 1928
317 700 3578
667 418 19614
700 437 16198
418 870 13630
202 294 13401
294 140 8224
25 40 4258
729 48 12521
667 708 9520
48 190 25213
667 913 9943
25 883 30725
785 427 13006
190 983 8902
27 612 11583
703 119 18217
119 733 25225
870 578 30073
40 841 24358
48 707 31557
48 633 31594
612 602 30822
883 692 28570
119 380 12061
883 898 14867
140 837 26820
427 312 1136
913 287 20741
287 110 22003
437 415 10131
870 531 4250
983 305 11485
437 326 16869
883 485 4621
837 568 154
40 808 19437
326 773 20992
25 351 15818
67 467 27502
67 9 1509
294 836 23602
312 275 30560
485 905 8825
119 101 12723
773 877 8268
312 354 9008
785 716 543
836 244 20018
531 909 9077
437 859 27896
568 188 26690
707 168 24290
836 818 12853
380 800 16631
40 403 30719
746 583 30854
25 631 21773
467 270 6629
403 512 7050
700 910 31992
707 30 16130
485 60 21578
983 505 17634
485 85 8669
785 120 16214
418 465 12545
270 466 19492
910 29 24263
913 18 29851
270 775 758
512 985 27829
578 632 18828
841 922 24310
913 941 20771
841 962 32688
692 704 31973
60 579 23986
568 420 10440
983 580 8082
922 930 11786
818 610 23893
270 146 8891
270 484 21708
119 108 29232
485 975 30161
466 254 11458
420 496 15996
733 369 8474
512 555 20766
418 737 14534
707 195 172
202 516 11359
808 621 7410
975 431 23479
415 596 7593
883 994 946
818 300 28926
941 893 5031
555 434 17933
168 788 12522
485 26 4886
29 912 26283
898 184 25594
431 440 10250
437 936 28485
287 740 11925
505 257 25009
190 51 22930
437 228 14961
893 605 23733
555 929 5659
380 727 4940
403 942 15556
859 803 9432
467 854 13922
467 83 11633
910 943 28810
583 796 17756
119 218 18837
484 174 21611
190 695 31302
803 981 6029
300 917 2822
108 961 29710
431 718 25900
434 682 22634
418 408 14326
579 592 1222
51 405 20966
420 599 31780
716 594 23003
275 611 19017
943 586 22816
287 319 5438
516 54 23438
467 442 25150
568 616 22981
531 426 16264
351 951 5825
60 702 7939
803 978 21616
703 492 29980
415 817 5970
983 535 13647
909 141 1883
929 780 9614
228 820 15934
692 49 14356
312 374 31582
466 723 4959
40 906 29038
775 550 14709
859 401 2017
870 320 12511
796 500 17470
910 690 12125
9 304 19972
690 469 27665
531 31 13003
708 185 8108
26 522 1875
516 840 28821
610 947 22455
119 400 22954
27 385 9840
202 419 20073
275 529 2202
228 965 23848
578 687 23878
729 266 26947
354 878 26632
985 331 8779
146 333 23866
632 1 23867
803 53 17683
579 376 12152
485 813 23799
48 919 524
919 889 29975
403 290 29040
780 335 123
602 410 21942
616 938 21261
202 816 7934
910 246 29641
690 980 12650
385 613 4419
190 409 15494
579 866 1524
737 824 535
820 517 20993
800 255 28746
517 196 19415
30 979 21594
555 595 5061
141 771 21750
700 22 19003
418 395 31650
599 216 32336
512 362 30649
465 343 6798
737 697 18214
140 915 10619
740 111 45
18 661 29129
275 151 24826
22 742 12
496 709 29465
26 353 19795
930 784 32431
195 121 14815
771 324 8876
692 438 6318
611 738 22748
512 153 13441
596 463 2714
824 310 1735
942 428 18768
930 499 7129
975 874 1718
469 41 12145
820 554 6187
185 2 23132
31 430 12980
820 166 16964
294 812 18874
254 269 23435
812 117 23563
692 478 187
469 932 21936
554 35 14156
40 880 17388
333 43 10107
796 387 20665
305 322 2584
376 679 30389
270 472 15555
922 209 523
866 636 22881
611 23 7348
883 10 7332
870 231 7627
140 321 815
841 123 29873
85 366 27669
500 94 30431
362 367 28953
578 373 21322
605 464 2401
913 406 7918
594 710 6786
740 802 1412
254 156 30406
166 928 26916
816 988 17682
376 926 15861
695 441 5537
310 869 18922
31 494 15714
780 647 30217
800 806 31030
25 571 4473
836 514 2816
631 798 10544
294 237 11671
788 247 21593
120 987 29236
22 970 17468
67 598 9320
335 589 2644
586 789 3983
710 756 7447
785 814 15830
362 768 24663
682 573 20997
816 674 30280
930 92 21866
796 213 23446
621 528 18115
48 960 15282
975 223 19167
610 337 854
960 250 11832
738 835 30438
979 261 30626
835 293 1312
633 303 20738
631 678 2702
500 558 24209
616 659 28962
216 984 30757
938 861 13687
184 765 27488
765 570 14307
869 489 50
469 931 18940
808 95 30288
85 908 16199
505 416 19268
813 617 14571
599 576 29130
303 758 27494
837 873 32301
266 389 30427
437 394 24661
610 989 29964
905 537 22355
866 142 10817
687 256 13525
837 180 4147
505 386 12507
469 461 22350
661 152 16182
723 826 18133
758 124 20807
394 825 1379
269 56 1623
983 749 23516
987 86 2074
633 277 22189
679 89 8838
237 892 28245
110 663 12388
928 792 10161
789 999 6895
915 346 507
492 959 29718
22 603 7615
826 671 21653
300 454 12060
947 160 9816
43 450 16036
613 66 24140
166 204 20419
985 272 8220
802 851 29499
465 860 17802
818 653 1273
785 99 19095
67 546 18391
494 976 12459
978 741 21414
880 903 16114
505 435 12068
27 130 1143
86 276 19349
160 423 9165
49 668 8590
612 103 15646
403 828 21886
305 972 3354
984 907 17423
789 804 28792
898 288 10367
51 977 15927
878 786 9356
321 76 22874
880 171 14931
727 538 24957
784 16 9113
913 842 30293
41 721 15790
733 167 5243
156 760 14364
796 150 28877
293 87 17236
514 715 5616
965 567 5612
108 357 15468
695 502 23256
692 849 12297
611 44 15477
738 862 1722
803 267 20073
287 888 29123
537 551 17855
484 867 23521
41 236 16839
617 770 22171
171 128 20978
841 575 20071
708 368 688
357 778 16590
270 361 31104
922 676 10062
567 670 852
337 850 1945
550 177 11064
598 934 22764
551 681 26678
92 652 11283
780 712 26905
976 45 16793
942 211 27891
529 432 9530
502 265 4174
941 638 6740
733 248 11393
610 291 580
395 705 12713
369 207 3761
276 91 13421
231 552 25238
892 728 4489
66 553 25355
322 591 22348
366 481 9492
877 524 32644
808 868 22710
31 753 864
211 11 13573
546 106 30303
617 155 15747
333 12 4684
426 390 22548
45 8 4759
324 148 10477
366 572 6429
35 793 23173
842 761 26508
60 935 18173
101 479 15293
11 585 10339
878 993 6373
357 65 21347
53 624 11779
472 829 2710
368 856 1286
427 526 7746
802 763 25912
784 871 24894
806 779 19103
710 713 11561
492 233 7133
236 340 3442
888 330 8832
721 726 1006
977 127 17597
177 295 11166
387 307 16258
802 359 8712
26 93 4162
723 439 10374
467 169 22949
184 125 23079
763 720 28136
148 541 27588
599 886 28938
824 384 8079
121 268 32
738 281 30770
275 424 23799
704 839 31604
985 997 3222
661 5 28126
825 397 7105
621 249 22608
18 179 23979
216 55 8245
174 311 23883
357 626 23488
248 498 30467
31 937 643
930 916 28338
428 669 10477
268 348 21096
636 208 3116
828 69 24216
233 684 4651
169 662 26598
727 289 52
208 725 11431
400 50 22411
270 147 29255
828 278 1944
554 923 4740
293 875 15646
595 822 29099
898 751 29405
9 525 18820
16 17 17749
929 882 32170
103 144 9657
420 722 30139
681 421 24056
972 777 31880
553 995 4971
893 341 30287
185 549 20071
761 286 16329
856 163 7135
65 468 10535
346 504 14159
715 711 9138
603 657 30828
419 897 19688
12 308 10180
41 899 5024
484 628 15462
869 480 18166
60 90 293
995 625 17774
269 990 23706
535 925 32602
906 451 13847
816 539 11435
737 543 9590
995 511 94
410 924 21059
820 482 6022
146 683 23686
917 744 16644
451 547 26784
463 801 17278
529 360 14821
467 885 32659
947 113 4190
535 557 15315
228 782 16568
353 388 15514
16 107 8491
828 823 20032
174 139 11962
317 226 10386
789 145 31385
421 646 30256
715 881 12059
18 562 29411
849 262 12157
55 102 26743
312 508 4279
94 902 27008
410 352 7938
272 764 25177
442 515 27500
226 648 20065
995 98 27799
384 890 19037
266 355 19602
980 258 21000
541 413 2663
960 71 24688
826 590 31127
403 619 530
800 649 8032
579 129 1987
828 645 26357
17 491 32675
580 688 29678
554 901 29261
93 447 23633
94 372 13994
288 637 32241
912 52 1439
697 313 19825
434 210 21391
11 306 24671
119 473 9945
704 429 24163
682 799 4398
942 358 7271
674 559 18277
598 4 10352
380 172 18427
551 302 14248
468 264 13117
961 159 135
341 349 28417
479 314 11011
51 950 17
972 536 20723
85 627 19146
875 112 20613
23 445 13366
764 292 10165
668 642 13493
789 844 9130
319 443 17416
671 199 11330
60 900 32173
744 706 31682
570 604 9991
874 285 2630
667 714 31155
676 238 4850
454 717 23380
480 271 27185
71 832 15812
85 506 32036
492 402 30703
802 14 15800
718 556 18069
244 894 11772
645 639 12339
617 640 12456
850 1000 10933
678 857 4221
373 600 25334
997 655 12634
188 787 30917
744 470 1376
349 921 9399
128 797 5349
385 328 24201
798 486 23737
366 914 4136
897 920 32675
749 379 1003
246 345 5304
592 719 16472
857 282 20436
742 635 27380
906 858 24332
929 895 23707
713 173 4424
926 501 218
669 198 26309
922 274 16072
277 609 30854
977 607 23367
818 614 23505
536 973 15949
340 220 21252
873 757 17429
112 831 32665
801 200 15170
885 240 17243
26 879 17936
878 114 13530
386 449 990
975 235 24610
683 446 1557
44 518 32641
856 701 9171
129 242 25080
702 660 20535
268 966 8560
498 769 31828
531 548 15550
473 309 21
700 88 25173
962 411 29176
432 81 3668
642 864 19512
575 846 16731
153 68 5995
320 252 13719
372 42 16411
547 865 28015
264 221 19909
713 565 1310
756 382 11343
180 772 6912
52 170 28861
920 944 20172
773 296 15105
382 19 10280
760 520 1716
935 623 16095
575 227 14483
291 767 30893
83 364 3608
29 100 15068
922 689 21989
796 234 9501
14 104 480
917 896 24094
305 855 8083
309 581 10219
772 381 8795
199 15 16655
293 904 5810
989 933 26861
281 830 17413
713 693 25965
784 754 4967
384 827 16095
639 730 12648
121 530 27284
496 399 5151
616 57 25252
950 852 14926
943 745 2856
153 969 29615
367 280 2678
966 790 17782
306 574 13468
65 164 11362
828 217 29801
349 945 5099
929 197 9853
995 476 6059
988 534 25322
394 734 31864
163 391 23763
535 939 20104
330 927 12572
737 691 7608
81 848 1374
12 845 415
625 665 6084
151 521 14805
341 109 13712
551 566 27167
48 680 23832
892 462 18249
45 755 3815
850 891 28618
928 998 31876
904 863 2963
780 743 16594
439 533 6543
159 253 1598
623 161 27409
812 315 8764
185 338 23810
163 584 24138
93 414 5280
57 201 16273
250 215 12886
25 115 14553
145 116 2312
437 157 5912
793 339 8586
99 425 8709
614 135 26904
633 297 4594
266 634 12290
491 24 11390
492 243 4910
711 36 27335
538 412 21056
215 766 12477
923 884 24955
993 654 12769
528 241 25422
804 963 10850
54 32 11625
128 776 25421
550 477 4233
233 677 13808
166 795 20854
479 853 3908
479 149 10610
817 175 18160
635 974 15753
424 137 7623
258 33 32331
927 203 9488
619 956 10883
242 453 7236
632 132 26707
337 699 19749
333 664 7470
255 3 4122
626 593 15675
848 187 20069
961 474 8203
357 77 21434
142 7 5322
856 370 30633
742 162 3542
972 847 24837
22 64 26242
825 329 16902
931 97 17303
884 643 23509
579 138 30482
467 334 17448
270 656 15454
828 452 1766
187 815 19433
572 72 10429
32 392 23142
943 13 10880
890 122 15425
328 490 25554
185 509 17029
196 363 8253
421 377 7429
546 259 14468
379 118 17757
3 230 27607
903 774 3013
142 608 3600
790 78 32317
691 407 15822
701 448 3259
984 251 28394
407 992 21130
349 630 17959
994 483 29145
567 958 17519
18 748 6330
261 245 17877
474 75 14364
430 383 30885
944 222 18430
695 940 28915
501 620 30383
758 165 6592
322 560 3964
880 747 9081
48 299 21418
221 675 11897
776 673 31991
556 183 22510
832 134 5880
616 952 25854
221 62 16545
571 154 19323
346 666 18122
612 318 13083
180 834 15511
714 456 15125
277 74 6535
877 752 4135
238 955 25965
961 219 6755
822 838 352
299 422 27695
595 732 13463
529 396 13223
50 225 27397
756 39 4120
4 436 3811
180 21 1053
303 493 9535
419 59 3284
29 487 10269
930 84 15472
881 224 25338
844 279 26725
23 214 28156
853 569 28822
732 455 20247
943 28 4
664 545 29189
200 949 2994
828 750 289
800 759 5394
659 323 9483
666 82 30623
127 694 29060
303 63 27434
414 158 23473
955 587 3443
491 696 15005
101 641 24303
202 417 7036
838 191 10810
281 946 12879
549 283 1197
300 371 31405
946 229 6745
41 686 17929
617 876 22895
632 398 17125
478 872 31228
442 182 24272
172 644 32261
408 819 18018
978 577 18945
547 325 20393
882 807 23903
525 513 18742
726 991 427
90 507 14420
363 38 13199
473 561 22461
174 457 9357
930 316 12365
803 193 9138
185 503 2902
596 284 18022
160 497 14915
586 136 17662
531 762 15086
156 332 17215
646 698 27684
876 685 5041
453 996 1891
706 336 30957
334 73 24077
754 365 30607
919 650 18654
907 34 6438
917 811 26015
882 344 8238
413 724 4294
912 739 25697
581 948 2967
497 986 11886
852 298 13466
240 20 7067
17 527 17856
50 658 2569
247 342 4880
394 582 3814
740 918 28902
3 475 5509
159 968 13367
111 542 665
541 46 13739
75 356 23391
73 105 1882
696 495 11376
441 809 5372
549 186 1398
66 206 24781
480 843 12442
457 133 3679
908 347 10922
560 96 18667
441 967 22513
928 563 23869
888 471 28435
245 544 3879
844 736 31829
582 47 6448
495 79 4935
678 651 9669
277 964 13695
530 954 25809
720 126 12139
7 273 6667
282 971 431
764 601 1143
547 629 14863
480 189 13350
885 205 30608
423 781 5755
639 805 15836
797 957 14433
499 6 25894
737 460 32488
283 735 27671
214 810 26013
124 794 22023
538 327 23538
874 458 12558
934 350 10245
417 378 31356
305 61 25020
206 540 10917
794 58 10248
571 488 6075
902 194 6525
664 178 2058
155 143 14602
309 131 13601
26 375 251
450 618 4457
59 597 3666
511 37 11462
465 192 18937
999 459 27298
979 731 20367
585 176 20508
967 404 6367
722 887 2464
452 672 3707
419 606 7911
12 301 6271
162 260 19778
758 622 32030
309 953 2427
276 523 11792
165 982 11890
676 70 21487
646 783 2178
474 911 14644
435 821 20764
899 393 5502
957 232 24365
680 510 31517
289 263 1854
147 519 3981
382 444 25643
789 181 32622
462 532 102
978 433 10043
852 588 13387
847 239 18286
834 833 27505
479 615 29963
121 80 30551
858 212 7376
240 791 29841
617 564 29627
883 785 10000000
379 372 25485
815 561 22706
521 289 16313
520 238 9181
505 22 8163
815 479 11391
910 992 29673
386 890 2729
593 937 12779
493 407 16789
786 738 8622
775 833 13511
87 567 31935
45 135 22735
131 832 8242
485 595 21739
599 812 21259
672 507 25091
159 285 12471
364 353 26790
138 236 10531
856 918 791
964 697 20556
906 213 27025
785 935 30050
940 680 15940
393 997 15822
634 198 31674
641 993 23237
5 80 17320
477 687 28706
199 169 17747
9 613 31175
513 732 14866
110 447 30897
485 620 23448
640 572 894
999 559 2825
477 939 3619
272 997 28929
794 106 27381
604 875 32285
64 735 15198
520 907 12456
548 906 20684
870 823 12145
984 193 28353
413 803 29436
238 586 1294
286 467 11657
909 299 26013
711 54 14247
345 881 15186
106 49 19024
118 913 12276
560 57 4284
10 375 19733
354 927 27500
118 198 18548
972 838 27428
542 957 9813
394 163 26053
692 513 31925
985 337 24650
143 566 14449
617 901 12370
482 957 8626
556 142 32004
638 190 3904
209 972 31271
200 128 20614
523 849 10692
689 217 25711
648 834 28604
146 130 10087
745 758 8192
743 734 19743
349 401 15230
231 34 19175
679 130 6366
242 164 23998
334 627 3483
212 949 9064
743 442 8484
460 293 24613
577 285 14089
881 616 4832
814 763 15966
781 410 30706
753 100 9175
291 304 7886
794 762 20816
165 814 20776
882 787 16568
962 511 19068
681 269 24989
853 591 13572
216 75 6092
523 281 7542
260 489 16056
379 970 8481
156 460 12465
768 231 4681
267 406 8715
374 94 15567
568 332 32713
7 875 27008
634 337 15974
246 130 18607
268 718 28877
481 732 7388
124 169 26794
1 178 25746
353 581 22674
869 179 28370
878 236 17845
794 111 18323
238 920 23065
893 462 21065
494 666 10639
362 286 18035
912 145 2781
342 828 9876
324 106 5078
364 876 17460
966 809 25176
694 426 941
673 780 30054
851 360 26872
133 358 16598
177 845 4787
207 952 11085
303 400 15130
368 945 6526
5 656 11942
560 613 23277
817 640 30349
508 905 2973
536 40 18785
987 661 7026
891 639 15989
835 868 30517
246 165 20695
979 727 6262
316 804 1283
454 407 22725
591 51 4242
146 60 6643
915 208 17813
712 732 30810
857 610 19304
118 15 7528
193 29 27917
111 260 14294
922 865 2430
865 535 27726
716 383 3185
493 726 3198
433 273 22146
39 207 23485
258 856 12740
160 879 28617
765 888 27683
779 881 8537
875 970 803
262 217 21352
30 548 1236
618 862 27011
162 304 30754
652 649 25744
604 587 21186
611 577 6845
301 965 19816
304 749 10895
333 184 22290
174 365 29276
628 65 3720
181 747 19598
611 519 5471
820 532 26228
646 384 21026
207 832 2722
845 956 24435
135 345 30976
587 277 1083
903 671 13849
125 704 13636
267 849 26705
125 502 23256
199 904 13570
250 500 30001
556 30 26808
600 305 20704
897 484 23805
359 771 22653
673 764 21366
45 791 17203
141 14 12613
564 554 30731
352 992 30436
889 78 3078
385 684 20474
68 291 21851
859 302 29662
124 276 14465
125 199 6835
615 674 9156
563 322 21620
15 226 13466
351 728 26179
840 118 19955
252 169 18387
373 831 2355
355 508 15818
994 900 29604
385 337 12144
494 143 2162
39 89 1279
31 448 23454
152 911 26998
752 867 1121
405 121 1468
122 132 5620
928 16 1137
511 81 27590
609 118 13514
246 741 19065
433 618 18492
94 670 26947
893 407 14830
926 59 28547
67 60 16424
191 34 24752
362 387 1843
463 584 25828
163 347 12909
496 364 26295
26 468 2937
635 725 12070
931 55 12500
966 167 3761
747 270 19517
407 41 20229
874 326 11941
735 741 10944
837 919 29354
272 42 28977
939 423 18382
811 122 23085
543 321 6112
402 553 29252
993 650 9557
475 732 515
854 327 23684
321 856 29441
18 78 11008
333 265 3051
367 677 6024
395 398 30927
842 827 23106
23 344 1866
295 412 10299
501 950 22133
299 105 5735
130 19 2201
208 388 14227
542 19 22806
35 593 13826
881 253 25347
693 442 29880
162 928 30062
990 468 3478
610 776 6212
657 316 6356
424 295 29005
893 881 24452
628 393 6848
988 171 15898
14 791 17748
263 946 23860
538 720 15842
175 129 22036
979 131 13039
806 129 9607
40 354 28855
106 116 19249
718 168 19090
388 879 27771
748 88 7882
443 618 6542
757 230 24119
766 606 14367
158 477 21313
474 917 27395
41 315 7191
512 80 24250
411 963 31288
49 880 625
40 731 19879
459 752 12854
463 358 23645
864 651 586
635 379 30421
148 448 1234
482 789 12492
641 836 23136
914 312 20867
63 618 29447
740 837 24876
497 703 26866
853 987 24900
283 539 7866
84 983 23561
200 600 6899
724 415 6997
382 709 18339
141 844 4468
842 951 6045
249 997 24286
524 996 27900
610 256 30169
614 187 17205
501 542 14697
379 4 25710
549 428 10015
446 754 9504
361 282 13218
26 457 4664
915 568 4102
287 312 32038
606 513 8784
570 599 11936
754 560 9660
930 494 5125
23 375 14227
973 99 17566
293 181 7104
692 53 4921
422 340 20575
214 386 21959
15 743 10747
939 667 28681
20 740 14905
320 977 20343
31 808 16668
81 542 13781
277 220 27951
594 581 15681
36 548 18739
397 703 15262
220 310 30237
75 292 25755
721 87 18064
927 122 4309
243 61 3357
402 900 13764
35 487 221
579 91 11624
341 716 5198
696 387 15865
160 387 2170
986 922 12554
176 507 31434
514 511 1753
986 131 13848
868 851 15810
198 19 16353
960 207 3860
325 313 153
609 751 14774
403 284 4762
491 97 18522
726 712 17702
242 320 1080
116 900 18794
158 21 18051
69 635 23952
323 91 27153
30 482 11830
395 306 3066
236 200 8427
923 422 25869
228 43 23174
153 8 8046
680 910 10856
862 181 29382
46 868 8203
635 543 22203
247 332 627
130 272 3764
231 680 14676
236 703 790
772 748 1549
784 440 7029
61 443 16075
209 695 27255
719 39 10347
309 402 18265
791 616 7157
535 537 14923
105 785 27342
625 434 14384
530 399 234
813 262 24410
95 575 9892
222 92 2647
500 818 3089
973 646 28406
828 912 1503
629 639 28416
54 562 10272
975 276 3429
44 769 17813
997 27 30145
12 868 23123
29 672 32143
335 133 7897
940 686 19808
726 626 31980
886 708 17899
75 108 29144
170 817 2012
108 46 8682
284 524 5798
85 523 3895
291 385 11710
94 473 6669
424 960 23828
234 715 15274
469 539 11425
570 972 23561
352 308 12380
961 813 18904
243 934 27903
226 62 18440
646 761 863
907 22 26222
744 288 6974
205 583 869
172 509 18408
814 703 29313
743 298 28666
637 99 26791
142 178 28442
22 847 2089
9 78 916
602 730 18363
137 955 29461
102 476 1370
416 443 30970
13 423 29302
810 540 21994
430 887 14597
427 583 3000
811 481 26113
834 309 5894
696 546 27067
776 786 2330
815 470 30944
897 601 14448
201 453 29061
541 368 21864
204 156 19948
511 469 18084
975 239 5571
876 596 26766
701 68 3235
929 971 16738
508 631 13387
966 791 28249
471 20 785
715 170 14846
367 609 8044
160 52 29924
771 714 6067
978 753 8489
967 242 31078
621 398 5771
968 371 28049
74 341 18434
61 514 10285
879 384 5394
963 608 5782
603 16 24668
98 518 23903
673 309 21009
139 554 28722
961 291 2128
38 934 28290
327 866 20642
449 205 1586
619 454 11526
908 715 31106
169 617 11342
822 458 6110
410 5 20671
218 53 4457
77 192 12595
512 169 6996
550 117 38
317 524 28512
604 185 378
486 782 23331
565 447 728
318 444 25573
384 483 29688
537 585 2603
716 845 4913
302 93 1101
171 97 6178
494 556 27059
707 820 10584
815 963 20605
771 770 2870
930 24 24011
107 25 9613
902 642 19684
748 953 2726
541 465 3044
362 287 26032
307 734 19644
397 814 28616
755 563 24492
891 375 4629
628 834 26753
879 580 187
102 628 4655
367 425 11655
202 934 23728
674 549 17052
8 579 3883
247 667 13465
434 181 19652
883 612 14569
65 880 21683
317 607 22580
351 663 9837
682 633 15925
292 733 10502
536 698 8029
702 84 8467
559 995 25101
63 676 17073
369 179 31814
82 762 5514
512 776 30761
274 346 16099
860 209 8344
785 120 10774
563 993 17622
680 868 527
344 960 7422
791 802 3745
482 252 29346
716 25 24263
345 46 6133
578 271 17722
87 586 15689
294 264 7895
484 457 10194
254 865 13009
765 651 32223
967 779 19105
740 267 7187
554 252 29744
409 199 1087
81 130 19128
989 17 16874
19 490 13117
863 119 27059
875 604 16319
591 968 28678
992 86 30830
393 523 18660
819 643 11394
260 930 26020
910 111 13452
197 765 1795
709 710 20053
948 808 18646
436 622 32427
926 437 6712
939 45 16300
328 80 20498
538 427 17001
702 559 31050
798 79 16635
885 633 25341
190 76 23141
521 331 8335
437 895 17360
219 933 15993
839 798 21250
908 468 22550
339 256 5165
254 55 26604
126 969 20829
31 835 10003
502 350 15403
412 149 31698
938 350 23179
199 308 8330
70 799 32204
232 335 9093
675 859 30487
985 105 30015
394 64 32543
933 65 15946
642 714 28347
84 543 30429
890 260 1178
734 390 2463
759 246 6237
29 126 30820
800 505 21939
860 126 21700
498 399 31308
408 557 14295
800 597 10175
848 562 2951
807 952 14011
684 574 15654
291 673 11023
684 397 9299
252 422 125
56 645 23129
718 580 5705
749 957 15739
45 450 5122
212 775 14589
17 442 19459
75 187 30147
91 634 28817
818 249 8403
997 157 30373
851 504 19503
240 516 19911
30 839 25527
981 477 13952
755 145 4880
990 780 2383
819 134 6862
112 451 15913
543 707 16971
177 136 2274
71 732 8434
694 155 31003
67 450 13547
154 17 19586
345 287 30306
466 459 6284
610 584 7657
526 419 11506
394 443 31141
944 750 8847
110 266 16442
854 464 632
857 49 8638
799 397 24426
687 927 13849
192 937 12246
658 412 9622
336 847 16697
281 883 21398
527 774 19845
848 205 15525
720 600 8643
272 201 28767
622 520 28980
233 346 25827
258 344 29340
518 672 9421
499 252 19840
51 11 23022
777 588 15227
209 144 17970
722 858 9716
566 526 10619
613 594 732
270 509 11872
120 78 21315
185 772 4354
412 88 31961
281 402 6780
426 422 21443
777 595 4260
972 669 7237
313 594 11524
604 84 9261
886 293 24415
222 364 25098
270 636 24350
359 789 23699
455 362 11381
733 94 1732
526 469 27939
357 939 19873
41 657 23065
943 358 23198
896 947 2668
743 759 6679
378 389 7515
235 290 30571
367 23 26714
545 811 2182
52 94 12117
460 983 8455
299 267 23723
252 566 2378
336 845 31638
341 117 28656
67 5 13051
308 120 11463
832 181 30671
894 757 8735
479 50 30104
732 720 1511
506 822 4283
743 904 11820
229 847 14731
295 483 13523
648 140 22611
35 449 29857
433 620 14818
89 719 5616
164 448 24882
966 172 11165
354 282 20034
62 496 20764
612 69 29510
242 672 24749
786 751 2221
968 402 17705
793 22 1464
870 402 11494
565 751 1680
335 639 2969
558 822 10780
913 260 30534
117 974 16655
228 531 4252
518 624 21724
382 182 24908
717 675 26772
232 110 31558
814 969 12001
112 746 14806
19 815 6037
419 497 25109
332 747 23683
881 389 4666
219 895 26789
551 828 1953
576 868 26035
157 700 20902
849 367 15293
374 558 7077
961 486 11110
821 772 25276
734 64 14027
721 621 15406
474 816 5700
369 166 22377
46 411 19835
347 344 13089
886 133 27281
221 930 7941
728 278 23620
910 658 11250
696 780 27994
760 123 10928
472 647 8886
173 146 23969
792 632 18148
568 403 7147
361 503 10498
1 360 25849
355 737 20049
371 183 22901
990 9 23754
680 986 19204
17 291 10899
34 917 9831
922 484 28970
595 791 29649
796 437 29846
382 708 6034
461 925 19974
423 258 29033
798 661 18088
640 508 792
449 432 6805
711 923 30478
163 259 25899
716 936 17993
749 521 12078
448 225 26806
304 747 27774
295 48 32191
361 206 31313
677 524 17095
292 303 12328
497 51 3004
675 464 9464
213 690 22035
614 237 14150
220 628 2243
729 810 543
562 615 5142
606 373 566
381 204 31348
983 968 5521
155 842 26478
167 277 1412
410 816 27820
402 532 15860
484 12 21658
596 25 1556
982 611 18653
181 366 19991
124 892 24310
939 525 17040
257 390 1962
171 715 8570
8 280 28150
679 741 5652
84 693 6342
702 159 30750
750 414 11938
81 416 24
427 862 7437
551 6 9614
341 628 11602
400 408 15773
332 837 20195
6 623 24365
300 27 9129
55 870 24474
680 331 13516
436 322 13761
152 354 14038
416 140 2728
263 792 31308
790 52 1600
699 305 8714
936 290 19436
705 733 2817
844 833 28121
105 404 2356
962 253 12101
795 855 19454
657 482 3398
884 418 28675
191 926 695
295 888 3945
461 807 10064
419 311 4381
949 287 29462
911 159 7767
753 199 26274
718 558 4508
255 59 28149
979 402 29927
42 557 22226
206 634 19657
165 95 29905
41 586 3228
482 350 23724
995 909 13340
965 331 19833
853 215 20735
218 713 14785
918 561 32626
793 822 15296
546 476 6773
243 646 26416
616 271 10639
18 282 12390
872 318 19293
782 122 21427
179 614 29911
36 499 6466
838 201 27501
810 161 20716
24 615 29769
443 310 16052
634 403 23886
230 86 15344
120 133 21691
831 904 23113
278 668 2677
183 536 11539
264 729 25180
179 661 21168
30 165 8516
931 381 15094
407 942 1638
731 811 18652
648 711 16736
390 124 7375
378 209 14626
966 950 25210
132 607 12884
628 989 14327
530 493 9249
673 652 32149
860 793 102
143 388 25784
195 685 28855
421 340 14727
957 145 7097
339 470 30296
489 259 32443
892 51 290
303 953 21924
527 548 21088
847 912 32638
359 960 543
178 494 22608
974 262 9010
585 836 12553
875 281 15814
674 29 29848
543 857 29130
283 351 13722
748 341 7902
988 38 25116
665 941 13010
680 153 17247
634 756 16599
977 407 19879
986 984 4844
744 382 10356
531 188 21557
931 68 20930
409 336 3643
796 605 24346
455 310 19519
783 428 13720
25 479 7986
404 450 11833
467 544 16873
194 183 3596
824 663 4257
724 994 4632
64 949 14334
486 958 7448
201 505 16124
106 863 26971
683 986 11408
391 187 2920
846 225 21741
883 11 8765
26 858 9124
993 434 22583
121 572 20253
351 969 25614
708 748 5913
517 839 7016
580 269 21310
595 137 28910
105 275 30681
565 945 30184
798 460 9820
301 309 15306
907 344 11331
460 318 19522
889 344 20068
285 857 28311
933 923 14295
297 8 10114
929 608 10996
963 983 23757
250 880 30755
909 96 22607
599 820 4453
99 907 7719
249 144 8940
628 914 14403
190 225 14358
1 371 19864
935 100 29088
457 128 9614
885 269 31995
689 754 10384
924 986 9723
5 82 5322
709 648 21348
29 710 2672
41 898 21496
537 78 21792
132 877 25873
781 41 74
305 696 7418
818 908 25243
555 103 12918
779 684 28892
656 543 18491
181 469 25291
748 247 15947
237 714 5327
593 140 25716
724 76 10141
632 253 4184
502 427 15147
716 393 24269
152 12 21626
911 5 7038
663 126 5662
534 876 15110
303 523 413
128 925 21255
251 924 3054
714 848 22758
120 198 31161
947 796 31538
969 130 18490
672 769 29412
653 487 28107
836 845 249
93 359 2424
348 102 16916
760 196 15163
130 613 25893
9 206 26282
322 866 29523
554 657 8249
488 25 1684
815 93 2403
416 212 22965
352 400 31318
787 148 22473
187 607 6137
84 753 2606
327 879 27489
413 919 19380
176 206 19468
815 734 19583
530 914 132
665 154 1474
832 748 28982
777 762 3428
569 570 14238
383 75 6439
720 971 18451
165 835 15867
148 437 32482
9 149 25451
827 474 2420
1000 529 19574
753 471 2735
997 411 20018
230 819 1502
5 344 8707
923 561 7602
733 501 1104
805 482 7496
940 242 20987
227 864 7994
870 58 26124
36 240 2837
604 677 26186
484 313 7130
462 863 18611
736 8 16975
518 305 29982
777 50 3141
520 367 19808
279 632 22054
116 845 27602
906 555 32357
579 379 23306
853 604 10920
152 170 15132
48 615 31933
289 405 1998
257 471 27072
744 39 20597
565 581 20480
469 312 32126
432 91 30836
98 727 2249
528 403 30449
729 618 9577
417 578 26714
932 833 2143
784 469 28796
526 973 10091
369 452 8539
567 568 9226
935 281 13333
404 362 2104
280 179 16300
180 562 18321
112 942 29776
811 312 29412
619 589 25096
167 20 1371
852 229 1986
474 916 31158
628 674 25650
658 38 15198
170 776 5142
496 665 23086
807 566 16810
372 451 31048
310 65 22386
224 201 4180
694 576 7342
451 500 5103
420 758 11276
778 909 17730
784 787 9587
319 886 4598
148 731 8711
767 298 25844
541 780 23972
361 449 24000
128 143 19346
140 101 26446
662 973 29723
610 35 26777
484 435 5955
298 585 6254
67 624 13534
952 324 11042
566 112 21680
228 287 27699
869 527 18780
230 875 12029
39 136 16207
762 605 10509
950 883 17640
99 994 3513
1 183 11151
677 402 30214
69 939 14710
237 870 4352
329 106 12854
995 241 6160
542 23 20628
830 858 24574
783 791 30205
805 204 27281
946 340 9386
479 900 26131
348 679 24425
351 772 24364
939 386 22133
603 135 24253
227 505 27372
863 830 4305
12 332 6848
871 515 12991
484 168 25915
32 400 13830
438 335 15461
736 251 4757
429 879 12785
760 292 32375
118 965 20099
836 526 31260
162 498 30821
376 804 10172
725 164 2817
637 384 2429
335 8 21191
668 391 21865
920 66 6466
547 674 24410
187 232 23425
219 860 30811
530 435 14633
273 584 24636
519 969 13516
240 869 20801
119 566 3664
785 953 5947
808 550 26256
225 150 23144
931 779 1923
747 900 7150
682 865 11905
103 46 9419
114 393 7810
76 865 10644
254 862 7798
287 269 29786
577 30 27640
427 766 21379
309 994 9484
40 935 10121
829 88 19382
41 844 721
221 429 23675
813 368 13852
883 75 3379
785 322 10561
132 413 15287
204 73 21297
935 723 27720
493 328 21872
907 252 1482
175 650 32397
602 252 20007
947 214 5184
749 972 4976
426 984 4395
566 247 32412
143 606 19331
616 425 21236
870 33 4354
820 927 27016
194 352 31211
347 768 6729
621 510 22549
192 916 3226
650 925 2097
986 518 10092
782 913 23232
187 943 7502
467 54 6019
838 835 27384
354 1000 6465
66 47 7979
365 918 31027
624 511 30986
768 177 2181
797 762 26168
831 445 15262
608 20 15446
605 526 32308
523 263 16831
965 511 30809
617 750 18314
487 459 27646
685 107 19269
797 421 20386
384 408 24802
59 501 30247
616 137 5576
383 475 15621
732 697 9228
501 118 12624
591 919 14650
653 930 12621
336 149 22077
64 623 4999
840 6 30270
945 678 7597
816 840 18580
437 845 25746
117 265 28193
374 202 23598
440 240 25774
808 143 14711
726 730 11035
952 51 8539
651 713 16265
745 671 18254
62 24 29894
375 228 25386
539 846 20125
312 240 6475
460 933 11486
9 352 24878
157 158 6968
908 695 30214
619 447 12347
383 173 14843
55 581 4122
956 317 13
964 491 30731
266 783 14808
525 835 15697
838 283 23979
675 962 30547
383 674 20138
784 106 11861
664 959 29689
247 662 28839
472 397 19744
216 915 11878
445 831 294
502 5 16424
444 595 29467
563 210 5925
930 429 8707
1 761 21950
410 228 21344
759 475 1393
912 10 3793
252 246 23447
329 508 5760
725 139 4228
652 109 6990
817 325 17631
370 659 15622
935 915 24397
765 254 17916
997 840 16577
505 501 20193
260 722 14351
52 430 25268
139 606 19869
480 810 9236
769 90 26170
338 274 11371
488 384 26762
183 689 12957
618 733 4744
310 968 19011
136 692 5390
441 265 3490
834 609 26971
965 433 5077
623 290 14619
287 985 482
376 977 11094
63 560 8380
986 805 2381
274 953 31578
42 853 1082
246 914 28516
855 163 354
684 192 8245
686 771 17410
1 903 12052
267 695 9465
720 527 19705
71 311 22081
354 824 31034
859 510 1166
346 110 24047
910 992 5050
636 249 1525
965 441 17078
409 982 29138
881 789 19008
424 17 10216
664 402 5526
700 447 4539
24 752 5839
705 273 6973
897 873 169
754 683 27212
726 328 28139
429 697 29686
512 136 17074
822 651 539
373 628 28217
439 185 14203
74 189 13310
9 873 6497
237 678 22875
690 359 28000
112 935 4318
209 14 7907
271 310 20240
464 564 13175
81 804 27748
658 965 26143
325 408 9867
939 349 8470
692 730 18269
564 927 2746
548 711 530
882 591 1448
401 764 1934
597 473 11561
917 35 30938
792 538 20089
49 279 19249
591 483 29854
745 809 29474
977 601 8126
914 484 21681
940 34 565
588 329 5262
702 233 27875
416 143 2725
512 9 16735
307 485 20677
178 289 7192
489 49 18443
7 388 16782
721 863 1613
157 881 285
711 539 30917
216 78 1313
582 19 15269
656 910 15181
364 451 15960
714 660 29073
561 351 23203
825 101 17129
737 963 6371
661 321 19676
904 663 1552
320 678 12709
472 311 20573
515 907 29745
342 13 25985
643 348 4728
403 239 6674
360 398 14301
477 17 888
839 626 17567
476 773 13919
527 384 2166
756 108 6586
991 672 15858
727 336 684
902 77 24901
955 258 26610
217 798 14443
285 490 15274
588 347 7160
276 96 28807
597 736 5875
555 606 27598
329 17 6535
748 91 14265
617 932 3439
51 637 16909
110 589 27750
587 292 24834
515 304 22538
377 258 19673
686 419 28652
33 560 18091
366 608 3524
33 787 21851
100 589 30979
258 683 26541
144 982 23099
7 322 22257
751 159 3089
780 647 18377
121 659 10936
703 261 20202
666 778 17445
742 9 7658
632 134 6780
662 554 24703
544 628 22373
883 892 27833
915 514 10828
657 351 2325
231 814 25783
864 145 24962
933 973 3898
765 584 24753
20 367 30382
922 879 5446
507 494 9397
143 97 8891
463 639 26550
852 998 3104
17 743 19923
517 245 31479
767 486 4995
247 738 3804
18 884 20957
541 167 21184
912 342 438
715 85 15061
199 770 27
821 153 6790
123 335 30161
398 901 25614
778 884 9953
242 435 19337
975 714 4188
163 687 9620
538 298 10713
277 758 7639
70 881 27992
381 955 15378
984 644 17298
555 744 11907
882 836 27620
315 554 1717
50 430 15945
908 345 4646
1000 191 2861
510 428 19010
71 404 12279
7 71 3995
85 147 2202
442 247 4724
844 456 1434
741 750 32501
39 314 11064
882 300 19867
166 417 27079
283 932 2244
743 903 26722
328 571 32369
984 295 21104
20 315 16777
381 789 19893
171 905 8255
647 661 16881
414 287 23926
228 672 23603
577 576 6448
820 334 1889
915 562 30826
191 41 16565
831 479 22261
952 35 2582
836 214 11819
411 606 5526
103 178 29081
878 204 27769
1 346 32485
62 922 6556
714 949 28837
940 38 4620
844 71 15331
751 200 2089
318 125 3703
475 44 21688
616 877 30860
488 366 32419
530 439 5599
817 529 30043
380 992 15263
777 992 6944
424 500 13819
876 165 5009
996 905 27826
974 218 16469
427 484 26707
386 990 14530
530 546 14824
898 811 10944
649 418 17719
862 737 17003
137 401 29169
397 455 17172
339 655 25176
540 945 14257
883 111 3655
851 604 23013
107 723 6053
544 184 22050
812 162 27046
78 823 14484
525 113 18024
635 252 25037
918 578 24268
631 567 13180
921 569 32416
662 364 1157
158 689 19314
872 867 10588
344 115 7840
332 411 18545
15 838 13194
893 544 7175
205 849 18664
522 12 31192
591 210 185
892 222 20042
518 854 19523
74 511 31786
575 675 6679
617 276 4893
988 38 23073
248 955 24145
646 360 20517
718 529 14862
32 373 10038
51 37 14904
985 990 22798
162 221 17641
846 363 21074
448 744 11164
20 490 22818
696 991 21164
654 751 11651
491 6 27154
860 271 13199
819 1000 27561
489 987 17768
894 990 21081
64 530 8033
32 640 6908
962 144 17112
726 663 27361
742 387 15547
900 176 303
510 370 691
75 260 12187
394 870 9814
671 160 19499
820 231 6
144 272 12546
829 178 15163
713 890 16482
73 267 27749
603 532 21097
435 649 7356
267 39 16186
365 447 4741
374 615 13190
189 672 7352
231 65 30395
786 427 24344
727 822 4415
57 144 6159
876 121 9852
143 856 11245
732 436 10675
367 406 31074
876 930 9674
976 938 10567
626 364 28556
318 168 24591
816 646 5914
585 37 380
63 525 6275
710 65 10092
302 487 29873
123 591 4818
654 821 21299
376 877 19010
233 761 25233
734 918 23445
610 961 12322
635 223 24204
441 230 29093
791 787 29820
750 733 2572
408 291 9584
468 826 16432
748 854 13629
588 623 31090
680 183 27517
412 729 9074
958 715 24430
483 609 8034
805 63 13606
121 206 18076
519 652 27551
238 782 21384
198 672 29567
986 542 27382
205 688 21684
586 645 373
280 724 15670
688 604 13646
133 540 32135
832 413 16686
601 799 18387
763 62 13476
164 656 3261
347 936 30456
327 344 7475
432 352 3602
450 989 23272
378 675 1633
705 787 18754
986 320 31232
904 820 20189
786 844 25746
684 734 31735
752 794 32392
148 34 17495
821 645 5587
473 586 23445
215 253 4903
734 95 10320
184 589 10299
801 17 2605
566 102 20218
993 706 16228
74 250 1491
909 333 17698
599 176 6650
57 703 13248
558 60 18667
893 887 23138
882 623 17018
240 639 5614
236 231 30252
251 107 29396
897 697 9947
606 818 16794
514 879 12501
92 278 21557
9 418 28137
671 240 11915
850 352 44
558 693 7862
524 115 22367
362 541 481
651 368 20009
220 401 213
60 557 5049
348 89 23440
51 649 2913
849 545 32123
690 382 12097
485 672 7196
181 724 9264
324 690 8279
87 236 23635
746 487 7830
614 482 13097
588 956 15481
890 760 10483
219 712 8918
363 524 1430
403 131 21020
539 77 18909
595 180 4478
59 752 17388
971 270 9425
469 731 8627
919 561 14488
703 377 9784
370 52 15339
990 808 15569
61 577 19415
214 614 4599
316 477 9230
277 673 10584
751 319 5242
40 620 7236
959 1 4990
968 177 7296
643 88 4887
701 231 22305
47 361 21273
889 517 12295
271 811 5430
253 634 23044
485 841 26520
377 202 22748
822 190 16686
155 652 20896
187 944 30470
923 308 780
889 547 13376
286 699 8949
451 410 9856
324 480 32492
921 12 3825
658 61 28058
480 549 27694
457 116 11143
853 308 2988
420 957 31048
613 834 4481
632 998 2633
895 272 31639
172 715 23210
582 190 25005
403 522 10221
244 173 17845
96 696 23396
428 681 16489
242 656 1699
828 619 17468
685 585 29025
477 965 9445
528 726 30085
294 249 7224
144 825 20833
844 835 13580
840 898 316
536 762 27488
62 100 26817
325 570 31995
480 291 27117
182 968 26679
271 730 19084
99 240 32449
829 497 19050
337 847 20583
922 761 23490
69 109 5719
769 378 23701
859 164 16729
476 934 19175
175 197 28129
314 838 1815
608 471 22296
378 910 7887
14 414 32294
220 678 8257
111 334 11623
336 776 26792
158 139 22349
489 441 4674
138 644 7968
410 693 25927
15 903 11738
143 607 19594
114 905 24527
707 171 6583
814 277 26599
890 657 11901
255 370 19342
259 30 14079
856 390 9894
514 433 22363
310 219 2338
501 569 20787
300 108 2070
904 855 1903
764 572 23127
225 68 13757
866 679 7428
37 892 32374
299 233 13976
583 982 27884
79 485 20293
210 75 849
34 950 3025
717 269 12988
179 718 13361
438 972 238
66 82 16777
506 436 29415
749 79 1891
557 634 25715
966 706 23098
619 596 5165
13 462 18862
405 256 10413
531 809 20211
596 814 7904
146 111 16482
783 985 15031
361 366 305
154 25 2738
957 223 20671
931 901 9197
345 198 24313
817 808 16321
70 238 29625
323 803 9491
456 618 5433
681 150 5859
446 337 15854
436 171 11969
483 779 27744
806 716 25902
878 544 14308
194 202 25361
644 332 11067
119 657 24266
862 92 646
619 68 3212
772 393 7186
5 820 23803
168 13 993
918 790 13904
505 894 4099
560 127 21353
38 819 6170
996 298 20870
441 458 31901
822 76 178
497 554 691
702 831 5123
184 877 4032
892 693 9777
788 698 7166
641 392 31804
383 191 21939
642 215 21264
25 895 30433
791 732 9839
615 730 19846
441 967 3723
834 285 31435
455 558 24334
821 994 1962
328 159 28038
491 424 11766
528 934 7791
853 555 10958
711 427 24402
62 347 11230
865 1000 22961
452 170 31483
50 16 15802
143 422 1024
275 211 21745
425 376 16114
449 140 27732
338 196 31959
210 29 25261
461 276 8133
206 148 4870
282 557 30483
65 133 15480
691 344 24244
120 666 16342
652 569 27931
941 202 24799
9 951 32073
56 662 31734
379 774 19142
708 555 8858
79 732 13238
90 503 8206
270 379 6484
663 694 21750
671 533 20845
221 441 29644
903 444 15283
708 893 16769
647 561 25601
893 257 25769
996 176 14063
825 862 21239
356 15 16444
279 216 24573
844 753 17145
957 114 8556
736 96 18816
543 749 7238
147 11 8091
352 504 19387
997 847 4962
534 630 23988
590 808 27067
142 275 18990
954 519 14724
455 368 503
910 243 27855
599 994 9838
365 157 2482
955 965 24396
879 611 11424
402 95 17580
330 224 23616
482 766 17093
976 521 9026
402 355 10768
955 445 13986
373 865 6616
233 429 28498
856 455 27745
489 911 5196
34 549 4906
560 165 28274
458 814 14069
755 918 29132
918 324 17052
428 494 2
756 466 4315
388 310 30245
65 857 5270
142 264 27680
574 916 20551
714 450 22125
405 530 7315
269 964 10977
438 88 26429
988 466 20393
552 711 2797
297 944 2000
998 729 30081
620 419 21223
892 812 21994
171 342 23975
360 161 19390
254 349 16285
980 788 25094
627 809 26188
328 612 19444
152 706 18497
97 143 13697
362 938 23309
323 213 21286
179 173 23849
772 494 811
633 481 24863
38 385 6212
177 568 14756
311 348 6255
962 334 32341
160 684 11350
207 353 28504
207 623 31390
990 537 4636
572 752 2025
836 295 3037
4 496 16253
534 720 3775
385 157 20926
451 793 13466
499 167 27920
70 553 28375
68 966 19121
663 735 21728
770 531 27815
199 944 8979
536 545 2791
149 101 14916
373 393 23849
573 387 29737
411 673 31802
926 756 15169
288 859 20641
73 963 5404
620 207 15849
229 226 17421
718 307 16646
312 180 25007
611 935 23931
941 348 26043
921 705 18510
35 232 1320
49 631 4339
424 571 17297
201 1 26548
32 608 1353
49 637 24122
76 748 31403
706 584 27208
434 740 28043
39 746 23496
638 419 24528
424 697 11960
397 301 5789
743 866 30357
476 338 12180
381 627 25693
509 360 17948
272 182 26943
646 14 3246
799 894 1928
919 821 8851
161 276 20603
805 194 26779
963 773 10510
447 840 14261
652 924 2241
719 264 12915
445 998 19729
140 671 1752
74 655 16690
393 804 26634
332 681 27920
146 116 24501
767 388 28620
911 386 25930
480 198 26929
367 300 32094
559 723 4817
936 642 3535
703 722 29901
384 657 9087
223 566 27508
485 810 11459
424 587 19004
197 540 14296
576 652 7621
765 388 9979
334 242 12770
706 503 5114
377 296 25054
625 865 23379
521 393 10362
448 497 2881
636 522 12878
269 782 19782
25 518 12449
164 338 24849
323 69 9158
441 557 30161
107 62 7077
878 249 11092
99 569 20993
900 406 22152
248 45 21902
549 419 23858
49 250 3576
715 71 11000
979 214 109
1 94 30227
964 529 14662
946 969 21568
307 14 27364
561 142 4306
386 313 31449
105 740 23274
866 846 11765
606 975 20290
895 381 14554
792 669 8975
660 394 32271
768 555 24037
50 24 989
534 582 11946
147 19 31574
465 222 3050
738 350 24396
358 742 2619
730 900 3377
503 192 13160
161 329 4880
59 618 16287
751 555 5401
733 562 28121
670 535 29313
319 91 27438
494 598 1184
404 308 20697
328 730 17552
758 601 20246
139 305 8895
926 821 12063
673 176 14642
889 649 246
487 205 3172
44 67 6587
137 900 6159
248 530 3518
550 275 15419
906 965 7569
340 477 5227
311 429 12229
208 41 9660
503 439 30998
957 486 29267
765 100 29483
950 693 12149
649 621 17992
148 526 26892
904 227 25713
686 600 6296
41 946 21746
157 73 28344
413 343 9558
234 789 5575
666 611 12577
83 238 22857
64 187 1012
245 154 12574
400 223 4577
500 556 171
599 874 28698
135 751 14721
351 433 11324
870 79 20012
340 297 27370
26 909 19751
978 577 9844
313 455 25902
771 579 19638
85 928 19302
662 686 10111
94 195 20752
632 147 32024
16 17 14785
783 576 16067
688 250 25689
582 133 31056
241 53 26671
969 205 8210
321 418 13606
459 13 17633
390 706 24748
721 113 28648
696 653 25301
680 635 8302
379 332 28165
549 819 7139
409 505 4338
576 950 8913
797 331 17888
361 804 31618
317 367 17249
974 488 4220
647 624 8713
932 771 13601
818 791 1996
133 922 3348
596 455 21763
107 783 9012
149 17 6223
10 65 843
278 191 9678
125 203 13763
654 319 25442
325 624 24317
406 24 32501
311 360 3109
229 330 9478
657 239 30094
300 301 15579
536 374 17152
563 691 32050
904 644 14467
457 715 10055
88 404 12928
859 636 12159
514 176 3678
514 312 25132
237 890 6358
569 150 30739
319 332 28093
567 456 25021
174 196 27892
531 92 8650
491 892 5813
323 484 11696
308 257 21894
862 391 18859
659 996 1643
758 276 32721
702 69 51
340 379 31625
870 242 244
209 399 2507
989 235 21781
828 539 5112
213 196 19823
121 480 28210
927 454 17013
26 497 4978
302 755 96
912 196 14547
215 112 7370
488 913 20169
605 519 28750
855 761 25151
213 571 20212
956 270 10447
676 28 12446
167 345 10900
803 488 22196
259 429 16708
246 980 11953
89 728 22414
792 46 18799
53 802 17663
703 382 19773
316 987 8654
800 438 23843
355 864 19296
798 687 6632
655 674 23913
708 787 12713
973 317 27892
197 144 31018
159 215 10676
166 318 22060
200 604 32618
680 287 25700
490 904 13390
1000 954 18153
455 197 8885
5 865 5691
364 681 23405
86 524 24360
953 411 2946
187 503 16698
673 390 15213
73 103 31610
387 21 14044
799 496 11432
675 840 29589
766 326 18484
719 359 29469
635 704 21413
790 757 11819
534 739 30763
956 322 27159
728 726 25227
513 205 14267
480 743 24497
727 185 6275
454 787 11907
319 667 12707
596 794 12238
601 750 24233
249 881 869
447 793 11234
321 109 19906
434 101 5712
598 89 25556
496 456 12834
498 533 699
54 95 23016
126 529 6042
144 798 6146
676 601 32723
198 418 26869
371 389 9280
886 16 4264
172 455 29260
786 102 21950
225 964 3057
805 995 23943
95 4 9230
37 556 26679
488 702 28305
675 790 8300
553 162 25696
240 923 25131
167 540 26904
307 843 7374
330 726 13542
723 539 4268
323 551 20275
903 374 29783
439 913 30426
168 118 22207
384 109 6940
361 844 10925
262 150 5262
274 676 7491
631 649 12217
707 240 31877
524 62 25378
54 70 21538
434 482 18675
780 74 21994
194 688 14465
239 693 28859
595 894 13912
822 233 29642
149 355 29089
479 412 5518
636 128 15348
597 731 31937
277 8 25850
308 771 20265
363 943 13675
874 483 7465
833 171 32070
369 326 4689
725 519 22363
824 787 29281
321 522 30843
94 566 26484
357 933 10992
142 322 20828
140 9 1798
82 542 28494
908 798 8136
926 568 13421
316 876 18248
703 881 11482
467 249 20488
580 464 23633
175 381 22869
382 450 16507
335 310 21182
769 597 28797
367 15 1771
99 365 107
557 901 14457
394 504 10921
940 500 15280
188 525 6755
655 691 3623
364 297 22940
177 412 18864
709 517 10891
78 250 558
402 364 18233
421 126 13846
967 2 29603
280 600 1997
698 255 19914
635 923 2600
978 345 9330
532 275 5299
428 449 10379
436 144 25736
911 126 22127
996 690 21728
668 957 19322
723 764 18089
554 261 12718
818 559 28859
153 744 20060
218 602 23182
359 549 25100
878 139 16756
342 943 14099
604 632 11466
188 393 18845
512 753 3996
704 237 12062
82 857 5811
327 305 7253
545 743 14338
81 427 28784
946 943 21736
728 441 20725
239 145 21200
628 673 30070
733 124 1542
817 568 4921
817 567 14565
529 717 14434
673 306 3494
981 253 9023
384 618 884
274 98 3516
199 120 6041
918 885 20025
463 147 25053
854 259 26155
477 488 14183
971 264 27733
420 948 25034
124 872 896
486 342 24580
769 357 4076
824 642 1421
236 712 27907
528 11 12244
152 570 20970
739 185 17593
139 944 12033
711 362 19681
472 993 26493
444 610 21246
532 651 12693
649 913 19803
861 24 27904
944 842 18761
271 218 12982
19 532 26703
169 160 4649
33 284 3356
419 439 12161
282 702 27307
560 729 4978
169 930 4650
6 717 18631
292 777 11378
528 124 11460
303 999 21046
249 282 28377
247 535 571
106 169 29033
266 479 5933
541 512 24723
106 184 26351
19 618 13619
732 570 29568
690 296 18854
444 974 22979
720 288 29417
776 398 1223
272 312 3114
27 919 11378
433 116 23538
431 933 23699
238 519 355
334 755 15807
988 809 32068
848 718 11155
475 751 15826
588 686 23594
429 361 9613
191 87 2793
978 171 9342
758 959 19697
483 350 30883
703 874 32718
379 698 21892
19 921 13129
861 290 23593
379 463 5476
359 322 17372
692 281 21469
726 552 10626
138 610 10458
803 968 32365
575 449 28807
287 989 20730
873 685 17350
912 343 30804
176 699 14413
932 2 23090
182 520 8382
265 903 23664
828 241 1950
641 348 28108
922 431 13880
918 609 14385
496 20 29901
228 709 21591
631 613 25507
432 665 2465
355 891 25805
934 436 5757
34 463 7366
782 459 31923
151 582 9262
62 219 10858
59 276 12119
726 305 25546
677 562 16472
197 816 23166
731 762 32478
423 699 14220
914 991 7430
609 127 20791
845 491 21196
966 720 10728
989 728 516
835 877 30296
161 593 4823
614 61 6245
459 482 7468
371 1000 2398
309 71 3479
397 685 27053
517 239 13469
223 878 9507
45 138 9574
332 984 8792
848 149 1342
15 932 6355
693 759 32628
759 526 15613
61 490 2418
715 400 16911
412 374 4392
909 870 4470
187 426 9244
152 577 21600
99 886 10174
273 210 22386
466 284 27605
280 349 14814
39 666 17949
417 294 4161
233 744 4716
609 132 31008
452 739 29945
670 889 25563
507 581 9374
696 139 19557
915 447 24873
13 379 15665
13 505 7702
703 708 22019
997 35 25674
301 800 12727
20 794 3495
236 812 7696
32 92 21396
441 36 48
317 932 17864
859 53 17743
530 83 12539
887 239 12988
53 795 21840
966 950 6493
812 626 6793
945 764 12320
42 467 17522
922 959 30236
409 921 5115
827 261 18517
881 101 20986
246 754 8286
855 557 1689
822 705 2130
186 508 11465
127 711 1493
813 594 4954
676 233 24861
122 72 25997
990 79 3642
558 175 4919
524 783 28175
8 538 5317
830 307 27068
414 323 25038
495 497 26215
170 593 28917
968 238 2218
291 183 20027
244 413 1553
280 283 20773
817 481 10340
126 443 20019
904 653 31159
737 855 22430
573 766 8574
898 340 20321
209 220 6665
645 570 16616
85 270 25398
435 221 17157
621 642 584
19 767 4862
926 343 18456
675 60 16329
621 861 19993
989 908 10451
107 769 12271
42 992 21990
863 154 2695
425 2 22026
837 984 2798
460 321 29047
603 19 9816
593 236 7920
41 120 16926
448 8 26396
621 200 28053
94 756 16573
795 460 10506
102 73 1746
709 251 23635
96 466 1547
257 687 25769
721 853 20754
251 22 21702
121 453 9110
585 975 29579
974 643 10791
758 416 1160
835 414 6453
199 246 17223
579 89 10196
701 249 1318
344 73 21273
849 875 32547
331 647 21798
766 411 1004
377 383 1860
805 881 1029
809 101 2197
231 226 31985
841 674 2891
517 823 9625
628 669 10338
675 621 21860
603 608 7759
864 65 12483
779 858 31020
671 741 24856
520 675 25400
324 996 22343
921 506 21202
4 246 8014
806 863 1844
554 744 28854
115 562 22416
487 708 15041
814 413 20591
514 921 15515
752 49 2388
383 479 6391
974 103 4371
64 686 4582
32 759 22881
237 315 1222
79 12 14978
935 863 10135
136 798 3623
714 329 16420
231 261 3282
324 616 25263
508 176 7009
669 899 2355
625 360 7817
469 547 21843
942 82 18543
899 383 24203
851 85 14490
675 590 23362
879 569 16628
756 825 3786
10 479 17055
92 49 32633
845 772 27571
874 118 24409
202 748 15190
469 91 5923
596 210 9126
524 14 22144
952 760 31073
264 165 15814
48 772 12128
380 865 29868
99 325 12345
98 991 7851
9 157 4772
53 782 26879
352 79 30067
800 498 14221
736 608 5701
656 313 3352
182 759 16951
241 214 133
90 242 8768
648 795 13348
634 837 11517
830 325 9525
458 506 17943
475 119 6437
372 379 22409
393 280 15155
477 765 2927
876 794 30849
721 799 19752
332 33 8632
608 934 28396
494 75 8397
987 512 19755
3 929 30345
12 596 6988
931 115 1754
342 252 15780
435 947 19492
622 181 17090
549 287 10496
932 657 16991
723 160 3374
752 836 12948
787 700 19882
356 274 13347
291 189 14620
420 415 31991
288 386 26914
79 140 29738
748 442 26144
531 947 21802
760 412 13981
20 384 22493
432 773 13398
873 659 31185
268 439 20617
876 627 10452
715 551 7727
555 997 18835
615 706 21526
880 3 29964
898 117 21021
356 671 24054
313 421 23554
849 132 11114
466 129 383
700 986 18553
859 829 24233
553 924 16496
322 490 20686
874 116 19954
891 711 15179
945 490 22333
445 490 21768
292 580 15402
505 291 671
347 101 10954
578 559 19037
189 169 13750
43 291 18072
449 628 13155
581 437 28695
295 867 4120
486 653 32119
838 785 17507
499 722 13775
289 806 8214
949 206 17425
59 547 7731
954 114 9677
658 747 4185
446 183 2913
541 660 12420
646 148 14527
103 672 7752
978 644 32080
462 471 2251
787 324 32413
786 570 22822
580 147 9411
520 5 10493
614 771 18651
612 33 16234
677 898 9445
58 409 17036
310 413 16848
149 101 22109
87 653 2998
716 497 4512
363 681 7526
145 831 6138
88 334 3027
573 495 21658
20 398 20227
174 810 21250
656 62 10632
904 257 7109
719 452 28854
683 290 22877
158 539 10003
67 285 27998
659 50 18341
587 421 6328
192 795 15417
128 913 31175
290 422 4534
811 937 31067
177 560 25870
175 513 23558
365 282 2172
192 701 8010
254 701 21504
780 537 8835
695 141 17764
748 164 27039
683 864 21285
174 812 7170
678 656 29471
635 502 19494
299 56 8390
384 205 9438
975 611 30801
802 441 24378
95 74 4907
875 902 28807
657 126 1915
448 207 16863
993 359 4008
171 823 2877
939 229 16421
439 1 10783
272 656 8424
793 801 4109
465 38 19792
396 356 16297
333 748 14456
130 802 20236
540 989 11547
542 778 7334
334 10 26518
559 594 24531
450 602 3507
324 427 4318
626 995 6970
933 991 23610
413 473 27519
139 52 780
422 186 10085
109 990 16216
455 547 23692
854 120 3197
31 646 11689
406 938 9402
438 84 13621
542 582 10991
473 863 11000
66 896 25570
627 485 29207
421 187 9383
30 136 14513
423 707 17410
705 762 4916
118 137 31444
170 188 19687
512 406 17401
315 55 21605
471 351 1571
165 892 1524
867 712 12941
734 807 28421
306 50 6562
74 320 19774
396 707 4842
832 949 20698
384 492 18393
327 477 23880
178 111 2395
240 87 29766
511 554 9766
373 926 30459
432 580 19526
623 15 17839
398 148 10841
58 974 21045
135 143 21869
935 588 16939
695 152 32400
364 541 5522
771 110 20323
379 474 15215
421 575 26452
497 625 24953
508 406 31564
951 214 27898
150 443 6131
700 631 14954
549 836 2776
464 444 20092
379 832 4383
873 250 24198
258 922 10881
438 820 20364
445 690 26055
828 148 21087
918 891 14339
384 586 26762
595 263 564
110 699 12545
779 378 24860
879 518 11473
770 534 20840
752 174 2880
159 112 9861
176 52 18976
651 544 23731
205 1000 25155
291 4 32560
116 525 8522
228 589 16790
419 508 2384
597 63 6082
441 389 25628
800 120 6619
169 2 31449
640 383 27219
845 726 25743
377 975 12788
750 969 27847
379 179 10852
945 614 302
319 453 10644
529 718 12294
56 520 16672
844 957 23240
785 411 23180
692 868 10065
110 379 21974
986 842 16218
436 573 8679
78 157 24894
602 239 7862
660 750 30262
690 240 26440
584 576 8588
521 465 30155
720 481 22904
22 124 32386
255 92 26027
657 209 28217
19 812 26794
213 646 16248
19 188 12427
601 627 26039
581 359 16565
470 969 28727
247 547 10665
566 374 20046
181 893 9483
509 333 23889
409 442 23384
224 340 11347
870 341 1554
909 496 15483
787 600 7244
76 562 1186
842 826 12498
485 2 13673
339 650 28779
100 218 14108
365 181 5090
181 719 11497
223 451 27863
340 182 354
373 985 17807
457 928 11838
324 502 27446
199 871 9682
104 495 14158
941 170 3775
272 722 6212
617 951 29377
149 516 16996
666 387 10159
286 493 10652
822 330 9723
182 344 31187
296 497 16990
745 716 18113
932 315 26743
750 289 28038
972 196 4735
500 850 29043
756 646 24159
127 696 19136
628 470 23244
425 72 31023
503 609 1855
551 250 1474
345 266 6104
872 685 17927
303 576 27275
27 594 30906
125 619 19763
657 357 1700
292 896 19542
507 636 9203
894 629 20675
932 647 3480
320 219 26192
791 349 31546
865 656 12385
513 306 27112
621 157 24833
402 451 27791
243 652 3506
75 127 1752
445 749 2372
406 439 3084
236 471 3144
569 69 24313
682 647 32262
967 402 4377
757 22 11769
888 250 3696
560 9 21054
452 119 4305
676 282 14718
874 254 20617
585 420 24367
946 269 8622
877 386 1870
899 956 13435
280 45 17116
786 441 21627
588 889 20668
309 292 5500
583 340 18124
942 570 11899
1000 761 23887
105 426 8712
533 748 11007
255 132 4309
507 951 10849
280 132 32365
482 723 4400
905 649 14659
240 896 26874
282 587 20122
710 883 1099
723 269 18426
971 356 28142
511 879 13096
362 849 22577
945 473 30428
567 345 28725
403 720 1449
276 997 23978
356 116 28123
277 299 12681
151 138 24624
937 564 9898
236 373 24752
697 17 27974
532 705 15392
342 498 22216
539 915 25021
378 843 10621
298 310 13369
176 442 15355
253 632 5694
881 210 18009
810 585 13791
629 282 11158
46 532 14262
137 119 26550
303 896 11692
83 50 24453
412 591 3736
361 280 5375
236 855 31545
1000 852 20425
918 826 21045
974 544 11080
945 520 14376
345 834 17457
956 190 6629
212 710 32171
79 597 7796
687 763 6746
664 20 19321
215 48 16359
622 124 6653
471 807 31720
253 799 13023
61 664 5942
620 195 20814
250 998 261
190 808 12054
399 719 28013
560 644 12721
93 403 31514
945 353 8276
584 713 25178
215 587 19061
153 69 25549
493 300 885
749 152 30553
662 702 893
902 808 11322
905 205 26279
182 884 20792
536 476 31500
683 593 26740
319 933 9043
508 355 11341
137 546 5839
841 785 4926
736 456 2382
443 45 24276
756 10 5163
562 579 26118
976 538 26432
762 219 1422
313 484 9160
932 656 289
829 702 7251
401 911 13974
514 946 23645
979 425 24653
491 207 7968
739 150 22149
152 631 4285
726 622 22371
219 243 9686
29 317 27593
529 456 21793
329 942 4955
772 557 23467
661 738 3138
20 294 16312
483 872 23430
993 402 20359
223 260 16670
518 251 12396
344 465 3846
566 246 2030
324 37 31990
471 379 11254
658 854 6800
948 392 26670
116 750 40
240 645 5668
348 603 25189
508 436 21194
214 962 18294
600 435 22376
968 884 23694
187 448 13605
22 814 24799
535 806 14756
186 316 22359
970 337 26738
350 232 17085
17 550 2101
532 771 10253
433 262 5083
544 616 287
926 472 16189
132 852 15866
835 486 31727
683 956 32104
465 57 22068
739 383 21921
748 542 27473
108 40 27688
23 234 29105
247 644 18486
842 486 8350
736 765 19770
681 85 2164
900 233 13152
650 797 28062
263 72 12830
309 376 18360
14 581 30001
484 314 29614
427 357 28312
209 63 17079
218 5 14437
480 157 10604
170 813 3977
274 807 14717
279 557 3290
466 949 5540
368 757 13324
451 784 752
335 259 18512
107 356 27515
97 976 9428
552 707 26143
218 104 11105
946 104 29657
414 120 17860
901 13 28362
109 455 1731
938 203 28699
637 168 15823
626 43 2355
407 963 23739
644 741 25081
543 412 28946
625 438 28963
574 547 15076
360 224 25781
556 572 10543
779 169 16446
672 144 18465
671 373 900
746 878 2027
527 97 10123
227 498 17120
21 630 14657
430 123 8203
523 613 8254
113 623 27536
132 700 1359
794 909 20586
639 431 8136
486 996 5988
763 914 16846
64 615 15711
591 489 6944
461 889 26440
680 258 9986
710 932 1101
121 131 25939
707 471 24356
955 406 10239
251 899 1418
103 549 13641
289 373 22863
781 930 5273
104 778 24693
279 784 24281
216 227 4694
527 905 11403
307 354 32210
896 18 2832
185 45 18669
687 877 4069
305 228 17512
983 674 31677
371 347 11829
352 883 14522
331 506 21469
114 72 9792
992 407 8752
664 6 27146
578 567 25041
348 922 12691
242 865 30849
775 10 16365
461 291 5432
426 170 9112
714 287 16743
390 933 19713
219 257 31740
268 484 18853
402 16 21244
190 162 28949
796 266 30418
807 111 10316
805 642 3753
834 806 21781
269 287 14172
505 410 32367
963 369 7916
759 55 14392
237 298 11392
718 866 10116
633 386 10574
690 457 31336
497 502 30983
971 568 26917
553 41 12446
409 379 4081
39 800 20601
848 361 30682
206 391 9074
838 186 19053
465 773 22070
234 864 16170
154 247 21215
217 468 8943
712 308 23256
713 895 14559
980 194 19831
508 640 29038
612 958 5064
910 551 24472
204 713 23171
660 693 15731
226 613 10527
753 187 2197
82 730 4481
238 184 5126
445 131 13759
985 12 12477
551 878 18912
360 570 3797
240 132 5552
732 289 2291
545 930 24314
849 42 30885
739 725 7871
161 501 19866
581 803 1105
826 567 15102
364 622 8020
28 142 13670
488 942 9742
438 856 273
992 797 16276
74 739 869
607 32 4534
623 328 15340
882 516 8375
76 294 2124
313 931 25390
778 492 29665
819 525 22186
664 219 7942
417 386 29169
77 367 4915
203 132 6120
997 952 28794
464 646 14991
200 249 5635
528 125 16277
822 158 2715
779 393 105
793 99 19321
549 359 32219
467 278 5813
129 482 9130
716 927 5173
237 385 21129
884 528 15094
560 593 26504
393 574 18935
752 667 11753
158 872 29498
25 245 9404
863 1 15501
717 303 21473
994 738 27931
353 75 9278
690 541 28669
673 841 23884
644 560 13113
145 865 7749
720 433 2035
791 372 29594
33 18 13253
945 899 6526
81 609 3181
265 487 8870
332 374 28243
744 53 9867
471 16 29604
438 14 23766
705 56 21729
584 986 13246
755 970 7484
341 565 3449
650 155 11298
880 44 29974
314 9 10927
225 130 21852
353 881 30479
194 875 7290
599 49 24822
61 409 19886
783 264 14768
751 675 24116
754 133 32633
690 117 27925
13 389 7974
671 504 32176
273 579 14393
199 757 27408
816 142 20220
429 789 24180
701 542 13627
273 612 15759
409 883 32174
59 549 21858
776 987 22327
819 493 3280
516 445 1146
698 968 13869
652 799 6529
423 239 14716
441 858 3174
661 537 22809
30 494 18231
662 876 20737
49 31 6289
671 663 5367
284 711 28075
190 767 3121
370 199 31678
786 850 26975
861 15 14355
554 398 13339
950 356 1310
746 424 21806
599 667 8302
518 526 2345
496 628 28764
745 648 5442
694 59 8632
746 278 2170
656 510 25838
797 845 18292
331 892 22354
263 821 11138
536 621 4249
559 439 11734
121 820 13739
984 439 32223
816 413 10565
317 294 3629
583 811 18483
684 933 9596
958 52 25091
843 663 27057
938 664 8321
506 197 14572
865 506 8028
125 579 2307
811 594 25282
643 570 32767
622 996 30427
937 454 6255
288 553 7012
902 499 31401
371 374 17884
611 572 20578
430 316 18947
832 745 18965
933 567 27542
825 106 26157
431 885 19859
708 500 22531
573 162 29287
864 299 16635
832 994 7631
554 431 22634
511 754 13406
150 337 12048
845 341 32224
450 461 330
997 550 18190
506 287 5956
488 30 5201
979 395 5329
72 838 14992
793 179 25278
887 456 5170
967 280 6577
872 972 30681
83 81 6900
853 514 25483
890 201 23999
382 959 19006
614 357 30689
619 119 27395
883 352 7888
103 404 24644
394 784 23176
823 392 31440
986 919 30160
931 959 20396
452 982 28586
125 104 28897
651 297 24611
870 385 26814
159 999 30403
205 121 3146
194 106 832
85 369 25813
296 588 26954
532 533 6639
848 239 1674
565 456 15403
920 555 32296
599 104 26227
861 80 8049
184 520 12005
8 174 17784
284 293 8547
551 652 11209
744 310 19809
601 112 22656
682 230 7582
490 557 30313
577 648 3006
618 505 23024
588 920 6919
216 909 519
865 488 11437
822 147 16985
434 38 1390
195 584 30290
450 426 3958
309 349 13551
648 285 21690
17 620 2897
659 954 11597
497 983 22659
761 912 31323
256 437 3835
595 498 20949
364 967 28858
230 597 2031
986 765 24854
991 683 23285
664 595 13202
923 672 31538
603 139 340
581 579 3034
48 471 5911
163 583 23339
400 154 2987
193 726 16204
414 968 4961
652 262 4756
27 157 16116
487 799 1333
580 41 5329
557 380 13193
493 202 27079
649 225 30574
143 565 6795
694 462 4212
859 508 22933
107 1 20940
137 782 15670
496 139 22071
421 964 10246
21 671 6506
839 573 6642
358 72 5019
834 409 660
496 813 24376
251 522 23962
915 413 23032
8 806 18535
787 576 27075
58 22 27707
853 279 25381
35 189 6771
135 365 21062
840 398 24787
18 183 26786
604 707 14800
202 149 24817
243 834 24910
657 500 6147
877 987 20569
512 788 13433
965 149 701
116 373 20640
946 38 32647
184 7 224
751 599 14808
348 9 5754
938 850 20879
333 661 29061
515 593 5046
628 899 26223
886 370 26809
771 663 31342
128 744 13002
930 672 22433
586 238 2306
132 395 9428
756 270 19488
490 844 13858
2 748 22517
434 37 8943
405 804 8409
253 532 740
15 238 28358
911 639 14083
145 19 12260
506 629 1249
586 237 6831
955 835 14762
23 477 7166
139 429 22406
904 190 26511
405 631 19299
69 982 492
714 984 8804
751 770 20672
469 177 32091
788 392 15094
220 319 26136
952 236 13368
216 716 32122
617 63 18342
934 476 2682
774 958 25571
229 778 4529
525 361 24258
422 617 6661
118 532 28990
431 962 28290
440 498 23686
789 434 22150
928 445 3895
379 459 13519
154 30 3622
835 872 4872
421 454 9796
252 338 8935
786 367 5507
747 976 32510
946 752 30401
372 529 17613
371 553 24875
848 604 20146
532 373 25999
805 985 12235
555 659 29846
566 752 27885
188 598 20201
936 945 5430
614 976 31903
142 863 8679
141 448 31625
197 655 14467
683 279 27712
228 999 23409
924 624 5115
451 656 5258
638 639 7570
394 107 608
136 595 11840
978 107 15385
998 230 13059
570 248 2363
154 138 20902
110 27 16828
40 675 13528
391 571 8232
623 237 3302
926 732 13003
188 745 9958
252 193 14868
228 342 31358
646 997 29107
886 838 4748
81 407 20257
209 537 20304
473 680 31624
616 341 16628
746 195 2132
714 498 20347
825 470 25803
270 504 8585
561 250 16510
537 431 17785
835 375 6520
90 529 6331
719 812 1642
512 575 22394
998 961 11347
58 146 13041
182 709 3145
63 890 22271
708 134 16755
191 691 30671
522 494 12378
457 306 26297
548 179 24590
711 299 22953
952 268 2780
316 146 4771
54 575 14214
606 962 32070
577 776 28101
918 704 11032
141 153 19460
978 981 28589
363 103 1609
916 751 9420
861 347 22153
797 556 28280
753 887 2757
55 809 9703
857 779 28710
207 167 3846
191 429 27360
506 810 29410
250 974 30069
704 615 3473
585 658 32099
888 165 32380
307 825 19570
882 130 24591
881 114 13577
845 141 26683
215 147 23910
307 29 1362
890 251 6278
210 420 25380
686 33 3350
361 400 12899
982 683 18901
317 107 185
811 897 9255
789 50 31258
477 414 10438
896 210 7218
841 667 20436
323 166 19201
54 247 23750
769 641 25088
414 605 10195
32 694 24426
234 748 20976
634 599 12159
703 615 25988
702 726 31694
318 431 30036
354 155 18169
398 374 14427
285 747 5993
713 586 15495
676 449 5091
41 197 25487
474 965 19218
926 299 17514
639 222 31570
124 289 4356
309 634 8799
484 361 4926
830 654 29887
225 852 1397
158 157 11001
35 702 18920
497 213 26363
342 213 8676
151 542 24124
760 838 20609
172 797 1396
727 909 24134
24 634 16658
196 87 18977
783 727 10665
837 917 10602
343 549 22032
721 138 23531
694 876 25835
382 463 23082
111 87 15825
462 880 4956
417 21 18005
558 627 7637
91 645 8594
701 697 30672
975 920 4365
222 108 4059
75 192 17422
130 113 4948
879 478 24252
923 641 26297
814 43 21659
862 484 32435
487 683 27210
178 696 25127
624 960 24710
876 604 15546
89 549 32478
137 609 26240
151 699 32427
738 384 28878
227 135 18197
481 575 29041
121 162 4439
388 936 15536
558 479 30849
690 572 21476
688 444 14945
477 375 20879
210 55 5988
398 229 23855
186 642 23942
159 137 78
160 216 20141
98 668 25464
162 531 19717
804 29 21782
528 85 6194
610 478 21867
115 91 31867
76 612 2591
308 325 12591
596 61 16671
678 958 22015
82 490 23995
37 674 5887
743 846 31812
145 88 3457
946 877 6051
85 250 2073
372 669 22929
339 440 3679
380 565 18820
605 99 17741
781 808 5997
670 70 24393
734 827 5836
912 491 3902
612 994 29659
589 626 6230
886 885 4017
223 824 7202
111 33 4523
551 790 18278
983 888 27523
334 133 441
930 266 6878
794 22 24249
862 799 11827
680 949 20363
428 980 19545
667 22 2512
853 340 1315
351 996 21861
438 771 22221
85 708 1155
86 125 26414
703 67 21013
49 494 16613
352 367 20579
651 105 17402
460 732 1636
999 578 14001
61 383 25681
237 227 20093
449 830 26708
164 505 29266
528 990 12895
771 350 11981
410 475 29338
557 902 10727
125 38 8166
685 498 10028
604 839 19550
112 442 11958
238 549 19432
480 7 30803
372 747 17713
814 789 10654
843 198 16295
140 327 4349
142 258 24910
598 429 8380
443 889 25989
52 401 21687
648 146 29205
892 939 3779
119 941 25075
511 774 29734
405 384 11582
578 909 10466
172 674 16055
961 871 1066
760 514 22119
448 380 12533
610 214 25466
128 735 7209
266 629 28704
394 725 30864
227 842 7586
236 767 22724
469 251 19152
295 96 16016
483 729 29455
768 826 15492
359 922 24240
618 151 12708
69 930 27995
895 154 4225
102 285 10667
769 885 23065
943 253 341
207 155 19026
670 966 32625
781 564 30442
924 465 20154
669 54 9014
175 1 10205
899 705 6663
322 524 13365
714 673 19587
669 195 26504
106 496 4068
467 428 29593
318 421 27983
675 260 20141
765 688 24133
391 869 25181
436 808 21853
911 874 27200
114 238 26184
194 27 25175
790 212 4426
549 735 13129
411 325 30130
122 994 7869
634 961 19448
285 221 22661
308 370 21374
221 883 18776
468 543 10553
694 193 15934
934 825 5027
193 169 21513
29 94 1471
727 773 20586
275 788 15908
75 156 25217
451 641 18499
963 337 770
426 101 5470
236 909 28732
930 817 12276
206 932 7333
948 826 1932
529 299 26302
922 199 19489
790 590 10092
648 96 6046
402 348 8209
74 772 2346
859 217 9231
747 380 18747
974 375 4478
534 428 32419
10 897 23352
627 198 23571
245 577 6794
876 144 27338
703 385 26919
494 615 25194
215 325 13364
588 851 1835
450 928 24455
901 53 32481
563 209 31852
528 400 8849
964 723 6542
206 516 21895
34 694 22997
850 163 11311
705 539 7770
930 408 31775
710 752 13247
677 61 7182
904 897 11658
979 857 30130
485 710 31327
989 276 25785
385 936 21020
601 278 1368
771 683 31568
874 402 23079
351 980 6022
734 637 25666
575 901 15950
282 773 14824
390 633 15639
304 586 9995
460 693 26160
518 343 16531
551 718 910
990 246 24128
