1000 5000
799 948 4595
948 606 5073
799 257 14782
799 905 24404
948 359 2585
799 30 6930
30 63 4011
905 909 13877
30 296 13931
359 583 22247
799 188 21318
606 422 11430
948 971 32649
30 802 30458
948 80 875
80 420 11003
63 482 32019
905 885 21634
257 709 18630
606 516 21409
482 917 23100
30 356 1836
296 407 24660
296 644 7030
885 850 920
188 315 8346
885 423 9552
423 121 19936
948 853 2082
482 236 30
420 818 3166
63 12 7979
644 878 6730
257 169 31734
799 921 21126
583 491 4631
948 325 7321
325 795 16937
121 163 26529
818 513 9685
359 168 2529
188 819 22895
420 716 8131
853 268 19806
850 365 32196
819 600 28996
971 88 15332
163 439 26950
513 306 23454
88 175 21320
365 679 2722
365 311 68
356 305 5053
80 568 27139
491 369 31922
439 863 10196
163 813 27382
311 207 17704
207 686 651
175 24 13072
407 50 22894
63 162 10768
850 220 8017
24 769 17355
12 234 11959
12 762 16922
679 808 1685
948 640 10222
80 711 24
762 910 17838
917 545 27571
162 641 7656
162 479 14597
971 100 23083
257 581 6169
853 943 26766
63 895 26102
762 17 28729
305 712 12056
365 585 13633
163 880 31732
356 557 17561
885 688 29281
644 677 1870
234 772 7120
895 256 10277
482 243 18592
885 13 6953
581 233 9637
365 767 19760
909 974 28814
50 346 18081
175 764 5036
423 559 26048
233 619 2666
169 565 10687
640 986 23822
423 844 22219
716 927 13758
971 187 26074
863 715 30764
207 998 11757
234 634 1381
971 486 19678
850 382 12054
641 701 1343
927 889 21441
583 120 11321
863 160 22218
921 276 11961
160 527 1168
420 630 5721
850 263 30729
557 485 17869
256 490 29846
974 777 21914
407 627 20163
808 283 12725
220 988 20570
777 965 22492
986 196 11026
207 342 4805
486 215 20620
365 647 9851
777 34 27071
557 222 15729
175 106 13269
516 332 6403
565 242 8188
971 21 6551
619 128 11744
585 548 18452
439 202 12243
988 970 23849
257 669 21685
819 536 15545
257 133 13190
762 139 5615
346 978 666
606 401 6615
559 105 733
207 597 18337
853 768 11926
808 781 4385
88 433 17290
422 512 14616
986 251 546
251 252 15424
169 698 31237
512 471 25729
163 892 16380
283 685 28376
490 589 16203
63 626 1546
365 697 25939
423 358 286
236 400 30517
88 430 29648
17 286 17358
583 496 16917
910 951 16200
986 869 15269
986 752 7077
121 933 20288
513 223 11992
545 553 10153
13 972 25284
251 836 21747
895 184 25870
490 488 8667
242 979 15271
880 964 24246
698 293 4010
252 262 1381
943 377 24291
885 267 9801
401 206 1094
712 584 25993
715 199 10087
863 797 26118
263 319 27747
712 361 31967
163 47 31828
626 418 13957
715 531 6791
256 543 21858
589 450 14696
836 614 29256
974 918 24587
30 765 26529
139 180 10579
486 735 11486
12 599 10172
207 349 10936
236 99 29290
263 354 7033
933 995 30203
978 94 29195
819 93 23760
267 749 6479
369 144 25942
772 62 24817
276 473 7391
199 517 12058
401 969 2753
422 804 18792
220 147 25079
943 859 14074
47 59 13204
62 654 30570
951 96 20891
13 28 26537
819 309 30126
880 179 16977
283 41 25119
863 511 26734
236 811 6480
765 141 14621
698 541 23035
917 656 4693
921 156 2342
121 373 19666
878 129 23125
769 444 21290
187 75 30423
188 117 7492
543 883 12895
242 632 16341
450 456 23302
179 561 22497
553 476 16993
223 235 6805
96 876 14517
80 167 1224
41 667 11002
422 174 1216
627 652 10311
257 97 26599
892 426 14120
972 744 4186
41 509 7676
286 700 15066
804 684 21402
970 73 11059
476 504 735
184 741 6379
121 244 10226
627 663 5794
883 503 24851
971 528 483
986 573 24614
536 595 9273
918 931 31905
531 902 24769
471 616 4020
163 9 24789
998 922 31391
795 925 13832
795 708 31947
162 453 4927
905 862 2584
450 833 9652
557 250 7713
120 659 13943
24 137 9273
471 852 21844
925 374 2485
844 446 15054
943 390 28167
749 593 13349
358 731 18002
163 353 32588
296 181 14492
548 468 18503
100 389 11804
634 570 23239
767 603 22735
614 722 24671
234 417 1264
850 1 8246
349 395 18448
251 363 5692
468 683 9397
910 101 16407
553 884 28540
356 787 29830
584 851 10481
180 798 24198
885 55 20066
233 472 15058
640 604 15085
859 409 26606
400 32 4941
851 547 32374
13 399 28008
925 408 12783
597 113 24573
141 343 24503
541 825 30196
808 260 9678
880 8 13533
722 493 12665
630 955 12425
21 54 16949
802 103 20879
799 742 18438
485 774 5568
59 532 27627
147 475 29720
895 590 27531
543 898 29572
180 197 15431
187 507 5783
319 115 19439
349 43 638
422 226 1912
207 19 22461
606 574 24318
353 282 8235
293 609 28794
565 107 15949
509 307 26193
802 587 15846
902 171 8936
880 427 9889
196 85 27467
488 738 7427
892 355 7563
468 743 12670
346 907 30212
47 415 20146
107 109 32074
332 66 22050
476 368 30756
768 247 3294
998 613 4251
207 723 20763
581 82 12122
373 930 1845
309 452 25814
452 755 5508
503 809 32247
417 666 15158
187 483 23061
13 620 20259
927 239 20630
647 16 22248
117 465 19801
902 780 14609
965 705 25625
684 154 6498
354 702 24686
910 292 1028
17 279 20520
543 378 4330
513 455 32560
772 867 8578
420 284 25878
844 521 18866
12 258 22415
147 822 21352
19 615 24505
898 229 25905
795 837 17202
933 703 18578
970 159 18404
390 211 154
964 718 8138
701 540 22494
616 923 16691
94 966 8482
276 29 30274
850 394 26052
444 459 31077
34 84 32743
244 728 4743
504 227 29184
765 807 2048
516 751 7597
738 642 128
513 303 19700
885 405 2034
669 411 17149
227 460 17072
226 524 14062
741 272 14161
654 727 22853
850 967 16414
583 466 21717
96 671 22781
325 7 3508
373 612 18950
426 782 27922
819 989 24663
652 997 26702
568 865 21019
818 785 15173
853 840 13433
8 651 20627
965 990 17604
547 384 20897
705 398 13683
768 443 15348
409 438 4948
504 945 23771
627 919 3442
401 534 16021
634 868 10264
250 695 8167
268 717 18937
787 333 11074
995 610 32389
409 49 20470
767 310 4852
559 973 24704
868 877 8460
400 375 15204
813 870 13318
306 500 18082
695 757 12211
634 832 27551
969 40 4830
283 552 1595
85 579 25330
159 675 28048
343 36 5018
311 726 16005
990 567 21556
863 635 15327
282 920 26724
880 580 4418
632 941 13110
167 474 27628
632 249 19858
967 248 16175
798 783 7715
455 706 18833
147 915 18633
202 497 1012
267 125 25568
613 326 30169
876 23 28850
884 942 32681
24 894 23910
989 550 31350
613 791 13597
444 549 25110
543 350 26540
604 161 16355
418 506 3615
75 269 10460
377 538 11383
427 157 28476
368 458 24406
651 643 26879
137 402 32545
615 178 1255
415 108 17182
641 736 18520
506 281 3121
971 48 2145
281 253 11985
284 890 13858
115 437 10613
378 650 10818
945 790 2521
517 126 20080
247 432 32393
909 302 13840
974 639 32283
902 386 14924
567 259 32571
133 265 1603
296 164 15605
188 102 27889
727 277 11938
634 508 10773
909 558 22974
552 72 32283
309 462 8686
966 881 17678
580 779 12147
685 815 27587
418 77 29436
715 39 30662
868 786 267
305 874 27836
786 681 26502
852 932 13071
101 123 16148
187 441 6254
199 824 12459
483 52 25546
236 185 9985
265 542 7534
930 200 32504
446 839 25988
558 86 4571
311 608 25886
780 295 24270
100 980 31706
77 800 3773
755 246 18570
242 132 15490
606 529 2811
342 592 2727
306 854 2211
157 379 22492
103 845 22701
355 183 2987
475 90 25603
529 873 24359
306 15 28459
29 127 8230
967 987 17482
379 166 19702
509 152 7976
988 217 23279
822 759 10120
171 448 11285
785 960 6926
52 45 25370
797 78 2426
862 487 9297
774 756 15399
415 704 7726
292 61 30779
884 351 22542
516 225 10477
132 347 11696
269 523 164
417 300 12488
157 805 16855
78 537 13576
45 569 18635
822 518 29985
472 750 30946
353 393 21809
256 380 21916
276 280 15037
43 794 25110
139 678 5376
741 934 16368
227 25 26092
293 586 20243
731 254 22423
877 908 14482
945 981 11843
179 860 9037
125 264 2512
199 134 32172
704 5 12126
281 882 27467
422 935 19507
752 57 29863
811 231 3720
741 828 8909
683 498 9776
15 963 8991
200 494 25562
498 367 32453
890 38 21297
516 649 26557
306 35 24968
989 240 27601
171 149 22964
149 31 2562
359 275 9436
394 605 23102
616 92 7116
283 563 4318
374 699 13542
49 241 25618
837 33 31036
63 984 18119
342 893 24005
295 611 9095
438 796 6510
200 190 15441
35 70 2770
971 122 32576
268 155 21098
281 618 18314
390 336 7474
171 842 14512
358 607 25870
468 489 10750
656 946 14837
942 623 29561
284 291 27084
168 338 29806
276 150 17848
30 985 22207
169 596 3342
200 1000 13729
666 76 21492
55 210 11785
267 734 14919
870 135 29368
524 410 22809
700 875 25519
103 554 21470
443 445 27999
547 664 13029
966 261 13589
537 245 24010
47 857 29567
448 397 13778
874 544 27805
367 633 16099
807 454 23019
96 838 179
275 230 24858
241 682 23320
554 720 6419
791 566 7630
574 329 4277
45 213 17679
875 151 32063
614 899 2371
333 831 2505
275 74 22103
188 827 18046
39 693 7411
80 111 28497
7 130 11264
643 289 31669
675 224 26890
35 323 13449
606 172 22084
712 274 16876
590 98 26513
390 65 11737
355 403 16044
919 672 975
686 204 17378
36 327 31125
455 992 9619
462 330 30398
359 803 7454
239 912 25284
507 464 415
164 340 24656
881 429 7517
125 421 21397
664 391 25513
43 114 22022
859 864 24567
155 87 20424
132 387 28339
884 492 15769
807 637 24942
963 816 2107
711 148 7005
75 856 10176
418 352 24096
13 562 6751
800 419 22625
988 944 30856
840 817 3166
895 270 20403
74 522 19866
819 564 4892
391 431 15243
132 91 12561
332 304 29242
430 26 30017
113 514 11286
258 911 26381
282 676 3074
865 732 426
183 79 1282
223 793 13141
323 192 10461
656 42 13832
681 830 7301
263 4 24240
935 278 4745
367 56 19453
132 182 16637
540 176 447
42 957 31725
865 848 22996
106 146 1455
407 560 16383
300 194 7787
276 10 25642
512 335 1775
242 904 5640
277 866 20636
52 994 27477
292 719 29617
150 337 15693
989 747 17353
543 745 16438
583 660 727
715 690 15687
156 424 10409
122 357 31418
716 982 2369
864 673 32495
10 69 30653
479 140 10401
942 689 21039
581 551 23012
768 119 26111
547 903 22257
651 661 20117
194 212 5373
358 273 26495
877 447 6968
347 348 26983
852 165 5335
817 665 658
141 313 7504
652 525 14264
487 936 29063
39 370 26021
557 469 15801
910 37 17415
994 724 30072
724 710 29275
141 849 11473
175 801 6376
24 470 6159
233 993 17041
108 826 12947
338 158 23237
233 232 29149
159 577 16874
683 939 18155
250 653 20222
13 314 6616
10 301 25212
509 820 20457
679 886 26770
351 631 23226
969 14 24053
678 953 6170
74 950 28567
423 451 159
787 298 20535
69 784 28454
550 947 28343
42 478 24646
161 771 843
473 2 18570
997 952 8381
154 662 14789
652 505 6097
132 195 32522
248 535 20366
123 344 27029
403 977 11157
741 602 32736
229 694 6911
293 855 15886
117 461 17802
860 189 28755
269 841 21929
422 449 9754
982 6 26486
726 442 32020
534 124 9469
447 913 20328
862 891 12220
28 364 10434
178 938 13155
538 218 2985
987 773 24021
264 110 1127
671 968 21154
606 501 13255
212 186 30144
689 638 3347
124 821 13520
265 299 9785
69 621 26128
421 308 30018
431 914 24298
325 748 31977
726 628 27936
877 318 24246
826 879 3116
72 888 7723
907 646 25617
462 414 24292
860 376 25431
114 958 11729
845 436 11950
688 58 28484
633 730 14279
446 835 17517
769 582 10989
466 924 30098
558 872 23113
781 991 19310
465 519 27877
602 714 13350
693 594 6
461 976 18780
15 440 18714
21 177 7625
319 385 6157
110 294 17215
875 312 2367
235 145 11446
922 578 21872
368 959 2678
303 954 25199
968 721 28342
367 754 31716
140 480 13032
545 713 20809
688 193 25008
110 341 6601
797 555 3380
730 556 602
476 668 9551
920 203 23847
503 746 21532
376 237 7875
585 871 7903
507 221 16867
433 823 29151
527 897 16342
841 843 11685
592 428 20828
689 495 12551
698 788 31472
97 392 24436
150 776 2406
731 655 315
252 153 14235
152 617 8048
878 539 5261
623 317 6412
783 44 17678
965 324 19740
439 806 1778
920 290 2236
8 861 27045
353 520 9912
880 901 11168
107 975 29765
987 287 21896
464 739 30195
487 906 11116
377 321 564
523 758 29662
613 328 30103
998 136 31025
44 142 7007
503 625 9612
57 733 27987
349 83 28132
414 3 30333
557 576 6653
702 996 22005
905 829 8161
892 572 3912
109 51 22469
278 297 2695
849 396 10056
920 201 27752
943 812 28922
330 484 16104
699 937 11031
781 515 19627
323 22 14791
93 591 14007
491 510 28560
338 763 17826
957 546 31196
921 209 1618
813 271 144
539 940 19475
946 691 8862
54 46 17683
234 68 11562
867 834 3586
686 381 29500
478 191 19967
946 316 7831
925 255 4414
935 205 24711
546 896 4621
774 629 24158
585 27 9202
224 961 20942
628 670 11181
313 571 30380
620 575 13424
889 648 23212
701 372 24162
702 467 8520
61 216 14837
99 143 19818
226 388 979
722 173 18791
446 89 11533
908 320 2332
655 760 29675
61 601 9243
134 116 23141
713 499 8359
569 331 30729
373 680 21304
341 362 1931
47 926 6028
4 847 19380
816 778 15859
935 53 8978
19 404 31738
625 766 7754
235 339 7951
96 371 31736
282 900 4460
556 729 445
879 530 29044
960 412 9310
126 692 23914
248 198 26918
939 477 17117
574 413 30784
382 737 8341
482 228 5188
958 138 5196
194 95 18855
279 687 23110
893 622 15547
494 71 7863
123 208 10798
353 533 18990
257 416 21864
148 435 13759
103 118 31110
339 983 2466
51 696 10855
416 131 10346
493 11 1955
911 67 30497
910 775 14657
972 60 2919
255 112 23576
67 753 22527
222 219 22706
944 657 16540
870 322 30090
583 360 3084
767 598 23938
540 334 1157
794 502 7918
629 266 23449
228 740 31245
427 636 27064
400 789 27688
878 288 20994
292 170 4499
520 406 18251
616 814 24262
244 887 324
754 20 5425
209 916 13781
665 928 21670
733 810 25921
211 707 10279
198 725 9078
981 18 17326
529 658 17728
108 770 14910
338 457 2723
771 929 26036
183 285 27648
541 949 19841
712 214 26937
6 956 11279
871 366 31603
470 674 31183
458 761 663
76 481 31156
10 425 15689
654 792 7302
644 238 4713
576 526 26456
207 81 14449
442 858 11251
512 846 30767
221 999 15835
491 104 13702
699 463 4967
176 434 6287
742 645 7186
639 345 26787
406 383 14915
73 962 9363
637 588 5334
637 624 8558
412 64 15018
76 799 10000000
63 910 14721
282 907 12867
214 364 23042
289 297 14549
292 282 20795
390 444 5916
170 353 18179
408 902 347
467 120 12839
966 128 27990
677 741 11183
493 653 21453
177 642 27375
913 854 314
603 260 29339
467 952 14294
724 916 5699
415 643 6477
188 359 32005
375 962 6323
641 948 29028
912 98 9613
368 697 30585
713 444 26386
364 665 6646
227 825 19180
855 253 29633
809 426 27944
768 903 32519
273 945 1805
371 391 29715
766 149 12563
142 530 20826
396 405 26685
161 816 21365
315 622 371
874 233 32504
850 151 5556
196 126 14195
652 416 2115
940 782 1529
39 694 9229
572 123 30467
904 999 32764
180 124 10894
986 540 29186
495 749 8888
455 135 26348
673 760 23634
206 838 2411
398 662 6693
6 447 19667
962 683 22226
692 116 16504
699 853 23188
681 247 5822
685 70 18778
175 468 5933
136 230 29415
657 446 21800
344 504 4609
65 337 3358
139 581 18638
494 201 2126
782 44 22518
309 681 27500
440 545 6954
167 64 28370
716 551 4364
189 950 16128
878 591 28095
895 658 14995
579 129 16003
381 812 32517
582 500 18977
874 596 18379
408 217 27929
743 388 7082
488 351 472
673 69 12905
33 999 17489
320 448 28953
80 575 24020
475 685 26032
74 404 12545
795 103 23218
913 841 26392
557 566 528
145 837 30498
733 850 25228
192 741 13474
428 386 13635
558 696 14034
370 847 18733
899 34 27288
128 38 24747
678 478 12461
374 94 24967
659 230 22201
547 319 10731
928 402 21837
502 970 32054
750 715 22018
770 452 20931
129 113 27679
552 753 25848
625 543 28574
692 84 27953
773 691 23912
856 958 6508
22 628 20755
169 808 23748
103 321 27542
566 926 22543
346 495 6058
997 835 7746
34 288 26571
813 786 8307
626 388 4894
221 496 21629
167 196 11686
300 420 13760
597 722 28040
377 268 8562
649 641 29268
42 716 22640
20 452 25738
724 70 11939
958 415 13015
86 428 13382
969 992 32698
416 11 32693
976 436 19861
646 74 16015
277 915 28753
13 93 27469
997 710 4899
257 373 157
239 221 1556
972 262 22054
844 953 23122
599 11 2687
161 353 25985
471 417 3190
144 670 25466
663 82 2565
691 657 27453
44 986 21891
16 149 5894
705 701 16883
613 367 26813
34 375 7552
215 405 27456
421 977 23939
312 247 9779
178 741 20908
441 66 32093
236 991 23585
566 147 21947
746 15 19117
327 926 10699
926 51 4449
603 943 25542
62 923 24873
980 403 12218
148 630 30020
619 359 20678
233 495 2214
632 688 11240
184 185 16555
270 406 26
283 396 3235
236 122 30384
305 810 4635
968 985 10299
211 272 19447
462 550 12629
84 75 5811
316 891 20519
647 922 3688
782 445 3723
495 280 29546
651 402 1549
922 153 20623
722 207 8774
928 441 27276
537 913 15162
830 149 8682
182 874 17606
238 920 31094
297 256 28996
530 441 28994
384 413 21731
590 684 27280
105 98 9332
494 73 25407
410 465 26005
297 743 6027
560 894 8056
980 880 3912
448 840 8902
236 820 22492
574 729 9288
522 676 16032
757 888 31066
913 356 22392
900 729 5720
198 61 2494
560 721 20095
748 722 20945
37 861 4607
328 50 28652
748 270 21042
273 300 27920
373 100 7463
759 791 17698
87 674 14609
564 620 12691
88 459 23862
125 764 4644
705 147 26983
633 24 22953
133 523 32315
52 390 17113
305 995 26485
221 934 30092
259 770 14172
510 99 16110
92 420 3325
749 252 8094
884 817 6271
448 713 18603
135 676 22548
534 958 15591
857 726 3383
839 223 15893
567 418 23848
957 920 1487
341 476 16624
110 16 6212
446 432 10319
792 189 21271
982 528 20574
934 548 17669
680 130 6610
260 432 27421
873 981 29730
287 97 14002
982 597 2553
521 675 19280
21 147 4286
807 785 18001
962 300 16408
140 790 10736
153 979 22458
465 517 17387
467 352 2266
180 298 11275
1 638 26135
936 106 20783
738 478 30668
759 501 2996
230 407 3060
467 841 25159
349 573 8236
645 239 10884
597 695 10622
644 317 248
643 216 20722
37 742 19542
835 560 19740
268 680 11776
633 257 8223
567 766 30269
287 988 32475
265 678 31915
468 471 20805
979 925 11721
175 318 25878
964 118 17591
583 330 25430
512 653 5243
7 609 11882
948 109 1642
255 693 20913
8 210 7045
438 337 27865
559 21 23792
980 651 21609
810 86 19398
971 911 20028
618 357 6905
642 22 11224
647 571 24069
7 393 24046
511 354 28051
481 92 17252
354 352 8043
588 833 15285
135 166 8516
384 194 14223
586 798 24134
158 69 29683
705 142 25963
600 30 2885
106 325 23292
167 400 25870
682 705 10711
351 311 6241
316 457 31053
465 63 24092
44 520 29352
35 480 1920
161 419 11724
959 846 25298
644 24 15974
546 326 23305
852 13 25503
156 756 16558
536 415 23135
463 622 22908
136 36 22134
192 468 24931
430 46 16709
526 771 25338
335 44 7368
711 718 1669
227 186 24583
195 887 32277
892 872 24149
700 407 23157
306 209 23791
775 208 10201
868 337 29399
477 540 653
19 570 15612
867 69 13082
193 392 25866
152 292 7823
335 285 897
458 377 17151
455 982 5599
390 383 24907
497 509 10238
217 679 11470
75 492 31739
173 386 11919
247 50 32318
378 607 19705
353 430 15222
707 381 27219
698 219 27825
33 16 7017
397 700 4561
697 182 25893
267 827 3338
157 391 2826
804 475 21047
838 311 4561
135 50 4892
123 336 151
476 32 28152
582 742 28757
868 743 5617
455 450 27814
282 806 17730
658 189 23043
524 908 5932
387 24 21750
59 617 15393
312 722 6903
865 2 25760
36 501 22775
949 188 20408
989 431 1211
698 302 12336
514 351 32153
311 280 10177
185 124 26168
134 99 31209
183 584 19545
326 661 24642
187 35 5344
63 569 10333
548 306 4489
818 516 1936
598 597 29465
281 749 27457
728 185 17888
641 917 3209
276 780 8171
930 738 17482
633 373 28481
538 110 6413
425 305 15341
92 64 21060
880 288 1231
525 925 5309
491 751 28524
634 412 14963
383 29 8752
617 232 19447
32 111 7645
472 904 19501
917 691 5664
414 266 30481
767 806 29317
895 499 15031
813 409 6201
372 7 7636
610 789 12902
703 11 2400
746 178 12801
884 946 4923
84 63 32619
981 376 1500
831 290 10036
303 814 1388
551 784 30935
183 788 27874
14 97 26963
28 700 24054
608 180 25834
414 50 5384
366 192 25197
421 812 28236
503 318 20437
44 324 15325
162 267 9004
356 151 9346
929 107 19424
943 417 20808
583 246 16418
530 123 17478
7 486 16089
77 430 23839
821 595 27220
833 607 24608
388 557 26816
208 171 23307
738 91 3846
515 786 3821
610 940 4015
147 89 10394
970 483 2761
203 958 6553
581 953 32014
518 98 24997
978 25 15298
971 274 7452
756 416 14327
175 384 18148
447 247 32573
981 583 23734
348 320 10471
562 170 2767
162 8 26225
222 658 16494
398 677 4774
507 675 8374
998 33 11924
904 675 15303
619 888 3192
914 37 27171
684 394 18466
911 996 6340
943 933 27012
926 485 24175
357 501 31081
255 646 25375
443 947 14724
469 8 2211
881 590 26712
676 616 28613
655 970 20141
147 30 30608
880 772 6024
594 408 15508
791 944 29920
841 501 31793
54 359 8843
926 158 9303
260 764 17938
248 369 21056
507 91 17780
813 367 8961
166 455 18425
758 521 3862
667 61 31654
252 359 9769
471 808 16119
593 661 29383
739 411 16864
896 193 9670
139 175 25163
954 926 30590
885 913 18313
319 979 299
926 372 23925
525 597 15125
484 641 6968
791 548 23621
222 225 19177
846 704 7927
107 426 7814
238 849 30994
530 870 5112
709 226 14906
850 886 19736
666 209 18788
986 724 25082
758 666 31224
162 861 8934
722 156 13527
352 165 3263
650 38 3053
867 566 11729
972 818 20240
431 522 12856
27 72 28502
195 846 5732
504 907 31287
162 732 25441
902 753 18440
89 98 11241
357 138 12726
759 31 4721
809 589 20430
890 34 16303
531 782 31026
285 92 11844
632 294 520
747 815 23449
690 683 11209
171 319 5896
219 572 23937
15 608 8170
106 190 10126
563 697 22566
795 997 22671
682 911 21583
394 311 4417
670 199 21363
789 753 25457
839 425 30765
356 771 11347
168 322 18839
957 848 5348
14 942 24107
737 978 793
206 208 27580
799 175 23814
97 189 7939
721 486 23374
687 307 25211
58 120 23152
337 964 28549
679 677 13006
144 433 30211
934 537 11662
603 551 9707
75 239 16529
660 677 17290
801 728 26176
113 536 31332
495 459 13797
435 372 11256
804 164 26550
173 470 20186
327 230 15343
394 875 26577
924 590 24200
224 505 2566
587 636 26980
970 950 27747
22 161 9492
891 205 20918
815 164 11395
388 4 3633
929 183 12828
93 900 12380
916 87 25941
949 418 3230
611 654 28063
462 633 29146
560 96 11304
342 989 29405
245 858 2039
194 523 17292
317 714 72
422 877 31255
889 132 12084
737 743 25495
854 69 23296
771 78 22750
838 282 16055
134 954 27504
351 18 25296
318 281 11217
762 112 17681
190 70 431
933 681 15087
206 123 25488
175 183 31772
210 498 32532
116 72 11011
480 852 25571
489 140 3930
864 607 21210
528 614 6943
4 810 16421
423 123 19598
62 64 12858
223 656 8189
578 199 16629
711 413 6809
113 514 24386
429 858 4988
734 66 7967
368 455 21142
956 694 4824
327 193 30043
881 770 8136
410 508 22328
435 915 22025
61 577 4151
882 312 32216
345 198 1634
714 326 22166
234 706 7874
820 85 19628
123 360 24839
105 254 704
942 72 27973
496 529 16380
350 414 1348
266 132 30803
686 778 13144
182 151 1289
862 248 22203
806 601 4848
378 217 8671
551 173 6411
781 140 28978
307 395 9631
200 933 24903
942 888 18650
684 203 16747
378 193 11156
183 316 31745
248 889 17882
889 399 24645
40 268 31807
599 723 28991
788 337 20113
92 114 22392
123 335 24953
631 568 26993
650 945 28481
613 414 5620
63 719 5905
28 637 9576
689 96 21162
836 766 4127
200 816 17888
490 72 16013
837 272 21779
177 600 27053
314 136 25417
498 61 2078
17 221 25589
39 731 17640
507 227 13725
900 879 17124
853 140 20936
736 796 31794
98 151 5133
406 513 28500
820 824 32017
103 785 5051
879 127 14291
234 580 19945
566 297 5800
484 213 24446
148 850 2718
317 205 10688
427 223 4941
206 157 6529
771 229 7743
838 182 18804
817 286 5230
827 377 25676
17 447 14738
204 88 8763
719 994 21553
380 454 30122
803 699 9902
299 286 10561
409 325 24776
111 842 26014
776 67 11855
449 189 24388
678 286 13045
69 929 23976
15 155 27778
356 146 29296
960 661 27611
622 383 9273
738 821 27282
574 531 4732
251 532 17927
234 439 16499
905 548 10803
356 738 21253
473 337 1469
274 667 12837
363 635 3565
675 286 14378
461 722 29831
798 988 31237
418 46 19146
589 924 18792
150 504 13307
176 403 28207
861 425 20290
947 494 18102
925 303 29644
176 720 5853
796 256 19302
939 34 23524
922 149 22292
530 674 3944
750 751 17995
700 405 28208
91 649 5343
454 423 10111
598 924 27833
640 521 24617
685 990 8186
839 742 16549
271 713 1300
314 860 26568
712 849 25085
30 571 9200
749 415 13450
584 810 21196
29 775 21909
151 642 19456
518 872 382
514 285 21845
650 899 3095
596 231 24380
135 307 16179
340 2 16068
121 63 27202
162 877 22100
275 190 20156
521 799 12497
101 689 10323
601 620 2802
456 295 24866
889 292 13548
166 640 24910
792 431 10946
36 451 9942
677 407 19417
423 615 15754
721 438 19109
248 275 6234
528 787 21382
253 105 1150
800 737 5680
35 469 17451
784 291 24367
89 526 8650
282 525 22379
617 679 19953
566 123 23989
393 173 27016
396 267 21191
220 777 2793
539 127 10810
339 227 10196
394 15 13151
460 980 26513
652 472 25344
171 147 18329
345 534 882
482 181 661
982 411 8835
695 150 7325
559 410 27936
690 375 10489
733 579 30420
440 486 7375
402 802 16228
50 872 8072
595 121 13112
498 822 5328
462 5 29522
813 171 25980
205 274 30720
87 468 9151
372 278 11665
908 254 23661
938 81 3242
320 882 2632
79 542 30746
646 277 383
358 622 26681
997 577 6382
40 325 12338
623 167 9158
476 207 976
759 816 18839
117 971 25764
623 480 17404
795 165 21397
11 500 20569
198 534 8259
483 135 2407
179 130 452
737 400 12164
89 155 23711
329 272 30724
696 960 18450
773 167 6895
615 130 6406
215 709 21495
693 636 836
725 87 13959
638 588 20926
836 249 24119
957 316 23822
883 801 31764
632 703 21376
547 374 22132
215 110 10289
300 951 21581
341 669 10039
901 288 28236
656 27 19151
242 365 12063
564 185 4601
725 458 6574
310 76 21265
262 419 10040
992 931 25925
481 207 26765
146 226 4603
554 890 31962
873 853 7038
126 387 21961
678 987 22670
381 486 29662
760 582 31911
668 212 14169
944 579 13086
935 883 24838
904 807 18272
36 27 15293
5 200 16118
863 635 29320
505 691 6689
791 136 8355
18 867 30249
74 919 32726
647 699 6325
456 197 3799
151 258 3515
974 868 27826
587 154 2552
371 545 18288
797 138 16880
263 632 27506
896 566 27092
767 361 3640
586 213 11506
89 965 10895
305 768 11128
889 10 32091
490 344 937
750 341 14708
577 124 10203
267 338 11859
145 407 21718
898 168 12420
275 228 29808
933 632 25619
286 588 9842
965 162 26732
188 649 7722
793 26 8817
818 293 3397
864 793 19626
686 787 1203
380 670 24281
490 885 6857
595 589 5470
391 771 20967
379 458 13871
466 261 15680
941 945 29775
169 750 18839
747 864 21508
523 995 28179
468 34 320
715 76 28027
837 725 30460
102 259 19053
295 253 29044
16 89 12663
329 721 15998
17 52 29208
985 902 26238
127 794 15378
378 756 11678
194 742 18583
217 309 24654
403 828 28466
970 655 3911
866 522 29827
103 21 7801
604 825 13597
382 665 10156
676 250 14634
193 600 31943
638 851 19884
396 907 24304
887 642 1637
350 605 5890
128 614 6096
443 422 20755
976 854 23225
153 133 16380
272 712 4938
107 740 28447
987 21 21425
466 482 6113
846 211 5798
567 693 7571
684 86 2170
592 490 19902
310 238 30073
743 83 31759
561 897 2751
219 411 22610
858 736 4827
170 240 16961
771 808 10695
313 183 12820
976 622 7206
395 919 24079
77 623 21452
630 34 25732
968 854 26607
171 272 16133
683 177 12701
273 970 28341
112 60 13636
631 816 31488
359 260 22646
747 854 21274
732 508 18216
786 489 14363
217 167 11806
683 26 22673
680 264 6219
997 886 2009
982 650 23362
671 914 19117
400 284 8974
668 778 8084
178 190 26640
813 526 17735
811 760 31157
469 825 6693
593 734 24343
75 966 22342
555 405 10990
204 687 11988
306 45 4702
354 701 2221
729 122 11906
682 208 2434
877 513 24258
257 730 4070
615 144 22105
679 776 12308
663 264 2453
344 918 16974
765 164 32691
36 885 8482
468 97 5235
699 408 3072
128 317 165
86 122 6111
285 254 9062
953 623 31461
9 671 3537
887 461 8523
170 392 20797
398 289 10491
634 30 5225
94 323 28311
690 530 3624
373 616 4581
902 773 17509
305 427 4312
760 498 25752
681 917 8115
450 377 18179
585 360 2544
793 892 16469
556 720 31475
158 273 23935
998 827 24248
404 593 5088
736 502 27127
793 456 25620
363 169 5745
537 704 30730
766 171 19304
549 582 30002
493 49 21356
181 131 8661
85 435 30730
390 98 10496
104 617 28920
532 100 19082
278 333 6097
937 628 11540
410 610 21132
393 536 26138
300 591 13861
555 1 12400
179 969 20533
883 763 17338
576 424 8561
104 64 24512
748 280 27713
584 134 29881
973 946 25073
526 348 28114
190 124 15916
711 647 5540
24 430 21436
129 826 25686
974 760 16074
200 575 21916
556 461 12303
503 669 14550
600 810 25013
711 80 22517
788 99 4571
479 999 25079
40 157 10233
337 576 19475
522 55 16786
110 954 26865
912 872 6141
103 152 22401
87 202 21549
747 871 13132
893 924 18100
665 450 11859
699 597 27009
620 638 220
268 724 24069
676 170 30141
614 486 5570
232 454 23038
149 992 19575
992 202 19698
552 219 16984
679 135 27155
518 907 2592
331 604 6210
285 968 4577
871 733 573
635 206 7887
451 947 27246
940 742 4997
889 551 16473
3 588 21879
82 674 10318
9 173 20865
707 841 5692
182 344 18654
954 265 17062
433 484 1774
24 414 11568
125 844 13703
396 716 8772
398 151 2257
317 336 25009
826 212 15580
340 45 8797
722 569 11880
501 268 21347
17 195 1439
247 493 13609
496 282 17586
703 969 17751
862 156 26002
320 38 3773
288 162 22847
790 441 19071
304 468 100
183 684 29223
148 342 26681
379 683 31342
701 582 2015
979 44 31951
80 275 14771
150 455 10835
503 526 2383
875 692 3085
150 41 31280
683 803 26167
583 659 29749
919 805 6405
138 427 23159
387 52 9846
369 631 17964
68 630 9931
650 44 17045
359 1000 32123
159 498 2075
712 547 7859
161 564 25650
317 571 14783
625 54 2203
795 404 14071
653 628 14359
301 440 14339
397 44 32682
544 985 16271
792 758 13055
187 786 25036
131 167 1937
586 502 29005
75 968 15774
546 635 5151
820 751 5906
18 747 6967
209 11 15343
863 620 27262
571 481 26838
568 272 18984
818 527 12226
452 781 10786
835 366 31765
528 350 18089
533 842 17028
135 870 18809
418 89 6790
336 55 1293
99 850 16976
651 38 20450
237 253 3977
951 954 25547
617 430 24118
172 812 2471
606 807 31890
848 273 21535
102 516 11722
105 132 19514
427 679 30424
512 541 18659
941 478 20464
181 347 18100
128 197 23102
884 140 1961
188 439 11494
335 285 6794
799 562 32129
207 945 14365
758 389 10130
588 406 14481
294 605 13219
130 476 19866
437 792 18957
433 175 15924
225 944 18071
485 130 9994
947 250 14703
189 988 20211
753 746 22317
670 919 258
890 479 31963
798 131 9758
868 166 20031
632 115 5661
425 504 25550
852 910 23763
318 323 19227
886 858 2456
210 114 6051
27 579 8245
88 998 15155
784 672 30767
585 124 9322
533 419 21485
199 582 1796
677 532 19254
887 913 1258
536 298 23782
680 542 68
826 139 10746
431 411 32244
636 526 4163
233 953 32078
626 528 9561
87 474 21738
800 890 676
202 89 19921
134 922 31135
747 428 11662
381 340 13210
238 121 29879
568 774 675
518 716 6926
314 229 20839
20 372 21331
507 654 15906
122 912 12368
122 673 4346
594 5 12751
949 617 30811
1 462 7034
348 287 22058
908 920 20692
488 427 32491
539 447 6341
219 882 10289
864 945 28794
357 384 30186
530 800 18562
773 609 11882
357 204 30833
27 612 11077
900 100 13421
999 811 12622
564 342 11632
839 886 1118
969 782 4144
401 566 23468
679 946 8158
228 278 25057
501 406 314
62 288 14376
512 406 16318
548 868 5608
135 986 31169
935 487 9974
589 528 16864
432 274 18514
514 807 29461
201 958 18390
882 387 16965
101 700 25951
851 240 4903
180 264 5202
878 350 20434
232 166 29328
660 295 2392
894 273 9782
882 207 19768
340 254 26045
527 842 11910
271 890 26192
495 508 21282
906 723 23159
342 968 13396
350 213 8041
239 723 32672
576 397 16800
402 100 28601
613 345 12675
422 643 24275
389 366 26439
50 546 2763
265 8 24915
225 90 22745
924 144 27336
710 888 10700
605 558 1
630 665 20731
439 689 1316
915 598 20341
287 43 26398
174 69 25109
431 420 14749
257 305 3201
930 789 1253
152 872 25669
961 561 19606
771 468 18045
966 711 29878
863 423 10198
531 934 7336
942 193 8654
318 781 24527
846 165 4462
199 71 14856
436 855 23298
113 804 8780
521 881 886
671 68 22551
291 757 7003
411 341 28769
967 987 16586
186 361 30026
969 158 5273
469 98 30677
175 725 13473
495 939 21820
866 125 28679
491 604 14785
200 568 19390
200 457 10513
837 20 23751
28 563 6282
5 252 19159
513 16 525
298 383 18785
143 342 22044
576 285 20037
793 827 27252
432 94 5258
292 204 32360
189 946 24301
160 610 16547
189 180 16689
801 195 31263
393 264 18542
978 641 12399
831 90 31183
695 545 17839
220 895 7307
283 372 26301
658 647 28399
605 937 2174
244 771 4058
292 753 23393
570 116 23803
907 208 2149
867 998 7085
85 821 19772
811 115 17737
433 520 13679
211 4 4416
259 683 19600
598 760 9829
753 499 18898
456 968 2596
20 194 28582
478 612 16288
427 907 14893
391 605 25067
489 725 3490
707 790 11224
176 881 29188
325 264 9492
180 928 7077
806 466 24457
209 779 6264
50 180 8504
563 657 2084
678 255 22035
881 211 22858
454 750 630
756 477 12423
953 380 31309
368 718 28178
571 2 10779
553 108 19717
902 83 5707
490 177 25531
421 662 10901
846 750 28351
178 377 22123
800 706 22594
271 422 5273
872 15 27674
184 68 11173
542 725 11438
456 80 403
577 280 22369
886 766 6419
453 973 26450
300 833 1870
218 95 23450
397 730 14527
673 989 16962
279 624 227
872 162 7079
680 965 940
93 382 8722
655 738 22758
842 959 28576
633 263 10534
510 235 28885
424 957 16591
530 174 7280
439 434 333
175 538 6485
269 369 422
459 3 25006
748 210 26335
347 662 7823
501 764 20978
650 846 31165
646 71 1093
96 531 2929
452 718 23778
400 413 26662
386 215 24544
922 232 14039
170 285 26300
598 67 12853
961 799 13205
29 762 6082
937 113 14982
554 785 24017
37 347 23446
216 592 9690
834 946 19699
2 582 21152
356 620 26738
838 427 549
209 673 16528
648 395 31067
552 746 8288
567 168 25609
338 397 14126
533 489 13678
501 699 31687
327 760 1663
282 776 7314
368 862 5331
932 211 26896
590 438 4505
82 257 22107
393 228 21039
783 533 25519
352 865 15414
985 771 1330
841 148 1325
197 497 10862
637 364 8707
153 110 17208
293 43 7450
799 302 8445
260 469 2484
92 876 2988
179 27 450
435 330 10423
60 946 6020
160 679 14299
596 85 30345
961 623 31925
196 770 10218
176 242 15693
451 124 7116
100 129 23832
788 146 20124
252 14 6444
717 68 10873
642 470 5522
35 941 13768
18 646 5367
586 884 17901
478 517 11062
474 937 22929
150 157 20584
531 874 13
581 506 15744
737 319 23496
263 446 15522
372 37 27559
880 466 26279
113 818 27627
428 684 29854
660 88 22794
849 970 10018
82 323 32610
23 467 7895
716 525 6371
368 389 10360
70 124 22008
127 103 17459
4 30 24922
743 502 25420
982 235 1687
643 381 18485
596 387 12652
140 626 29863
820 193 4167
229 583 28256
594 328 20106
22 378 11911
497 683 11113
45 780 6382
55 583 14451
147 656 12200
312 407 22319
71 775 11441
776 990 12110
313 841 3730
250 770 24414
374 518 17992
810 208 10251
899 698 25571
292 177 22087
634 966 11398
653 777 19195
142 213 16349
566 526 16131
376 214 11295
660 62 22700
579 565 22322
629 85 25582
992 634 18580
300 707 4362
838 961 29454
76 223 5477
700 9 28256
836 432 30899
272 943 28773
831 990 19651
182 249 4707
396 5 6297
850 305 23166
817 553 28568
858 497 27278
825 549 5086
970 340 27840
791 985 12075
686 559 11215
328 945 12267
674 559 1979
420 300 16434
334 516 31038
841 333 10962
526 97 25977
30 681 26320
956 749 28809
551 616 31717
134 542 6406
313 245 4815
264 892 32669
685 39 23190
620 83 9533
571 910 2078
19 214 28565
115 794 10129
967 112 14036
496 565 20365
57 958 20711
865 355 5143
601 342 19882
670 496 27590
335 987 13515
915 603 9117
757 698 24911
396 855 3726
650 565 24559
655 919 25509
948 145 19668
120 462 19005
683 254 25177
483 266 30171
713 93 3540
446 260 31611
623 647 16540
99 396 18547
698 751 8898
168 851 26428
586 657 6718
425 803 6337
865 877 5237
290 689 18686
422 493 31079
334 560 7193
708 30 30448
941 29 19776
784 926 14286
569 204 27368
737 171 28022
551 597 13381
123 349 9441
485 796 2579
734 345 32205
401 863 6410
384 302 22835
432 18 11919
959 181 16082
2 398 6276
542 434 25385
409 837 5953
816 599 11837
954 910 21790
829 740 14567
490 947 6423
828 515 14773
57 739 4721
809 336 7032
855 693 14695
926 844 18198
225 398 25925
332 913 22333
301 699 29319
496 82 18433
530 265 13256
356 226 3480
791 345 32428
866 445 9381
469 996 525
710 144 29656
109 241 17671
645 299 2508
388 624 18119
770 678 13158
135 706 17693
15 495 26152
535 828 17477
945 369 22320
553 73 7270
560 554 8926
466 725 8624
579 302 29269
359 295 553
118 559 25427
862 362 16516
134 192 27666
155 138 21911
77 769 22581
813 792 2636
763 223 7404
716 295 6693
387 48 29133
474 850 12962
778 573 10526
298 592 32302
306 821 32131
432 885 10597
888 747 17477
184 425 18376
318 698 31410
403 251 14651
463 380 19018
673 905 17381
1 526 12973
284 757 3657
494 961 22926
662 46 5038
757 359 24593
569 246 8497
105 893 23132
375 521 29723
17 953 29004
221 116 16972
204 817 8074
417 364 23510
294 367 12909
699 665 16680
452 619 3185
311 920 2898
100 744 27182
409 747 27716
910 931 27663
540 891 27430
295 59 13887
867 392 25866
51 527 25978
24 697 21678
928 774 13012
461 733 1037
379 695 14728
513 610 8420
329 644 14704
134 816 18819
321 907 13756
452 123 6523
544 293 17139
50 540 5637
486 660 2162
860 161 10301
542 763 14561
679 93 10117
802 177 25166
19 810 24742
441 226 16884
762 124 5775
856 308 4321
439 357 16320
825 392 21989
466 20 20419
184 396 32412
815 69 15936
656 198 9334
70 900 17810
210 764 17402
750 641 4321
837 134 7107
107 327 22071
128 724 13800
343 696 13057
649 421 6602
145 194 8696
813 391 7544
650 250 6009
826 163 5431
807 373 19870
37 133 1222
430 985 7104
823 449 18804
628 790 27954
404 922 17705
856 864 6467
693 90 12784
792 233 4856
978 358 17054
859 316 12542
993 94 24750
954 500 16048
830 623 113
385 434 11614
462 563 31761
683 817 10507
42 964 31532
9 521 5722
625 301 28646
155 588 10092
247 244 29636
714 321 21456
466 479 7602
43 775 9184
225 487 6145
447 891 31260
109 186 6205
915 923 25950
102 138 13358
643 546 7423
313 927 13919
13 418 9283
282 833 23041
383 41 17581
280 480 2313
490 522 9991
294 409 10444
954 822 24887
263 212 149
516 115 25412
426 172 8933
601 343 22555
487 147 19794
956 36 24297
423 289 15442
855 299 2089
389 526 18250
781 962 19898
49 595 3768
335 908 24472
7 91 26966
321 578 9995
300 872 24197
672 483 24680
840 168 11108
810 513 12221
174 966 23900
480 819 12026
764 902 18439
732 545 13432
85 689 21952
716 474 1773
726 632 14655
329 869 28713
666 544 11268
344 4 12858
242 748 30858
13 328 23230
901 697 24690
98 778 24210
814 561 20010
676 306 23584
250 418 32441
436 586 27895
398 690 15287
65 956 8049
555 515 9884
625 968 6040
831 491 19944
409 318 647
239 392 6616
416 789 2546
691 786 24990
823 678 23975
811 67 31574
272 526 18211
654 455 10289
689 436 8070
815 145 11153
683 176 31377
263 271 30462
387 954 31100
68 12 28232
662 321 3771
274 230 11824
11 232 6154
179 937 17768
599 514 9822
621 323 17102
333 696 9102
897 347 11571
640 715 21451
105 825 14341
312 263 1348
561 33 9653
812 743 10887
475 596 5047
105 525 11392
610 28 13672
880 1 1828
211 688 6723
734 334 20522
258 596 20773
740 885 10590
147 8 23957
286 897 26745
914 763 21837
802 323 31865
572 694 27505
944 560 23795
67 841 31800
782 817 10713
837 407 9980
41 248 8868
745 290 32222
519 921 20962
900 697 6539
530 131 18077
359 749 17603
997 906 1810
217 615 18095
257 691 8367
881 367 25639
340 234 26459
705 180 20351
679 793 10856
321 944 15214
968 364 28614
664 447 28968
803 742 13902
131 469 29389
674 501 26180
225 607 10930
301 41 858
531 974 15670
978 612 30167
970 487 5653
94 746 26807
442 576 2948
494 131 22753
226 723 16507
590 485 5564
164 702 7402
762 64 11723
70 828 3543
685 563 8742
277 923 6296
896 416 20954
285 33 29606
575 308 27289
748 316 7343
874 678 24141
951 207 5891
586 40 30041
615 212 28263
830 943 9146
380 130 6640
250 592 23364
496 520 14206
706 2 16297
492 701 9187
648 344 28947
360 229 31971
705 421 10353
74 759 29071
406 127 11473
258 895 15011
132 314 19283
405 662 30708
302 777 923
619 571 20755
148 211 6356
521 640 26281
787 700 15257
880 207 12094
168 627 7007
435 696 5479
376 233 28220
215 993 26256
346 31 29722
611 798 10457
49 629 14008
506 805 5060
127 20 23048
327 323 31395
791 280 18628
89 859 18698
151 530 30559
636 668 4272
408 940 27536
671 657 25980
9 600 16683
839 988 12224
263 34 5383
927 613 1475
843 953 9507
925 447 21808
328 401 8518
255 558 31236
993 31 10698
750 309 9227
494 207 25180
132 564 27921
276 910 23754
865 868 4433
680 580 1090
536 437 10444
30 683 11148
291 809 23430
770 868 284
809 329 9182
59 998 539
801 41 6526
73 309 8625
571 217 17560
138 517 19514
503 595 27751
641 146 17960
920 660 1321
981 995 13507
249 344 8470
826 6 29445
438 850 25857
493 496 16194
10 46 19606
105 556 24162
697 444 21380
370 905 6097
914 465 12270
259 21 31089
113 300 32754
73 962 13621
492 380 28466
623 59 12849
599 514 14998
31 883 10554
864 551 26572
933 86 26991
764 71 21293
174 568 15179
46 377 12811
122 44 22784
1 678 8344
101 629 10580
276 64 6635
446 221 26172
653 151 7621
85 753 10972
993 295 6950
968 646 7358
420 253 18394
945 113 4701
730 199 11388
88 845 19801
468 659 10660
958 792 10470
123 17 26175
461 854 3421
694 460 16446
668 861 8180
985 932 20513
144 502 4618
434 216 9476
676 469 13708
936 3 25152
937 557 9300
258 438 10426
435 793 26268
168 393 1394
817 64 10457
739 86 19448
982 314 19347
301 15 7885
753 607 30751
897 69 16600
711 547 31550
662 732 29305
721 51 785
82 271 25059
167 168 4069
660 103 27066
971 756 32700
365 193 18999
772 741 10918
559 298 2104
225 562 6725
211 245 31485
532 217 4368
189 991 7313
452 377 26158
101 610 14858
299 948 16643
283 456 30752
607 9 3017
968 771 5587
898 142 5830
273 642 14863
820 198 28156
118 959 14998
690 153 24937
624 586 31130
893 716 17462
486 825 1221
24 113 349
239 978 23461
814 143 25777
527 913 31926
768 922 27985
854 166 24449
897 146 15081
960 843 10120
607 433 14670
793 107 28409
450 957 9819
154 14 22872
828 279 31765
720 495 32163
21 451 15746
193 904 29860
832 659 11960
565 391 17253
261 844 12558
568 600 17151
462 375 25207
919 901 24133
23 296 19302
940 797 21238
860 198 26844
47 705 26485
718 445 18529
43 990 1857
866 19 18969
353 882 18333
633 362 319
38 697 17197
730 852 9632
124 58 8434
479 619 12367
649 562 29463
789 20 6275
441 423 24966
243 400 13960
863 655 27381
320 958 24498
141 503 30231
413 420 32468
100 659 31438
916 470 29439
966 710 17393
263 255 20922
587 32 8237
766 733 3584
236 209 32174
903 133 6045
982 533 32661
424 814 32458
495 681 28001
131 422 5652
550 168 15315
518 458 239
916 146 11265
860 129 10121
804 445 26758
604 209 14520
325 27 29207
54 737 18709
392 254 25579
558 964 19107
536 836 28075
262 63 6809
985 20 9197
696 529 19231
354 195 18795
166 665 11552
773 814 17004
312 149 646
964 823 20764
126 419 15220
891 215 21708
409 496 16731
910 201 24390
84 245 10494
503 797 23232
753 60 16580
811 144 26
957 533 25314
357 759 20568
445 319 19273
605 852 30118
796 493 32603
681 223 12105
371 523 10702
666 982 2364
307 863 14163
454 81 27515
913 19 4302
46 982 22047
256 7 5702
860 539 14040
469 720 2521
673 797 31088
25 210 31831
38 710 6227
509 251 5456
651 860 21335
83 725 20147
380 612 8758
392 478 94
127 709 17780
169 639 29222
574 554 21423
116 294 11065
558 929 6791
656 395 27642
345 815 29085
641 267 15258
613 49 862
515 200 17687
174 262 25239
254 826 30585
928 25 21759
307 619 2904
993 218 23101
372 913 17421
23 170 29718
359 663 3371
847 304 24515
568 644 1283
905 616 6561
229 50 11115
394 553 31674
925 327 22525
289 956 23769
688 35 23937
729 608 6432
625 797 26701
494 515 11874
939 930 17337
411 136 26026
983 408 22259
958 518 12470
772 496 25569
363 675 15697
741 792 29395
396 235 6606
373 640 27687
658 103 27930
599 193 15674
816 973 2578
391 726 6196
680 873 22825
668 927 30355
552 136 1155
9 734 5252
117 599 21000
704 884 12133
53 24 29734
992 175 31752
71 281 9524
538 382 6544
472 266 27315
151 376 19454
755 520 13544
935 34 5575
982 162 1150
497 747 27150
633 98 9006
47 276 14672
201 935 7589
780 641 6313
634 732 23586
262 523 18427
328 981 17530
657 262 30110
292 682 2952
822 959 24160
305 682 5426
962 302 24317
489 627 18832
707 30 18524
373 795 27343
963 630 23088
244 296 2792
335 487 16333
28 104 4426
420 623 22870
653 72 8194
999 349 3980
666 149 25861
206 904 31458
406 588 20391
927 568 22187
10 251 2927
373 579 8052
206 456 22716
722 512 26608
593 327 12536
885 946 29175
678 436 26451
69 538 400
325 881 30775
832 530 15867
17 231 18676
84 759 22831
654 120 1625
870 744 12372
48 390 27693
492 730 14360
933 812 22732
95 243 24051
318 917 30551
564 858 9144
84 996 20524
558 129 11523
121 340 682
502 337 20064
373 529 7277
166 382 31815
242 667 16771
875 35 19516
551 523 30281
25 585 9394
949 209 9972
134 506 18573
942 572 20972
350 25 12616
516 401 20876
727 249 14126
345 730 30430
148 464 26931
912 54 19048
123 934 15941
273 96 10544
189 349 2089
33 26 25465
58 941 21576
664 327 20458
181 607 16636
672 953 16663
186 546 20019
247 849 17587
547 336 26242
898 524 23239
986 878 23047
524 119 14529
599 368 22182
919 523 32584
250 581 8581
227 229 23299
349 883 975
187 138 10211
625 863 4395
476 418 11149
266 884 14448
683 768 9970
927 773 32623
389 444 10307
948 627 28912
188 419 32177
837 853 12346
936 484 16072
302 988 26555
736 256 25925
706 785 28839
223 237 12201
357 626 12200
425 531 22281
704 244 18172
630 827 20165
685 211 30862
323 698 8224
702 814 29417
985 770 19711
808 69 23073
252 255 19511
934 641 14847
583 77 30503
232 648 16657
598 238 29593
722 292 15474
926 769 5668
179 309 23141
832 27 14457
532 31 19987
753 242 23654
767 623 6420
713 297 32635
140 144 3975
631 68 3211
742 144 12772
462 830 12163
925 357 17356
444 996 17743
388 439 10631
437 291 1217
610 914 7662
437 712 7865
15 200 20723
370 187 17148
293 732 773
672 140 1154
430 612 19457
817 593 21278
440 214 31858
273 231 31177
701 937 32329
604 480 6144
888 819 22105
227 78 12789
160 972 31291
239 517 1655
663 45 9825
502 632 10985
967 925 20097
794 672 19614
321 933 13994
237 698 13422
89 788 19860
726 700 5221
202 667 4367
643 323 4316
108 114 11165
314 747 11610
543 72 9885
191 811 6922
4 666 3726
191 741 10678
530 649 20306
412 376 7544
946 992 27776
83 922 15018
777 822 7706
381 921 18106
560 26 21582
250 14 22506
865 394 17670
168 103 26407
226 749 31857
451 54 32378
775 437 1486
665 697 25539
343 267 13341
809 569 4792
184 384 27273
915 280 2665
505 771 4765
120 128 12714
707 776 17066
98 858 13116
657 593 235
834 57 32137
612 359 8254
99 74 23374
134 615 31123
993 536 12685
458 270 20835
575 768 9361
472 907 6856
223 367 2298
226 54 4619
572 534 26366
344 162 26311
516 993 17770
325 48 29170
734 659 16132
939 132 20076
911 978 24668
505 275 10973
422 243 17716
791 394 25106
256 89 13309
740 942 25364
489 343 23337
997 388 17583
396 704 10038
158 894 6177
516 625 14780
688 967 15662
130 779 10485
80 657 11722
814 91 11368
77 414 527
965 856 1727
463 507 23883
293 633 9722
780 808 6973
946 126 27253
958 504 216
77 76 6781
438 634 30255
948 874 2918
756 162 30546
501 705 19044
344 254 2113
357 374 24214
89 69 7239
483 137 27385
759 467 6996
439 907 21068
791 744 4143
947 651 22533
677 302 8355
219 793 24801
607 830 19685
531 487 15040
666 352 9704
441 180 1735
897 358 16995
658 796 20987
54 641 18607
880 265 26583
816 791 30658
410 901 18315
55 21 17401
168 921 12255
454 135 27760
522 527 16119
951 397 29716
661 398 31339
940 749 13746
952 7 2405
40 713 27832
366 532 19922
309 276 5213
247 394 10946
186 52 32102
263 371 30084
669 890 32464
692 508 7216
164 335 16381
827 866 18322
916 194 23349
350 381 30644
106 682 3485
580 558 8573
183 254 26104
471 970 31007
846 407 30144
967 123 10307
936 64 134
549 905 60
314 769 5014
931 250 6055
973 746 25674
221 319 60
14 181 23968
914 557 11456
343 467 30180
474 733 2142
885 630 19343
827 326 30660
356 333 13483
234 432 20961
437 702 28254
62 559 8470
376 436 613
249 784 32558
518 955 22189
697 6 28045
111 641 16197
433 524 30785
394 664 25952
185 328 3589
207 983 30245
169 868 4184
639 589 25208
780 640 1579
492 717 5380
764 695 24799
362 425 30256
958 71 13956
252 805 28098
861 975 1434
820 638 24667
810 654 21951
124 747 31514
129 282 9747
169 517 2556
491 170 25916
490 536 9695
997 978 30789
999 834 19751
635 144 27867
301 937 1658
337 287 10378
580 323 3863
43 578 2569
579 187 24227
644 276 21186
860 604 2191
19 97 7688
682 105 18270
161 464 30916
642 78 22644
979 403 10110
57 745 20281
98 62 8713
780 857 15531
994 479 4929
775 611 1219
179 631 4246
292 742 3376
143 199 4192
812 339 10575
962 782 14122
797 545 21879
318 957 13173
991 64 2026
92 253 23720
762 118 10247
308 809 29993
88 573 11417
171 135 6342
118 883 2131
549 339 22535
624 895 30679
918 645 5623
679 990 1755
669 84 16773
838 272 19021
496 21 17557
444 719 27523
933 18 21071
628 651 17619
342 280 27474
194 128 2610
97 844 18901
689 848 22695
530 596 16608
906 396 7599
671 379 16664
952 913 9196
564 650 31454
741 853 17591
745 90 18609
489 469 22117
611 320 32262
179 634 32098
221 127 13858
46 163 6770
80 297 7060
824 536 15031
892 699 11360
393 547 15946
699 363 2041
704 191 28812
466 654 11167
621 130 6522
945 338 30400
733 815 12707
653 983 13408
674 707 27293
797 316 1983
839 868 15362
576 99 18872
877 998 10588
214 918 29058
827 296 3986
241 812 24290
696 626 2217
553 85 5364
567 127 27387
994 828 31752
926 253 9527
543 151 26191
838 183 19134
500 738 9805
218 656 7228
33 258 22341
471 593 18067
25 157 22301
441 92 1642
675 845 11886
875 178 26884
891 703 3768
796 465 4906
750 735 30708
95 719 23882
89 163 19964
35 679 16410
466 870 31613
766 304 3942
826 818 883
671 781 26825
235 209 25433
555 859 6787
52 763 14236
343 754 10929
402 455 236
574 756 8587
237 642 1149
965 689 22901
414 57 23133
957 586 28168
115 642 9320
586 82 32604
52 134 28031
965 620 28988
569 6 9229
768 942 9740
844 487 21503
121 653 898
274 597 960
846 482 25482
469 626 13519
995 454 32231
842 556 21515
218 767 26481
420 771 11985
337 275 2564
554 425 6518
594 704 1137
304 503 10439
522 424 17438
908 309 917
780 445 29195
889 963 12922
977 347 2943
39 922 17235
615 415 17035
769 342 25385
257 77 7446
797 5 3197
986 149 18757
523 330 24884
138 317 21581
226 662 3730
963 37 27923
570 432 32520
68 444 11818
694 166 28872
738 798 8973
892 109 6477
986 592 27305
711 488 7521
80 157 3466
368 200 8782
520 394 26711
632 940 26671
715 165 31575
733 974 1704
584 442 5682
806 24 23653
475 484 17207
133 872 22325
609 302 6080
435 48 15776
18 459 14234
304 291 25659
898 998 30574
651 744 2101
40 294 11936
493 784 13776
726 58 810
215 519 31932
76 548 23120
750 94 3472
120 175 12099
184 982 732
610 40 27924
658 477 23938
577 631 7039
46 898 28504
329 968 18040
417 212 24646
792 264 5758
816 431 31065
941 221 9251
587 262 16003
274 495 15181
501 638 27389
637 644 4885
873 600 28047
626 582 1358
219 336 22817
70 420 7458
863 207 13152
587 995 30278
136 267 28266
1000 320 28334
952 352 31666
748 858 10951
735 725 5529
407 358 28841
828 128 27257
620 893 30912
213 439 3856
693 240 4814
128 829 22409
14 97 29793
188 724 15775
527 970 16919
421 532 8067
718 317 30516
838 522 13971
805 165 18307
586 565 30210
445 838 1401
341 976 24832
214 739 2827
421 805 9478
177 181 11713
810 377 12365
707 851 30433
487 283 26016
665 437 16077
676 225 17921
218 30 30443
23 805 15839
809 255 28584
786 142 1741
175 491 20607
465 291 4089
369 680 22019
412 313 28377
191 695 20063
575 548 18109
298 700 18128
326 429 12626
285 776 31990
153 928 19256
340 796 32032
334 30 28467
393 220 29396
736 694 12197
738 101 9025
944 998 4434
797 140 24935
265 152 15258
951 490 6675
7 541 4526
362 54 27132
407 652 17776
870 804 6826
806 991 16375
475 10 29429
616 172 1266
76 224 3626
94 347 19806
976 188 31050
917 561 19274
417 994 14302
818 953 11167
822 172 6725
171 931 19496
239 600 3481
537 284 2891
614 978 20856
846 52 25651
218 528 23121
979 25 1369
203 213 9986
944 766 2228
561 294 1784
527 70 15343
408 140 18947
334 891 19583
141 744 9629
587 230 32365
2 845 21341
476 940 9765
264 12 6851
37 492 15547
833 934 11436
465 996 25432
783 108 257
857 487 21971
790 546 22407
764 638 30110
339 775 8923
827 918 3472
384 654 4343
160 203 1081
812 819 9950
783 388 13752
822 603 3384
326 617 28501
248 529 18946
702 438 22088
580 534 18350
529 713 12403
787 657 17467
715 939 24831
632 110 9001
87 401 17429
711 695 13152
638 571 15405
685 900 22109
486 650 2218
222 934 10305
879 459 12476
947 201 24731
708 578 16059
206 203 12802
391 759 1918
757 732 725
755 324 5718
373 68 957
915 513 25016
867 618 30929
827 190 30139
878 930 4184
498 106 6383
392 771 28331
914 525 25925
419 267 14499
817 312 12786
351 457 28304
345 605 19610
922 924 26549
3 63 12072
746 275 17080
592 971 27926
741 991 14727
430 523 19994
820 995 1955
92 638 17779
301 881 2001
507 212 31811
552 556 27288
7 563 19133
71 55 31012
285 99 3862
761 703 20571
608 697 8821
11 176 28232
301 293 2896
780 455 24621
516 493 18947
353 821 27095
821 125 1920
291 890 12041
933 399 22369
221 608 19994
235 176 30163
243 539 1820
649 684 16133
684 803 3363
712 923 24868
720 445 1925
109 366 19214
431 322 10027
737 471 26946
912 2 6221
546 329 12210
304 362 4909
140 1 2691
614 668 28329
400 967 26855
179 274 28098
782 235 31882
320 514 7534
258 823 19792
495 882 2623
620 975 13397
635 511 28116
218 610 618
318 123 16908
432 302 21897
926 463 31854
301 191 15862
993 431 7751
534 484 7937
405 763 22121
833 207 169
72 274 14233
599 110 7827
783 310 4868
382 907 13841
80 281 26711
845 903 14373
306 480 9551
890 820 26058
886 801 11483
239 303 19440
165 866 25127
985 660 25058
260 65 20004
982 773 2066
926 898 30321
611 860 7816
137 148 12972
776 439 12634
982 72 18837
679 222 7931
94 657 29065
357 552 28495
898 826 2109
344 148 9138
639 780 967
255 18 26497
508 933 21327
207 169 1479
55 890 12292
135 228 13332
226 908 20264
745 78 27561
775 473 3148
725 685 393
685 557 3865
209 784 17154
872 325 12854
479 34 24526
316 513 6438
424 409 11237
735 986 318
349 149 4744
738 907 32253
507 363 16699
345 557 2917
979 647 27807
38 724 16692
557 469 27247
840 549 2055
840 576 779
281 878 3527
254 847 8791
796 546 26875
782 932 17117
638 47 29392
115 288 24421
662 891 28144
443 465 13968
750 999 9352
872 779 2319
321 118 20998
54 334 1680
761 197 32125
811 158 9851
82 754 28588
181 470 267
228 103 15381
769 203 12911
811 881 30392
998 974 13559
791 464 14402
606 946 16503
370 44 4300
572 931 27747
614 749 3463
560 975 24407
927 222 4071
508 303 4610
291 618 29994
925 465 25778
590 69 842
63 494 19956
642 698 19642
510 155 3579
482 646 20109
609 629 26071
614 846 1220
195 990 8860
947 584 7936
403 923 11277
859 80 29649
784 974 869
369 730 23367
845 186 2639
691 7 18850
336 804 21303
385 288 26928
808 519 29554
213 892 7854
480 653 9456
440 427 26071
139 321 18552
602 221 23516
262 306 23192
55 761 11260
987 823 31961
994 441 30333
370 864 8653
790 372 17571
295 598 1554
864 629 15500
405 896 14700
868 614 7661
36 993 25198
937 654 11560
289 433 27776
822 445 9270
133 561 17172
579 400 6481
104 965 28270
998 994 6511
815 464 9553
259 245 2274
441 770 1121
566 736 18108
948 577 26407
224 985 8142
319 595 10228
485 482 25681
413 914 8981
655 756 32670
372 222 3870
97 301 21385
757 317 24360
758 945 24874
910 735 17761
462 391 1863
874 259 23362
989 78 25239
240 461 16949
815 783 13969
190 490 2728
298 700 17808
307 99 10418
794 934 13673
551 201 1234
789 521 6600
277 802 7293
281 430 4078
771 522 31086
724 851 4015
594 838 22516
887 802 17332
863 416 29621
824 456 28531
649 783 28572
1000 374 13152
386 937 30961
703 979 28729
690 320 28362
284 591 12422
76 62 20046
251 880 27548
718 61 14736
605 533 14278
828 840 29152
795 299 10598
231 233 24553
903 807 15140
18 230 4853
232 181 16269
249 798 20008
368 854 5800
697 653 5532
204 119 17008
408 322 1694
129 23 2870
672 502 28022
271 892 16722
867 982 20618
348 715 23471
290 711 23483
466 314 19222
272 448 2117
934 536 26695
164 363 23694
871 24 30524
297 691 31917
319 276 25640
839 876 20357
232 109 12059
303 222 1489
168 648 328
614 90 10099
912 568 13152
870 923 16606
348 851 11911
448 412 11641
80 915 6598
601 249 7497
866 657 17420
938 447 9035
35 853 16151
790 973 10045
610 219 14816
134 93 20678
252 839 26978
412 796 15175
271 719 17611
200 537 18610
134 782 5758
371 988 3903
765 338 30062
114 504 28884
660 474 12990
515 852 15481
27 732 13729
373 217 6455
707 846 13301
49 545 14124
194 772 16399
803 104 11963
589 464 21676
944 755 24354
87 533 28175
274 920 21726
535 474 27554
260 391 5536
430 145 30660
602 728 29384
885 930 7044
555 215 1176
480 900 631
890 952 32669
157 318 22253
103 447 780
190 132 6451
479 996 6654
482 851 29856
414 970 17093
566 871 27553
206 736 14048
883 23 20484
804 204 13109
69 572 28454
20 149 29585
691 149 12767
556 89 17832
999 773 15930
883 379 22279
850 704 32086
881 455 32433
787 349 21003
198 511 3690
843 403 23844
91 823 212
939 902 29266
648 495 28900
696 912 27930
327 650 31855
51 766 30580
90 588 22184
476 447 7127
95 10 12526
975 810 15068
402 40 3905
111 920 16583
668 519 27438
850 82 20886
523 721 795
767 347 8801
512 971 11569
924 710 27951
194 324 19542
469 104 26780
568 848 27395
285 313 32461
367 534 21194
774 498 14257
856 880 2283
784 53 30857
52 503 14165
268 40 28439
617 133 1749
354 190 18708
529 392 6764
133 487 18620
616 83 1279
26 187 28041
761 247 2528
954 9 21632
361 948 3554
363 457 13711
598 736 8688
554 74 3062
379 963 20835
528 201 5555
203 495 11663
320 660 31326
812 546 15674
288 717 9220
251 963 20983
811 792 13532
656 680 7842
739 942 6894
709 14 4461
525 863 7934
301 733 14657
996 920 32347
939 955 12630
726 881 14189
42 161 32601
799 810 16135
282 806 20346
378 110 26865
552 357 22319
333 176 30755
652 146 12951
729 82 7082
89 103 6587
990 435 9006
603 472 8745
317 318 652
424 364 13970
846 659 24079
472 788 20855
818 459 24859
960 617 10512
956 202 8053
61 429 10721
729 585 17768
641 491 10952
991 844 30066
462 364 104
381 385 29259
31 656 20272
506 885 10838
262 540 637
434 726 30178
260 974 29832
41 915 27593
336 884 26126
731 395 10313
665 619 13834
261 61 20524
173 761 10446
580 56 3738
600 268 19288
261 579 22064
845 887 27332
431 222 24103
540 202 289
950 935 15030
745 114 12310
779 205 7158
893 346 14101
468 972 16617
639 768 5654
330 915 5245
390 733 3852
481 717 18586
174 442 18317
425 399 10142
569 144 14705
238 736 20187
76 971 15431
382 62 9445
213 676 2803
129 868 13534
637 200 4062
29 309 13312
477 49 18286
54 744 26895
47 129 31690
500 871 1406
436 318 19991
96 902 20079
827 95 16553
953 376 18380
983 308 4839
394 367 32306
438 830 2763
176 979 7276
395 381 4425
362 359 16284
648 517 7681
242 928 2422
456 407 9222
757 228 21016
611 108 21669
290 793 9044
613 54 28271
433 266 26009
552 926 15852
249 927 27321
861 129 17100
335 594 23861
902 704 26475
245 32 6882
241 732 12804
919 299 14335
819 776 7656
590 275 25616
992 38 12430
154 320 15396
447 978 12642
114 645 20037
300 379 31895
106 205 16456
86 863 2147
98 222 16445
166 285 12660
548 203 12066
182 831 3716
732 159 26287
4 855 13385
625 851 8534
586 209 19008
898 631 30661
112 123 26106
962 114 10642
93 345 9724
891 414 3800
732 469 18002
851 609 12011
634 529 14422
489 112 7280
21 671 29809
73 240 29048
331 355 6062
771 933 9850
549 31 14458
62 898 5424
63 78 1266
380 176 21707
996 782 637
21 179 20224
497 287 31150
484 326 1492
57 66 2722
266 153 4144
294 843 25939
758 792 26535
228 71 32407
564 681 19447
182 690 9670
394 76 20778
416 825 26683
477 403 13148
798 278 1835
316 272 22425
871 205 14731
657 319 847
604 725 22259
765 137 23617
85 922 10699
878 353 16647
668 691 22051
416 250 3706
632 826 20473
804 498 158
411 428 5862
360 215 7653
31 997 9838
917 161 4586
593 473 4438
112 452 6375
154 560 25557
359 89 12189
43 624 31622
355 721 13157
275 394 21841
655 11 3231
529 602 12498
430 248 29120
795 673 9705
768 783 23466
125 311 13418
131 242 29715
606 171 16182
133 550 11559
28 69 6940
815 238 23979
355 430 12112
908 156 16200
785 369 26721
535 522 5319
630 964 16373
68 883 7270
567 877 10923
982 990 22161
592 713 11002
136 354 9116
542 299 25325
475 758 23387
512 736 6135
484 663 22436
674 817 874
713 896 1821
979 414 20269
592 978 4080
287 662 4545
70 374 25135
377 292 19899
299 588 26636
377 731 14392
289 30 22082
265 859 9985
818 190 2355
587 774 21064
670 439 27556
480 756 24403
145 910 10799
989 716 16490
700 494 692
197 638 11233
569 399 24949
394 502 3872
961 97 17826
560 203 17381
380 663 9600
50 37 15685
125 635 20076
107 589 12047
701 182 5996
709 216 11673
644 481 15636
976 101 15661
403 525 29655
769 990 3975
792 651 14886
525 749 4894
240 933 17908
549 247 19256
38 870 8553
252 976 30968
861 697 14576
389 848 15581
32 1000 20708
119 766 21879
320 814 9097
257 876 8956
549 868 11891
681 474 16872
732 664 16379
581 187 28129
875 877 11267
584 754 7751
558 81 11825
319 637 430
12 690 10624
206 414 4700
421 37 21683
380 226 17840
59 930 3468
990 923 4823
623 87 4602
747 532 17039
546 335 16630
81 491 7410
523 78 19662
69 476 27516
282 624 1806
56 311 13506
360 35 12868
332 267 25759
102 717 8268
705 109 3772
171 390 25591
722 499 29375
927 149 4897
757 980 12422
589 813 4746
955 676 50
964 763 14107
545 254 5375
53 773 16477
772 243 25351
712 882 24127
618 365 8080
242 614 10382
677 984 20594
841 70 14498
981 410 27316
115 721 1586
276 120 10616
126 357 20041
951 482 15813
499 132 14292
627 867 3290
281 196 11075
178 666 13832
919 305 31533
876 806 23110
662 726 6659
809 301 28411
106 539 15653
427 596 4795
723 746 2050
653 755 13790
300 171 14858
860 513 16956
305 155 28821
488 221 5247
710 793 27151
430 599 24249
329 389 27147
33 262 16202
58 237 30215
248 285 18490
259 550 12554
296 564 12943
897 575 12386
106 261 22092
235 906 20011
892 784 2837
132 29 20071
502 621 7856
933 995 12755
786 82 26080
880 493 23987
8 440 24898
731 97 25171
624 25 21310
788 427 12785
115 806 17703
557 285 6211
786 802 10519
36 741 18139
510 698 21306
617 11 25882
708 151 16501
515 260 21104
45 114 22967
819 321 16402
449 258 27217
557 564 887
268 237 9512
734 362 5434
915 146 10144
108 551 10291
193 408 14991
748 223 13020
850 302 28829
100 206 14695
384 554 32469
675 568 12561
546 824 5976
288 857 1420
420 761 30579
8 998 12193
623 684 4479
934 633 30801
364 180 4190
881 500 1567
676 304 13675
441 387 14931
131 947 4919
366 70 16965
516 894 13934
718 439 9501
92 844 15282
544 882 4236
423 57 27738
130 225 18273
950 328 5447
853 302 27407
752 101 12884
673 535 30072
59 781 3607
986 457 10913
238 731 26842
930 107 8728
646 229 27424
586 862 22060
713 555 26387
714 867 31572
525 319 2468
663 886 19532
135 226 26453
462 606 2008
317 253 6614
55 132 9003
327 574 15100
582 904 16484
941 774 16070
201 30 23199
476 416 20841
719 330 24969
964 918 16270
200 393 15489
102 146 24151
239 555 29090
998 139 13758
216 117 1871
165 337 11109
590 67 14102
940 320 25860
431 603 16133
478 13 24800
51 465 6860
244 256 10271
221 916 16439
706 479 20945
781 874 13037
649 507 7940
287 667 29043
589 787 5958
980 36 29152
162 541 2641
729 84 11989
739 94 1764
135 715 13698
640 793 32755
418 870 19435
961 993 20653
192 779 12966
603 583 25875
421 775 18378
58 375 20494
365 743 30924
582 622 22853
45 414 3952
848 220 23595
64 592 2596
364 982 32499
977 942 27228
422 568 9070
409 57 17349
546 317 19718
449 40 28011
978 282 24141
435 538 4649
575 285 21974
63 673 4085
144 496 25947
589 251 11756
864 523 12116
770 686 16168
380 21 30353
426 779 23749
167 340 26741
423 852 2980
559 404 13789
851 520 29380
766 292 14305
850 68 19798
397 278 13547
811 849 4045
456 727 20444
828 214 22937
270 375 3635
652 242 21844
649 180 883
988 69 10122
795 502 24386
712 711 4186
102 446 10475
355 971 32426
106 660 11853
163 971 5031
527 149 25958
515 205 3002
341 452 1778
248 523 15945
811 557 19926
161 521 30675
495 60 23120
273 910 27212
652 237 2343
363 510 24004
800 308 28234
723 815 16314
492 131 24487
787 37 14768
146 541 26648
753 702 10197
535 110 25528
509 590 12007
940 715 15886
8 58 23699
219 229 8121
965 293 16387
382 247 7343
987 19 20570
988 391 30001
829 69 21830
254 166 2804
80 423 27132
204 594 6461
670 53 11570
178 470 23001
563 786 20725
266 704 23099
806 770 4970
622 627 11049
130 771 17890
329 591 6839
953 788 31176
287 789 7050
657 260 17221
68 824 11669
34 509 20414
224 949 23499
63 217 25207
937 235 32639
956 414 13297
172 63 17772
817 604 16621
947 825 14737
892 916 23571
165 690 13934
30 471 25007
619 410 18755
634 882 20225
716 230 16476
75 467 18196
352 576 31126
240 744 19741
505 646 30361
584 360 16578
973 627 2433
803 659 748
21 495 26603
618 285 10725
612 247 27549
208 182 25074
917 399 3912
938 58 5038
746 44 6928
136 121 15309
473 546 18399
631 443 6159
98 677 12726
927 665 31631
604 505 4202
552 408 20660
541 963 11158
250 224 6497
662 404 10674
388 842 11844
393 459 899
976 997 9301
384 306 23650
574 39 11224
465 653 5393
962 246 32394
783 206 29200
219 481 6844
189 430 28602
534 428 10118
101 932 11656
319 506 612
491 345 1872
120 495 12495
835 101 20059
703 916 20657
573 330 28069
714 739 14539
522 920 27560
744 513 22116
524 99 377
198 170 2009
52 226 12841
912 110 19426
885 403 16035
290 203 11183
325 632 20864
43 468 23081
425 300 7043
852 331 11510
63 402 9410
570 304 25618
267 20 8102
839 634 15139
182 690 25156
551 530 3016
341 247 8123
261 113 27287
144 694 24228
324 461 12424
875 938 19125
429 770 24826
25 506 12059
365 734 24730
916 843 29761
14 887 3028
477 602 14081
491 704 31631
85 648 18538
29 743 15724
238 831 27809
299 846 188
903 541 21642
652 509 19429
448 743 24894
823 410 17910
268 291 4467
548 963 3733
274 402 22628
307 293 4750
789 989 23262
900 830 21928
103 539 31348
138 311 23183
583 197 19
202 707 14325
574 532 28266
858 905 5686
447 7 23001
707 370 21280
550 390 26352
126 8 29106
178 764 4512
286 497 23024
837 639 28328
715 267 20764
185 818 1516
670 396 3314
154 644 32693
790 568 25785
780 650 30724
423 579 31054
600 562 12938
108 196 18798
741 754 28380
496 339 6632
669 40 4087
746 697 29059
248 380 31551
763 24 14010
612 520 21104
630 668 20892
841 679 18751
89 443 7792
471 701 8863
165 222 3571
54 429 10977
730 104 5700
848 7 6957
71 938 9178
454 350 2052
964 139 7196
801 93 8140
656 297 19313
865 787 24466
641 115 22241
762 627 21384
649 218 3491
81 333 17898
294 974 20769
194 589 14926
935 772 19046
985 999 3212
882 942 23016
417 338 20925
122 744 11058
365 721 32518
292 860 10203
612 77 11563
897 594 15809
289 159 24861
408 316 6805
929 872 24826
444 32 13065
637 314 6719
371 888 13893
902 650 18717
786 366 32375
320 837 14888
190 793 13704
565 851 30437
517 528 20844
651 291 17107
184 626 19843
354 549 21008
315 632 12028
329 336 25507
903 438 69
62 22 14611
590 281 5093
398 213 4562
352 269 6491
278 900 11430
631 245 28365
653 40 10777
493 74 12467
463 104 21136
974 868 25792
950 955 1952
622 664 20405
524 846 23476
629 461 7657
478 796 15399
828 309 5279
627 443 6492
470 641 5774
240 437 21877
491 742 28705
788 89 19908
506 573 12369
484 757 23553
757 285 22840
483 520 1001
437 456 32676
871 679 30431
847 40 4943
783 141 31379
870 661 4493
890 954 24812
118 595 25235
972 168 28320
715 579 9627
6 953 6972
331 624 19094
741 217 20627
181 186 6184
968 332 2243
519 989 13095
252 362 12636
816 991 30928
985 639 24387
560 270 3951
542 587 29288
822 163 2353
905 210 6517
309 788 25423
538 170 1259
572 640 8164
563 425 22138
447 813 17145
338 594 17517
661 645 11194
508 740 21123
17 405 10445
869 566 14483
822 92 21307
720 426 25790
457 749 15734
483 358 18990
618 233 27739
100 170 11908
512 258 28227
225 433 14217
879 509 18558
91 346 26561
510 777 28106
735 819 21486
722 531 4270
506 420 29859
866 320 31419
32 410 24185
711 193 11802
502 950 12421
737 896 2305
385 644 31776
723 531 31442
48 1 6685
13 313 10526
300 851 8450
365 524 14017
63 485 19685
264 837 18887
719 381 29936
418 190 31979
118 555 29638
961 521 12222
488 725 32569
345 227 13543
886 43 8459
470 49 16368
35 398 9657
223 163 15518
135 191 14211
947 179 30671
63 673 19236
923 433 17988
379 248 20728
427 926 12272
68 628 6286
685 489 9879
307 64 19920
845 707 1255
89 262 15934
939 443 3927
76 968 31233
273 916 610
661 233 14260
645 669 29189
548 523 29497
970 59 27780
755 704 24312
914 677 1759
737 658 15438
526 942 17283
611 842 23332
10 710 13338
899 649 10723
453 81 23940
846 597 13876
661 701 20833
371 411 5211
207 163 12982
841 566 9740
180 308 910
867 210 31490
161 885 14253
693 840 21706
135 757 11431
