4 4
1 2
2 3
3 4
4 1
52 148
1 2
1 3
2 3
2 4
2 5
1 5
3 5
1 6
2 6
5 6
3 7
4 7
2 8
7 8
6 8
4 9
2 9
7 9
5 9
9 10
1 10
8 11
9 11
3 11
5 11
7 12
10 13
1 13
6 13
2 13
8 14
9 14
4 14
2 15
14 15
1 15
5 15
3 15
5 16
3 16
2 16
10 16
1 16
6 17
11 17
12 17
8 18
2 18
11 18
6 19
17 19
15 19
13 19
6 20
14 20
19 20
17 20
1 21
9 21
16 21
8 21
10 22
8 22
9 22
12 23
15 23
5 23
6 23
14 23
17 24
1 24
21 24
9 24
4 24
22 25
5 25
19 26
11 26
1 26
10 27
2 27
10 28
2 28
5 28
11 29
19 29
5 30
7 30
21 30
28 30
20 30
27 31
28 31
12 31
24 32
11 32
16 32
30 32
32 33
23 33
32 34
2 34
12 34
5 35
11 35
13 36
20 36
29 37
10 37
20 38
22 38
4 38
18 38
2 39
24 40
35 40
21 41
38 41
11 41
6 41
41 42
25 43
27 43
6 44
41 44
29 45
20 45
8 45
15 46
7 46
10 47
39 47
15 47
26 48
19 48
16 48
9 48
9 49
32 49
3 49
10 49
31 49
12 50
18 51
5 51
23 51
15 51
31 52
148 440
1 2
1 3
2 3
2 4
3 4
1 4
3 5
1 5
2 5
2 6
5 6
4 6
1 6
5 7
2 7
6 7
2 8
3 9
5 9
1 9
8 9
7 9
8 10
1 10
10 11
6 12
7 12
8 12
10 12
7 13
2 13
9 13
10 13
4 14
3 14
7 14
12 14
1 14
4 15
9 15
3 15
1 16
6 16
10 16
6 17
3 17
12 17
1 17
6 18
8 18
5 18
10 19
2 20
19 20
3 20
8 20
15 21
1 21
20 21
15 22
18 22
10 22
12 23
18 24
6 24
13 24
8 24
7 24
13 25
1 25
12 25
15 25
14 26
7 27
15 27
13 27
10 27
22 28
8 28
22 29
15 29
16 29
2 30
9 30
10 30
26 31
23 31
24 31
21 32
10 33
32 33
7 33
31 33
32 34
15 34
28 34
19 34
5 35
9 35
32 36
18 36
29 37
24 37
22 38
1 38
19 38
22 39
30 39
32 39
30 40
29 41
9 41
9 42
30 42
25 42
26 42
6 43
31 43
13 43
23 44
5 44
10 45
19 45
13 45
22 45
3 45
39 46
18 46
23 47
31 48
27 49
40 49
11 49
10 50
32 51
1 51
37 51
2 51
26 51
20 52
50 52
9 52
30 53
41 53
49 54
43 54
47 55
36 56
7 57
56 57
51 57
12 57
15 58
46 58
54 58
57 59
56 59
29 59
27 59
5 59
24 60
2 60
37 60
29 60
38 61
16 61
37 61
32 62
46 62
34 62
20 62
31 63
21 63
43 64
51 64
31 64
3 64
10 65
48 65
23 65
44 65
51 65
51 66
14 66
12 66
60 66
65 67
18 67
54 68
4 68
41 68
11 68
57 69
5 69
36 69
21 70
69 70
35 70
12 70
46 70
54 71
22 71
52 71
40 71
6 71
6 72
71 72
32 72
21 72
8 73
54 74
1 75
42 75
56 76
45 76
20 76
52 76
65 77
13 78
36 78
43 78
54 78
1 79
27 80
4 80
69 80
34 80
9 80
35 81
4 81
2 81
13 81
80 82
46 82
20 82
21 83
7 83
44 83
55 83
71 83
25 84
72 84
30 84
41 85
27 85
17 85
74 85
65 85
25 86
75 86
38 86
82 87
36 87
48 87
41 87
51 88
67 88
74 89
13 89
18 89
11 89
66 90
4 90
68 90
43 90
6 91
22 91
66 91
87 91
74 91
72 92
28 93
83 93
48 93
35 93
71 94
21 94
23 94
43 94
90 95
16 96
24 96
49 96
71 96
63 96
12 97
92 97
36 97
69 98
20 98
7 99
47 99
82 99
56 100
94 100
58 100
13 100
61 100
44 101
26 102
90 102
46 103
41 103
18 103
30 104
56 104
38 104
80 105
60 105
81 105
41 106
85 106
15 106
12 106
38 107
76 107
7 107
48 107
61 108
69 108
67 108
87 109
7 109
96 109
62 109
31 109
73 110
109 110
87 111
78 112
34 112
5 113
55 113
67 113
41 113
78 114
24 115
107 115
103 115
87 115
113 116
12 116
77 116
36 116
37 116
107 117
2 118
36 118
21 118
40 119
67 119
98 120
1 120
54 120
54 121
5 121
101 121
106 121
92 122
71 122
47 122
77 123
43 123
26 123
114 123
109 124
86 124
12 124
29 124
111 125
95 126
62 126
100 126
94 126
35 126
27 127
108 128
76 128
71 128
24 128
48 129
56 129
59 129
12 129
85 130
14 130
44 130
13 130
116 131
66 131
103 131
97 131
95 131
120 132
16 133
34 134
97 134
30 134
78 134
89 135
128 136
35 136
116 136
127 136
1 136
96 137
79 137
105 137
97 137
107 138
106 139
48 139
42 139
35 140
51 140
40 140
41 141
68 141
4 141
119 141
9 142
129 142
18 142
1 143
87 143
81 143
79 143
74 144
103 144
42 144
95 144
76 144
119 145
41 145
112 146
12 147
98 148
128 148
114 148
108 148
112 326
1 2
1 3
2 4
3 4
2 5
3 5
5 6
3 7
5 7
1 7
7 8
1 8
4 8
5 8
7 9
6 9
1 9
4 9
5 10
7 10
4 11
6 11
10 11
1 11
11 12
5 12
1 12
12 13
8 13
1 13
7 14
13 14
6 14
2 14
10 14
5 15
3 15
1 15
6 15
7 15
9 16
5 16
9 17
7 17
15 18
5 18
2 18
10 19
9 19
13 20
7 20
8 20
17 20
11 21
3 21
13 21
12 21
9 22
15 22
9 23
8 23
22 23
18 24
11 24
12 24
1 25
21 25
14 25
22 26
8 27
20 27
17 27
19 27
12 28
26 28
23 28
25 28
5 29
3 29
18 30
7 30
2 30
23 30
15 30
13 31
11 32
15 32
27 33
29 33
23 33
13 33
25 34
33 35
13 36
21 37
21 38
36 38
12 39
15 40
4 40
29 40
19 41
29 41
13 41
36 41
20 42
19 42
9 43
30 44
28 44
42 44
1 44
40 45
24 45
6 45
21 45
38 46
7 46
2 46
13 46
36 47
19 48
23 48
42 48
22 48
21 49
32 49
12 49
25 49
30 50
47 50
8 50
40 50
16 50
40 51
3 51
43 51
16 51
38 52
11 52
42 52
4 53
17 54
15 54
16 54
45 55
52 56
37 56
28 56
47 56
25 57
18 57
19 57
5 57
31 58
29 58
14 58
52 58
28 58
11 59
37 59
46 59
53 60
41 60
49 60
43 60
9 61
8 61
38 61
55 61
53 62
45 63
61 63
9 63
22 64
5 64
57 65
55 66
21 67
10 67
58 67
41 67
11 67
20 68
14 68
21 69
30 70
49 70
9 70
64 70
7 70
6 71
50 71
56 71
37 71
23 71
33 72
11 73
57 74
36 74
54 74
38 74
19 75
15 76
61 76
7 77
2 77
12 77
56 77
17 77
16 78
70 78
14 78
22 79
4 79
60 80
11 80
2 80
38 81
31 81
3 81
65 81
76 81
18 82
69 83
57 84
19 85
11 85
29 85
52 85
13 85
65 86
14 86
2 86
58 86
56 86
19 87
10 88
55 88
44 88
4 88
73 89
76 89
27 89
66 89
18 90
75 90
31 91
54 92
87 92
6 92
46 93
52 93
11 93
47 93
80 94
39 94
4 94
26 94
74 94
32 95
14 95
57 95
66 95
35 96
71 96
25 96
21 96
10 97
51 97
50 97
79 97
65 98
57 98
83 98
9 98
89 99
28 99
44 99
50 99
16 99
21 100
16 100
54 100
80 100
4 100
71 101
80 101
1 101
29 101
97 101
79 102
76 102
58 103
66 103
91 103
35 103
93 103
61 104
51 104
26 104
87 104
40 105
95 106
42 106
6 106
103 106
68 106
103 107
79 107
95 108
59 108
105 108
91 108
61 109
107 110
95 110
41 110
108 110
34 111
5 111
62 111
52 111
25 112
77 112
35 112
97 287
1 2
2 3
1 3
2 4
3 4
2 5
4 6
2 7
6 7
1 7
4 8
5 8
1 9
8 9
4 9
7 10
9 11
1 12
2 12
3 12
8 13
4 13
11 13
9 13
1 14
9 14
3 14
4 14
11 14
6 15
11 15
13 16
12 16
7 16
14 16
2 17
1 17
15 17
11 17
5 18
1 18
14 18
7 18
13 19
9 19
8 19
18 19
12 20
11 20
3 20
19 20
1 21
6 21
15 22
3 22
1 22
11 22
7 22
18 23
5 23
15 24
1 24
11 24
22 25
12 26
17 26
25 26
8 27
22 27
10 27
15 27
14 28
20 28
17 28
10 28
13 28
23 29
24 29
20 30
27 30
9 30
26 31
11 31
19 31
28 31
7 32
15 32
7 33
12 33
11 33
26 34
17 34
16 35
1 36
22 36
34 36
30 36
1 37
15 37
27 37
22 38
37 39
4 39
20 39
34 39
18 40
24 40
36 41
21 41
3 41
38 41
32 42
36 42
27 42
1 42
20 43
4 44
18 44
24 44
17 44
31 44
35 45
3 45
5 45
5 46
35 46
16 47
14 47
7 47
19 48
40 48
44 48
12 48
25 48
28 49
42 49
45 49
18 49
10 50
5 50
35 50
41 50
4 50
42 51
18 51
24 51
12 51
9 52
11 52
25 52
10 52
6 53
33 54
18 54
47 54
41 55
12 55
17 55
16 55
13 56
35 57
25 58
13 58
11 58
46 58
26 58
15 59
22 59
20 60
27 60
21 60
39 61
41 61
7 61
42 61
22 61
42 62
14 62
4 62
40 62
17 62
22 63
45 63
53 63
55 64
52 64
37 64
35 65
5 65
14 65
6 66
51 66
9 66
25 66
54 67
10 67
1 67
43 67
66 67
22 68
33 68
42 68
7 68
24 69
68 69
6 69
39 69
15 70
13 70
5 70
17 70
30 71
33 71
45 71
29 71
9 71
46 72
4 72
29 72
62 73
36 73
22 74
26 74
57 74
2 74
53 75
63 75
9 75
65 76
7 77
59 78
60 78
12 78
43 78
15 79
61 79
66 79
59 79
14 79
18 80
61 80
22 80
17 80
38 81
65 81
19 81
69 81
60 81
38 82
55 82
65 83
75 83
14 83
70 83
40 83
61 84
79 84
77 84
72 85
57 85
73 86
11 86
73 87
31 88
58 88
37 88
43 89
30 89
48 90
67 90
33 91
14 91
6 92
50 93
85 93
6 93
25 93
87 94
41 94
4 94
43 95
56 96
62 96
36 96
4 96
83 96
64 97
73 184
1 2
2 3
1 3
1 4
2 5
4 5
3 5
3 6
4 6
1 6
3 7
4 7
5 7
6 7
6 8
4 8
5 8
1 9
5 9
9 10
6 11
7 11
1 12
10 12
7 12
7 13
9 13
3 13
4 14
1 14
11 15
13 15
12 16
1 16
4 17
4 18
13 18
12 18
11 18
10 19
7 19
12 19
1 20
19 20
2 21
18 21
14 21
18 22
21 22
5 22
4 22
15 23
20 23
9 23
10 23
5 24
18 24
23 25
2 25
16 25
22 25
4 26
12 26
6 26
11 26
14 27
9 28
4 28
1 28
14 28
17 29
23 29
2 29
15 30
4 30
30 31
6 32
17 33
14 33
6 33
32 34
4 34
9 35
29 35
31 36
3 36
29 36
34 36
8 37
6 37
19 38
5 38
3 38
26 38
29 39
11 39
5 39
34 39
23 39
6 40
14 41
15 41
18 41
4 41
38 42
27 42
15 42
31 43
29 43
23 44
27 44
18 44
10 44
7 45
43 45
33 45
16 45
10 46
26 47
19 48
20 49
43 49
31 50
36 50
4 50
45 51
39 51
29 51
26 52
23 52
27 53
19 53
18 53
50 54
24 54
53 54
52 55
37 55
47 55
20 55
39 56
43 56
51 56
16 57
28 57
39 58
35 58
7 59
47 59
21 59
43 60
6 60
58 61
48 61
52 61
59 62
40 63
38 63
54 63
16 63
47 64
32 64
2 64
56 64
57 64
54 65
2 65
44 65
44 66
24 67
64 67
7 68
10 69
13 69
7 69
30 70
13 70
38 70
49 71
64 71
25 72
28 72
32 73
9 73
130 376
1 2
2 3
1 3
1 4
4 5
1 5
3 6
4 6
2 6
1 7
5 7
6 7
6 8
1 8
3 8
1 9
5 9
2 10
8 10
5 10
4 11
1 11
9 11
7 12
3 12
5 12
11 13
12 13
3 14
1 14
12 15
1 16
9 16
9 17
8 17
13 17
5 18
16 18
7 18
18 19
1 19
5 20
12 20
16 20
9 20
1 21
7 21
13 21
8 21
17 21
16 22
7 23
4 23
1 24
11 24
17 24
2 25
17 26
20 26
25 26
4 27
17 28
27 28
1 29
23 29
8 29
15 29
9 29
20 30
3 31
21 32
15 32
25 32
5 32
26 33
7 33
14 34
3 34
9 34
20 34
18 35
31 35
24 35
33 36
13 36
31 36
27 36
13 37
8 37
36 37
33 37
4 38
33 38
31 38
9 39
2 39
7 39
30 40
31 41
27 41
33 41
34 42
30 42
5 42
10 42
39 43
26 43
27 43
17 43
36 43
14 44
38 44
32 44
31 44
5 44
7 45
10 45
31 45
11 45
25 46
33 47
16 48
46 48
25 48
8 48
15 49
9 49
18 49
8 49
42 50
48 51
10 51
18 52
46 52
25 52
36 52
50 52
2 53
20 53
34 53
19 53
51 53
15 54
44 54
12 54
31 54
27 54
10 55
6 55
40 55
18 55
50 56
7 56
25 57
19 57
43 57
33 57
51 57
44 58
57 58
27 59
56 60
46 60
10 60
27 60
59 61
29 61
23 61
50 61
45 62
14 62
32 62
4 62
12 62
25 63
54 63
9 63
61 63
28 64
52 64
2 64
49 64
13 65
49 65
9 65
64 65
12 66
3 66
26 66
46 67
25 67
45 68
27 69
48 69
38 70
3 70
9 71
43 71
11 71
21 71
46 72
20 72
3 72
35 72
34 72
3 73
24 73
20 73
48 73
8 73
50 74
55 74
65 74
66 75
40 76
41 76
35 77
47 77
12 77
36 78
12 78
67 78
52 79
70 79
18 79
2 79
24 79
14 80
20 80
23 80
6 81
56 81
13 82
53 82
34 82
32 82
46 83
16 83
22 83
20 83
77 83
31 84
11 84
44 85
80 85
12 85
84 86
15 87
28 88
45 88
36 88
20 88
33 88
80 89
60 90
61 90
55 90
45 90
33 91
78 91
55 91
37 92
24 92
74 93
75 94
40 94
48 94
41 94
53 95
44 95
76 95
83 95
85 95
8 96
86 96
5 96
65 96
28 97
26 97
80 98
73 98
15 98
95 99
1 99
13 99
49 100
19 100
95 100
82 101
72 102
87 102
44 102
86 102
99 102
42 103
94 103
55 103
57 104
8 104
15 104
35 105
43 105
84 105
77 106
8 106
100 106
94 106
7 107
55 107
80 107
81 107
56 108
12 108
59 108
74 108
49 108
90 109
58 109
91 109
74 109
93 110
70 110
18 110
77 111
59 111
23 112
74 113
81 114
108 114
103 114
25 115
87 115
2 115
40 115
20 116
25 116
66 116
95 117
35 117
22 117
103 118
73 118
30 119
18 119
5 119
105 119
89 119
105 120
94 120
50 120
65 121
40 121
20 122
73 122
15 122
95 123
120 124
5 124
25 124
119 124
15 124
21 125
70 126
75 127
13 127
16 127
122 127
115 128
41 128
48 128
119 128
26 128
83 129
80 129
115 130
108 130
107 274
1 2
1 3
2 3
2 4
1 4
3 5
1 5
3 6
4 7
4 8
6 8
5 8
7 8
3 9
5 9
4 9
1 9
8 10
3 10
2 11
7 11
8 11
1 11
3 12
12 13
11 13
6 13
8 14
7 14
9 14
7 15
6 15
1 15
9 16
1 17
12 17
17 18
15 18
14 18
12 18
1 18
2 19
18 19
19 20
3 21
16 21
5 21
13 22
5 22
19 22
6 22
18 22
4 23
8 23
20 23
11 23
19 24
9 24
1 24
7 25
9 25
4 25
1 25
4 26
14 27
17 27
25 27
1 27
10 27
13 28
3 28
7 28
20 29
5 29
14 29
3 29
15 30
22 30
29 30
22 31
14 31
20 32
11 32
25 32
26 32
4 33
5 33
18 33
4 34
9 34
11 34
1 34
25 35
28 35
11 35
30 35
34 36
6 36
29 36
12 37
32 37
19 38
11 38
33 38
8 38
3 38
8 39
14 39
2 39
27 39
29 40
34 40
3 40
18 40
10 41
5 41
10 42
41 42
13 42
28 42
22 42
6 43
7 44
13 45
44 46
18 47
41 48
20 48
34 48
35 48
36 49
1 50
26 51
36 51
28 52
21 53
36 54
38 55
48 55
33 55
54 55
49 55
34 56
38 57
5 57
33 57
11 57
45 57
55 58
51 58
23 58
31 58
20 59
55 60
43 60
41 60
7 60
55 61
57 61
23 62
25 62
27 62
5 63
54 63
32 64
27 65
56 66
31 66
17 66
43 67
9 67
42 67
39 68
36 68
46 69
9 69
61 70
39 71
48 71
39 72
65 72
41 72
64 73
12 74
33 74
56 74
34 75
42 76
69 76
71 76
33 76
52 76
61 77
56 77
24 77
16 77
48 78
45 78
36 78
67 78
5 78
2 79
34 79
72 79
42 80
36 80
9 80
49 81
65 81
5 81
68 81
65 82
62 82
38 82
36 83
79 83
53 84
68 85
34 85
55 85
19 86
4 87
24 87
40 88
75 88
73 88
69 88
33 89
23 89
13 89
53 89
34 90
70 91
42 91
4 91
23 92
11 92
71 93
20 93
34 93
45 93
27 93
38 94
70 94
92 95
59 96
93 97
36 97
88 97
85 97
69 98
2 98
83 99
21 99
14 99
24 99
9 100
55 100
81 101
22 101
30 102
45 103
30 103
63 103
4 104
57 104
41 104
99 105
39 105
16 106
49 107
20 107
39 107
26 107
124 342
1 2
1 3
2 3
3 4
1 4
2 4
3 5
2 5
5 6
4 6
1 7
4 7
2 8
6 8
3 8
8 9
7 9
4 10
9 11
2 12
6 12
10 12
9 12
3 12
1 13
5 13
10 14
8 14
13 14
12 14
10 15
11 15
5 15
4 15
8 15
13 16
2 16
3 17
1 17
2 17
10 17
14 18
9 18
2 18
8 18
10 19
18 19
7 20
18 21
17 21
8 21
15 21
6 22
13 22
1 22
12 23
3 24
15 24
15 25
18 25
7 25
23 25
19 26
4 27
24 27
1 27
22 28
4 28
11 29
3 30
29 30
20 30
13 31
25 31
15 31
31 32
22 32
16 32
20 33
5 34
14 34
23 34
14 35
29 35
25 35
25 36
14 37
26 37
18 37
29 37
18 38
16 39
11 39
1 40
39 40
8 41
15 41
13 41
31 41
33 42
29 42
36 43
29 43
14 43
1 43
27 43
40 44
12 44
5 44
23 45
11 46
21 47
41 47
42 47
35 47
13 48
43 48
4 48
20 48
45 48
43 49
42 49
16 49
33 50
7 50
10 50
6 51
36 52
4 52
31 52
41 52
47 53
51 53
43 54
37 55
10 55
19 55
7 56
50 56
29 56
23 56
52 56
16 57
40 57
5 57
19 58
55 58
20 58
42 58
44 59
59 60
19 60
48 60
44 61
24 62
1 62
31 62
56 62
44 62
32 63
52 63
16 64
23 64
6 64
24 64
8 65
58 65
45 66
25 66
22 66
9 66
21 66
9 67
62 67
5 67
54 67
1 67
47 68
33 69
2 69
36 70
37 70
8 71
33 71
65 72
44 72
54 72
50 72
6 73
35 73
26 73
26 74
17 74
41 74
5 74
63 75
18 75
37 76
23 76
5 76
34 76
70 76
26 77
38 77
23 77
61 78
34 78
55 79
17 79
73 79
7 79
51 79
15 80
65 80
60 80
15 81
26 81
40 81
58 82
52 82
68 82
38 82
80 83
56 83
81 84
59 84
67 85
15 85
32 85
57 85
56 85
52 86
40 86
7 87
42 87
2 87
83 87
74 87
19 88
39 89
22 89
57 90
33 90
31 90
86 90
63 91
67 92
59 92
13 92
51 93
7 94
11 94
48 94
32 95
10 95
89 95
35 96
40 96
83 96
93 97
14 97
12 97
2 97
26 98
92 98
96 98
5 99
19 99
32 99
62 100
16 100
34 100
16 101
34 101
99 101
60 102
65 102
15 102
19 103
86 103
94 103
57 103
81 104
43 104
89 104
27 104
70 105
48 105
66 106
99 106
21 106
66 107
80 107
20 107
62 107
55 108
85 108
6 108
71 108
2 109
15 109
65 109
103 110
81 110
50 110
30 110
75 110
107 111
87 111
40 111
33 111
102 112
22 112
94 113
9 113
105 113
41 113
53 113
27 114
33 114
12 115
103 116
98 116
7 117
61 117
7 118
12 119
76 119
101 120
14 120
73 120
9 121
80 121
23 121
54 121
55 121
116 122
61 122
94 122
16 122
107 123
63 124
71 203
1 2
2 3
1 3
2 4
1 4
4 5
2 5
1 5
5 6
2 6
1 6
2 7
3 7
2 8
1 8
7 8
7 9
2 10
4 10
5 10
4 11
3 12
11 12
9 12
4 12
11 13
9 13
4 13
1 13
9 14
1 14
6 14
2 14
6 15
5 16
11 17
9 17
2 17
6 17
14 17
13 18
1 18
16 18
10 18
7 19
8 19
15 19
10 19
9 19
18 20
10 20
12 20
17 21
9 21
5 21
1 21
5 22
6 23
9 23
15 23
13 23
1 23
16 24
4 24
10 24
17 24
6 25
19 25
2 26
12 27
1 27
3 27
18 28
14 28
4 29
27 29
12 29
28 29
24 30
18 30
9 30
10 30
6 30
26 31
29 31
20 31
30 31
5 31
26 32
30 32
12 32
19 32
27 33
29 33
30 33
24 33
1 33
32 34
17 34
23 34
29 34
23 35
13 36
15 36
27 37
34 37
21 37
32 37
22 38
36 38
34 39
25 39
27 39
28 39
22 39
5 40
24 40
26 40
7 41
37 42
4 42
26 42
21 42
39 43
33 43
21 43
22 43
20 44
41 44
36 44
24 45
1 45
20 45
2 46
36 46
34 46
38 46
45 46
34 47
33 47
11 47
41 47
18 48
23 48
37 48
3 48
21 49
35 50
29 51
21 52
10 52
13 52
34 52
44 53
14 54
17 54
43 54
17 55
51 56
17 56
47 56
18 57
22 57
21 57
43 57
11 58
3 59
8 59
17 59
10 59
44 60
17 60
43 60
50 60
14 61
23 61
57 62
2 62
30 62
33 62
24 63
36 63
19 63
38 63
14 63
38 64
20 65
51 65
9 65
34 65
43 66
17 66
57 67
58 67
46 67
5 68
48 69
65 70
48 70
23 70
9 70
44 70
45 71
148 435
1 2
1 3
2 3
3 4
2 4
1 4
1 5
4 6
5 6
3 7
5 7
5 8
4 8
7 8
1 8
3 9
2 9
7 10
4 10
9 10
5 10
2 11
9 12
11 12
5 12
2 13
8 13
8 14
10 14
10 15
13 15
12 15
1 15
11 15
14 16
11 17
4 17
7 17
5 17
13 17
2 18
1 18
13 18
14 18
10 19
1 19
16 20
1 20
13 20
7 20
18 21
14 21
7 21
11 21
3 21
1 22
14 22
10 22
4 23
16 23
10 23
20 23
1 24
12 25
6 26
23 26
14 27
21 27
23 27
25 28
20 28
1 29
28 29
1 30
22 30
24 31
14 31
26 31
11 31
8 31
19 32
2 33
26 33
9 33
12 33
10 33
24 34
6 34
29 34
7 34
26 34
19 35
30 36
33 36
19 37
6 37
16 37
15 37
28 37
22 38
37 38
18 38
33 39
9 39
7 39
3 40
26 40
37 40
16 41
25 41
20 41
7 41
37 42
12 42
16 42
38 42
28 43
5 43
2 44
13 44
9 45
12 45
40 45
9 46
12 46
15 46
16 46
42 47
35 48
25 48
17 48
28 49
47 50
24 50
26 50
20 51
21 51
44 51
38 52
33 52
6 52
25 53
3 53
31 53
23 53
49 54
43 54
5 54
34 55
2 55
42 55
28 55
47 56
29 56
52 57
9 57
43 57
42 57
1 58
23 58
45 58
4 59
41 59
52 59
16 59
43 60
41 60
11 60
2 60
56 60
23 61
41 61
51 61
54 61
43 61
45 62
13 62
35 62
41 62
9 63
25 63
19 63
49 63
22 64
61 64
18 64
26 64
10 65
5 66
43 66
22 66
24 66
28 66
61 67
18 67
34 67
2 67
55 68
36 68
59 68
46 68
67 69
36 70
31 70
8 71
14 71
45 71
27 71
17 71
65 72
3 72
14 73
71 74
70 74
28 74
21 74
34 75
16 75
36 75
12 75
61 76
73 76
2 77
16 77
4 77
42 77
44 78
41 78
8 79
43 79
42 79
61 80
36 80
46 80
25 81
6 81
20 81
23 81
80 81
29 82
27 83
65 84
6 85
67 85
74 85
44 85
64 86
42 86
28 86
6 86
78 87
66 87
36 87
7 87
37 88
66 88
48 89
5 90
75 91
14 91
84 92
6 92
4 92
25 93
63 93
14 93
23 94
67 94
7 94
61 94
46 95
69 96
19 96
66 96
72 97
69 97
28 98
72 99
11 99
59 99
87 99
69 99
73 100
4 100
36 101
4 101
13 102
10 103
19 103
64 103
12 103
80 103
61 104
13 104
54 104
26 104
71 105
100 105
60 105
6 105
42 105
63 106
16 106
75 106
54 107
29 107
57 107
18 107
37 107
98 108
84 108
3 108
79 108
86 109
98 109
31 109
23 109
87 110
39 110
105 110
93 110
83 111
107 111
82 111
34 112
109 112
45 112
4 112
59 113
81 114
68 114
54 115
106 115
5 116
83 116
30 116
62 116
27 116
17 117
40 117
83 117
8 118
76 118
34 118
62 118
17 118
66 119
83 120
67 120
113 120
13 120
75 120
49 121
71 121
19 121
13 121
65 122
15 122
9 122
117 122
89 122
18 123
109 123
67 123
92 123
101 124
27 124
116 124
92 124
110 125
55 126
72 126
29 126
42 127
19 127
125 128
41 128
127 128
36 129
6 129
72 129
90 129
24 130
56 130
69 131
119 131
6 132
102 132
112 132
37 133
77 133
25 134
72 134
34 134
65 135
20 135
38 135
117 135
116 136
82 136
33 136
132 137
101 138
114 138
105 138
53 138
94 139
15 139
54 140
28 140
94 141
123 141
14 141
74 141
2 141
116 142
64 143
18 143
20 143
25 143
47 144
122 144
57 145
120 145
139 145
89 146
106 146
31 146
13 146
97 146
42 147
62 147
108 147
90 148
122 148
98 292
1 2
1 3
2 3
1 4
1 5
3 5
2 5
2 6
2 7
3 7
1 7
5 7
4 8
7 8
2 9
5 9
1 10
4 10
2 10
8 10
9 10
9 11
8 12
1 12
4 12
3 13
5 13
8 13
10 13
1 14
11 14
6 14
2 14
9 15
5 15
2 15
7 15
14 16
3 16
7 17
10 17
6 17
1 17
5 17
2 18
6 18
4 18
12 18
2 19
13 20
5 20
3 20
20 21
14 21
21 22
18 23
8 23
21 24
16 24
20 24
12 24
17 24
20 25
9 26
5 26
8 26
23 27
22 27
1 27
4 27
15 28
6 28
24 28
21 28
26 29
28 29
4 29
5 29
21 30
1 30
19 31
27 31
31 32
7 33
30 33
14 33
9 33
8 33
9 34
23 34
16 35
10 35
18 35
7 35
9 35
30 36
26 36
29 36
16 36
31 37
18 37
27 37
33 37
17 37
17 38
13 38
28 38
37 38
3 38
29 39
9 39
33 39
2 40
30 40
18 41
29 41
13 41
36 41
38 42
34 42
33 42
17 42
8 42
15 43
31 43
34 44
30 44
35 44
32 44
6 45
29 45
4 45
13 45
3 46
31 46
40 46
17 47
22 47
5 48
30 48
48 49
26 49
33 49
3 50
32 50
2 50
19 50
8 51
37 51
2 52
8 53
22 53
5 54
3 54
10 54
13 55
2 55
14 55
17 55
28 55
25 56
3 56
45 56
14 56
32 57
7 57
48 57
9 58
47 58
11 58
26 58
18 58
43 59
15 59
7 60
2 60
40 60
18 61
36 61
39 61
40 62
33 62
1 62
21 62
31 63
32 63
4 64
2 64
8 64
31 65
36 65
32 65
42 66
26 66
32 66
7 66
35 67
15 67
37 68
40 68
16 69
17 69
48 70
43 70
54 70
35 71
22 71
2 71
55 72
11 72
5 72
18 73
20 73
49 74
52 74
53 74
37 74
50 75
24 75
59 75
42 76
19 76
63 76
54 76
31 76
30 77
72 77
15 77
64 77
9 77
61 78
36 78
42 79
26 80
61 80
76 80
17 81
30 81
29 81
36 81
42 81
12 82
52 82
46 82
40 82
5 82
21 83
43 83
37 83
74 83
73 83
10 84
7 84
79 85
12 85
71 85
54 85
10 86
48 86
27 87
81 87
59 87
57 88
34 88
73 89
79 89
34 90
8 90
41 90
77 90
22 91
59 91
16 92
49 92
11 93
26 94
25 94
69 94
29 94
66 95
77 95
8 95
20 95
47 95
60 96
47 96
77 96
40 97
95 97
62 98
27 98
89 98
122 328
1 2
1 3
1 4
3 5
1 5
4 5
3 6
6 7
2 7
1 8
5 9
7 9
1 9
6 9
9 10
5 10
4 10
1 11
3 11
2 11
9 11
6 11
7 12
10 13
3 14
12 15
2 15
4 15
1 15
5 15
2 16
12 16
14 17
7 17
1 18
17 18
13 18
7 18
14 19
2 19
7 20
13 20
8 20
14 20
1 20
10 21
18 21
11 21
5 21
15 22
1 23
6 23
4 23
7 23
21 24
5 24
7 24
17 24
6 24
8 25
23 25
5 26
16 26
8 27
26 27
11 28
2 28
22 28
27 28
23 29
28 30
11 31
15 31
27 32
8 32
25 32
9 32
17 33
5 33
2 33
26 33
16 34
15 34
27 34
20 34
18 35
17 35
21 35
23 36
2 36
20 36
33 36
6 37
21 37
5 37
18 37
37 38
2 38
29 38
33 38
26 39
14 40
7 40
34 40
13 40
35 41
9 41
18 41
18 42
39 42
16 42
29 43
34 43
26 44
19 44
21 44
34 44
30 44
28 45
40 45
29 45
38 45
11 45
35 46
25 46
2 46
8 47
36 47
12 47
4 47
21 47
20 48
17 48
33 48
36 49
32 49
26 50
22 51
13 51
6 51
9 51
30 52
36 52
20 52
28 53
33 53
8 53
25 54
50 55
46 55
28 56
24 56
50 56
49 57
37 58
54 58
17 58
1 58
22 59
53 59
24 59
42 59
32 60
42 60
49 60
7 60
51 60
33 61
32 61
9 61
46 61
17 62
4 62
30 62
4 63
43 63
41 64
49 65
16 65
23 66
30 66
12 67
10 67
58 67
53 68
25 68
9 69
28 69
64 69
44 69
31 70
12 70
57 70
32 70
7 70
23 71
49 71
30 72
62 72
28 72
9 72
19 73
37 73
39 73
7 73
13 73
28 74
42 74
31 74
35 75
64 76
12 76
43 76
27 76
70 77
44 77
17 77
32 78
13 78
56 79
35 79
19 79
29 79
79 80
43 81
5 82
7 82
60 82
2 82
78 83
56 83
77 83
77 84
38 85
18 86
15 86
8 86
51 86
6 86
29 87
44 87
15 87
58 88
35 89
25 89
80 89
80 90
12 90
26 91
64 92
33 92
92 93
13 94
75 95
66 95
11 95
18 96
25 96
15 97
47 98
94 99
85 100
50 100
24 100
69 101
26 101
14 101
90 101
6 102
59 103
71 103
79 103
4 103
1 103
21 104
81 104
26 105
71 106
53 107
16 108
88 108
102 108
20 108
84 109
95 109
42 109
16 109
36 109
4 110
5 110
40 110
62 110
40 111
91 111
40 112
80 112
6 112
97 112
72 113
4 113
10 113
22 114
70 114
53 114
55 115
1 115
102 115
4 115
70 115
63 116
14 116
50 116
75 117
18 117
11 117
50 118
108 118
12 119
47 119
4 120
101 120
118 121
44 121
56 121
55 122
42 122
98 122
50 122
140 381
1 2
2 3
2 4
3 4
2 5
1 5
3 5
5 6
3 6
2 6
4 6
5 7
3 7
1 7
2 8
1 8
7 9
3 9
1 9
4 10
1 10
7 10
3 11
6 12
4 12
7 12
7 13
7 14
10 14
5 14
1 14
4 15
2 15
4 16
1 16
14 17
4 17
3 17
17 18
16 18
6 18
2 19
13 19
12 19
13 20
5 20
3 20
9 21
4 22
20 23
12 23
1 23
10 23
21 24
19 25
7 25
4 25
2 25
25 26
21 26
23 26
11 26
20 27
15 27
18 28
6 28
14 28
11 29
9 29
10 29
28 29
17 30
2 30
23 31
8 31
23 32
3 32
27 32
10 32
27 33
15 34
24 34
32 34
34 35
18 35
3 35
30 35
30 36
31 36
22 37
9 37
21 37
16 38
27 38
25 38
17 39
22 39
27 40
8 41
6 42
2 42
22 42
31 42
29 43
3 43
38 43
40 44
5 45
30 46
9 46
31 46
28 46
22 46
6 47
11 48
35 48
22 49
2 50
20 50
24 51
28 51
11 51
24 52
37 52
39 52
43 53
34 53
16 53
12 53
35 53
7 54
51 55
47 55
20 55
50 55
54 55
32 56
26 56
10 56
1 57
19 58
20 58
21 58
41 59
28 59
5 59
25 59
24 60
14 61
1 62
57 62
13 62
1 63
9 63
36 63
8 64
62 64
37 64
11 64
51 64
34 65
15 65
38 65
41 66
34 66
10 67
1 67
39 68
10 69
54 69
28 70
66 71
28 71
57 71
53 71
46 71
33 72
9 72
46 72
17 73
19 74
24 74
2 74
47 74
6 75
19 75
13 75
30 75
41 75
41 76
20 76
44 76
33 76
54 77
71 77
23 78
2 79
18 79
26 79
48 79
29 79
58 80
60 81
70 81
20 82
32 82
7 82
19 83
80 84
42 84
31 84
43 84
27 84
20 85
53 85
66 85
28 86
18 86
56 87
74 87
74 88
15 88
30 89
41 90
13 90
9 90
26 90
17 91
22 91
9 92
36 92
66 92
39 93
78 93
34 94
13 95
59 95
54 95
67 95
57 96
12 96
76 96
22 96
69 97
51 98
97 98
68 98
2 98
39 98
56 99
43 99
15 99
50 99
83 100
10 100
35 101
63 102
20 102
15 102
3 102
21 102
84 103
43 103
78 103
71 103
31 103
74 104
81 105
104 105
55 106
68 106
56 106
14 106
39 107
18 108
107 108
7 108
92 108
87 108
105 109
89 109
34 109
97 109
67 109
64 110
60 110
49 110
19 110
69 111
75 111
110 112
76 112
64 112
12 112
74 113
17 113
18 114
10 114
95 114
66 114
22 115
54 115
73 115
66 116
22 116
11 116
101 116
95 117
53 117
85 117
38 118
117 118
72 118
4 118
3 118
58 119
114 119
87 119
114 120
113 120
83 121
3 121
22 121
115 121
62 122
107 123
69 123
90 123
115 124
116 125
115 125
1 125
118 126
49 126
22 126
59 127
1 127
96 127
26 128
39 128
70 128
112 128
69 129
107 129
30 129
85 129
89 129
56 130
35 131
15 131
72 131
21 132
69 132
120 132
59 133
83 133
128 133
121 134
6 134
59 134
108 134
70 135
131 135
116 135
32 135
97 135
89 136
129 136
120 136
112 137
34 138
124 139
94 139
13 139
86 139
42 139
96 140
75 140
57 140
127 140
78 140
110 307
1 2
1 3
2 4
3 4
4 5
3 5
2 6
5 6
4 7
5 7
2 7
1 8
4 8
4 9
1 9
6 9
4 10
8 11
9 11
9 12
5 12
4 12
1 13
6 13
1 14
5 14
2 14
8 15
4 15
1 15
3 15
7 16
10 16
11 17
15 17
9 17
10 17
1 18
14 18
8 18
15 18
6 19
13 19
18 20
10 20
2 20
17 20
9 21
6 22
20 22
20 23
18 23
8 23
10 23
22 23
9 24
14 24
21 24
8 24
7 25
5 25
12 25
24 26
2 26
17 26
2 27
23 27
17 28
5 28
12 29
5 29
8 29
14 30
9 31
13 31
16 31
2 31
21 31
29 32
13 32
4 32
13 33
29 33
6 33
24 34
28 35
12 35
34 35
16 36
32 37
30 38
19 38
8 38
26 38
15 38
11 39
38 39
39 40
19 40
35 41
34 41
29 41
26 42
18 42
8 42
16 42
15 43
40 43
33 43
27 43
11 44
29 44
24 44
13 44
1 45
35 45
8 45
32 45
12 45
45 46
5 46
33 46
4 47
22 47
6 47
17 47
9 47
10 48
46 49
40 49
48 49
26 49
21 49
40 50
6 50
39 50
30 51
20 51
16 52
26 52
22 52
8 53
22 54
5 54
31 54
34 54
17 54
52 55
22 55
50 56
52 56
19 57
37 57
13 57
26 58
30 58
4 58
3 59
57 60
13 60
15 60
1 60
1 61
13 61
55 61
23 61
51 62
13 62
5 62
36 62
43 62
33 63
9 63
4 63
12 64
26 64
2 64
63 65
5 66
43 66
19 66
34 67
4 67
60 67
22 67
14 68
64 68
35 68
6 69
24 69
37 69
49 69
19 69
43 70
4 71
37 71
44 71
6 71
34 71
54 72
10 72
52 72
42 72
17 73
54 73
58 73
35 73
56 74
65 74
43 74
9 75
20 75
30 76
47 76
26 76
14 77
26 77
42 77
50 77
66 77
43 78
15 78
24 78
49 78
75 79
14 79
5 79
72 80
22 80
47 80
39 80
10 81
30 82
30 83
72 83
52 84
59 84
59 85
81 86
84 87
51 88
30 88
33 88
10 88
70 89
19 89
86 89
39 90
30 90
19 90
86 90
36 90
39 91
65 92
45 92
56 92
15 92
56 93
13 93
55 93
23 94
78 94
22 95
85 95
53 95
76 96
15 97
96 97
6 98
94 98
98 99
82 99
74 99
94 99
92 100
40 100
15 100
89 101
75 101
48 102
37 102
18 102
100 102
59 103
60 104
44 104
91 104
51 104
37 104
28 105
22 106
90 106
66 106
12 106
78 106
84 107
93 107
31 107
102 107
94 107
20 108
101 108
7 109
18 109
42 109
45 110
11 110
112 310
1 2
2 3
1 3
1 4
1 5
3 5
2 5
2 6
1 6
5 6
1 7
4 7
4 8
4 9
5 9
8 10
7 11
1 11
3 11
10 12
9 13
3 13
8 13
6 14
12 14
6 15
10 16
10 17
11 17
6 17
8 18
6 18
17 18
15 18
9 18
17 19
4 19
6 19
10 20
13 20
12 20
3 21
20 21
13 21
21 22
13 22
11 22
2 22
21 23
4 23
19 24
22 25
6 25
18 25
13 25
2 25
1 26
8 26
18 26
7 27
7 28
21 28
2 28
26 28
27 28
2 29
20 29
11 29
6 29
13 30
5 30
20 31
2 31
26 31
23 31
1 32
14 33
29 33
17 34
31 34
3 34
26 35
5 35
10 35
11 35
29 35
1 36
31 36
26 36
21 36
10 36
1 37
34 38
22 39
27 39
17 40
8 40
6 40
10 40
20 41
11 41
35 42
28 42
40 42
20 42
12 42
1 43
25 43
9 43
38 44
19 45
26 45
8 45
25 45
26 46
9 46
11 46
20 47
36 47
4 48
25 48
30 48
10 49
3 49
5 49
32 50
39 50
37 51
33 51
3 51
11 51
27 51
45 52
2 52
29 52
21 53
8 54
43 54
26 54
44 55
22 55
40 55
33 55
49 55
41 56
48 56
17 56
23 56
43 56
28 57
53 57
3 57
39 57
4 57
37 58
10 58
48 58
44 58
11 58
31 59
57 59
12 59
41 60
20 60
2 61
16 61
59 62
13 62
36 63
40 63
37 63
27 63
19 64
22 64
55 65
49 65
24 66
33 67
44 67
64 67
16 67
57 68
54 68
14 69
41 69
20 69
56 69
44 69
54 70
12 70
58 71
29 71
10 71
39 72
49 72
66 73
70 74
26 74
15 74
73 75
35 75
43 75
16 75
67 75
59 76
6 76
32 77
11 77
47 77
3 77
20 78
6 78
7 79
20 79
61 79
79 80
38 80
63 80
37 80
73 81
20 81
49 82
39 82
51 82
30 83
44 83
82 83
41 84
11 85
78 85
12 86
17 86
59 86
56 86
21 87
16 87
4 87
35 88
64 89
14 89
44 89
64 90
35 90
51 90
77 90
23 90
85 91
9 91
45 91
42 92
13 92
24 93
68 93
43 94
91 94
67 94
13 94
14 95
57 96
95 96
58 96
2 96
47 96
50 97
21 97
7 97
56 97
25 98
55 98
51 98
39 98
52 98
19 99
83 99
1 100
89 100
35 101
51 101
55 102
93 102
67 102
10 102
96 103
22 103
6 104
92 104
18 104
34 104
64 104
103 105
94 106
16 106
51 107
99 107
58 107
11 107
84 108
37 108
98 108
32 108
18 108
60 109
76 109
58 109
106 110
38 111
74 111
60 111
88 112
66 112
141 385
1 2
2 3
1 3
1 4
1 5
4 5
1 6
2 6
5 7
3 8
5 9
8 9
6 9
4 10
9 10
8 10
2 10
9 11
4 12
8 12
9 12
10 12
1 13
6 13
2 14
10 14
9 14
8 14
5 14
10 15
5 15
15 16
11 17
9 18
15 18
1 18
15 19
3 19
14 19
2 19
4 20
12 20
14 21
9 22
4 22
17 22
11 22
17 23
11 24
19 24
15 24
22 25
5 26
24 26
3 27
8 27
22 27
13 27
17 28
22 28
3 28
25 29
16 29
24 29
3 29
18 30
5 30
25 30
28 30
14 31
30 31
28 31
23 31
21 32
6 32
24 32
19 32
22 32
19 33
17 34
13 34
19 35
5 36
11 37
13 38
13 39
36 40
23 40
31 41
34 41
17 41
18 41
9 42
11 42
33 42
31 42
42 43
1 43
26 43
13 43
40 43
15 44
37 44
11 44
4 44
36 45
41 45
17 45
24 46
14 46
18 47
22 47
42 48
11 48
40 48
20 49
17 49
40 49
2 50
23 51
35 51
43 51
27 51
26 52
9 53
45 53
8 53
10 54
54 55
34 55
51 55
54 56
40 56
49 56
42 56
45 57
34 57
2 57
9 57
17 58
19 58
35 59
36 60
17 61
35 61
15 61
49 61
35 62
10 62
34 62
3 63
51 63
43 64
48 64
25 64
47 64
42 64
41 65
51 65
42 65
39 65
47 66
5 66
37 67
61 67
36 67
33 68
65 68
2 68
7 68
25 69
64 69
26 69
35 70
66 70
49 70
24 70
38 70
29 71
61 72
41 72
30 72
36 73
45 74
30 74
64 74
48 74
21 75
2 75
61 75
19 76
38 77
22 77
66 77
52 78
69 78
41 78
45 79
79 80
72 80
54 80
6 81
56 81
20 81
5 81
44 82
39 82
25 82
16 82
29 83
35 83
27 84
58 84
54 84
16 84
13 85
23 85
35 85
18 85
44 85
78 86
23 86
16 87
60 87
84 87
50 87
22 88
35 88
63 88
34 88
55 88
46 89
7 90
9 90
12 91
65 91
8 92
41 92
37 93
51 93
10 93
22 94
27 94
4 94
72 94
61 94
91 95
28 95
75 95
43 95
43 96
70 96
79 96
17 96
30 96
33 97
36 97
16 97
28 98
25 98
7 98
63 98
95 99
81 99
56 99
87 99
49 99
17 100
43 100
56 100
98 100
6 101
52 101
88 101
99 101
87 102
78 102
64 102
41 103
60 103
87 103
16 103
69 104
24 104
20 104
12 105
17 105
104 105
10 105
6 105
55 106
94 106
77 106
57 107
50 108
44 109
83 109
1 109
67 109
58 109
84 110
90 110
92 110
100 110
98 110
75 111
38 111
36 111
97 112
62 113
64 113
95 114
44 115
84 115
56 115
51 115
34 115
32 116
114 116
67 116
74 116
68 117
115 117
72 118
43 119
70 119
114 119
68 120
114 120
25 120
79 121
100 121
65 121
61 121
44 122
59 122
91 122
42 123
35 123
28 123
16 123
116 124
82 125
119 125
79 125
98 125
80 126
7 127
25 127
125 127
52 127
90 128
33 128
127 128
36 128
116 129
79 129
32 129
19 130
110 131
127 131
24 132
14 132
128 132
76 133
72 134
74 135
125 136
68 136
7 137
93 137
23 137
87 137
102 137
9 138
37 138
33 139
28 139
1 140
105 140
42 140
17 141
48 141
123 141
20 141
107 289
1 2
1 3
1 4
3 4
2 4
1 5
2 6
4 6
1 6
2 7
5 7
1 8
7 8
3 8
2 9
7 9
1 9
5 10
9 10
6 10
2 11
8 12
4 12
2 12
8 13
4 13
12 14
13 14
8 14
11 15
6 15
12 15
1 15
3 15
7 16
11 16
11 17
4 18
10 18
18 19
5 19
7 19
8 19
10 19
1 20
2 20
11 21
8 21
16 21
13 22
3 22
4 22
18 22
9 22
18 23
2 23
15 23
10 23
4 23
14 24
20 25
4 25
7 25
22 25
24 26
13 26
7 27
3 27
6 27
8 27
9 28
10 29
24 29
8 29
13 29
5 29
10 30
21 30
14 30
6 31
28 31
14 32
19 33
11 33
31 33
14 33
14 34
6 34
9 34
29 34
25 35
21 35
3 36
11 36
19 36
7 36
21 36
29 37
2 37
10 38
27 38
29 38
26 39
1 39
34 39
29 39
1 40
5 40
28 41
40 41
12 41
5 41
35 41
4 42
32 42
40 42
1 43
21 43
14 43
25 43
31 43
16 44
1 44
25 44
8 45
8 46
27 46
38 46
11 47
12 48
12 49
41 49
32 49
14 49
39 49
26 50
43 50
20 50
8 51
44 51
47 52
36 52
19 53
34 53
42 54
47 55
4 55
3 55
44 55
52 56
16 56
17 56
15 56
45 57
7 57
21 58
26 58
48 58
28 58
52 59
57 59
1 60
42 60
15 60
31 61
40 62
14 62
37 63
11 64
42 64
39 65
22 65
59 65
37 66
48 67
59 67
25 67
12 68
57 68
41 68
50 68
11 68
39 69
58 69
21 70
3 70
65 70
39 71
15 71
6 71
18 71
57 72
8 72
68 72
40 72
55 72
56 73
17 74
64 74
15 74
53 75
12 75
32 75
38 75
22 76
8 77
62 77
43 77
57 77
47 77
61 78
49 78
57 79
59 79
77 79
33 79
34 80
63 80
22 81
77 82
33 82
3 82
16 82
26 83
25 83
31 84
66 84
47 85
34 85
46 86
5 87
77 87
27 87
25 87
62 88
44 89
14 90
36 90
56 90
89 91
27 91
46 91
25 91
67 91
55 92
24 92
90 92
10 92
20 92
52 93
59 93
71 93
57 93
6 93
85 94
24 94
77 94
7 95
3 95
65 95
21 95
60 96
78 97
19 97
62 98
58 98
80 99
2 99
36 99
17 99
26 100
21 100
54 101
29 101
22 102
25 102
71 102
89 103
62 103
91 103
31 104
34 104
4 104
82 105
30 106
100 106
99 106
16 106
66 107
126 365
1 2
1 3
2 3
2 4
3 4
2 5
1 5
3 6
2 6
5 6
5 7
7 8
3 9
2 9
1 10
7 10
6 10
10 11
3 11
4 11
5 11
3 12
2 12
9 12
4 12
10 13
6 13
7 13
2 13
9 14
6 14
11 15
5 15
13 16
4 16
1 16
8 16
5 17
1 18
15 19
11 19
2 20
8 20
11 20
12 20
17 20
20 21
6 22
15 22
10 22
21 22
13 22
22 23
14 23
2 24
18 24
7 24
1 25
13 25
17 25
9 25
4 26
25 26
18 26
13 27
20 27
3 27
2 27
25 27
17 28
27 28
23 29
24 29
1 29
27 29
23 30
10 30
13 30
24 31
17 32
14 32
11 33
8 33
16 33
28 33
22 34
11 35
22 35
25 36
32 36
22 36
18 36
23 36
20 37
8 37
36 37
4 37
1 38
26 38
27 38
2 38
23 38
17 39
4 39
3 39
29 40
6 41
38 41
26 41
9 41
27 41
7 42
32 42
10 42
28 42
13 42
27 43
31 44
33 44
27 45
26 45
34 45
20 45
32 46
37 46
4 47
43 47
10 47
44 47
46 48
25 48
30 49
8 49
42 49
26 49
10 50
27 50
44 51
5 51
49 52
19 52
51 53
36 53
52 53
39 53
42 54
1 54
35 54
2 55
40 55
23 56
30 56
38 56
7 56
9 57
38 57
19 57
20 58
16 58
6 58
9 58
49 59
36 59
42 59
38 59
13 60
22 61
45 61
25 61
32 61
56 62
36 62
55 63
3 63
5 64
21 64
46 64
51 65
6 66
12 67
46 67
26 67
44 67
54 67
6 68
25 68
5 68
18 68
22 69
35 69
25 69
28 70
64 71
50 72
4 72
16 72
55 73
26 73
59 74
42 74
28 75
41 75
47 75
49 75
61 75
49 76
64 77
29 77
28 77
61 77
9 78
70 78
42 78
2 78
14 79
40 79
56 79
26 79
24 80
16 80
29 80
32 81
6 82
29 83
38 83
58 84
79 84
9 85
77 85
72 86
62 86
83 86
75 86
69 87
65 87
48 88
83 89
77 89
8 90
67 90
71 90
60 91
76 91
47 91
54 91
69 92
76 92
89 92
85 92
14 92
60 93
56 93
53 93
50 94
1 94
7 94
51 95
48 96
41 96
1 96
87 96
39 97
53 97
84 97
26 98
46 98
65 98
27 99
30 99
74 100
40 100
88 100
22 100
21 100
63 101
46 101
61 102
28 102
16 102
20 102
100 102
32 103
69 103
39 103
78 104
23 104
20 104
55 104
58 104
22 105
2 105
81 106
46 106
26 106
68 106
50 107
27 107
73 107
60 107
18 107
61 108
25 108
92 108
77 108
68 108
47 109
50 109
41 109
67 109
42 109
54 110
8 110
85 110
22 110
32 110
4 111
78 111
47 111
9 111
42 111
64 112
69 112
53 112
108 112
77 113
5 113
29 113
90 113
13 113
46 114
54 115
71 115
75 115
27 116
64 116
84 116
73 116
19 116
59 117
77 118
80 118
4 118
83 118
32 119
7 119
77 119
100 119
95 120
109 120
79 120
105 121
45 122
8 122
18 122
88 122
23 122
90 123
87 124
100 125
15 125
51 125
50 125
80 126
117 126
9 126
92 276
1 2
2 3
1 3
1 4
2 4
3 4
3 5
2 5
4 5
1 5
3 6
2 6
1 7
4 7
7 8
6 8
7 9
2 9
6 10
5 10
6 11
6 12
10 12
4 12
1 12
2 13
5 13
1 14
6 14
8 15
1 15
7 15
9 15
8 16
15 17
4 17
9 17
11 17
1 17
14 18
8 19
9 19
9 20
7 20
13 20
1 20
8 20
7 21
20 21
12 21
1 21
17 22
22 23
7 23
9 24
9 25
17 25
19 25
20 25
23 25
18 26
21 26
14 27
22 27
15 27
27 28
14 28
15 28
26 28
28 29
8 29
11 30
9 30
22 31
12 31
30 31
15 32
1 32
3 32
21 33
15 33
9 33
19 33
25 33
29 34
13 34
27 34
11 34
33 35
20 35
27 35
23 35
4 36
23 36
7 36
35 36
27 37
16 37
11 37
1 37
31 37
21 38
15 38
9 38
18 38
14 38
3 39
26 39
22 40
32 40
15 40
31 40
4 40
31 41
39 41
40 42
36 42
15 42
1 42
39 42
32 43
19 43
43 44
6 44
1 44
7 44
15 44
37 45
25 46
17 46
19 46
26 46
14 47
20 47
25 47
16 48
35 48
34 48
24 49
3 49
46 50
48 50
14 50
17 51
33 51
47 51
7 51
16 52
43 52
21 52
47 52
18 53
34 53
33 53
44 53
47 54
9 54
21 54
2 54
19 54
11 55
10 55
5 56
40 56
30 56
31 56
25 57
19 57
11 57
7 57
17 57
31 58
51 58
42 58
4 59
5 59
32 59
53 59
52 60
59 60
21 61
29 61
59 61
43 61
31 61
14 62
3 62
42 62
18 62
9 63
35 64
36 65
8 65
26 66
42 66
23 67
2 68
32 68
61 68
26 69
34 69
52 69
19 69
1 70
60 70
50 70
41 70
18 70
19 71
52 71
42 72
11 72
39 72
61 72
41 73
24 73
46 73
9 73
14 74
22 74
27 74
23 74
47 75
49 75
37 75
42 75
65 76
3 76
13 76
11 76
41 76
24 77
74 77
50 77
25 77
2 78
7 78
74 79
63 79
45 80
28 81
8 81
49 81
52 81
47 82
6 83
7 83
32 83
37 83
29 84
38 84
83 84
44 84
8 84
80 85
62 86
72 86
3 86
6 86
34 87
59 87
79 88
76 88
84 88
53 88
71 89
55 90
6 90
89 91
46 91
58 91
46 92
33 92
19 92
11 92
72 92
94 282
1 2
1 3
1 4
3 4
4 5
3 6
4 6
2 6
4 7
1 7
2 7
6 8
4 8
5 8
5 9
2 9
3 10
7 10
4 10
6 11
10 11
3 11
8 12
1 12
11 12
8 13
10 13
3 13
12 13
4 14
12 14
10 15
13 15
2 15
5 15
1 15
7 16
10 16
4 17
6 17
15 17
17 18
11 19
5 20
4 20
8 21
18 21
15 21
16 21
20 22
3 22
6 23
1 23
10 23
3 23
22 23
20 24
3 24
10 24
15 24
6 25
19 25
23 25
21 25
25 26
22 26
11 27
2 28
1 28
3 28
20 28
25 29
22 29
11 29
26 30
24 30
29 30
7 31
6 31
14 31
5 32
20 32
11 32
19 32
3 32
8 33
2 33
32 33
32 34
22 34
14 34
6 35
16 35
26 35
33 35
12 35
22 36
21 36
12 37
2 37
35 37
34 37
12 38
21 38
34 39
24 39
30 39
6 39
37 39
25 40
18 40
5 40
39 41
7 41
20 41
34 41
1 41
39 42
5 42
17 42
35 42
3 42
18 43
6 44
13 44
26 44
24 45
4 45
41 45
39 45
11 45
7 46
36 46
27 46
39 47
47 48
22 49
5 49
29 49
11 49
30 49
10 50
18 50
9 51
2 51
38 51
45 51
20 51
47 52
10 52
5 52
46 52
32 53
27 53
1 54
3 54
45 54
47 54
51 55
23 55
45 56
17 56
33 56
52 57
30 57
53 58
50 58
56 59
11 59
33 59
26 60
42 60
18 61
3 61
35 61
9 62
25 62
7 62
28 63
8 63
32 64
49 65
27 65
10 65
4 65
61 65
7 66
20 66
52 66
50 66
7 67
58 67
61 68
63 68
52 68
47 68
3 68
39 69
28 69
31 69
12 69
23 69
66 70
68 70
40 71
22 71
52 72
62 72
4 72
22 73
55 73
15 73
2 73
70 74
28 74
65 75
30 75
16 75
41 75
8 76
9 76
61 76
60 77
12 77
15 78
70 78
65 78
69 78
49 78
70 79
61 79
1 79
50 80
38 80
13 80
73 80
79 80
61 81
25 81
7 81
36 81
48 81
76 82
61 82
34 82
11 82
12 83
6 83
13 83
80 83
55 83
19 84
12 85
36 85
8 85
2 86
18 86
73 86
5 87
47 88
79 88
50 88
27 89
12 90
48 90
30 90
18 90
65 91
50 91
21 91
14 91
62 91
70 92
39 92
83 92
7 93
46 93
82 93
87 93
25 94
46 94
56 94
58 152
1 2
1 3
1 4
2 4
4 5
3 5
3 6
5 6
1 6
6 7
5 7
2 7
4 7
7 8
2 8
3 9
4 9
3 10
2 11
6 11
2 12
9 13
4 13
6 13
12 13
4 14
3 14
4 15
1 16
9 16
10 17
4 17
1 17
14 17
7 17
8 18
11 18
8 19
11 19
6 19
7 20
17 21
19 21
2 22
12 22
17 22
18 23
20 23
6 23
3 23
21 24
5 24
6 24
14 24
7 24
13 25
10 26
20 26
2 26
13 27
26 27
14 27
8 28
9 29
19 29
8 29
14 30
1 31
23 31
4 32
21 33
22 33
4 33
17 33
24 34
17 35
12 35
21 36
24 36
7 36
31 36
27 37
2 38
7 39
24 39
27 39
26 39
1 39
25 40
8 40
16 40
30 40
8 41
10 41
24 41
37 41
32 41
32 42
25 42
24 42
5 43
18 44
10 44
33 44
42 44
27 44
10 45
24 45
5 45
1 45
7 45
39 46
8 46
34 47
30 47
41 47
28 47
33 48
6 48
11 48
6 49
31 49
2 49
2 50
43 50
20 50
5 50
38 50
30 51
41 51
25 51
18 52
28 53
24 53
9 54
4 55
11 55
24 55
31 56
14 56
40 56
49 56
51 57
4 57
26 57
15 57
28 57
11 58
15 58
37 58
51 58
41 58
115 329
1 2
1 3
2 3
2 4
1 4
2 5
4 5
3 6
1 6
5 7
2 7
1 7
6 7
3 7
4 8
1 8
6 8
6 9
7 9
1 9
2 9
3 10
1 10
5 10
8 10
6 10
4 11
2 11
9 11
9 12
4 12
1 12
7 12
6 13
1 13
13 14
10 15
9 15
12 15
6 16
9 16
10 17
7 17
2 18
3 18
11 18
15 19
7 19
6 19
4 19
8 20
9 20
14 21
16 21
17 22
5 22
15 22
17 23
22 23
9 23
19 24
6 24
1 24
5 25
9 25
15 26
8 26
16 26
22 27
26 27
19 28
23 28
16 28
15 28
8 28
14 29
12 29
5 29
1 30
19 30
9 30
20 31
22 31
12 31
15 32
24 32
23 32
13 32
28 33
9 33
15 33
25 33
1 33
2 34
29 35
25 35
2 35
18 36
8 36
33 37
10 37
36 37
6 37
18 37
33 38
2 38
12 38
28 39
7 39
1 39
11 39
31 40
39 40
14 41
3 41
25 41
30 41
15 42
33 43
6 43
2 43
23 43
11 44
15 44
43 44
34 45
41 46
28 46
46 47
43 47
8 47
41 47
20 48
3 48
2 48
40 48
46 49
21 49
18 49
16 50
47 50
15 50
31 50
29 51
41 51
44 52
18 53
8 53
20 53
6 54
30 55
3 55
48 55
11 56
23 56
25 56
32 56
54 57
14 58
47 58
33 59
53 60
14 60
46 60
39 60
58 61
25 61
30 61
4 61
30 62
51 62
1 62
54 63
2 64
48 64
29 64
37 65
21 65
4 66
50 67
18 67
29 67
47 68
34 68
4 68
14 68
6 69
12 69
10 69
8 69
42 69
67 70
26 70
8 71
44 71
68 71
57 71
13 72
2 73
3 73
54 74
62 74
73 74
26 74
69 74
15 75
19 75
66 75
58 75
64 76
15 76
19 77
47 77
46 78
75 78
68 78
16 78
43 79
76 79
21 79
44 79
40 79
38 80
14 80
62 80
1 80
14 81
59 82
76 82
35 82
44 82
14 82
61 83
68 83
32 83
26 83
83 84
23 84
6 85
54 85
7 85
16 85
48 86
68 87
58 87
20 87
71 87
49 88
63 88
32 88
66 88
6 89
13 89
68 89
78 90
2 90
23 90
1 90
61 91
31 92
37 93
57 93
73 94
40 94
37 94
26 94
17 94
23 95
7 95
84 95
66 96
39 96
94 96
79 96
4 97
3 97
83 98
38 98
76 98
55 99
52 100
24 100
7 100
41 100
50 101
49 101
94 101
73 101
74 101
95 102
54 102
38 102
74 102
14 103
89 103
60 103
19 103
16 104
72 104
26 104
10 105
4 105
45 105
102 105
44 105
85 106
6 106
31 106
25 106
11 107
82 108
56 109
25 110
60 110
9 110
65 111
20 111
84 111
78 112
83 112
46 113
13 113
5 113
9 113
23 114
75 115
36 115
83 115
33 115
72 206
1 2
2 3
1 3
1 4
2 5
4 5
1 5
2 6
3 6
4 7
5 7
1 7
2 7
2 8
5 8
6 8
1 8
2 9
5 9
4 9
6 10
9 10
5 11
7 11
8 12
7 12
12 13
2 13
4 14
5 14
8 14
6 15
8 15
14 15
1 16
6 17
11 18
10 18
13 19
9 19
8 19
6 20
14 20
17 20
6 21
2 21
14 21
9 22
13 23
17 23
5 23
21 24
10 24
11 24
3 24
1 25
15 25
16 26
8 26
1 26
24 26
2 26
13 27
7 27
23 27
24 28
10 29
5 29
7 29
18 30
16 30
15 31
24 31
23 31
21 32
26 32
13 32
6 33
22 33
19 33
3 33
27 33
20 34
30 35
6 35
16 35
10 36
11 36
20 36
1 36
14 36
7 37
26 37
20 37
2 38
19 38
16 38
6 38
18 38
18 39
9 39
31 40
18 40
6 40
2 40
14 41
33 41
5 42
24 42
2 42
14 42
23 43
7 43
17 44
25 44
3 44
10 44
44 45
34 45
42 45
9 46
3 46
22 46
1 46
25 47
10 47
18 47
39 48
6 48
17 48
46 48
24 49
30 49
37 49
10 49
49 50
36 50
30 50
15 50
2 51
39 51
20 52
32 52
44 53
17 54
30 54
31 54
39 55
14 56
48 56
8 56
46 56
24 56
24 57
55 57
53 57
25 57
9 57
27 58
53 58
39 58
9 58
21 59
46 59
39 59
31 59
7 60
8 60
6 60
34 60
6 61
38 61
51 61
22 61
56 61
11 62
25 62
54 63
3 63
47 63
14 64
19 64
23 64
15 65
23 66
57 66
27 66
59 67
16 67
22 67
8 68
32 68
15 68
4 68
15 69
4 69
62 69
60 69
50 70
45 70
49 70
3 70
19 71
12 71
44 71
2 72
106 293
1 2
1 3
2 3
2 4
3 4
2 5
1 5
3 5
1 6
2 6
2 7
6 7
1 7
4 7
4 8
8 9
6 9
1 9
7 9
4 10
8 10
2 10
5 10
8 11
7 11
11 12
4 12
10 12
4 13
9 13
6 13
3 13
9 14
3 14
2 14
5 14
5 15
9 16
8 16
12 16
11 16
11 17
6 17
12 17
13 18
2 19
17 19
8 20
2 20
7 20
15 20
19 20
10 21
7 21
15 21
9 21
13 22
17 22
18 23
5 24
14 24
11 24
19 24
18 25
22 25
23 26
13 26
21 27
25 27
18 28
21 28
5 29
22 30
5 30
19 30
8 30
8 31
24 32
12 32
22 32
10 32
18 33
2 33
11 33
22 33
28 33
3 34
10 35
31 35
1 35
28 35
3 35
6 36
30 36
20 37
31 38
17 39
25 39
10 39
26 40
27 40
17 40
33 40
7 41
32 41
12 41
2 41
4 42
29 42
13 42
41 42
19 43
5 44
26 44
9 44
17 44
21 45
31 45
22 45
24 45
26 45
27 46
28 46
7 47
21 47
31 48
14 48
46 48
28 49
44 49
37 49
15 49
6 50
5 50
11 51
30 51
21 51
4 51
26 52
31 52
32 52
1 52
8 52
20 53
49 54
25 54
29 54
18 54
41 54
6 55
18 55
28 56
54 56
16 56
15 56
55 57
47 57
16 57
3 58
7 58
5 59
26 59
27 59
54 60
3 60
15 60
10 61
23 62
30 62
40 62
24 63
48 63
58 63
39 64
9 64
48 64
6 65
65 66
53 66
11 66
62 67
57 67
55 67
27 67
25 68
47 68
44 68
43 68
56 69
16 69
9 69
2 70
33 70
50 70
20 70
58 71
19 71
68 72
6 73
7 73
66 74
45 75
31 75
11 75
65 75
4 75
54 76
51 76
73 76
66 76
63 77
75 77
36 77
30 78
59 78
7 78
18 78
36 79
21 79
21 80
72 81
65 81
55 82
64 82
34 82
46 82
28 82
17 83
3 83
60 84
31 84
76 84
62 85
21 85
43 85
51 85
57 86
83 87
49 87
73 87
3 87
80 88
44 88
61 88
78 88
18 88
23 89
78 90
10 90
65 90
1 90
26 91
90 91
10 91
85 91
36 92
35 92
11 92
33 93
83 93
44 93
90 93
6 93
16 94
25 94
6 94
64 94
46 95
72 96
9 96
54 96
74 97
9 98
94 99
93 99
52 99
82 99
6 100
51 100
64 101
58 102
24 103
53 103
44 104
96 104
94 104
68 105
21 105
50 105
55 105
7 106
94 106
63 106
108 301
1 2
2 3
1 3
1 4
3 4
1 5
1 6
2 6
5 7
1 7
4 8
5 9
2 9
4 10
7 10
3 10
6 10
2 10
5 11
4 11
10 11
11 12
3 12
8 13
12 13
6 13
12 14
2 14
7 14
1 14
13 15
11 16
1 16
10 17
15 17
13 17
12 18
13 18
1 18
1 19
16 19
14 19
14 20
8 20
4 20
12 20
11 21
16 21
10 21
14 21
13 21
13 22
16 22
2 22
15 22
5 22
19 23
5 23
10 23
4 23
23 24
12 24
3 25
9 25
20 25
1 25
7 25
25 26
19 26
12 26
15 26
1 27
8 27
14 27
27 28
17 28
20 28
8 29
21 29
16 30
15 30
12 30
12 31
24 31
6 31
17 31
26 31
24 32
23 32
25 32
16 33
19 33
31 34
18 34
33 35
12 36
19 36
32 37
7 38
15 38
23 38
25 38
26 39
29 40
7 41
24 42
11 42
14 42
37 42
15 42
39 43
6 43
31 44
24 44
10 44
21 44
15 45
4 45
8 45
39 46
17 46
29 46
24 47
28 48
30 48
24 48
8 48
33 48
9 49
41 49
10 49
49 50
12 50
15 50
24 51
8 51
22 51
49 52
51 52
18 52
2 53
30 53
9 54
43 54
38 54
51 54
28 55
19 55
32 56
20 57
12 57
44 57
51 57
45 57
15 58
12 58
38 58
8 58
14 59
17 60
44 60
2 61
1 61
59 61
7 62
57 62
28 62
2 63
62 63
24 64
26 65
13 66
20 67
36 67
37 67
62 67
29 67
65 68
31 68
61 68
50 69
50 70
25 70
64 70
38 70
19 71
52 71
64 72
5 73
9 73
17 74
47 74
56 74
30 75
20 75
51 75
40 76
41 76
75 76
33 77
42 77
7 77
51 78
69 78
31 78
25 78
55 79
58 79
53 80
72 80
37 80
56 80
56 81
18 81
25 81
9 81
44 82
10 82
51 83
78 83
36 84
34 84
33 84
11 84
73 85
24 85
62 85
82 85
56 85
53 86
4 86
35 86
5 86
13 87
32 87
76 87
24 88
15 89
22 89
71 89
27 89
20 90
58 90
38 90
19 90
11 90
42 91
12 91
6 91
9 91
7 92
70 93
33 93
72 93
50 94
72 94
57 94
16 94
8 95
48 96
8 97
74 98
18 98
7 98
4 98
85 98
17 99
44 99
85 99
31 99
2 100
47 100
66 100
54 101
92 101
75 102
24 102
100 102
101 102
98 103
69 103
99 103
97 103
52 103
64 104
97 104
64 105
98 105
37 105
25 105
14 105
20 106
93 106
48 106
16 106
79 107
73 108
15 108
5 108
95 108
23 108
99 261
1 2
1 3
2 3
1 4
3 4
2 4
2 5
4 5
1 6
4 6
3 7
7 8
2 8
4 8
6 8
5 8
6 9
1 9
4 9
9 10
5 10
1 10
10 11
2 11
6 12
10 12
1 13
4 13
7 14
6 15
5 15
1 16
13 16
1 17
11 17
12 17
10 17
4 18
16 18
5 18
7 19
8 19
18 20
3 20
2 21
5 21
9 21
6 21
17 22
4 22
10 22
20 23
8 23
12 24
21 24
1 24
8 24
8 25
15 25
2 25
21 26
18 27
5 28
23 28
14 28
22 29
23 29
15 29
29 30
6 30
12 31
18 32
22 32
17 32
11 33
7 33
5 33
19 33
9 34
1 35
24 35
31 35
4 35
22 35
27 36
33 37
8 37
28 38
35 38
11 38
9 38
14 38
25 39
24 39
34 40
19 40
8 40
4 41
2 41
18 42
22 43
41 43
18 43
25 44
29 44
17 44
11 45
5 45
9 46
17 46
14 46
44 46
46 47
18 47
29 47
42 47
17 47
24 48
38 48
9 48
7 49
32 49
38 49
6 50
34 50
17 50
40 50
40 51
5 51
49 51
46 51
3 52
15 53
10 53
18 53
19 53
52 54
24 54
48 54
32 54
17 54
34 55
16 55
37 55
11 56
17 56
31 56
43 57
32 58
10 58
55 58
33 59
6 59
9 60
11 60
20 60
39 60
19 60
13 61
55 61
36 61
4 61
43 62
33 63
46 63
31 63
11 63
55 63
40 64
38 64
61 64
30 64
45 64
52 65
32 65
44 66
15 66
8 67
15 67
36 67
42 67
59 68
4 69
12 69
2 70
28 71
45 71
43 71
60 71
52 72
26 73
63 74
22 74
40 74
61 75
27 76
32 76
28 76
4 76
9 77
4 77
28 78
58 79
53 80
36 80
19 80
1 80
68 81
22 81
50 82
6 82
11 83
22 84
30 84
79 84
78 84
71 84
55 85
49 85
56 85
83 85
41 86
49 86
39 86
83 86
6 86
1 87
71 87
25 87
73 88
84 88
11 88
18 89
57 89
61 89
22 89
4 89
59 90
64 90
56 91
51 91
25 91
9 91
55 91
80 92
20 93
2 94
92 94
46 94
65 94
24 95
15 96
96 97
56 97
17 97
40 97
4 98
13 98
58 98
33 99
88 99
52 158
1 2
1 3
1 4
2 4
3 4
1 5
3 5
2 5
3 6
5 6
4 6
1 7
6 7
5 7
1 8
2 8
6 9
4 9
1 9
7 10
8 10
5 11
10 11
2 12
9 12
10 12
12 13
6 13
2 14
7 14
5 14
13 14
1 15
13 15
6 15
8 16
9 16
6 16
13 17
16 17
9 17
8 17
6 17
9 18
1 18
5 19
17 19
4 19
8 19
12 20
16 20
15 20
20 21
1 21
17 21
14 21
18 22
20 22
12 22
15 22
7 22
5 23
9 23
3 23
15 23
7 24
1 25
18 26
14 26
1 26
5 26
12 27
21 28
4 28
9 29
24 29
5 29
29 30
24 30
26 30
11 30
17 31
29 31
18 31
11 31
14 31
2 32
26 32
19 33
20 33
10 33
9 33
23 34
13 34
24 35
9 35
9 36
30 36
14 37
33 37
2 38
1 38
6 38
30 38
11 38
9 39
15 39
30 39
32 39
5 40
21 41
23 41
5 41
29 41
32 42
30 42
23 42
22 42
39 42
31 43
19 43
23 43
17 43
34 43
40 44
32 44
3 44
41 44
34 45
20 45
14 45
3 45
22 46
11 46
26 46
14 47
29 47
21 47
39 47
18 47
23 48
35 48
43 48
42 48
25 49
41 49
10 49
45 50
19 50
7 50
2 51
7 51
23 51
35 52
7 52
9 52
22 52
17 52
56 163
1 2
2 3
3 4
2 4
4 5
1 5
3 6
5 6
4 7
3 7
2 7
1 8
3 8
6 8
2 8
8 9
9 10
3 10
4 10
2 11
11 12
4 12
8 12
3 12
5 13
1 13
8 13
8 14
2 14
1 14
4 15
1 15
10 15
10 16
1 16
14 16
8 16
9 17
16 17
6 17
5 17
15 18
9 18
14 18
12 19
15 20
10 20
4 21
15 21
10 21
15 22
9 22
18 22
7 22
15 23
7 23
12 24
9 24
15 24
10 24
11 25
15 25
11 26
20 26
24 27
18 27
15 27
26 27
16 27
18 28
6 28
25 29
2 29
5 29
7 29
8 29
29 30
22 30
14 30
5 30
9 30
14 31
25 31
22 31
1 31
23 32
23 33
1 33
29 33
15 33
31 34
28 34
19 34
32 34
32 35
20 35
34 35
8 35
31 35
31 36
22 36
6 37
8 37
11 38
18 38
34 38
3 38
1 39
33 39
2 40
23 40
38 41
27 41
14 41
3 41
17 41
1 42
7 43
3 43
4 43
20 43
30 44
18 45
36 46
29 47
1 47
9 48
4 48
34 48
28 48
1 49
27 49
32 49
35 49
48 50
35 50
3 50
19 50
34 50
47 51
39 51
42 51
46 52
4 52
1 52
3 52
15 52
51 53
15 53
46 53
28 53
5 54
53 54
35 55
16 55
10 55
18 55
29 55
53 56
52 56
19 56
40 56
15 56
141 405
1 2
2 3
3 4
3 5
1 6
5 6
3 6
4 7
6 7
3 7
2 7
3 8
4 8
6 8
1 9
5 9
3 10
7 10
8 11
3 12
11 12
3 13
7 14
10 14
6 14
4 14
12 15
8 15
9 15
10 15
12 16
15 17
13 17
10 17
6 18
9 18
18 19
11 19
6 20
9 21
18 21
10 21
15 22
17 22
5 22
9 22
21 22
4 23
9 23
8 23
19 23
9 24
7 25
12 25
19 25
11 25
21 25
3 26
24 26
10 26
20 27
24 27
12 27
5 27
11 28
16 28
2 28
17 28
23 28
14 29
4 29
21 29
20 29
11 29
21 30
7 30
11 30
15 30
22 31
15 32
17 32
28 32
23 32
16 32
31 33
2 33
25 34
13 34
12 35
23 35
26 35
4 35
4 36
20 37
13 37
14 37
11 38
36 38
26 38
18 39
24 39
37 40
26 41
28 41
35 41
3 41
14 42
26 42
32 43
9 43
17 43
12 43
35 44
4 44
29 45
27 45
3 46
16 46
45 46
23 47
9 47
33 47
38 48
1 48
9 48
3 49
30 49
26 49
43 49
10 50
36 50
42 51
26 51
21 51
12 52
48 53
51 54
11 54
27 54
3 55
47 55
44 55
47 56
17 56
54 56
45 57
27 58
22 58
13 58
22 59
58 59
18 59
14 59
21 60
53 61
57 61
21 61
12 61
33 61
57 62
32 62
53 62
37 62
18 62
42 63
49 63
61 63
40 64
55 64
56 64
32 64
11 64
16 65
10 66
60 66
59 66
8 67
37 67
7 68
65 68
12 68
20 68
66 68
55 69
3 69
43 70
10 70
47 71
16 71
60 71
26 71
19 72
35 72
28 72
47 73
1 73
26 73
39 73
27 74
53 74
20 74
7 75
51 76
28 76
3 77
55 78
11 78
20 78
67 79
58 79
4 79
37 79
61 80
5 80
78 80
60 81
30 82
53 82
18 82
41 83
46 84
10 84
80 85
31 86
35 86
65 86
34 86
22 87
52 87
30 88
55 88
35 88
62 88
27 89
61 89
24 89
81 89
40 90
38 90
7 90
20 91
66 91
9 92
22 92
74 92
61 92
63 92
14 93
11 94
91 94
48 94
57 95
10 96
50 96
42 96
18 97
66 97
10 97
50 98
28 98
62 98
63 99
62 99
98 100
64 100
58 100
40 100
56 101
64 101
76 102
28 103
50 103
7 103
79 103
19 103
75 104
103 105
51 105
105 106
57 106
16 106
61 106
43 106
3 107
97 107
10 108
85 108
15 108
93 108
64 109
96 109
27 109
103 109
6 110
79 110
22 110
36 110
86 110
106 111
32 112
35 112
14 112
64 112
35 113
27 114
29 114
18 114
84 115
63 115
74 115
32 115
71 116
89 116
33 116
115 117
92 117
15 117
41 118
31 118
106 118
46 118
62 118
117 119
44 119
42 119
80 119
94 119
50 120
31 120
81 120
93 120
108 120
5 121
60 121
26 121
12 121
14 121
117 122
89 122
7 122
8 122
19 122
63 123
99 123
59 123
19 123
107 124
111 124
115 124
106 124
44 124
112 125
118 125
17 125
104 125
70 126
40 127
25 127
97 127
117 127
64 127
99 128
87 128
73 128
11 128
19 128
27 129
2 130
94 130
113 131
124 131
57 131
99 131
67 131
103 132
19 132
63 132
56 132
77 132
117 133
70 133
65 134
24 134
53 134
42 135
49 135
52 135
101 135
47 135
81 136
129 136
51 136
110 136
117 136
60 137
108 138
116 139
98 139
25 139
73 139
110 139
65 140
120 140
136 141
94 141
109 300
1 2
2 3
1 3
2 4
3 4
1 4
3 5
1 5
3 6
5 6
2 7
1 8
6 8
4 8
8 9
6 10
3 10
4 10
1 10
5 11
10 11
4 12
5 12
8 12
7 13
3 13
8 13
11 13
2 13
8 14
5 14
13 14
3 14
13 15
6 15
9 15
14 16
14 17
12 17
6 18
15 19
8 19
16 19
9 20
18 20
14 20
15 20
7 21
20 21
6 21
1 21
10 22
8 22
6 22
2 22
21 22
18 23
19 23
11 23
7 23
6 24
12 24
1 24
17 25
11 25
12 25
23 25
21 26
22 26
23 26
2 27
17 27
26 28
6 28
15 28
25 28
1 29
10 29
6 29
20 29
10 30
8 31
22 31
20 31
2 31
29 32
2 32
3 32
9 33
29 33
18 33
31 33
20 34
19 35
26 35
13 35
17 36
13 37
9 38
18 39
13 39
9 39
19 40
11 40
21 40
30 40
18 41
33 41
38 42
7 42
4 42
24 43
31 43
2 44
8 44
19 44
12 45
41 45
43 45
27 45
16 46
2 46
42 47
2 47
3 48
8 48
27 48
41 48
6 48
33 49
47 49
2 49
38 49
25 50
27 50
45 50
23 50
24 50
11 51
40 52
37 52
23 53
33 53
20 53
20 54
41 54
12 54
8 54
47 55
16 55
39 55
25 56
37 56
11 57
25 57
34 57
31 57
39 57
18 58
1 58
46 59
51 59
53 59
23 59
55 59
37 60
22 61
42 62
35 63
46 63
25 63
19 64
7 64
63 64
30 65
7 65
3 66
6 66
63 66
38 67
39 67
55 67
60 67
33 67
2 68
6 68
43 68
31 68
47 68
15 69
68 69
22 69
61 69
68 70
19 71
46 71
22 71
33 72
1 72
59 72
38 73
69 73
28 73
32 73
30 74
29 74
6 74
52 75
24 75
67 76
69 77
25 77
71 77
53 77
48 77
12 78
51 78
4 79
1 79
72 79
44 80
50 80
74 80
47 80
31 81
30 81
20 82
74 82
58 82
36 82
21 83
48 83
28 83
80 84
20 84
2 84
61 84
33 84
18 85
51 85
36 86
26 86
63 87
77 87
43 87
17 87
46 88
58 88
84 89
32 90
72 90
56 91
34 91
33 92
25 92
55 93
81 93
1 93
50 93
45 94
26 94
87 95
68 95
39 95
81 96
36 97
52 97
40 97
12 98
9 98
50 98
22 98
7 99
80 100
14 100
51 100
9 100
96 101
31 101
76 101
91 101
51 102
28 102
9 102
101 103
81 104
65 104
56 105
27 106
25 106
64 107
19 107
46 107
6 107
68 107
105 108
75 108
43 108
28 109
63 109
50 132
1 2
2 3
1 3
1 4
2 4
3 4
3 5
2 5
1 5
4 6
1 6
3 7
6 7
5 7
1 7
5 8
6 8
1 8
2 9
7 9
5 9
7 10
4 10
6 10
1 11
8 11
3 11
9 11
6 11
6 12
7 12
5 13
10 13
8 14
5 14
4 15
12 15
5 16
16 17
9 17
8 17
2 18
18 19
16 19
9 19
1 20
7 21
20 22
1 22
6 22
6 23
7 23
10 23
17 24
6 24
3 24
18 24
2 25
13 26
19 26
18 26
25 26
4 27
5 27
20 27
26 28
19 28
12 28
11 28
4 29
3 29
15 29
10 30
15 30
3 30
21 31
11 31
20 31
11 32
17 32
10 33
3 33
19 33
30 33
29 34
10 34
22 34
2 35
32 36
2 36
23 37
20 37
34 37
10 37
32 37
4 38
2 38
25 39
13 39
10 39
12 39
33 40
25 41
12 42
15 42
41 42
4 42
22 43
2 44
27 45
41 45
24 45
29 46
35 46
6 46
46 47
31 47
26 47
15 47
39 47
47 48
39 48
44 48
29 48
34 48
24 49
6 49
34 49
31 49
46 50
17 50
38 50
74 201
1 2
1 3
1 4
3 5
1 5
2 5
2 6
4 6
5 7
2 8
1 8
5 8
6 8
6 9
1 10
1 11
6 11
7 11
10 12
8 12
9 13
4 13
1 13
9 14
11 14
10 14
3 15
8 15
10 15
6 16
15 16
10 17
15 17
6 17
8 17
1 18
15 18
3 18
5 19
17 19
4 19
3 20
10 20
4 20
15 20
5 21
17 21
6 21
1 21
19 21
21 22
7 22
13 22
3 22
5 22
5 23
18 23
12 23
10 23
1 24
20 24
16 24
12 24
23 25
11 25
25 26
2 26
10 27
21 27
24 27
1 27
18 27
19 28
8 29
23 30
18 30
20 30
7 31
14 31
13 31
17 31
15 31
16 32
19 32
24 32
22 32
10 32
23 33
25 33
30 34
6 34
23 34
24 35
10 35
19 35
2 35
26 36
31 36
32 36
27 36
24 37
36 38
9 38
14 39
26 39
23 39
33 39
32 40
33 40
39 40
2 41
39 41
30 42
12 42
36 42
2 42
37 42
30 43
34 43
42 44
12 45
34 45
5 46
37 46
39 47
11 48
16 49
6 49
23 49
16 50
27 50
18 50
43 50
27 51
23 51
45 52
39 52
34 52
17 52
9 53
28 53
31 53
44 53
47 54
46 54
34 54
30 54
2 54
31 55
4 55
24 55
11 56
40 56
35 57
11 57
54 57
27 57
30 57
8 58
7 58
54 58
34 58
24 59
8 59
57 59
15 60
45 61
34 61
3 61
29 62
32 62
10 63
18 63
21 63
53 64
62 65
16 66
21 66
27 66
48 67
51 67
32 67
37 68
51 68
48 68
9 69
8 69
49 70
11 70
34 70
46 71
19 71
11 72
2 73
60 73
18 73
35 73
62 74
64 74
5 74
58 74
76 190
1 2
2 3
3 4
1 5
2 5
4 5
1 6
4 6
5 7
4 7
4 8
1 9
5 9
9 10
7 10
4 10
2 10
4 11
2 11
3 11
3 12
8 12
5 12
4 13
2 13
7 13
3 13
9 13
3 14
8 15
10 16
7 16
3 16
11 17
5 17
1 17
16 17
14 18
5 18
9 18
3 18
5 19
9 20
11 20
4 20
5 21
14 21
12 22
6 22
16 22
11 22
21 22
8 23
13 23
10 24
13 24
2 24
2 25
21 25
12 26
18 27
5 27
10 28
4 28
20 28
6 29
29 30
24 31
14 32
19 32
13 32
8 32
16 33
10 34
4 34
25 35
12 35
22 35
26 35
6 35
12 36
5 36
10 37
35 38
21 38
27 38
29 38
2 38
2 39
28 39
8 39
21 39
10 40
6 40
36 40
14 40
34 40
13 41
4 42
25 43
40 43
39 43
35 44
1 45
38 45
43 46
6 46
26 46
35 46
7 47
5 48
32 48
9 48
4 48
30 49
39 50
9 50
15 50
8 50
17 51
29 52
42 52
50 53
36 53
27 54
2 54
29 54
4 55
49 55
37 55
1 56
12 56
22 56
9 57
13 57
29 58
47 58
44 59
11 60
45 60
38 60
26 60
43 60
11 61
32 62
2 62
19 62
16 63
41 63
12 63
25 63
16 64
27 65
19 65
60 65
20 65
18 65
56 66
59 66
30 66
28 66
5 67
1 68
50 68
33 68
17 68
34 69
59 70
64 70
55 70
23 70
61 70
25 71
30 71
16 71
35 71
12 71
38 72
52 72
53 73
11 73
16 73
51 73
52 74
73 74
47 75
39 75
17 75
19 76
16 76
61 168
1 2
1 3
2 3
3 4
1 4
4 5
3 6
5 6
1 7
7 8
2 8
7 9
4 9
5 10
3 10
7 10
4 10
8 10
9 11
4 12
1 13
9 14
13 14
2 14
6 14
3 15
9 15
4 15
13 16
8 16
3 16
1 17
12 17
9 17
10 18
13 18
14 18
4 19
7 19
14 19
8 19
12 19
1 20
6 20
17 21
4 21
2 21
15 21
3 22
5 22
15 22
17 22
9 22
6 23
1 23
22 23
23 24
8 24
14 25
11 25
22 25
9 26
21 26
5 27
6 27
6 28
13 28
15 28
5 28
2 28
15 29
16 30
9 30
27 31
20 31
1 31
2 31
12 32
24 32
21 32
23 32
24 33
14 34
5 34
27 34
10 34
33 35
22 36
31 36
21 36
28 37
30 37
11 37
28 38
1 39
3 39
23 40
12 41
2 41
35 41
6 41
16 42
7 42
31 42
22 43
31 44
30 44
13 44
22 44
5 45
14 45
9 45
12 45
34 45
14 46
33 46
25 46
11 47
16 47
13 47
21 47
23 47
1 48
47 48
30 48
38 49
34 49
42 49
20 49
17 50
49 50
3 50
12 50
47 51
32 51
8 51
5 51
16 51
8 52
34 52
9 52
35 53
13 54
17 54
9 55
7 55
34 55
3 55
31 55
53 56
25 56
40 56
14 56
44 56
22 57
8 57
47 57
9 58
24 58
19 58
40 58
27 59
2 60
37 60
24 60
53 61
7 61
30 61
108 309
1 2
2 3
1 3
3 4
1 5
2 5
4 5
2 6
1 6
1 7
3 7
3 8
7 8
3 9
2 9
7 9
8 9
9 10
1 11
6 11
8 11
5 12
6 13
8 13
1 13
3 14
6 15
2 16
4 16
9 16
14 16
16 17
7 17
2 17
6 18
16 18
5 18
7 19
9 20
3 20
7 20
12 20
20 21
3 21
9 22
3 22
7 22
2 22
20 23
12 23
1 23
6 24
22 24
1 24
13 24
2 25
1 26
18 26
21 26
10 27
4 27
3 27
8 27
4 28
22 28
1 28
3 28
26 29
11 30
15 31
1 31
11 31
21 31
20 32
23 32
29 32
2 32
24 33
3 33
32 34
23 34
19 34
25 35
33 36
18 36
6 36
4 36
35 36
25 37
14 38
14 39
3 40
34 40
5 40
18 41
34 41
28 41
37 41
2 41
14 42
20 42
11 42
7 43
4 43
38 43
36 44
24 44
19 45
41 45
43 45
31 46
1 46
46 47
27 47
30 47
34 47
14 47
11 48
10 48
26 48
23 49
34 50
49 50
1 50
27 51
28 51
10 51
20 51
42 51
32 52
11 52
5 52
19 53
50 53
47 53
10 54
43 54
7 54
38 54
25 54
23 55
34 55
16 55
1 55
23 56
19 56
27 56
15 56
3 57
21 57
35 58
11 58
37 59
54 60
50 61
51 61
11 61
19 61
47 61
42 62
17 62
35 62
13 62
48 63
1 64
59 64
18 64
13 65
53 65
17 65
9 65
56 66
46 66
40 66
49 66
26 66
21 67
54 67
20 68
60 68
39 68
68 69
43 69
47 70
29 70
68 70
34 70
44 71
4 71
19 71
62 72
61 73
35 73
3 73
24 73
52 73
26 74
11 75
14 75
24 75
33 75
8 76
45 76
55 77
31 77
37 77
39 77
61 78
54 78
5 79
34 79
6 79
17 79
76 80
17 81
15 81
11 81
3 81
14 81
17 82
69 83
43 83
68 83
33 84
83 84
58 84
69 85
46 85
33 85
29 85
10 86
9 86
39 87
85 87
70 88
58 89
84 89
69 89
71 89
39 90
87 90
40 90
68 90
17 90
82 91
60 91
44 91
56 91
43 92
55 92
61 93
52 93
85 93
79 93
40 94
73 95
79 95
84 96
32 96
50 96
18 96
70 96
96 97
46 97
38 97
44 97
34 97
46 98
2 98
81 98
54 99
50 99
63 99
3 99
73 100
94 100
29 100
61 100
40 100
20 101
92 101
94 101
59 101
49 102
89 102
94 102
11 102
58 102
86 103
27 103
63 103
40 103
20 104
67 104
77 104
34 104
70 104
9 105
11 106
91 106
39 107
52 107
17 107
75 107
16 108
61 108
64 108
92 108
30 108
110 306
1 2
1 3
3 4
1 5
3 5
4 5
4 6
3 6
2 7
5 7
2 8
3 8
3 9
1 9
8 10
1 10
9 10
3 11
2 12
6 12
5 12
7 12
11 13
8 13
3 13
5 13
9 14
12 14
5 15
7 15
8 16
7 16
14 16
10 17
4 18
9 18
8 18
17 19
18 19
15 19
3 20
14 21
10 21
2 21
2 22
11 23
8 23
14 23
9 24
6 24
2 24
8 24
14 25
10 25
7 26
18 26
15 26
22 27
2 27
26 27
6 28
17 28
24 29
4 29
1 29
1 30
13 31
7 32
4 32
21 33
14 34
15 34
4 35
19 35
19 36
17 36
23 36
34 36
12 37
30 38
10 38
14 38
34 38
21 38
31 39
16 39
34 39
8 39
8 40
34 40
26 41
7 41
5 41
34 41
29 42
36 42
19 42
12 43
11 44
8 44
20 44
21 44
2 44
11 45
4 45
23 46
11 47
32 47
35 47
6 48
42 48
29 48
9 48
5 48
11 49
47 49
43 49
33 49
10 50
40 50
18 50
8 50
10 51
15 51
22 52
38 53
9 53
7 53
49 53
6 53
39 54
29 54
51 55
23 56
4 56
48 56
34 56
54 57
25 57
52 58
6 58
12 59
30 59
39 59
9 60
10 60
12 60
11 60
23 60
48 61
24 61
23 61
33 61
33 62
39 62
49 62
41 62
30 62
34 63
29 64
1 65
51 66
11 66
42 66
28 67
56 67
32 67
23 67
42 67
54 68
41 68
45 68
53 68
67 68
53 69
49 69
33 69
49 70
34 70
63 70
5 71
8 71
34 71
46 72
15 72
45 72
3 73
10 74
37 74
7 74
63 75
70 76
22 76
55 76
2 76
3 77
6 77
32 77
39 78
25 78
73 78
54 78
47 79
52 79
9 79
52 80
27 80
51 80
13 81
62 81
21 81
34 82
69 83
62 83
59 83
41 83
34 83
12 84
59 84
58 84
23 85
1 85
31 85
6 85
68 86
41 86
32 86
12 86
71 87
43 87
22 87
4 87
42 87
11 88
60 88
31 89
23 89
82 89
40 89
80 90
51 90
46 90
80 91
9 91
41 91
66 91
56 91
56 92
7 92
80 92
57 93
74 93
25 93
32 93
76 94
37 94
27 94
60 95
78 95
36 95
17 96
23 97
61 97
2 97
13 97
11 97
69 98
33 98
47 98
89 98
59 99
68 99
97 99
58 99
15 100
40 100
5 101
24 101
54 101
30 101
60 102
23 102
77 102
77 103
41 103
34 103
96 103
79 104
103 105
14 106
11 106
37 106
81 107
85 107
31 107
22 107
16 108
79 109
21 109
101 109
2 109
109 110
98 110
81 110
39 110
12 110
96 280
1 2
2 3
1 3
1 4
2 4
2 5
4 5
5 6
3 6
2 6
2 7
5 7
1 8
5 8
4 9
6 9
4 10
3 10
2 10
7 11
5 11
4 12
9 12
10 13
1 13
2 13
6 13
2 14
1 14
3 14
12 14
10 15
13 15
2 16
10 16
11 16
6 16
7 16
8 17
2 17
16 17
14 17
8 18
9 19
4 19
18 19
8 20
14 21
18 22
14 22
17 22
1 23
18 24
23 25
4 25
2 25
19 26
11 26
2 26
20 26
12 26
21 27
26 27
26 28
20 28
11 28
7 28
7 29
13 29
8 30
10 30
11 30
2 30
17 31
11 31
12 31
19 31
9 31
17 32
25 32
17 33
10 33
27 34
25 34
9 34
15 35
32 35
2 35
8 35
3 36
35 36
12 37
17 38
30 39
11 39
19 40
38 40
37 40
36 40
31 41
26 41
33 41
22 41
14 42
24 42
36 42
4 42
29 42
23 43
42 43
33 43
17 43
26 44
1 44
4 44
13 45
41 45
6 45
43 45
42 46
18 47
36 47
15 47
7 48
34 48
40 48
31 48
21 49
41 49
16 49
43 50
10 50
32 50
34 51
36 51
42 51
38 51
2 51
7 52
34 52
17 52
19 52
18 53
15 53
47 53
45 53
40 53
2 54
7 54
43 54
27 54
43 55
6 55
41 55
35 55
49 55
45 56
26 56
47 56
1 56
30 57
32 57
44 57
34 57
19 58
34 58
53 59
21 59
13 59
30 60
27 60
34 60
32 61
34 61
17 61
30 61
60 61
3 62
22 62
10 62
61 62
13 62
8 63
62 63
19 63
5 63
6 64
32 64
54 65
49 65
36 65
32 65
27 65
36 66
37 66
22 66
47 66
18 67
3 67
2 67
46 68
33 68
63 68
11 69
45 69
10 70
36 71
21 71
34 71
63 71
10 71
1 72
45 72
56 72
25 73
55 73
22 74
4 75
55 75
71 76
64 76
47 76
51 76
17 77
59 77
11 77
49 77
75 78
15 79
62 79
49 79
35 80
77 81
71 81
50 81
46 82
43 82
29 82
18 82
24 82
20 83
45 83
23 84
83 84
35 85
36 85
79 85
28 85
77 85
70 86
73 86
16 86
40 86
3 86
21 87
82 87
3 87
80 87
21 88
17 88
74 88
19 89
49 89
9 89
42 89
17 90
30 91
76 92
43 93
62 93
3 94
11 94
52 95
28 95
17 95
26 96
27 96
39 96
1 96
29 96
126 351
1 2
1 3
2 4
3 4
4 5
3 6
5 6
3 7
2 8
1 8
1 9
4 10
2 10
5 10
3 11
10 11
5 11
1 11
2 11
1 12
8 12
12 13
3 13
9 14
1 14
2 14
8 14
14 15
2 15
9 15
8 15
1 15
7 16
10 16
16 17
9 17
7 18
3 18
2 18
17 18
14 18
14 19
4 19
13 20
10 20
11 20
8 20
7 21
11 21
17 22
4 22
11 23
21 23
14 24
9 24
1 24
7 24
19 24
19 25
12 26
7 27
1 28
5 28
22 28
23 28
13 28
8 29
23 29
7 30
3 30
18 30
10 30
11 31
19 31
24 31
17 32
2 32
8 32
29 33
32 33
1 34
23 34
31 34
34 35
22 35
23 35
8 36
26 36
20 36
12 36
33 36
18 37
36 37
15 37
32 37
12 38
5 38
33 38
28 38
22 38
13 39
5 40
24 40
22 41
12 41
29 41
3 42
8 42
31 42
19 42
34 43
33 44
2 44
15 44
13 45
25 45
22 45
30 45
31 45
30 46
9 47
30 47
39 47
30 48
13 49
25 49
31 50
33 50
2 50
21 51
5 51
25 51
25 52
44 53
39 53
5 53
32 54
16 54
12 54
52 54
48 55
16 55
33 55
28 55
52 55
26 56
10 57
31 57
51 57
47 57
31 58
30 58
19 58
50 58
35 59
13 60
55 60
56 60
35 60
54 61
52 61
44 61
41 61
20 61
49 62
29 62
12 63
5 63
36 63
59 64
40 65
57 65
8 65
21 65
2 66
39 66
37 66
35 66
44 66
6 67
48 68
6 68
48 69
53 70
34 70
43 70
25 71
56 71
24 72
41 72
21 72
66 73
29 73
64 73
15 73
34 73
46 74
18 74
40 75
59 76
37 76
68 76
47 76
15 76
21 77
63 78
4 78
43 78
44 78
31 78
3 79
35 79
56 79
55 79
36 79
26 80
25 80
59 81
21 81
39 81
55 81
25 82
27 83
71 83
18 83
20 84
79 84
53 84
18 84
38 84
82 85
27 85
69 85
31 85
66 86
46 86
68 86
16 86
34 87
26 88
1 88
7 88
75 89
88 89
48 90
20 90
1 90
44 90
59 90
42 91
11 91
73 91
1 92
82 92
55 92
66 92
80 93
65 94
25 95
67 96
90 97
76 97
45 97
42 98
70 98
31 98
44 99
27 99
24 99
80 99
75 100
25 100
85 101
18 101
72 101
45 101
89 102
54 102
70 102
50 102
5 103
73 103
70 103
62 103
33 103
28 104
93 105
21 105
4 105
46 105
91 106
77 106
52 106
55 106
39 106
82 107
51 107
1 107
45 107
92 108
34 108
86 109
24 109
4 110
14 110
67 110
19 110
15 111
22 111
83 111
69 111
54 111
106 112
78 112
6 112
32 112
81 113
48 114
9 114
8 115
49 115
42 115
62 116
39 117
87 117
104 117
84 117
25 117
103 118
56 118
60 119
107 120
73 120
68 120
39 120
88 120
8 121
117 121
90 122
57 122
14 123
16 123
67 123
121 123
11 123
123 124
3 124
60 124
54 124
105 125
113 126
58 156
1 2
1 3
2 4
3 4
3 5
1 6
5 6
1 7
6 8
5 8
1 8
8 9
3 9
5 9
7 10
6 10
1 10
4 10
5 11
4 11
9 12
3 12
1 12
7 12
2 13
5 14
4 14
8 14
4 15
9 15
11 16
1 16
2 16
8 17
10 17
14 17
16 17
13 18
16 19
5 19
6 19
4 19
17 20
3 20
5 20
15 20
2 21
13 21
1 22
13 22
14 23
9 23
4 23
2 24
23 24
23 25
16 25
10 25
10 26
13 26
2 26
1 26
12 26
15 27
3 27
21 27
24 28
5 28
21 28
13 28
22 29
21 30
15 30
4 31
22 32
10 32
14 32
21 32
30 33
19 33
18 33
3 34
24 34
29 35
21 35
30 35
26 36
28 36
9 36
7 36
29 37
25 37
16 38
21 38
19 38
3 38
25 38
5 39
24 39
4 40
6 41
31 41
24 41
1 41
14 42
39 42
23 42
34 42
33 43
40 43
25 43
3 43
30 44
10 44
42 44
21 44
5 45
42 46
16 46
20 46
23 46
45 47
40 47
18 47
34 47
3 48
44 48
46 48
18 49
40 49
14 49
25 50
5 50
29 50
5 51
42 51
33 51
28 51
6 52
44 53
18 53
39 53
40 53
51 53
2 54
1 54
16 54
16 55
26 56
35 57
47 57
26 57
38 57
13 58
33 58
45 58
99 281
1 2
1 3
2 4
3 4
1 4
2 5
3 5
1 5
4 5
1 6
4 7
3 7
6 7
3 8
2 8
1 9
5 9
9 10
2 10
3 10
3 11
10 11
7 11
6 11
8 12
2 13
6 13
9 14
6 14
5 14
12 14
10 14
14 15
7 15
12 15
4 16
5 16
1 16
14 16
3 17
15 18
13 19
15 20
11 20
13 20
1 20
8 21
18 21
12 22
2 22
4 23
7 23
16 23
5 23
3 24
8 24
11 24
1 25
18 26
1 26
15 27
6 27
13 27
15 28
6 28
6 29
8 29
18 29
1 29
11 30
17 30
10 30
12 30
29 31
8 31
29 32
5 32
12 32
8 32
11 33
12 34
17 34
31 34
30 34
28 35
5 35
20 35
2 35
4 35
12 36
27 36
11 36
13 36
6 37
23 37
11 37
5 37
15 38
11 39
35 39
13 39
39 40
10 40
14 40
32 40
19 41
13 41
24 41
30 41
40 41
25 42
17 42
35 42
42 43
3 43
31 43
28 43
27 43
37 44
35 44
20 44
18 44
8 45
16 45
41 45
29 45
13 46
43 46
42 47
17 47
20 47
35 47
37 47
14 48
17 48
20 48
28 48
8 49
45 50
47 51
51 52
19 52
43 52
39 52
25 53
34 53
17 54
24 54
3 54
18 54
3 55
53 55
27 55
26 55
23 55
4 56
9 56
48 56
47 57
22 57
30 58
47 58
9 58
49 58
40 59
32 59
54 60
30 60
58 61
19 61
18 61
5 62
8 62
13 62
14 62
34 63
46 63
28 63
31 64
40 64
1 64
51 65
37 66
52 66
46 66
61 67
35 67
10 68
29 69
3 69
41 69
46 69
22 69
27 70
32 70
32 71
34 71
69 71
52 71
22 71
68 72
32 73
9 73
58 73
64 73
32 74
44 74
16 74
5 75
75 76
33 76
10 76
45 76
6 76
53 77
10 77
43 77
9 77
57 78
21 78
1 78
23 79
32 79
62 79
76 80
31 80
14 80
47 81
6 81
44 82
49 83
48 84
1 85
37 85
12 85
45 86
55 86
22 86
83 86
39 87
6 87
30 87
79 87
2 88
22 88
18 88
29 88
46 88
66 89
36 89
46 89
65 89
3 90
14 91
32 91
4 91
68 91
88 91
16 92
72 92
5 92
82 92
16 93
46 93
30 93
89 94
61 94
93 94
52 94
64 95
11 96
30 96
85 96
70 97
51 98
35 98
13 98
8 98
51 99
19 99
16 99
99 253
1 2
1 3
2 4
1 4
3 4
3 5
2 6
4 6
5 6
6 7
4 7
1 7
5 8
2 9
2 10
9 11
1 12
5 12
11 12
9 12
11 13
1 13
12 14
3 15
14 15
1 15
12 16
11 16
7 17
2 17
2 18
17 19
4 19
7 20
19 21
12 21
6 21
6 22
1 23
4 23
18 24
5 25
10 25
10 26
17 27
5 27
13 27
23 27
26 28
25 28
20 28
8 29
12 29
19 29
15 29
6 30
15 31
24 32
27 32
1 33
26 34
34 35
25 35
31 35
11 35
17 35
8 36
30 36
21 36
32 36
18 36
4 37
27 37
22 37
10 37
26 37
8 38
33 38
36 38
12 38
6 38
28 39
21 39
8 39
2 39
4 40
39 40
5 41
1 42
5 43
2 44
35 44
4 45
31 45
37 45
19 45
25 46
8 47
39 47
42 48
12 48
28 48
44 49
46 49
23 50
32 50
48 51
30 51
49 51
19 51
23 51
38 52
40 52
15 52
41 52
4 53
32 53
21 53
29 54
9 54
6 55
12 56
24 56
7 56
16 56
14 57
32 57
56 58
46 59
45 59
34 60
5 60
27 60
26 60
31 61
41 62
11 63
4 63
29 63
30 64
15 64
17 64
25 64
16 65
9 65
56 65
5 65
21 65
48 66
25 67
4 67
34 67
46 68
16 68
6 68
25 68
67 69
58 69
54 69
5 69
22 69
48 70
53 70
4 71
32 71
10 71
21 71
9 71
60 72
64 72
29 72
31 72
62 72
23 73
17 73
26 73
12 74
2 74
62 75
17 75
29 75
15 76
1 76
4 77
67 78
61 79
76 79
62 79
59 79
45 80
33 81
50 81
75 81
63 81
46 81
81 82
3 82
2 82
17 82
71 82
55 83
19 83
2 84
51 85
84 85
6 85
27 85
44 86
57 86
45 87
20 87
64 88
16 88
35 88
30 88
27 89
12 89
76 89
50 89
16 90
84 90
12 90
14 90
50 90
68 91
75 91
20 91
15 91
81 91
6 92
41 92
61 92
1 93
61 93
27 93
76 94
84 94
77 94
59 95
51 95
32 95
53 95
42 96
56 96
2 96
30 97
54 97
28 97
8 98
50 98
12 98
49 98
27 99
84 212
1 2
2 3
3 4
2 4
1 4
4 5
2 6
3 6
3 7
4 8
2 8
6 8
7 9
5 9
3 9
2 9
9 10
7 11
10 11
4 11
4 12
6 13
13 14
10 15
3 15
11 15
6 16
9 16
10 16
10 17
1 17
6 17
2 18
12 18
5 18
9 18
15 18
7 19
1 19
4 20
7 20
19 20
1 21
13 22
8 23
21 24
19 25
12 25
13 25
20 26
12 26
19 26
4 26
16 26
24 27
26 27
16 27
21 28
21 29
19 29
12 29
22 29
17 30
15 30
20 30
25 31
20 31
30 31
1 32
5 33
1 33
28 34
10 34
20 34
31 35
2 35
13 35
33 36
24 36
13 36
4 36
36 37
4 37
6 37
16 37
11 37
3 38
5 38
7 38
2 39
11 39
5 39
13 39
13 40
23 41
25 41
8 41
2 42
13 43
29 43
22 44
17 45
36 46
22 46
11 46
43 46
28 47
45 48
3 48
13 48
34 48
16 49
5 49
48 49
18 49
19 50
32 50
19 51
7 52
40 53
52 53
38 53
41 53
33 54
6 54
36 55
33 55
17 55
42 55
19 56
54 56
14 57
13 57
49 57
11 57
42 58
48 58
1 58
41 59
52 60
55 60
7 60
5 61
15 61
31 61
28 61
46 61
53 62
11 63
47 63
61 64
31 64
63 64
63 65
6 65
28 66
10 67
30 67
66 67
38 67
3 68
5 68
54 68
12 69
68 69
66 69
6 70
45 70
52 70
11 70
48 71
5 72
14 72
16 72
28 73
70 73
5 73
71 74
34 74
9 74
26 75
61 75
49 75
43 76
5 76
36 76
41 76
32 77
42 77
31 77
73 78
39 78
20 78
68 79
15 79
30 80
66 80
27 80
33 80
56 80
63 81
24 81
51 81
58 82
20 82
7 82
25 83
15 83
36 83
3 84
69 84
35 84
0 0