200 400 600
85 134 14317
86 138 15515
160 162 662
58 59 305
27 180 45311
70 116 13514
123 126 1133
79 113 10076
12 29 4606
22 125 29998
143 148 1400
115 174 18000
87 191 31383
12 163 44370
106 154 14539
82 187 31867
26 77 14598
47 200 45627
128 182 16442
49 165 34175
117 141 7480
30 105 21817
6 85 23117
159 180 6255
138 189 15690
110 128 5364
62 139 22657
53 153 29273
122 175 16279
29 38 2748
83 88 1565
138 172 10225
117 163 14147
166 185 5817
119 172 16157
68 144 22521
30 179 44234
69 106 10735
110 160 15229
138 160 6774
110 181 21392
137 189 16046
131 198 20610
61 98 10490
2 137 39744
123 168 13982
27 36 2810
33 193 47503
130 164 10491
58 96 10859
114 115 368
47 57 2916
80 142 18784
18 42 6866
20 104 24277
51 66 4048
53 124 20451
41 47 1855
70 97 7956
52 175 36291
195 200 1452
47 198 45078
75 117 12366
74 174 30004
155 195 12339
147 164 5315
131 169 11684
11 79 19390
7 47 11902
8 65 16731
67 98 8914
78 198 36435
29 185 46502
6 110 30370
7 176 50003
15 152 39985
36 41 1321
95 189 28547
103 182 23870
10 148 40446
91 118 7945
21 181 47205
12 130 34217
132 175 13106
54 150 28036
76 77 244
95 144 14680
11 46 10085
106 195 27226
30 37 2278
21 58 10875
50 174 36598
68 147 23372
45 184 41462
9 185 52232
45 83 10970
38 164 37367
88 97 2598
109 167 17741
18 133 33424
123 198 23171
9 115 30770
137 178 12343
29 119 26207
1 11 3201
39 59 5935
49 115 18916
55 96 11684
91 163 21789
23 76 15094
65 148 24486
12 93 23246
174 189 4820
86 170 25250
46 189 42703
63 179 34442
57 171 33798
79 111 9581
99 183 25480
33 134 29409
80 87 2398
20 37 4969
134 141 2399
78 110 9586
123 148 7726
24 196 51254
21 144 36096
76 114 11176
65 134 20132
62 129 19466
46 149 30273
4 107 30005
154 172 5446
114 143 9023
144 178 10207
129 158 8952
116 191 22996
61 100 11025
90 134 12991
77 190 34296
40 136 28115
78 147 20732
3 196 57562
64 93 8334
14 105 26188
93 116 6771
182 195 4169
4 190 55302
95 149 16085
104 118 4115
32 181 44059
62 69 1841
50 200 44599
116 177 18453
112 161 15051
30 118 25682
134 187 16518
41 179 40907
89 169 24046
33 108 21722
16 144 37440
62 173 32882
7 153 43046
76 84 2563
169 176 1951
72 136 19087
4 165 47582
29 32 1025
78 127 14715
47 82 9951
111 186 22892
28 53 7582
137 186 15063
37 133 27935
115 137 6769
101 167 20064
99 142 13138
26 97 20685
30 116 25142
27 145 34699
59 70 2890
27 174 43542
123 132 2886
161 169 2348
51 136 24675
15 166 44426
60 142 24069
66 134 19870
2 4 704
2 145 42143
47 133 25040
16 62 13337
184 188 1333
127 154 8111
164 177 3754
41 197 46708
86 97 3220
20 35 4373
60 167 31699
125 178 16000
148 176 8482
152 156 1402
46 187 42129
31 63 9437
36 198 48258
1 93 26783
26 104 22675
39 105 18988
103 174 21453
1 36 10429
90 194 31465
69 128 17354
149 174 7662
74 149 22344
92 142 15138
7 116 31887
162 171 2595
37 108 20547
116 194 23838
146 176 9114
66 98 9243
1 130 37759
18 192 51590
14 53 11408
51 144 27118
13 84 20380
34 164 38559
39 193 45733
31 112 23605
67 81 3827
121 152 9493
46 190 42931
25 122 28139
3 92 25918
143 177 10164
41 57 4762
169 190 6449
141 145 1094
1 123 35519
76 140 19329
116 153 11183
44 126 24045
100 133 9849
86 163 23154
114 150 10939
131 192 18729
99 191 28114
59 183 36738
85 105 5665
55 80 6749
71 174 30877
138 167 8936
46 49 1052
29 181 45065
173 187 4520
43 133 26282
139 177 11361
51 105 15245
154 167 4145
106 139 10130
21 176 45673
119 180 18615
43 177 39671
15 171 45846
8 165 46436
92 165 22050
64 171 31836
99 152 15971
96 193 29242
94 131 10896
36 189 45553
88 200 33828
38 86 13930
72 116 12983
98 141 13026
13 176 47852
123 138 4773
64 105 11775
75 115 11756
6 127 35507
37 143 31174
16 87 20510
42 140 28948
6 63 16750
92 114 6403
25 159 39638
111 127 4847
11 138 37125
14 65 14718
125 161 11139
25 124 28823
117 125 2521
2 115 32977
170 171 286
23 67 12773
122 197 23224
27 87 17538
22 117 27510
114 146 9798
122 141 6056
55 129 21401
47 58 3319
49 134 24598
17 124 30965
96 111 4400
11 120 31382
33 89 16251
31 116 24779
108 139 9464
51 53 480
101 136 10529
5 27 6479
183 191 2620
21 23 569
170 196 8088
57 174 34682
101 104 846
35 57 6426
52 100 13585
8 18 3195
122 145 7131
166 178 3455
94 184 27170
138 164 7982
4 109 30598
123 136 4148
67 125 16960
3 140 40444
2 120 34347
23 169 43176
38 195 46883
81 117 10661
39 141 30018
83 104 6148
175 181 1760
29 162 39554
79 170 27474
135 174 11922
170 183 3912
44 84 11635
10 196 55325
7 95 25774
35 144 32054
125 148 6947
23 88 18828
157 160 948
63 92 8243
107 111 1282
92 181 26784
13 45 9053
128 149 6376
32 125 27126
61 157 28388
64 107 12441
122 129 2224
17 175 46539
11 104 26814
165 174 2740
111 159 14583
102 162 18218
72 134 18298
141 152 3193
63 122 17027
30 149 35114
66 191 37567
40 90 14391
91 100 2634
39 75 10209
102 124 6414
148 194 14161
47 150 30157
50 160 32445
166 172 1644
102 103 263
132 182 15228
133 135 671
92 160 20634
43 121 22636
108 181 22034
113 183 21328
122 155 10234
172 198 8207
5 15 3263
51 158 31401
28 78 14383
68 134 19278
49 135 24991
15 182 49173
25 79 15487
13 14 229
83 199 35123
86 98 3457
93 171 23498
67 120 15239
28 138 32422
47 154 31484
2 60 17298
117 123 1749
134 167 10334
73 92 5553
52 83 8619
93 134 12050
154 198 13590
26 145 35008
77 189 34050
93 190 29373
73 187 34438
87 131 12879
12 165 44875
98 191 28280
45 181 40293
132 147 4548
24 46 6395
63 169 31512
75 139 19182
46 59 3900
175 199 7439
148 151 852
107 195 26844
44 197 45826
41 124 24138
46 118 20810
6 91 24683
32 96 18557
39 183 42642
20 84 18470
104 185 24652
100 189 27177
57 139 24133
1 10 2762
85 200 34613
37 105 19537
77 167 27276
147 150 772
15 107 26415
83 148 19338
80 154 22259
33 114 23314
34 84 14503
49 195 43454
180 185 1659
143 197 16595
150 174 7424
115 136 6473
40 142 29993
87 180 27750
121 150 8766
29 99 20291
57 132 21858
172 186 4487
128 188 18457
99 136 11198
121 200 24218
65 92 7659
22 84 17877
27 131 30406
74 127 15781
26 32 1840
47 182 39984
14 136 35589
14 55 12011
39 163 36641
20 83 18130
101 170 20867
27 85 16912
52 79 7326
115 143 8618
100 139 11874
182 192 3163
16 174 46477
53 75 5985
41 191 44758
119 122 882
6 147 41470
29 149 35341
13 101 25280
81 143 18641
13 123 31652
65 71 1556
68 161 27795
170 178 2233
28 47 5673
144 168 7340
32 174 41984
70 150 23642
54 173 35124
123 149 7986
32 121 25763
44 92 13823
19 58 11441
107 170 19124
49 93 12482
18 34 4478
104 199 28957
14 164 44173
37 136 28965
38 131 27168
37 119 23647
47 165 34855
19 106 25107
57 130 21262
92 183 27459
32 152 35243
179 184 1667
49 65 4440
195 197 673
46 58 3617
125 168 13159
32 164 39081
7 199 57249
71 172 30129
35 163 37827
18 181 47996
49 166 34538
116 179 19051
162 168 1755
73 120 13647
46 51 1713
89 165 22737
8 69 17780
48 126 22653
61 193 39202
49 136 25365
58 177 35091
145 177 9632
28 131 30156
37 95 16776
150 168 5730
81 109 8318
95 200 31709
71 83 3519
23 155 38847
110 150 11891
23 77 15295
50 123 20891
55 82 7437
9 24 4421
39 130 26510
181 184 1098
52 186 39758
67 113 13259
92 187 28912
3 87 24602
89 127 11242
66 91 7123
6 98 26752
80 174 28365
32 130 28593
175 183 2426
37 41 1056
4 172 49558
98 148 14975
166 183 5060
111 118 1937
101 174 22022
36 86 14325
11 140 37764
1 75 21414
45 115 20276
164 192 8520
135 136 393
129 189 18501
38 113 21712
86 162 22894
17 57 11510
6 29 6681
85 163 23337
13 115 29319
69 188 35812
61 190 38410
76 146 20931
50 64 3845
94 163 20734
3 171 49719
91 155 19274
26 143 34503
3 20 5132
32 47 4415
126 177 15345
113 161 14786
48 179 38631
31 125 27484
5 188 54445
15 33 5027
39 186 43730
54 62 2272
54 170 34284
25 87 18060
50 87 10562
11 117 30588
66 102 10463
39 167 37912
34 127 27254
58 90 9015
87 139 15455
72 127 16338
167 182 4377
38 81 12252
83 85 696
34 80 13079
184 194 3035
39 195 46477
52 61 2511
12 75 17859
76 80 1121
87 171 25085
74 90 4715
55 61 1653
51 139 25652
85 172 25900
16 84 19493
170 195 7715
65 76 2903
134 155 6568
38 135 28364
89 193 31261
141 178 11015
3 139 40095
62 153 26695
35 189 45892
81 112 9201
19 92 20993
34 188 45931
111 158 14223
154 174 6100
33 177 42499
41 165 36696
127 159 9727
44 174 38569
31 188 46857
115 194 24174
89 195 32021
163 180 4992
34 82 13792
78 84 1947
35 181 43112
95 97 509
153 155 719
66 155 26427
70 176 31621
49 192 42487
82 193 33440
39 107 19597
89 98 2511
168 170 533
83 89 1830
158 196 11689
156 171 4466
102 114 3303
66 96 8738
53 134 23399
93 140 14170
18 113 27378
23 50 8017
68 88 5775
91 193 30829
140 175 10472
20 143 36094
15 115 28725
148 187 12127
91 184 28168
65 85 5786
56 105 13928
94 106 3355
14 47 9521
38 171 39386
22 77 15600
81 110 8639
61 92 8655
84 124 11690
74 179 31454
37 46 2589
62 170 32015
34 96 18034
72 154 24431
45 107 17978
58 148 26302
25 133 31506
80 130 14955
119 187 21015
61 140 23203
71 199 38609
20 87 19449
76 89 4020
82 107 7351
65 116 14777
29 67 11180
63 115 14969
87 167 24010
107 165 17553
165 167 728
31 170 41218
171 180 2652
41 97 16206
33 159 37211
106 149 12970
44 58 4281
84 104 5761
140 164 7255
7 139 38949
9 70 17627
50 190 41553
164 200 10913
103 141 11484
139 147 2277
3 55 15501
43 149 31178
63 166 30617
126 182 16940
52 85 9334
25 110 24710
38 41 848
154 159 1630
130 135 1464
159 185 7895
92 185 28182
13 143 37976
60 147 25435
98 106 2284
94 181 26008
59 91 8931
40 87 13617
41 140 29220
104 120 4563
11 195 54546
86 146 17800
16 70 15376
154 186 9910
24 102 22618
46 63 4921
3 189 55391
3 46 12715
1 168 49426
31 185 45843
96 150 15983
164 175 3219
130 180 15155
35 63 8098
98 174 22932
60 124 18367
96 118 6310
8 63 16154
5 33 8276
127 148 6231
47 186 41405
8 46 11231
55 146 26513
40 52 3638
159 164 1520
149 157 2579
45 197 45530
50 66 4371
1 23 6543
28 106 22631
43 125 23947
149 187 11839
157 190 10048
25 180 45831
37 71 9641
102 171 20767
33 98 18745
13 54 11864
1 180 52908
115 116 357
49 76 7367
42 52 3157
70 115 13105
32 44 3403
46 176 38390
45 195 44845
64 86 6293
15 62 13537
28 65 10863
62 192 38773
23 47 6983
132 185 16228
182 199 5327
6 159 45251
85 96 3159
168 173 1377
78 134 16602
142 198 17074
99 112 3919
2 187 55121
30 152 35984
40 97 16409
25 154 37952
97 134 10881
82 199 35399
5 38 9668
18 198 53426
96 161 19640
25 89 18600
158 169 3341
119 168 15122
147 168 6518
156 162 1888
63 167 30971
50 180 38320
45 113 19718
7 160 45322
138 153 4403
38 172 39593
38 68 8710
139 192 16105
59 119 17117
69 154 25215
117 166 15033
25 84 17087
61 188 37887
72 74 554
7 113 30901
52 184 39095
40 196 46517
75 124 14443
13 95 23598
13 191 52692
91 95 1281
76 184 32624
121 156 10851
51 86 9798
110 133 6776
90 107 4946
67 191 37184
91 122 9060
156 168 3644
146 152 1800
6 48 12514
3 101 28567
123 128 1628
52 108 15946
83 103 5882
3 45 12329
79 94 4589
4 43 11413
47 105 16624
61 170 32239
72 83 3232
55 128 21091
143 193 15128
35 81 13069
3 152 43855
55 108 15105
15 121 30496
10 50 11782
164 179 4368
150 191 12784
58 128 20269
54 175 35736
5 61 16535
12 72 17018
46 181 39913
95 192 29304
26 185 47299
114 184 21485
6 105 28736
55 85 8480
17 86 19822
132 143 3448
119 163 13589
56 170 33736
101 187 26208
136 171 10611
106 118 3516
11 85 21354
39 102 18232
104 156 15812
30 135 30819
12 150 40163
160 199 11892
59 197 41240
57 152 27905
41 186 43222
35 177 41891
122 181 17963
36 137 29488
16 39 6562
32 142 32385
32 74 11986
88 195 32359
36 146 32151
96 131 10312
121 161 12432
156 196 12270
51 185 39640
152 177 7560
73 129 16505
166 182 4735
73 111 11200
98 188 27406
6 42 10570
108 118 2867
74 83 2647
105 191 26295
115 193 23789
138 143 1509
32 185 45435
35 155 35361
89 143 16113
7 101 27438
5 16 3470
111 192 24643
51 165 33466
136 145 2668
104 193 27005
16 185 49925
56 163 31639
49 109 17184
72 193 36358
78 187 33103
121 192 21818
92 125 9822
90 148 17302
86 87 361
39 165 37172
69 142 21715
108 160 15839
29 98 20069
32 116 24367
41 158 34615
175 195 6264
52 70 4846
24 177 45107
68 173 31234
180 193 4021
64 161 28925
83 186 31123
89 122 9497
46 192 43501
136 193 17316
125 137 3633
127 145 5371
3 13 3264
143 175 9631
31 127 28156
45 146 29713
11 192 53569
108 136 8443
87 100 3591
33 137 30431
8 137 37891
36 68 9147
107 130 6870
44 102 16872
39 54 4446
36 70 9597
78 200 36924
84 147 18740
48 170 36007
18 88 20172
90 139 14727
49 188 41336
117 120 738
144 152 2303
100 120 5763
136 166 9172
35 58 6807
22 50 8286
51 116 18556
84 166 24621
17 27 2674
31 81 14362
63 196 39873
33 101 19630
99 137 11473
103 134 9098
67 114 13473
45 76 8761
19 141 35800
11 28 4678
85 182 29016
136 141 1580
107 148 12329
106 125 5722
130 182 15797
8 147 40894
152 188 11208
7 68 17898
107 168 18561
23 56 9675
25 32 2063
15 142 37102
17 104 25001
77 134 16947
80 133 15785
16 164 43564
1 44 12561
24 138 33397
6 99 26979
52 124 20685
93 109 4671
9 22 3879
147 199 15981
32 51 5813
135 151 4797
4 142 40656
13 33 5642
48 175 37482
146 200 16580
24 113 25734
