100 1010
1 77
1 164
1 170
1 191
1 47
1 110
1 31
1 81
1 96
1 167
1 13
2 185
2 64
2 189
2 71
2 25
2 59
2 200
2 126
3 196
3 90
3 111
3 137
3 148
3 164
3 175
3 154
3 78
4 86
4 82
4 28
4 126
4 179
4 108
5 98
5 117
5 155
5 182
5 170
5 78
5 194
6 169
6 154
6 123
6 59
6 145
6 179
6 183
6 8
7 22
7 12
7 179
7 143
7 173
8 16
8 131
8 139
8 137
8 100
8 153
9 96
9 101
9 140
9 88
9 46
9 133
9 147
10 123
10 25
11 36
12 157
12 139
12 150
12 106
12 129
12 184
12 55
12 197
12 17
12 27
12 95
12 135
12 67
12 144
12 159
12 180
12 190
12 19
12 13
12 60
12 78
12 21
12 169
13 64
13 185
13 115
13 30
13 22
14 110
14 195
14 194
14 38
14 157
14 138
14 197
14 46
14 63
14 94
14 167
14 161
14 39
15 100
15 111
15 105
15 47
15 152
15 117
15 102
15 90
15 78
15 98
15 95
16 82
16 18
16 189
16 77
17 64
17 83
17 58
17 28
17 25
17 189
17 59
17 86
18 91
18 122
18 127
18 106
18 67
18 93
18 157
18 184
18 73
18 60
18 112
18 144
18 120
18 190
18 135
18 69
18 163
18 19
19 43
19 123
19 28
19 36
20 132
20 180
20 93
20 29
20 76
20 120
20 161
20 33
20 159
20 127
20 129
20 150
20 97
20 88
21 126
22 187
22 116
22 81
22 67
22 78
22 112
22 199
22 111
22 32
22 52
22 120
22 110
22 161
22 133
23 77
23 100
23 154
23 171
23 134
23 42
23 55
24 58
24 189
24 108
25 67
25 122
25 159
25 110
25 79
25 69
25 32
25 187
25 186
25 33
25 76
25 97
25 135
25 190
26 189
26 64
26 126
27 183
28 99
28 194
28 199
28 127
28 172
28 157
28 106
28 132
28 153
28 52
28 107
28 60
28 38
28 69
28 180
28 110
29 58
29 71
29 189
29 183
30 166
30 110
30 177
30 199
30 150
30 157
30 144
30 52
30 57
30 69
30 120
30 84
30 129
30 104
30 107
30 106
30 113
30 142
31 56
31 66
31 176
31 106
31 192
31 118
31 150
31 48
32 86
32 83
33 82
33 58
33 192
33 183
33 83
33 43
33 75
34 120
34 62
34 132
34 138
34 187
34 79
34 142
34 104
34 106
34 65
34 113
34 127
34 69
34 150
34 99
35 108
35 192
35 126
35 189
36 79
36 187
36 161
36 174
36 52
36 99
36 170
36 104
36 113
36 110
36 63
36 190
36 135
36 129
36 184
37 90
37 100
37 87
37 47
37 71
37 102
37 52
37 118
37 95
38 83
39 105
39 77
39 118
39 56
39 95
39 79
40 75
40 86
40 64
40 58
40 82
40 192
41 111
41 155
41 51
41 164
41 87
41 193
41 109
41 102
41 182
41 90
41 117
41 55
42 115
42 59
42 143
42 193
43 85
43 187
43 62
43 127
43 78
43 74
43 172
43 135
43 110
43 194
44 115
44 200
45 49
45 88
45 133
45 181
45 142
46 200
46 59
46 86
46 108
46 58
47 140
47 150
48 183
48 173
49 149
49 61
49 56
49 139
49 155
49 90
49 91
50 75
50 123
50 183
50 185
51 178
51 102
51 169
51 131
51 152
51 95
52 58
52 82
52 192
52 179
53 77
53 135
53 94
53 168
53 175
53 118
53 56
53 178
53 87
53 95
53 140
54 59
54 58
55 193
55 189
55 58
55 183
55 115
55 145
55 179
56 148
56 100
56 131
56 109
56 137
56 171
56 196
56 87
56 95
56 176
57 115
57 123
58 135
58 142
58 91
58 67
58 166
58 190
58 81
58 197
58 85
59 133
59 191
59 132
59 113
59 81
59 157
59 144
59 197
59 116
59 78
59 120
59 72
59 190
59 89
59 184
60 126
60 200
60 121
61 101
61 96
61 176
61 164
61 151
62 189
62 108
62 173
62 145
62 160
62 105
63 185
63 192
63 189
64 69
64 195
64 65
64 91
64 81
64 191
64 110
64 187
64 150
64 197
64 135
65 193
65 160
65 140
66 164
66 162
66 94
66 71
66 152
66 111
66 87
66 102
66 175
66 140
67 70
67 160
67 121
67 92
67 83
67 108
67 80
68 88
68 79
68 162
68 139
68 91
68 165
68 178
68 133
69 183
69 173
69 189
70 157
70 97
70 147
70 163
70 187
70 113
70 127
70 96
70 95
70 120
70 79
70 110
71 150
71 116
71 79
71 194
71 97
71 99
71 142
72 179
73 88
73 143
73 89
74 196
74 165
74 171
74 128
74 136
74 141
74 90
74 182
74 155
75 132
75 112
75 195
75 91
75 87
75 113
75 127
75 135
75 79
76 86
76 185
76 82
77 152
77 98
77 134
77 141
77 148
77 87
78 82
78 143
79 123
79 92
80 176
80 88
80 162
80 139
81 179
81 108
81 121
82 85
82 157
82 127
82 159
83 93
83 156
83 102
83 120
83 113
83 132
84 86
84 189
84 185
84 123
84 200
85 115
85 123
85 145
86 129
86 125
86 195
86 197
86 146
86 127
86 174
86 91
86 150
86 187
86 153
86 132
86 124
87 143
87 173
87 118
87 176
87 101
88 111
88 90
88 168
88 134
88 102
88 131
88 148
88 149
88 141
88 152
89 165
89 131
89 183
89 103
89 182
89 141
90 185
90 118
90 97
90 195
91 179
91 121
91 173
91 183
91 115
91 189
92 139
92 141
93 160
93 189
93 126
93 149
94 154
94 150
94 176
94 101
94 96
94 106
94 132
95 158
95 193
95 128
95 140
95 114
96 200
96 134
96 102
96 131
96 141
96 139
97 119
97 114
97 196
97 137
97 141
97 168
97 179
97 162
97 105
97 164
98 127
98 192
98 176
98 101
98 118
98 154
98 138
98 163
98 129
98 123
99 128
99 141
99 196
99 165
99 188
99 148
99 168
99 178
99 162
99 111
100 118
100 156
100 147
100 112
100 161
100 151
101 131
101 178
101 171
101 111
101 164
101 196
101 155
102 154
102 176
102 143
103 151
103 110
103 166
103 187
103 142
104 121
104 200
104 145
104 119
104 183
104 108
104 173
104 192
104 189
104 136
105 140
105 167
105 163
105 150
105 161
106 200
106 189
106 145
106 121
106 115
106 198
107 183
107 192
108 186
108 110
108 174
108 146
108 124
109 187
109 156
109 129
109 135
109 195
110 121
110 200
110 192
110 126
110 189
110 128
110 160
110 179
110 188
110 145
110 119
110 130
111 156
111 163
111 147
112 188
112 178
112 165
112 141
112 160
112 148
113 128
113 126
113 121
113 185
114 166
114 177
114 157
114 187
114 132
114 140
114 127
114 181
115 187
115 190
115 146
115 127
115 157
115 184
115 124
115 147
115 163
116 145
116 200
117 169
117 143
118 168
118 152
118 134
118 165
118 149
118 196
118 171
119 156
119 157
119 177
119 187
119 172
119 181
119 195
119 135
119 165
119 161
120 185
120 145
120 200
120 189
120 198
120 158
120 179
120 192
120 160
121 144
121 159
121 132
121 167
121 135
122 126
123 150
123 186
123 182
123 190
123 197
123 127
123 163
124 185
124 173
124 126
124 200
125 189
126 146
126 135
126 174
126 186
126 190
126 129
126 150
126 195
127 189
127 145
127 179
127 183
127 173
127 200
128 138
128 166
128 187
128 157
128 135
128 195
128 161
128 176
129 160
129 198
129 179
129 185
129 158
129 136
130 138
130 135
130 187
130 133
130 131
130 142
131 156
131 172
131 167
131 143
131 193
131 166
131 169
132 158
132 136
132 198
132 188
132 178
133 155
133 162
133 165
133 136
133 178
133 164
133 182
134 151
134 156
135 158
135 198
135 188
136 142
137 167
137 156
137 181
137 172
137 142
137 166
137 195
137 177
138 178
138 165
138 196
138 171
138 198
138 141
139 193
140 141
141 156
141 166
141 167
141 147
142 185
142 171
142 179
142 182
142 155
143 165
143 171
143 170
143 162
143 153
144 154
144 169
145 155
145 184
145 153
145 197
146 160
146 179
146 173
147 162
147 171
148 161
148 151
148 169
148 176
148 163
149 176
150 183
150 185
150 192
150 189
151 162
151 155
151 182
151 164
151 168
151 171
151 198
151 173
151 196
152 176
152 163
153 179
153 169
154 178
154 155
154 164
155 193
155 167
155 163
155 161
156 171
156 178
156 165
157 179
157 173
157 183
157 200
157 189
159 173
160 192
161 178
161 171
161 182
162 169
162 176
162 163
164 189
164 176
164 169
165 195
165 181
165 167
165 169
165 172
166 173
167 171
167 196
167 198
169 182
171 181
172 196
172 173
172 200
173 175
173 195
174 200
174 192
174 185
178 181
178 195
179 190
179 186
180 185
180 183
181 185
181 198
181 189
181 196
182 193
183 190
184 189
185 187
187 189
187 198
189 197
189 199
192 197
