50 30
-41 334 169 478 962 -705 -281 -961 995 827 391 -902 292 421 -718 447 771 869 -667 35 -703 -322 673 -141 253 547 -662 -37 -723 529
-316 190 288 40 264 -446 -890 370 -6 393 -629 84 756 966 931 -944 -626 537 118 -929 -833 639 704 977 673 -21 924 -270 -777 97
986 161 -355 655 31 350 941 966 -107 -7 -457 -753 -945 209 221 422 506 413 -900 -762 -410 -624 -548 -595 602 291 374 -596 -348 668
281 -53 418 900 -127 -728 -648 -807 -310 813 309 -935 -600 519 -798 224 -844 989 -195 -93 -523 -314 448 458 580 -798 589 -9 472 538
-38 -190 -958 815 -156 202 -272 328 362 -875 869 844 881 -322 -21 557 -892 75 600 -3 861 -401 -255 -2 -182 88 -617 832 169 -721
-976 368 -425 -434 441 145 -718 -139 279 -687 -549 -866 -193 297 -286 488 455 -114 -316 -786 -313 -185 912 -832 313 321 646 481 196 -129
535 173 -44 -292 253 154 -745 -186 474 168 -787 -958 -202 477 314 334 -372 833 -487 -518 773 763 -192 102 -213 -802 -527 543 23 -61
3 -505 -725 492 222 64 187 413 270 -235 711 -896 285 140 695 -19 576 658 371 -678 851 18 119 -800 60 -10 -170 -576 43 -164
882 -565 577 -625 629 423 902 123 -737 -195 264 202 30 -11 -411 153 790 -188 -940 -662 -900 958 -365 477 -58 303 357 477 -113 801
460 993 405 111 835 72 -823 556 -626 -526 -337 -869 896 617 717 -585 -423 -229 559 -296 53 584 654 -457 -532 -607 -911 67 675 223
-754 -741 -459 221 626 -205 850 -279 193 637 -556 -176 962 881 -413 -855 142 -611 424 -752 -296 -40 875 818 17 -112 -169 40 685 -497
-990 353 651 44 -335 -192 -264 -503 775 -292 549 -561 -467 129 813 -601 -215 213 -824 -392 670 27 75 498 -287 -604 -221 -706 -10 489
164 -619 591 818 -750 -975 303 -98 584 971 -913 545 546 769 -519 289 865 245 318 -601 132 -152 -570 -901 -423 -600 -15 -28 347 -943
-409 -49 588 608 221 954 146 -949 430 -748 -536 35 185 -853 224 -923 257 -944 318 -411 -355 549 -584 964 -75 142 948 426 -173 -404
626 -375 565 -736 814 256 936 -482 -15 -230 -625 637 690 662 -893 416 8 233 303 303 148 -317 109 200 318 -50 361 903 -643 -902
489 -282 674 -402 -831 -878 -8 -971 -945 504 -685 -698 722 37 461 -508 -959 -515 -937 58 971 -117 -555 -330 212 82 85 484 -380 -951
-115 110 73 977 -956 113 941 -723 28 778 -71 -974 -333 -153 -168 -676 650 -309 686 -116 667 679 -421 826 516 -666 681 340 21 721
-309 -902 -124 745 -423 806 318 -907 481 136 -114 84 -290 996 -54 708 491 131 439 722 995 -269 -238 918 659 486 -462 158 146 -37
647 -602 98 292 -278 352 882 -315 -762 -336 -418 -828 816 -449 -658 520 -560 -162 675 361 398 714 -188 -638 -75 -521 615 234 905 557
161 -549 -330 -350 925 737 337 393 714 -591 -135 337 -337 664 608 -281 -152 652 876 396 249 -174 -943 -941 -419 -805 216 -615 64 893
509 -695 -589 172 -358 268 510 -774 910 -182 495 874 -902 460 -972 -122 -577 -605 594 343 481 -672 428 -762 -408 -908 759 204 319 945
166 367 787 556 -447 283 331 583 723 18 -220 182 -490 324 -677 643 677 -68 -196 -828 -426 697 -703 -408 -508 -238 -443 501 -128 -650
192 -869 -465 -713 634 972 901 -177 770 -364 -590 -237 -179 -169 42 182 -926 670 651 213 783 742 472 -434 -718 -867 -938 257 614 -458
63 807 -489 -365 586 833 330 928 433 -766 -810 837 982 -352 244 608 647 535 -264 -243 -15 189 812 -523 -474 891 854 -697 780 931
-340 -899 483 -492 -252 560 -840 -785 -540 791 -210 -578 -971 -73 -620 826 790 -578 -418 -159 924 380 967 -477 -370 196 -722 -19 56 -163
716 -452 -954 862 -460 -904 136 198 387 -240 6 241 -249 -758 -621 296 678 579 577 -7 -81 678 -753 -784 93 -172 929 -168 -191 922
651 144 -577 629 -874 469 -146 -91 -949 640 -236 487 -162 183 -180 -65 -513 578 878 -611 445 -975 -750 -333 214 7 -896 522 -810 -231
-705 321 -351 208 -276 189 666 455 614 -253 -348 -861 -82 197 -752 -296 -21 947 -318 376 859 -74 -922 643 153 747 926 -450 -961 -855
-716 -561 473 -550 -181 699 -643 -172 981 -476 247 -671 372 989 -165 -658 206 948 171 -396 20 529 109 969 -617 626 168 -928 118 -199
-486 420 -271 -415 318 -331 387 -186 -360 -74 -152 -268 -885 311 677 768 413 -542 38 -355 -647 93 -987 -493 501 -447 753 -84 -525 -964
872 -656 593 80 -411 -968 -216 768 -531 -779 -259 -936 365 -720 680 -455 71 559 602 905 375 885 80 797 508 340 -58 740 -474 97
335 -400 955 141 481 315 -225 12 455 43 21 512 18 717 650 -335 -169 303 -979 -105 -661 -652 -33 987 -253 420 718 -63 652 769
-5 -594 326 323 679 588 -271 221 -183 955 779 -262 487 33 -935 993 -962 -1 -807 669 -671 -998 597 838 -372 28 -801 490 -601 197
-771 -301 -721 -421 -610 741 -812 -15 393 279 608 -822 245 144 339 -604 225 -724 -330 223 130 -987 805 -750 -338 -135 209 224 737 920
-293 -734 56 -184 -382 741 -684 -279 667 125 737 -119 -737 -556 -60 793 136 -875 184 719 -476 -351 290 -72 -189 -490 -893 -63 -903 -176
-695 468 -83 -515 993 722 -828 399 -891 943 -243 -702 -502 687 -891 413 816 -162 126 877 -260 705 663 195 360 -588 -245 -425 189 -63
-502 -99 -226 -48 570 -458 -456 531 -819 -556 495 -591 -388 -450 -272 -383 775 569 954 -585 -333 -490 -750 -722 611 -338 -258 352 479 683
2 -422 135 361 -194 188 -42 -941 -469 -380 964 -61 73 -462 -102 -154 552 149 244 49 -65 -552 -470 -747 869 -498 -352 -53 522 563
850 -240 -492 -580 616 178 615 -798 -635 883 902 420 -22 841 -888 717 -698 -749 389 -619 3 -28 589 630 -864 295 681 -610 71 -459
-840 -37 630 993 -203 290 -307 -151 -890 -640 -566 -661 245 -651 601 -209 283 -58 -175 -787 -287 -504 138 -530 -118 540 459 398 -98 481
-567 -596 746 670 -476 -917 760 -758 -255 -726 -34 393 273 -193 -137 -690 694 627 989 -879 -149 -669 -598 -436 -123 731 861 -385 -816 704
953 223 -792 -48 -930 814 -427 -604 -474 506 589 -809 447 818 975 -89 66 840 -676 641 -651 -187 85 250 -755 128 277 -424 872 885
-646 -478 -925 -260 -778 855 -927 -134 675 -334 737 974 -356 -80 145 825 573 37 905 717 -539 -946 -231 839 -829 -394 645 675 -72 480
897 -608 -277 -134 78 169 -478 -138 -426 -677 -724 -700 862 -448 684 -137 993 -944 821 643 -677 -857 891 -623 -72 -841 615 -957 700 -93
829 227 224 -274 885 170 629 909 -923 400 -193 -412 -767 677 704 -834 -621 734 542 86 621 597 -254 -108 493 366 438 819 290 339
808 478 -787 74 827 -988 798 -2 104 -56 833 -761 686 385 842 161 343 -187 -63 -934 -656 -12 -959 738 -124 7 -951 489 441 13
855 93 402 -543 -266 275 -532 -469 -729 -892 953 -570 -472 -494 -440 -262 607 -360 171 947 -523 489 887 632 739 -522 -160 -705 259 -687
-42 45 388 154 833 -919 -738 776 314 -53 469 722 -7 -260 793 -717 376 -626 334 171 964 -866 -664 0 -100 -476 -943 -789 385 434
-561 504 888 157 123 74 -837 -318 -292 -832 -461 461 -498 291 -179 317 -595 -936 -28 -909 -981 569 -883 385 -230 -681 310 -687 -477 764
-671 115 -311 -405 171 740 675 -790 998 -604 631 388 -718 -259 -609 479 300 853 -830 -806 854 160 -54 -146 471 -559 421 -366 685 -329
40
860 982 506 -979 887 -469 -540 -266 -509 317 -53 -258 -843 -466 140 937 -512 -551 817 -292 -530 296 389 809 744 -182 -120 292 -214 807 -705 -11 693 -203 -762 -946 48 -624 -954 -127
240 -127 817 142 400 476 935 -831 -537 -922 -29 211 -880 -293 785 443 -555 270 -375 640 40 834 -539 796 262 -731 -464 248 170 -182 -293 332 -331 4 26 -738 -623 441 695 -659
-628 88 -613 569 -679 837 115 723 -448 153 -395 508 -411 -665 202 828 -705 -23 -715 805 -478 -840 285 968 -633 -348 32 910 -982 -306 -860 -527 343 -233 -171 -942 879 -512 -530 234
926 -191 -188 719 -224 435 94 -867 5 -686 -540 -850 578 -677 42 -811 -143 -16 804 -368 335 -325 23 -618 -396 86 -846 -522 -280 -358 870 -873 413 896 -450 641 -525 -824 -695 -594
-67 -640 -41 534 0 621 -293 -717 -943 -639 925 978 850 444 -623 -36 346 61 -238 -886 299 -728 -751 991 717 -93 421 -867 -444 201 942 768 641 262 244 -625 584 -984 149 -695
-32 537 -363 219 -917 918 252 269 -137 424 27 993 -271 -893 14 -484 -495 293 798 299 493 549 -314 69 -865 -238 -252 -508 -88 231 -106 -368 -258 647 238 723 -706 -156 -351 118
97 591 -510 651 -844 -741 -578 705 -785 624 -356 -227 102 468 -979 489 -490 410 89 950 -122 672 -277 976 85 -751 -751 -435 72 716 -511 838 939 56 902 -588 586 777 -979 549
245 62 -719 -91 -785 406 -954 709 -421 465 -860 335 -677 5 -388 -143 -130 555 253 -754 -488 8 -940 -997 454 -237 499 613 -682 -351 -137 600 -683 968 968 641 437 -499 -869 256
-640 12 -820 -663 -897 774 -553 878 624 -75 712 624 504 -55 -462 84 -122 397 -750 917 -931 505 -357 290 -985 84 725 855 338 -428 -742 -506 -53 505 609 -854 239 209 -499 -36
647 -13 712 -909 130 -34 -286 666 -736 -416 -949 -844 285 -590 325 668 729 -541 536 716 -384 328 204 523 411 250 483 141 845 88 107 857 199 -155 990 858 917 -967 234 462
239 95 314 -586 776 -879 812 -164 570 312 561 -200 -856 -647 808 -452 -618 7 -547 -675 -709 -642 -336 501 129 -436 897 798 105 -32 -516 -579 -727 313 140 -488 -589 -259 -271 364
12 -759 -574 59 -649 -522 -416 -52 891 -310 -55 224 -439 648 834 441 668 -176 -633 745 15 252 956 -966 144 334 -876 205 -291 -465 -471 -700 -16 624 -505 502 275 -632 -46 3
901 153 649 405 25 -336 -793 532 896 776 550 795 -350 -36 760 729 50 806 584 617 66 -388 101 450 -621 38 -593 280 167 -345 865 833 -632 -839 -817 -753 613 -252 -861 -318
-813 554 -617 429 -966 942 -522 -587 158 762 -946 -380 946 297 464 584 715 206 302 -833 -67 -645 354 -919 -988 -592 -197 -652 658 -859 -999 120 36 -912 -953 -741 567 -844 -681 -108
259 -849 26 607 884 -546 481 149 -338 793 -105 -217 -641 -133 679 -555 954 252 279 870 72 -701 -86 -480 260 -938 990 -981 242 -70 -61 781 833 563 502 721 -447 406 686 577
-683 -240 -464 -337 168 255 858 656 201 276 702 23 312 -475 -850 488 -101 798 848 -245 -462 -258 871 172 -441 -88 976 -298 -283 997 -769 -917 20 -442 -389 -480 777 -381 -522 -979
-713 -735 186 -648 -752 260 636 919 -792 278 496 11 -547 -202 702 539 257 920 359 -298 960 -591 -33 -136 775 376 -272 -86 515 495 456 437 626 -85 908 360 154 752 -706 -630
-179 313 -517 -145 -969 -308 -762 681 -147 708 -715 -66 -663 -541 631 514 988 -168 655 444 278 -427 -523 -327 -461 934 -587 -463 -126 -495 406 -859 -496 223 -879 -126 -585 371 -107 -87
519 715 -492 257 -959 -886 865 -19 -313 -28 -468 -456 578 -395 274 -24 585 -971 95 -38 -658 -722 -231 232 590 -408 702 -818 561 28 713 92 467 358 987 983 264 746 -425 -163
-792 619 718 948 -79 -766 808 -825 518 35 -456 156 -360 208 -294 524 694 189 -419 702 -523 -609 637 -416 -169 899 415 -436 378 858 -846 915 616 382 -333 56 62 -524 442 -872
396 582 775 665 -759 417 -554 -824 -422 -733 -917 873 175 -985 622 395 -720 -988 -72 193 254 -876 -816 90 -289 -979 322 -602 -654 734 274 463 972 -453 307 -333 -695 661 -659 907
-472 592 628 -811 -835 716 956 749 296 120 -406 445 691 538 -104 353 -4 -852 611 -724 135 146 855 -741 -381 -102 692 -312 -161 405 -569 -628 228 471 440 148 -745 210 616 815
226 -479 -482 -536 -105 732 165 -518 32 896 978 -245 169 -362 49 467 -143 603 186 603 300 -423 396 -230 152 -617 786 -597 224 260 -425 312 -452 562 -211 -890 64 -960 767 -787
565 -88 -815 837 269 -830 -640 -319 626 411 893 -357 -336 -950 -405 -334 94 -270 -17 -253 977 -505 591 576 72 16 -193 -852 -521 -344 -366 439 107 554 -432 -20 98 916 29 59
-583 -135 -70 342 877 295 403 -718 285 678 -101 -364 -626 -737 -938 -96 493 -873 109 -381 739 -923 -731 442 -850 -40 223 -467 400 606 463 366 -685 229 356 175 683 619 -190 -469
-341 545 158 -794 -341 900 675 438 -580 13 -253 285 670 281 549 -77 -835 -137 -731 -233 -376 731 -342 0 916 -999 -240 -623 -131 -539 -575 -363 -726 -424 -389 -24 745 -483 392 -324
-740 468 843 -756 114 458 124 -311 717 -590 580 990 0 275 -682 106 644 436 592 -838 -212 -446 -52 256 57 250 -145 148 -774 429 763 858 -301 -655 174 139 24 -575 376 424
-537 -525 851 794 -706 71 -884 -979 -158 845 438 820 766 -957 -271 -389 29 -39 394 648 517 530 148 990 -743 -301 -927 -393 431 135 842 -616 -717 -920 -166 782 -6 -870 -195 -763
-592 217 -881 721 322 -230 -424 -153 -794 -264 720 -388 213 658 -753 -58 90 -823 -701 -558 -287 26 209 -935 531 902 -71 9 794 736 15 754 933 855 -945 -542 -487 347 389 788
-280 -707 -860 -846 182 142 -636 549 -823 251 639 -362 624 -985 -781 350 170 -216 726 915 352 -421 -128 -329 -82 -986 735 666 485 -3 -896 150 -872 -770 -165 120 128 621 4 799
