98
17
2 2 3 1 1 3 1 3 3 3 2 1 1 3 3 1 3 
18
1 1 1 1 1 1 1 1 1 1 1 1 1 1 1 1 1 1 
11
1 100 100 100 100 100 100 100 100 100 100 
8
1 1 1 1 1 1 1 1 
16
1 1 1 1 1 1 1 1 1 87 1 1 1 1 1 1 
4
1 1 1 1 
10
6 27 67 13 31 29 1 63 79 55 
3
1 1 1 
16
71 78 49 41 54 63 4 49 54 94 88 41 69 1 19 47 
20
24 76 1 46 1 79 1 27 1 42 70 38 79 46 1 1 88 1 24 1 
6
1 1 1 1 1 1 
14
62 1 77 1 1 1 1 1 1 65 63 1 1 1 
20
1 1 1 1 22 49 1 1 1 1 1 1 1 1 1 36 1 1 1 1 
16
29 32 58 64 77 1 2 55 99 77 93 98 28 17 45 84 
16
22 78 48 44 16 1 68 1 14 36 1 62 73 79 45 1 
11
1 1 1 1 14 1 1 1 1 1 1 
17
45 70 62 1 14 62 39 1 81 9 1 1 1 1 97 1 1 
12
24 68 64 28 29 2 88 72 1 37 15 28 
16
1 1 1 1 1 1 1 1 1 1 1 1 1 1 1 1 
1
1 
9
1 1 1 1 1 1 1 1 1 
13
1 1 1 1 1 1 1 1 1 1 1 1 1 
12
1 1 1 1 1 1 1 1 1 1 1 1 
16
57 66 46 1 1 68 1 39 1 1 1 98 1 1 73 1 
12
1 1 1 1 1 1 1 1 1 1 1 1 
1
1 
6
1 1 1 1 1 1 
17
1 1 1 1 1 1 1 1 1 1 1 1 1 1 1 1 1 
11
43 35 5 1 1 13 1 43 1 1 19 
8
1 1 48 8 1 1 1 1 
11
1 1 1 1 1 1 1 1 1 1 1 
17
40 44 95 1 96 1 24 1 1 25 82 1 35 75 53 78 77 
6
1 1 1 1 1 1 
13
12 45 49 43 10 1 1 21 1 1 71 41 99 
1
1 
9
86 1 1 31 88 99 1 1 1 
3
23 40 1 
20
26 1 1 1 1 1 1 1 49 1 43 99 1 1 1 1 1 61 1 1 
1
1 
17
1 75 75 1 53 14 1 1 1 1 1 1 1 1 1 1 1 
2
1 1 
7
1 1 1 1 1 1 1 
10
1 1 1 1 1 1 1 1 1 1 
20
82 59 73 1 39 30 1 40 1 27 56 1 1 67 1 90 1 1 86 70 
19
14 75 71 82 22 74 1 41 1 2 96 1 27 11 52 90 67 1 60 
15
1 1 89 1 1 3 89 100 1 91 1 100 1 1 1 
17
11 8 8 1 1 40 80 55 69 14 34 1 22 9 39 42 7 
18
1 1 1 1 1 1 1 1 1 1 1 1 1 1 1 1 1 1 
17
92 54 1 22 1 1 75 82 1 6 28 47 1 1 86 89 57 
6
3 1 29 84 84 89 
10
1 1 1 1 1 1 1 76 4 1 
4
1 1 1 1 
4
1 6 25 1 
5
1 1 1 1 1 
20
1 1 1 1 35 1 1 1 1 38 1 56 1 1 1 1 1 9 56 1 
2
1 1 
5
1 1 1 1 1 
17
1 1 1 1 1 1 1 1 1 1 1 1 1 1 1 1 100 
11
1 1 1 1 1 1 1 1 1 1 1 
15
45 77 68 23 64 27 1 27 35 96 68 33 88 92 38 
8
1 14 66 3 24 1 77 1 
10
1 1 1 1 1 1 1 1 1 1 
9
1 43 11 1 1 1 1 89 93 
14
1 1 1 1 1 1 1 1 1 1 1 1 1 1 
5
1 1 1 1 1 
16
1 1 1 1 1 1 1 1 1 1 1 1 1 1 1 1 
4
1 1 1 1 
10
1 1 1 1 1 1 1 1 1 1 
19
1 1 1 1 1 1 1 1 1 1 1 1 1 1 1 1 1 1 1 
19
1 16 45 1 1 27 1 1 55 1 1 1 1 1 1 1 1 99 1 
3
1 1 1 
3
1 1 1 
19
99 14 46 53 85 50 76 64 28 74 1 93 11 34 72 20 61 13 34 
9
1 1 1 1 1 1 1 1 1 
15
1 1 1 1 1 1 1 1 1 1 1 1 1 1 1 
13
1 1 1 1 1 1 1 1 1 1 1 1 1 
3
1 1 1 
11
1 1 1 1 1 1 1 1 1 1 1 
9
1 1 1 1 1 1 1 1 1 
4
1 1 1 1 
16
7 1 85 1 45 1 1 7 1 1 1 1 1 1 95 21 
14
94 1 66 28 16 1 1 36 87 67 1 59 1 1 
4
1 1 1 1 
20
7 1 40 13 1 73 1 1 1 25 1 46 94 1 1 1 46 22 27 43 
13
40 1 1 1 83 1 49 85 1 76 47 79 72 
19
1 1 1 1 1 1 1 3 1 1 1 1 1 1 1 74 46 1 21 
7
81 66 1 36 1 1 1 
10
33 30 71 55 58 88 4 53 1 55 
11
69 98 1 87 1 1 1 19 1 1 1 
10
1 88 85 11 93 39 79 80 24 85 
17
28 62 1 18 43 79 49 74 51 28 56 89 68 94 88 29 54 
19
1 59 1 1 9 1 1 1 1 1 1 1 15 1 1 1 1 1 1 
16
1 1 1 1 1 1 1 1 1 1 1 1 1 1 1 1 
20
1 1 1 1 1 51 1 1 1 1 1 22 1 1 1 1 19 1 83 1 
12
1 1 1 1 1 1 1 1 1 1 1 1 
11
1 1 1 1 1 1 1 1 1 1 1 
12
1 1 1 1 34 1 100 1 61 85 1 66 
7
1 1 1 1 1 1 1 
