30
4 0
4.80 8.77
0.43 4.19
1.77 6.13
8.13 3.46
1 0
4.54 8.32
4 0
6.34 4.80
1.50 0.38
6.41 5.13
6.32 2.51
4 0
4.85 5.45
0.50 5.50
7.46 9.55
4.93 7.28
4 0
7.54 7.02
9.22 6.29
8.14 5.60
7.66 6.94
4 0
9.88 6.37
7.89 4.59
7.20 3.42
6.05 1.56
3 0
3.46 7.26
9.62 3.89
0.76 4.19
4 0
7.81 3.70
2.90 9.77
9.35 1.74
3.58 6.75
1 0
8.47 7.84
3 0
6.06 8.75
0.23 5.95
5.12 5.30
1 0
2.33 5.90
4 0
5.18 1.11
9.66 6.47
5.97 1.70
8.35 4.05
4 0
3.77 1.40
1.07 0.14
1.49 0.25
3.83 3.32
1 0
0.17 2.95
4 0
1.17 5.99
8.30 4.17
4.66 4.09
7.16 7.02
4 0
6.03 6.81
9.51 0.20
1.44 3.08
0.74 5.12
4 0
1.30 5.71
3.13 8.67
8.19 7.94
4.18 4.34
4 0
0.90 7.69
9.53 4.21
0.96 8.06
2.33 5.00
3 0
3.84 8.61
1.73 9.66
3.64 7.45
2 0
1.66 9.44
2.46 9.81
3 0
3.50 1.11
7.47 6.63
6.96 2.85
4 0
0.63 2.94
5.19 9.39
6.77 3.81
1.12 3.63
1 0
5.75 2.78
1 0
5.20 2.42
4 0
6.85 8.58
6.63 5.44
1.37 0.70
4.04 2.63
2 0
0.96 8.52
4.15 5.53
4 0
0.30 5.26
9.63 0.12
7.60 4.22
9.16 0.32
1 0
3.97 6.84
4 0
5.78 6.80
4.34 6.13
2.15 6.92
9.29 9.69
1 0
9.97 8.52
