20
18
37 36 40 29 26 38 22 32 15 23 35 33 39 12 28 31 27 24
19
29 34 38 6 33 40 39 36 21 27 25 19 23 14 20 7 30 31 26
22
33 38 32 40 29 23 21 19 28 15 10 39 16 24 30 37 36 35 34 13 18 26
21
19 31 33 11 38 40 17 35 39 27 32 28 20 22 24 34 37 8 29 26 30
16
31 38 34 22 21 33 14 15 24 29 39 36 37 40 35 32
20
11 20 19 9 32 29 22 17 25 40 33 8 36 39 10 37 27 24 35 28
18
28 18 35 36 40 31 21 26 38 29 15 37 27 30 16 34 39 23
15
8 29 23 30 31 10 37 34 32 15 28 40 38 39 36
20
15 36 21 31 39 19 33 14 34 27 32 40 37 25 26 17 23 35 9 38
22
16 33 40 37 18 32 15 28 34 24 7 39 31 36 12 21 13 17 30 38 29 35
19
31 35 14 18 33 25 7 32 36 30 28 23 38 20 39 29 19 34 40
21
30 28 35 17 38 10 25 18 32 12 33 21 36 29 24 27 40 37 34 26 39
21
14 11 22 36 10 23 28 25 40 29 34 18 31 37 20 39 33 26 35 32 38
16
27 38 24 40 29 20 31 32 36 37 33 25 13 28 39 35
23
23 29 12 26 38 40 37 27 16 4 15 18 30 36 35 17 31 33 39 19 28 25 34
16
27 37 21 31 33 23 38 40 32 39 29 34 15 30 18 36
18
37 35 22 31 24 15 21 25 9 19 29 39 38 36 40 34 23 32
24
30 29 18 14 28 19 39 35 24 33 40 34 25 20 13 38 16 27 32 37 26 4 21 23
23
14 33 34 40 29 13 39 28 22 31 36 24 17 32 35 18 16 38 5 20 23 30 19
16
21 11 4 15 36 34 28 39 37 17 23 33 40 26 38 31
