99 9
1 20 0
1 90 0
2 70 0
2 88 0
3 34 0
3 45 0
5 15 0
5 28 0
6 48 0
6 75 0
10 18 0
10 79 0
11 19 0
11 98 0
15 10 0
15 32 0
18 17 0
18 65 0
21 37 0
21 43 0
22 9 0
22 85 0
23 29 0
23 41 0
24 14 0
24 54 0
27 4 0
27 62 0
30 49 0
30 63 0
31 38 0
31 53 0
33 57 0
33 66 0
35 44 0
35 95 0
38 61 0
38 73 0
40 30 0
40 84 0
41 13 0
41 33 0
42 35 0
42 36 0
45 8 0
45 27 0
46 52 0
46 96 0
47 11 0
47 97 0
48 2 0
48 55 0
49 50 0
49 59 0
50 5 0
50 76 0
54 21 0
54 71 0
57 22 0
57 51 0
62 16 0
62 68 0
64 23 0
64 39 0
65 47 0
65 60 0
67 24 0
67 83 0
68 12 0
68 64 0
70 56 0
70 82 0
72 31 0
72 77 0
73 40 0
73 78 0
74 25 0
74 42 0
80 58 0
80 81 0
81 86 0
81 99 0
82 69 0
82 74 0
85 6 0
85 26 0
86 3 0
86 93 0
90 72 0
90 92 0
94 7 0
94 67 0
95 87 0
95 94 0
96 80 0
96 91 0
98 46 0
98 89 0
