0 0 0 154
98 0 0 0
0 0 71 21
194 45 0 0
72 86 0 8
0 0 99 52
63 89 0 0
0 0 0 18
0 0 99 52
11 28 16 8
0 0 0 154
5 11 0 28
18 0 40 44
59 65 0 0
0 0 71 21
0 0 49 58
79 90 0 0
48 40 61 66
72 86 0 8
6 5 54 0
0 0 0 18
59 65 0 0
0 48 46 74
16 16 38 38
60 199 0 0
0 100 14 0
20 3 55 0
16 16 38 38
59 65 0 0
0 0 49 58
106 58 4 0
18 0 40 44
16 36 82 46
0 0 0 154
0 0 0 18
0 16 30 81
49 101 0 0
0 0 68 56
0 0 192 50
59 65 0 0
0 0 84 100
20 99 0 0
146 0 0 0
16 16 38 38
0 0 99 52
20 3 55 0
98 0 0 0
0 0 99 52
106 58 4 0
0 100 14 0
