10
6 0
4.21 2.69
7.62 5.56
8.84 6.70
3.98 2.59
3.64 0.24
8.57 4.01
6 0
5.03 8.28
8.12 1.22
3.13 0.99
0.38 3.23
6.76 5.59
8.71 3.97
7 0
9.57 6.62
6.45 2.05
7.66 8.62
4.75 2.19
1.51 2.90
9.86 7.04
7.55 9.86
6 0
2.95 2.72
8.09 6.32
9.72 6.91
3.58 4.91
5.39 0.03
2.98 1.94
7 0
4.43 0.09
4.52 1.00
5.39 0.85
8.06 1.79
4.94 1.13
8.52 2.25
9.24 9.02
7 0
0.64 0.24
8.65 6.53
7.43 8.27
2.96 0.09
6.99 4.37
4.00 5.17
2.26 0.80
7 0
6.89 1.96
9.74 6.67
9.94 7.68
7.21 2.19
8.04 4.44
5.30 1.51
7.45 2.54
7 0
9.91 8.10
7.31 2.16
8.27 9.51
6.29 3.10
2.54 0.27
8.25 4.40
5.28 5.60
7 0
6.69 5.67
6.38 3.21
6.71 5.66
6.53 0.68
9.49 9.59
6.18 4.93
7.66 4.84
6 0
8.73 9.11
3.53 9.33
3.16 0.08
1.61 1.19
8.07 8.69
2.16 0.52
