30
12 1
8.27 2.37
2.40 7.46
5.00 9.30
0.50 2.01
1.00 3.78
2.00 6.60
6.50 7.41
8.00 3.36
6.00 8.28
4.00 9.36
4.50 9.45
1.50 5.31
12 1
4.32 8.61
5.92 9.14
4.00 8.33
7.00 8.68
8.00 7.68
4.50 8.74
9.50 5.12
8.50 6.96
7.50 8.25
3.50 7.78
9.00 6.11
5.50 9.13
11 1
5.11 4.97
9.66 3.17
7.00 4.93
0.50 0.81
1.50 2.22
8.50 4.18
3.50 4.20
2.50 3.35
2.00 2.82
9.00 3.79
4.50 4.76
11 1
6.18 7.87
1.61 5.15
2.50 7.05
3.00 7.83
1.50 4.86
0.50 1.83
5.50 8.57
4.50 8.91
4.00 8.76
8.50 2.51
9.00 0.76
11 1
6.32 9.80
1.96 5.74
7.00 9.35
5.50 9.95
6.00 9.91
9.00 6.33
1.00 3.23
3.50 8.54
2.50 6.89
9.50 5.18
5.00 9.83
11 1
6.54 1.74
5.61 5.98
1.00 5.03
1.50 6.90
5.50 6.38
5.00 7.95
6.50 1.95
3.00 9.93
2.00 8.34
4.00 9.80
4.50 9.09
11 1
7.70 0.72
2.59 0.27
7.50 0.70
4.50 0.45
0.50 0.05
8.00 0.74
2.50 0.26
2.00 0.21
6.00 0.58
5.00 0.49
4.00 0.40
12 1
8.09 9.52
3.66 6.16
4.50 7.14
3.00 5.27
6.50 8.83
3.50 5.95
5.50 8.10
1.00 1.98
1.50 2.89
2.00 3.74
4.00 6.57
2.50 4.53
11 1
3.68 7.40
7.54 6.95
4.50 8.00
3.50 7.21
8.50 5.53
3.00 6.60
1.00 2.76
6.00 8.13
2.00 4.96
2.50 5.85
5.50 8.23
11 1
2.16 1.45
7.82 2.60
4.00 2.24
8.50 2.48
3.00 1.86
2.00 1.36
9.00 2.35
6.00 2.64
8.00 2.57
6.50 2.67
1.50 1.06
11 1
7.23 4.53
0.63 2.43
3.00 8.09
1.00 3.67
7.00 5.17
7.50 3.70
0.50 1.96
5.50 8.10
4.50 8.83
8.00 1.99
8.50 0.04
11 1
6.28 8.47
1.90 6.18
5.50 9.28
0.50 1.93
7.50 6.13
6.50 8.14
1.50 5.13
2.50 7.47
4.00 9.35
4.50 9.55
3.00 8.32
11 1
4.23 1.88
6.77 1.30
5.50 1.75
3.50 1.80
6.00 1.61
8.00 0.55
3.00 1.70
6.50 1.42
8.50 0.17
7.00 1.18
0.50 0.40
12 1
8.27 2.46
5.62 7.98
2.00 5.89
8.50 1.73
7.50 4.69
5.00 8.40
8.00 3.32
2.50 6.84
7.00 5.86
0.50 1.79
3.00 7.57
6.50 6.81
12 1
2.74 1.99
9.61 3.75
9.50 3.75
6.50 3.52
7.50 3.70
5.50 3.25
3.50 2.41
7.00 3.62
4.50 2.88
1.50 1.18
9.00 3.78
8.50 3.77
11 1
3.73 8.73
5.75 9.66
6.00 9.58
8.50 6.63
2.00 5.81
3.50 8.45
5.00 9.62
1.50 4.60
5.50 9.68
8.00 7.55
1.00 3.23
11 1
5.34 5.01
7.66 0.99
3.50 5.52
1.00 2.45
4.00 5.62
2.00 4.20
6.50 3.46
5.50 4.85
8.00 0.08
6.00 4.24
7.00 2.51
11 1
2.54 4.01
7.01 5.04
3.00 4.46
9.00 3.02
2.50 3.96
2.00 3.36
6.50 5.31
5.50 5.55
5.00 5.52
6.00 5.47
7.50 4.68
12 1
6.77 7.77
9.61 8.26
1.00 1.73
7.50 8.05
7.00 7.87
4.50 6.20
5.50 7.02
0.50 0.89
8.50 8.26
2.00 3.26
3.00 4.59
3.50 5.17
11 1
4.42 6.95
7.00 7.73
2.00 4.02
3.00 5.49
5.00 7.33
1.00 2.19
1.50 3.15
9.50 6.18
3.50 6.08
5.50 7.57
2.50 4.80
11 1
7.57 0.01
3.35 4.24
2.00 3.34
5.50 3.41
5.00 3.85
7.50 0.16
4.50 4.14
6.50 2.09
3.00 4.11
0.50 1.05
6.00 2.83
12 1
5.65 6.87
0.71 1.94
7.00 5.61
2.50 5.45
7.50 4.86
9.50 0.32
1.00 2.64
6.50 6.20
3.00 6.08
5.00 7.07
4.50 7.06
1.50 3.73
11 1
3.03 6.38
7.39 4.93
8.50 2.55
7.50 4.73
8.00 3.72
2.00 4.89
6.00 6.75
1.00 2.77
4.50 7.29
5.00 7.27
2.50 5.70
12 1
7.41 1.66
5.86 1.68
0.50 0.25
7.50 1.65
9.00 1.43
8.50 1.52
3.00 1.20
1.00 0.48
4.50 1.53
2.50 1.05
4.00 1.44
6.00 1.68
11 1
3.07 3.93
8.86 7.10
6.50 6.47
5.00 5.60
0.50 0.74
7.50 6.85
1.50 2.11
3.00 3.85
4.50 5.22
8.50 7.06
2.00 2.73
11 1
7.55 4.23
6.45 4.91
1.50 2.49
6.50 4.88
3.00 4.17
7.50 4.27
2.50 3.70
4.00 4.83
0.50 0.92
5.50 5.14
9.00 2.65
11 1
7.92 4.54
6.17 5.26
6.00 5.27
8.00 4.48
8.50 4.08
3.50 4.47
4.00 4.79
0.50 0.87
5.50 5.27
7.00 5.04
7.50 4.80
11 1
7.48 7.12
4.29 8.51
0.50 1.60
1.50 4.32
6.50 8.24
5.00 8.77
8.50 5.28
7.50 7.09
3.50 7.83
3.00 7.20
2.00 5.44
11 1
6.73 7.01
7.53 4.97
6.00 8.33
3.50 9.03
8.00 3.48
6.50 7.48
1.00 3.77
5.00 9.33
5.50 8.95
1.50 5.30
7.00 6.38
12 1
9.69 4.49
0.48 1.51
1.50 4.27
7.50 8.27
2.50 6.39
5.00 9.15
4.50 8.89
4.00 8.48
3.00 7.23
6.50 9.06
5.50 9.26
0.50 1.57
