5
18 2
4.50 5.03
9.10 9.36
6.22 2.15
2.59 3.72
2.15 0.76
9.53 8.02
3.88 4.51
1.50 5.25
1.00 4.00
3.62 3.95
0.50 2.25
4.00 4.00
6.84 1.05
1.21 0.05
5.80 9.63
3.50 5.25
2.50 6.25
4.15 4.80
18 2
3.00 9.00
1.00 5.00
4.00 8.00
5.41 0.56
5.14 3.77
5.52 6.18
5.50 2.75
5.67 8.91
9.53 0.10
1.45 0.71
6.03 0.45
2.00 8.00
1.99 7.41
0.50 2.75
7.21 2.16
4.05 9.18
4.09 9.41
3.25 4.42
18 2
1.50 9.00
3.00 9.00
4.63 8.10
1.00 7.00
5.48 5.31
2.54 1.49
7.48 3.54
3.50 7.00
5.40 1.69
7.04 6.97
9.28 8.92
8.65 5.13
3.65 0.79
7.69 4.51
8.96 7.68
4.00 4.00
0.50 4.00
0.61 9.38
18 2
4.95 5.66
3.28 1.70
7.87 9.11
0.50 1.75
9.58 8.55
0.56 4.72
8.08 5.60
6.22 1.69
1.50 3.75
1.00 3.00
2.50 3.75
5.24 9.71
8.49 1.03
3.00 3.00
5.76 5.13
1.25 1.54
7.72 8.30
3.50 1.75
18 2
6.22 9.61
4.51 7.91
3.50 5.25
9.18 8.22
3.00 6.00
7.35 4.55
1.00 4.00
9.09 7.18
5.61 8.17
1.92 5.46
4.20 0.62
1.50 5.25
0.61 0.07
5.62 9.59
2.00 6.00
4.25 2.12
6.67 8.92
2.50 6.25
