1968725
2109802
1947500
2030928
1986270
2046906
2008159
2053710
2117956
1947500
1989327
1987134
1958615
1947500
2014047
1947500
1969195
1979039
1969195
1947500
1976774
1947500
2090711
1947500
2031680
1947500
1961609
1947500
1947500
2095020
1947500
2031044
1947500
1992739
2064293
1974527
2016196
2052905
1947500
1992158
1947500
2015544
1980749
1980749
2065146
2030609
1947500
1988808
1947500
2156275
1947500
1969195
2095020
1969195
1979426
1947500
1947500
2034169
2030609
-1
1947500
1979039
1947500
2051397
1955694
2016248
2031874
1947500
1976774
1976682
2055335
2062781
2027864
1979039
1961097
1947500
2058388
1947500
2099993
2094803
2012810
1952351
1986270
1947500
1979426
1973641
1961609
1976682
2008221
1947500
1947500
1947500
2077390
1947500
2019274
2087938
1947500
1979039
1947500
1969306
