50 147 21 37
5 18 0 100
45 39 0 100
5 48 50 50
18 35 0 100
31 43 50 50
19 1 0 100
41 46 0 100
23 26 50 50
35 20 100 0
44 6 0 100
23 36 100 0
12 30 0 100
46 41 100 0
48 33 100 0
29 3 0 100
20 35 0 100
43 31 100 0
9 40 0 100
22 37 50 50
38 7 50 50
19 26 0 100
10 17 0 100
49 9 0 100
49 42 100 0
35 20 50 50
35 18 50 50
6 44 50 50
32 43 0 100
34 4 0 100
22 16 0 100
1 46 100 0
34 25 100 0
17 44 100 0
46 41 50 50
34 4 50 50
14 2 100 0
7 38 100 0
16 28 0 100
39 20 0 100
14 2 50 50
15 12 0 100
48 33 50 50
33 48 0 100
16 22 100 0
5 18 100 0
15 40 0 100
26 23 0 100
13 2 0 100
34 25 50 50
11 25 100 0
37 22 0 100
6 24 100 0
27 50 50 50
27 29 50 50
32 43 100 0
31 24 50 50
50 27 100 0
5 48 0 100
19 26 100 0
20 39 100 0
33 10 100 0
22 37 100 0
33 10 0 100
20 39 50 50
46 1 0 100
21 36 0 100
49 9 50 50
36 23 0 100
40 9 100 0
19 26 50 50
12 30 50 50
47 7 0 100
44 17 0 100
8 41 50 50
49 42 50 50
24 31 100 0
44 17 50 50
11 25 0 100
11 13 50 50
21 36 50 50
30 50 100 0
5 48 100 0
2 13 100 0
38 42 0 100
32 4 100 0
24 31 0 100
43 31 0 100
39 45 50 50
50 30 50 50
6 44 100 0
1 19 100 0
12 15 100 0
16 22 50 50
33 10 50 50
10 17 50 50
4 32 0 100
9 40 50 50
40 15 50 50
8 41 0 100
12 15 50 50
8 14 50 50
30 12 100 0
49 42 0 100
27 29 100 0
42 38 100 0
1 46 50 50
32 4 50 50
25 11 50 50
18 5 50 50
28 47 0 100
13 2 50 50
45 3 100 0
3 29 50 50
45 3 0 100
15 40 100 0
39 45 100 0
6 24 50 50
23 36 50 50
43 32 50 50
18 35 100 0
28 16 100 0
19 1 50 50
27 29 0 100
14 8 100 0
24 6 0 100
21 36 100 0
29 3 100 0
45 3 50 50
34 4 100 0
26 23 100 0
28 16 50 50
14 8 0 100
25 34 0 100
8 41 100 0
28 47 50 50
28 47 100 0
27 50 0 100
49 9 100 0
13 11 100 0
47 7 50 50
38 7 0 100
13 11 0 100
50 30 0 100
10 17 100 0
2 14 0 100
38 42 50 50
7 47 100 0
