1000
376 7663
271 8327
2526 8574
5553 5589
2707 6052
6303 8501
7867 9396
4364 6689
2923 3867
5903 6684
861 7429
1415 8790
1967 7296
1013 7093
5383 6630
2900 3505
48 1549
1499 2147
2245 6650
2652 5736
607 4398
686 4025
2579 7899
3874 8275
7657 8709
7829 8537
2922 8760
273 8265
5438 8186
6528 7540
6810 9402
5242 5274
1527 8707
6155 8470
4236 8948
5178 8634
1436 2291
4499 8112
3252 4103
6224 7823
1784 5527
2962 8521
8001 9153
249 5671
666 9084
978 2786
4212 6573
6794 8235
7143 7570
1943 4328
1839 4642
6920 9323
5638 7246
458 9825
418 5071
3145 8669
2615 8756
4389 8051
5554 7817
913 2004
639 8465
3392 5652
7048 8538
696 4566
149 471
8014 9679
2858 8290
3420 6581
4174 6173
990 2018
1103 7604
7798 9618
378 4565
6134 7034
6282 9137
9840 9857
4420 7763
5778 7139
4018 6084
3678 8782
1098 2703
1826 3257
190 9391
6853 9106
6336 9131
17 7191
952 2183
2313 4744
2736 6119
3033 4221
1892 4454
4412 7480
233 4598
196 6947
1518 1979
1606 8087
6265 7635
9465 9802
1419 5843
6144 6414
6240 8297
882 6913
2284 9810
1305 2557
2131 2384
6350 8294
3666 4479
7597 7988
1071 4226
82 2563
331 3701
2726 9593
648 3892
663 7774
2161 8640
968 2505
942 5179
6250 7697
4915 9807
5271 6612
2248 7810
1154 5838
2708 9537
3606 6611
5482 9855
4701 8469
9035 9789
4538 9230
4458 9134
3286 7553
1769 2392
7750 9498
4175 7875
2330 4347
3895 5112
1489 9565
4941 7320
2776 4638
1594 6408
3027 3881
3893 7030
4081 5539
3486 7702
7152 8778
1832 9686
3131 9961
4380 9046
5386 9548
264 9522
3222 5478
5205 8561
2094 5861
4990 6852
1365 6677
308 2432
2776 9975
5088 5485
1931 8505
101 9279
5602 7947
1594 3005
2105 6017
224 271
5467 7978
3229 4504
1296 9590
1879 2626
542 2628
6492 8277
107 8622
4691 8459
227 5130
3878 9714
1825 5995
7193 9737
220 9575
589 6932
2587 3931
1096 9543
1240 7257
5799 6277
1385 4814
3353 3394
5043 9355
1576 7070
1071 1271
719 1489
3259 6135
6348 7358
596 2949
1115 7408
1183 8333
2283 5000
348 8963
1516 3037
3957 5873
1778 3314
3242 3475
7003 7837
1854 7947
4269 5771
1718 5693
2294 9536
2909 9981
189 8263
5416 8311
3330 4497
1167 7966
93 2679
2564 9364
3407 6508
1843 5207
2137 5101
3807 9366
3264 4006
4676 5683
8065 9874
735 8628
77 9068
4057 6725
5434 7880
1082 4808
856 8684
8092 8931
6582 7751
1125 5048
2461 2543
1718 9125
4623 6175
2023 3179
2330 9991
7215 8412
187 7006
33 5324
611 8251
1816 3841
6140 8013
800 7753
1192 6481
6321 9547
1745 3057
583 652
288 2861
1440 5191
4154 5174
631 5656
3938 9603
7036 7539
940 9010
3956 5000
2099 3973
5948 7152
2533 4738
2025 5366
3278 8474
1301 4336
507 7849
1071 6170
4552 7222
91 639
495 8102
7711 9895
4523 8941
693 9549
5603 6199
6182 6510
1363 7560
695 5206
1398 7747
9112 9195
540 695
814 9103
261 4838
1677 2031
2351 5408
4987 8784
6116 9874
4761 7392
1096 2334
3836 9091
5511 6027
3561 5675
1640 7557
2103 3382
1238 8613
1415 6989
800 1386
1835 4504
8231 9289
800 986
6285 7969
593 7124
7599 7822
3905 5119
986 6278
1657 5914
4296 7604
7515 8789
1356 1657
5343 7755
6297 6833
2216 9377
6237 6811
2866 5303
432 5575
4570 9158
622 2436
5591 7628
1895 7356
5172 7742
6036 9389
87 9807
5179 6578
1097 3120
2541 7005
3860 7568
981 8319
571 4988
76 8831
7270 9445
5433 6217
3145 7008
6449 9017
2419 9006
2697 4708
7840 9533
1767 6651
7649 8870
387 3023
2712 7783
8210 8355
7157 7917
7771 8688
1704 5395
5621 7695
1236 8525
947 992
2817 9024
3285 9051
3199 6676
612 7411
3824 9274
4961 5564
9766 9917
603 3552
5993 7530
64 9681
4706 9736
3495 7891
5564 6008
7095 7156
4194 6854
486 1099
6270 9515
2814 5621
3013 3616
955 1735
4871 8829
1727 2140
7727 9379
1876 3629
6230 6321
8013 9685
5901 6792
3771 5838
3245 4830
314 5389
587 1664
6167 9772
49 886
1414 6822
1821 5727
1534 2774
5809 7177
6298 8734
5634 7069
1721 8595
3940 8293
4119 9397
4206 5506
1080 9391
644 2466
4591 7833
275 7199
1368 7773
8181 9421
3075 8684
5745 8681
929 5068
2903 8926
2612 5837
3922 6197
4080 8797
2500 2876
6155 9534
3733 9702
3680 7767
162 6801
2092 6076
2046 3266
396 6830
2804 6283
2071 9493
3799 9444
6232 9244
3436 4470
8673 8787
1184 9461
3125 6537
2559 2976
1172 7675
4206 6254
5119 7198
3663 6440
7459 8371
2025 9083
383 9910
8976 9385
2280 9691
5095 6873
2192 5793
1083 4685
3394 6921
8818 8969
3246 8622
108 3117
2253 8750
3482 3656
3886 4694
1157 1220
3911 5819
2073 3878
2055 3599
6046 9179
3658 6384
934 5585
813 3383
5406 6859
1107 8405
1256 1980
641 2902
1133 3842
182 2038
3030 6605
1041 2251
3712 4709
3049 5055
2287 6521
5089 8225
71 8293
204 2587
3414 8914
1852 7992
613 8882
2471 9773
4948 6938
4594 6584
9180 9598
1463 7589
4882 4937
389 1584
6664 9279
5074 6112
6822 7437
6530 9312
2559 8719
5197 7491
7772 8284
1127 1904
416 8971
2899 5646
3331 4557
1330 1598
5691 8656
3927 7704
7850 8864
1974 3554
394 6749
2631 7643
1717 5513
1786 2545
5453 9680
101 5088
446 3279
5716 9539
1002 4310
6750 7832
5548 6698
5267 9063
4337 5205
4040 7814
3625 9514
1910 6889
4671 7127
1431 4296
4649 9672
6491 7276
433 4991
352 6232
2213 9757
5118 5677
1874 7419
1487 1675
2329 3963
2531 4921
779 7494
3350 4773
708 8371
4842 8692
1466 5164
4072 4637
3091 3723
2930 9521
7566 9350
1 8526
1085 3280
767 1470
6578 8150
6428 7805
6093 6250
5040 7863
6513 8783
1356 5965
6400 8502
4739 5729
612 4417
1290 8243
4968 8971
3252 5622
6323 7875
1268 3264
4888 5528
1767 5200
343 2312
502 6348
161 8907
3326 4855
4767 8807
4469 8142
2993 8670
1508 8508
7643 7796
2594 8698
1481 7996
4758 9717
3061 4440
2070 8160
3261 7712
3721 9410
5008 7689
927 3342
1705 8808
2164 6703
1074 3667
4727 5397
5738 8700
767 2792
4858 6097
1617 3690
8279 9535
3649 4767
3623 7222
2697 4191
5208 9007
1640 1676
609 3251
903 5346
2159 5637
322 7133
2002 4904
1666 7713
4952 6649
5367 7791
3986 5218
731 1930
3590 3648
1362 8643
2015 7465
5110 5360
2186 6464
5855 8292
2431 8775
199 3969
2616 7401
6321 7234
1843 2998
6674 8745
2698 9360
3700 5343
5288 8219
1429 5236
754 4991
1293 2165
289 8679
5841 9659
767 8205
654 2428
4682 7170
1110 4384
6625 7210
2329 6577
7244 7729
2064 9974
3830 4912
1273 5182
2993 4880
2891 5123
1879 8088
5191 5522
3010 6987
1860 7052
7364 9600
3899 6875
3654 6180
1302 4945
4366 6289
5090 9003
5518 7756
4670 9981
777 7699
4005 8731
875 2158
1450 4369
1134 5225
1329 3161
2608 8790
1525 9536
1375 9826
7868 8554
3593 6830
6794 8224
4777 7242
4638 9092
1211 4554
6817 8545
1675 8471
1039 7296
1782 9106
8303 9605
4545 5836
1069 8409
4972 8754
838 5699
5786 7342
7248 8636
563 862
4533 9218
3362 9816
3246 6187
257 9678
9109 9517
2487 7986
4877 6109
628 8597
2645 2650
1791 9331
843 9123
524 7714
357 9000
918 7432
2673 6113
136 7274
1691 3243
1685 3512
3489 5796
881 5760
8873 9915
7216 9710
9032 9174
3125 3744
2531 9565
4278 9557
3404 6352
2663 9209
1097 5525
8032 8751
3942 9272
1448 9379
8013 9364
3922 8166
755 5761
173 2151
195 7734
6117 7275
1728 5944
1662 7045
4999 9731
3638 7818
2159 2759
1442 4931
2401 7092
364 8753
4071 5919
5307 5518
8188 9864
4832 8728
348 7057
3163 6221
2885 4788
1783 5971
3201 7853
5687 9094
5418 9509
3396 6732
2594 2784
4788 5129
7624 9972
3651 9488
1081 5937
6186 9503
64 3164
4655 8031
4356 9725
3938 4425
2156 7652
1313 8868
5835 9238
5015 7586
5463 8284
8109 9177
2184 5457
2200 9694
1445 2848
234 9771
1738 3090
2574 3770
1151 4683
4178 9676
634 6763
2905 6130
4248 6660
6604 7466
9186 9352
1521 6521
3512 5058
8238 8347
2013 8968
7267 8574
5566 9345
4994 7832
346 4092
1590 5157
2944 4071
1586 5707
54 6824
3344 8275
2365 3287
4750 4835
268 7553
304 982
9767 9998
3387 8196
255 7313
1362 4383
5097 7096
3000 9076
4270 8947
3784 5041
3459 4023
3095 7097
1540 3882
1194 3412
3550 7172
3512 8977
2888 9700
4628 5381
1268 7495
2238 5762
3621 4219
2405 9127
155 9297
7375 8211
2045 3498
5984 8354
4874 6367
2448 9013
7448 9256
2720 4689
4055 6517
1449 7185
1501 1957
1679 5977
2169 8257
443 4508
5504 8831
212 9533
786 6053
3517 4755
3623 9385
2986 5556
848 2531
1765 6868
2274 5848
6437 7836
916 9131
813 7624
8204 8894
1952 3756
6785 8511
3451 3870
1400 2549
2405 5123
2693 5943
8836 9493
5313 7697
2375 5883
6197 7610
6687 8577
8604 9316
6852 7307
2405 6345
4234 8905
1912 2992
2743 7372
1761 7428
803 2602
724 6919
9343 9971
1119 8869
123 6475
1756 3523
4501 9911
1034 9284
4628 9991
8930 9484
4796 9497
1064 3639
177 4438
2620 5548
141 1190
2380 9504
8734 9409
4691 5297
3398 8057
450 6107
1772 4507
1666 6025
1958 8975
3798 8264
7576 9045
1002 8484
6711 9875
8112 8834
2863 6908
5669 6055
4642 9839
4919 5592
6005 7226
6956 9332
7422 9300
1598 6993
3485 7127
7074 8775
1235 3485
5554 7546
1815 6001
3733 7345
4127 7778
7080 8479
8889 8895
2717 3270
5105 6787
4049 8094
3901 5238
321 9313
621 4222
2723 6772
4813 6137
88 6860
6445 6835
1710 4549
1246 8720
1734 6621
554 7428
8253 9607
3506 6143
2796 5190
630 7749
537 2742
3375 4970
4805 9073
595 6116
7784 8589
6848 7722
5227 7194
1041 3348
957 7906
2028 3644
352 5088
1027 4561
5077 6717
2276 3199
7902 9680
1271 2597
14 1828
353 3389
8373 8796
3165 7953
2400 8531
4779 8197
1528 2219
2521 3094
5854 7632
5083 9620
2601 7821
2442 8086
3 3145
246 6206
2682 5648
708 7905
691 6547
1268 8951
2632 4882
8127 8276
8606 9732
4610 8810
5364 7478
1652 2040
1993 6071
5920 9222
3151 7053
6247 7063
629 2844
3403 9796
2438 6111
4439 6805
1910 3690
5842 9647
388 2255
3167 5236
6369 8902
2793 7500
3502 5040
1647 2386
1389 8174
1875 8301
1480 7685
178 3144
4371 8914
1793 3385
1849 9924
4127 4570
6838 8980
5035 9179
8589 8647
3279 7937
1628 8983
872 6477
1848 5424
3556 7277
7736 8900
5895 6899
9097 9340
7959 9819
849 8824
620 8325
1819 9177
2553 4804
82 7667
4089 6940
612 3565
4147 5441
130 1562
3634 5296
1382 8109
6468 7508
6298 6811
1932 3075
2060 9719
3993 4866
1715 8776
2027 2370
5233 9842
1106 9887
828 2260
2759 5140
1142 1359
1223 9612
2525 6694
5131 5910
3062 4878
3066 4084
571 9685
4781 9459
7394 7565
1828 4184
2227 2935
984 2147
7216 7404
2585 5994
628 3242
3439 4335
2159 7866
7697 8367
3667 5514
940 4485
814 3961
2450 9986
3975 8141
4214 6097
