90
1 18
9 18
62 13
12 45
63 52
86 48
50 10
8 20
90 39
2 12
75 40
79 2
42 25
12 52
52 2
42 33
84 45
22 50
79 13
78 31
20 81
7 72
66 72
3 22
48 68
31 72
84 50
65 17
40 17
88 82
12 5
88 76
31 88
19 76
86 9
70 65
54 37
86 79
48 38
71 23
84 1
43 36
27 29
22 62
61 75
68 17
47 49
2 55
30 36
3 63
39 53
52 48
58 53
58 36
79 50
87 7
4 1
54 33
19 67
81 36
90 53
11 87
79 61
75 3
76 7
86 50
29 19
44 48
38 49
76 32
25 37
65 22
48 49
19 16
14 42
10 70
4 61
65 13
16 87
3 40
36 46
62 17
64 66
89 36
80 56
84 10
64 72
55 22
66 87
12 74
17 55
5 18
65 52
76 6
83 78
42 57
54 25
52 10
30 46
29 41
5 79
4 3
58 46
79 75
51 81
8 34
45 3
4 22
74 65
17 45
4 68
11 31
8 39
22 5
37 14
55 48
86 22
22 10
53 43
16 72
61 5
10 75
64 7
19 11
90 36
60 27
31 6
87 78
23 48
50 9
22 45
44 38
52 84
79 4
68 10
80 71
18 40
10 9
63 75
72 82
55 5
4 9
11 76
27 35
62 70
9 22
29 26
61 62
48 2
64 83
54 73
69 26
29 60
7 66
40 52
37 42
55 61
67 26
31 19
83 19
13 40
63 9
14 54
12 55
15 90
49 56
19 78
74 48
4 13
53 57
10 13
12 1
88 87
9 74
58 20
84 70
19 60
83 59
64 6
40 1
68 75
65 55
7 11
62 68
55 9
3 62
81 58
10 1
5 52
85 33
1 70
62 74
18 48
10 4
30 34
9 62
82 83
7 6
74 55
66 88
43 39
87 31
88 59
46 51
86 55
59 82
51 30
65 61
78 76
36 20
12 86
26 19
72 59
71 56
89 90
73 33
35 33
53 8
68 3
52 22
40 62
52 13
16 66
8 51
18 86
70 63
44 56
12 50
75 84
85 54
70 5
10 86
75 86
52 18
63 40
89 53
13 17
90 8
38 47
76 66
56 47
65 48
88 7
43 51
50 74
74 2
37 73
3 52
8 57
2 70
83 87
18 70
89 34
47 44
10 40
44 80
73 14
65 79
49 44
68 40
64 78
19 72
23 49
57 89
14 85
30 20
85 57
84 9
15 48
63 62
22 2
82 76
13 55
40 50
33 14
23 38
83 72
58 89
49 80
61 2
13 1
17 50
22 13
17 63
26 35
79 55
69 35
68 55
84 12
46 90
73 42
50 45
46 39
13 2
6 19
74 70
22 12
65 3
70 61
8 46
52 4
34 43
18 45
4 48
29 67
15 56
33 25
84 68
57 51
50 65
13 68
17 79
2 45
58 8
82 7
45 9
83 7
63 5
45 62
13 75
68 52
6 83
17 2
12 3
66 11
58 51
90 43
86 3
57 30
67 69
84 18
66 6
81 90
41 19
46 34
81 46
20 34
18 13
53 46
13 9
18 2
45 74
22 79
63 13
62 48
50 68
78 72
48 1
40 61
13 45
45 1
9 17
20 46
50 13
18 22
70 40
86 4
6 78
67 60
5 9
17 4
90 57
48 22
66 59
34 39
74 40
42 85
79 18
15 23
89 8
61 9
64 76
40 65
71 48
40 84
17 10
45 61
31 76
4 5
2 40
75 5
10 45
52 9
45 63
68 9
20 57
40 79
35 41
55 63
87 72
71 44
61 3
6 88
76 87
43 8
62 5
75 62
54 57
2 3
9 3
89 51
2 1
25 85
45 79
61 84
70 9
23 47
55 84
52 61
17 18
76 24
72 88
65 10
3 13
16 31
11 88
12 48
68 5
85 73
13 61
13 5
1 75
24 77
83 11
13 74
43 46
17 3
15 80
86 74
67 41
16 11
50 52
31 83
55 75
84 17
75 45
3 84
47 80
79 70
9 1
10 5
72 6
11 64
41 26
43 58
75 9
37 57
69 41
18 3
63 10
71 38
35 19
9 65
86 40
63 61
9 79
48 9
35 60
50 70
59 87
59 11
12 62
7 59
74 63
52 55
65 5
81 57
5 40
3 74
4 65
4 63
74 68
4 12
55 10
80 38
86 62
25 57
48 17
27 67
75 65
12 68
50 61
18 61
55 70
18 50
76 16
22 75
48 63
65 84
38 56
10 62
17 52
19 59
66 82
88 83
61 1
45 68
55 45
55 3
29 69
81 53
44 23
63 22
5 2
13 84
65 1
11 78
25 14
5 1
17 75
62 50
16 6
73 57
2 68
84 2
81 39
40 9
48 84
56 23
64 82
34 51
65 86
43 57
84 62
64 16
40 4
76 72
2 9
68 70
18 63
45 86
58 39
33 21
36 8
81 43
79 1
90 34
47 15
68 65
19 69
57 36
20 39
59 16
1 3
63 84
40 55
52 86
14 57
30 53
88 64
4 75
76 77
75 52
70 48
30 43
35 29
59 6
36 39
45 40
3 5
7 78
62 18
20 43
41 27
25 73
59 78
37 85
70 52
11 6
4 84
89 39
2 50
12 18
88 78
20 90
3 10
68 79
82 19
1 68
53 20
74 22
17 1
78 82
40 22
12 70
60 69
30 81
63 68
49 15
90 30
86 2
20 89
35 67
6 82
63 12
18 74
52 45
10 61
39 30
58 30
38 15
71 47
63 79
72 11
63 65
57 33
36 51
18 75
66 31
17 86
79 12
89 81
16 88
35 21
71 49
10 79
1 86
2 10
53 36
64 31
20 51
5 17
7 16
68 61
26 27
55 18
24 32
64 59
75 74
80 23
75 50
43 89
48 47
35 28
3 79
16 83
48 80
10 18
32 77
82 11
57 58
66 83
36 34
86 84
53 51
3 70
31 59
78 16
12 9
19 64
76 83
27 69
18 68
70 86
17 61
2 62
16 82
4 2
39 51
28 33
66 19
1 50
1 62
61 86
50 5
17 70
45 5
63 2
17 74
4 55
10 48
4 74
55 62
22 70
1 22
66 78
34 57
59 76
56 48
5 48
84 22
60 26
1 63
3 48
22 61
48 50
13 86
8 81
62 4
12 40
17 22
60 41
90 51
61 12
6 87
2 65
86 63
75 12
5 74
1 55
46 57
39 57
79 74
79 48
1 52
82 87
79 62
71 15
74 52
86 68
89 46
18 4
68 22
52 62
21 28
82 31
75 70
88 19
61 74
65 45
45 48
30 89
50 63
19 7
27 19
8 30
44 15
12 65
4 70
19 87
12 17
70 13
34 53
31 7
75 2
74 1
45 4
34 58
84 74
12 13
58 90
79 52
65 18
84 79
5 86
10 12
33 37
61 48
48 40
70 45
3 50
84 5
42 54
48 75
10 74
87 64
55 50
62 65
50 4
13 48
34 81
0 0
32 87