80
45 59
48 24
46 63
39 20
27 46
42 67
45 27
5 61
8 12
63 21
31 45
33 27
73 53
42 57
28 51
3 41
39 63
70 37
71 26
28 55
73 60
6 25
41 4
12 44
53 37
3 58
30 22
79 52
50 38
70 76
44 45
80 14
73 6
65 74
22 66
21 26
9 36
18 37
41 19
59 21
19 51
7 43
59 24
67 56
1 50
59 20
5 49
53 18
54 24
32 1
32 50
78 18
20 31
51 3
38 2
55 14
55 30
70 1
27 71
79 22
31 12
25 2
25 77
77 78
21 43
79 3
34 3
47 5
5 15
43 45
51 55
41 14
79 41
13 45
15 61
30 51
77 37
37 25
52 19
76 37
39 71
73 70
30 79
38 25
24 44
52 3
8 46
59 31
27 20
62 17
19 79
53 32
3 62
45 46
21 33
50 77
10 23
71 59
30 4
75 50
42 24
45 26
65 42
24 8
13 71
79 80
17 10
7 20
61 50
62 34
72 47
78 25
70 2
44 59
6 76
26 59
29 50
50 70
29 72
41 55
28 14
20 71
21 8
6 2
58 4
3 17
2 32
44 31
63 12
50 60
14 79
18 50
70 77
39 27
8 27
46 59
45 21
63 27
60 25
22 14
26 44
48 54
1 2
45 39
59 13
56 65
70 6
13 44
73 18
35 16
19 28
58 28
48 57
38 76
30 19
24 40
29 47
52 51
2 18
71 8
43 31
29 15
60 53
33 39
21 13
55 58
41 22
5 69
78 38
60 38
50 53
12 7
8 20
4 14
61 47
12 24
80 41
2 37
42 74
55 66
49 47
50 76
2 76
8 39
46 26
66 58
51 41
8 63
78 2
27 21
31 21
48 56
24 33
39 12
66 79
51 80
28 52
67 54
50 6
18 38
61 72
34 10
1 25
53 70
18 32
54 56
55 19
24 56
70 38
3 14
20 63
29 75
53 2
40 65
31 8
1 37
27 26
19 4
64 10
27 44
7 59
17 34
26 63
48 67
71 21
73 37
60 6
22 51
10 5
7 13
3 11
29 5
10 36
46 13
5 72
2 50
1 18
79 55
46 7
76 73
58 52
43 8
50 49
2 77
27 24
71 46
51 66
31 27
80 74
33 20
52 4
9 10
2 73
24 21
80 52
58 80
27 12
74 57
9 23
7 39
20 26
24 67
12 13
78 73
56 74
13 43
31 26
15 72
53 6
53 1
77 38
22 28
4 66
50 78
48 65
76 78
45 71
6 1
45 8
40 42
63 13
34 23
39 59
77 73
56 42
31 63
21 7
3 10
60 70
24 43
11 9
54 57
39 13
3 36
4 22
77 1
80 28
45 63
50 73
51 79
7 63
23 17
60 77
74 67
25 70
40 56
71 31
59 27
23 3
24 46
60 32
45 33
12 26
67 57
64 69
4 55
76 77
21 12
16 37
14 19
43 39
10 69
19 58
66 52
44 71
24 7
4 51
45 20
3 30
46 39
75 61
48 74
59 33
18 60
66 80
63 44
29 49
63 43
30 58
5 64
12 33
74 40
76 53
44 33
38 53
43 59
43 33
43 46
58 14
66 41
44 39
8 44
11 17
13 8
47 15
26 39
49 15
66 14
4 79
33 46
20 21
10 62
54 65
44 43
28 79
32 78
8 26
33 31
79 58
45 12
58 22
6 38
78 53
29 61
80 55
24 20
3 66
44 21
59 8
60 76
44 46
7 8
57 65
52 14
27 7
32 37
67 40
32 38
15 50
24 57
33 7
33 26
1 76
43 26
80 3
71 24
3 9
46 12
34 11
31 7
21 46
26 24
18 6
24 65
36 34
63 59
51 58
35 37
28 66
12 20
74 54
12 71
37 60
11 23
73 25
32 76
24 39
13 24
72 49
6 77
39 31
38 73
52 30
28 3
19 80
22 80
3 19
1 78
13 33
34 9
67 65
18 77
20 13
33 8
32 73
16 68
25 50
63 71
13 26
63 33
6 32
78 70
28 41
57 56
32 25
18 25
35 68
66 19
80 30
40 57
41 52
78 6
14 30
20 44
28 4
36 17
23 62
41 58
77 32
24 31
3 22
72 50
45 24
32 70
54 40
62 11
53 25
75 49
28 30
37 6
50 37
31 46
22 52
27 43
71 7
51 14
38 1
55 3
63 24
61 49
60 1
12 43
7 26
9 17
36 62
50 5
75 15
72 75
13 31
33 71
80 4
24 74
45 7
3 4
18 76
41 30
48 40
73 1
23 36
50 47
19 22
12 59
13 27
43 20
5 75
66 30
2 60
18 70
44 7
11 36
43 71
55 52
76 25
10 11
54 42
60 78
21 39
78 37
38 37
42 48
20 46
22 55
47 75
77 53
37 68
9 62
0 0
38 16