4335
2836 6181
6426 3974
3009 7847
-4497 8130
4370 -439
-4247 -5997
6115 -2255
1162 -6878
-4250 8613
4340 -3077
8993 -1899
-2270 -9403
3485 -654
-3376 3610
1017 -1231
-1224 -4407
9973 3722
6086 -6283
-3637 3245
-152 996
5558 -6527
4439 -666
-1682 4054
5222 -8353
-9504 -5399
5133 -4008
1441 -75
6677 446
5730 6157
7935 -9480
2977 -6267
4131 1776
7253 5951
-6161 4037
-5652 4256
-5460 -2587
6983 -4283
-2749 -7206
-8488 6893
7267 -5297
-9288 -5075
5313 -7726
6859 -5845
9585 7814
2124 4978
-8902 -4051
-9343 4545
-1046 3999
-1377 -5709
4820 6631
5999 5079
-8892 3301
2028 -7548
1663 -9384
-7975 2259
-3976 9688
6602 -6668
-8672 8696
-9760 -6442
7194 -9773
-5823 3065
-8570 -4269
5026 432
-6954 9035
-791 9406
7263 3273
8100 -3345
6423 -5783
3277 3050
5083 7800
4325 -7832
-8708 -4246
6241 8009
-4879 4981
-3653 4592
-3240 1098
-7523 -7073
6450 9108
-6039 -4190
-243 -2544
7668 7302
-8836 -5285
-989 -5554
-5940 -3493
-5712 8603
7578 2061
-6918 -9763
8867 6850
-5381 7514
-3778 4441
-9136 -2943
2606 3402
-5759 6907
-7480 -7853
-8975 326
5644 969
3564 -5176
9289 -3240
-2540 109
4871 -1882
7309 6576
-7893 8794
-7628 -5213
683 4550
-9224 1411
522 6628
-9181 9859
974 9123
6393 -6186
-7380 2441
-6147 -7337
4454 -5708
-3802 998
-7200 -1806
-5312 -8291
-8446 -7361
9437 4935
-690 -9723
-2454 -4532
-5139 8777
-480 454
3334 7949
-1756 -3592
8886 -3438
6964 3798
-9881 -2079
3650 750
7134 -9492
9723 7992
-1290 -7028
6562 113
-3547 -6170
-4777 -1714
-3303 191
362 -9284
-3497 -6576
6208 669
4725 -9822
-793 5331
-5212 -9121
8647 -3387
-5031 -6309
3840 9558
1616 2603
-5962 -4646
-6911 -4694
-7443 8498
-7539 -9003
9612 -5739
5797 -4580
-6715 5459
-6169 -6300
966 -9442
6256 3743
-5879 -4464
-6444 -48
4277 455
-1453 4569
-7292 7223
-7277 -4898
8179 -2691
5536 835
-9262 -7382
-4991 -2001
-9220 4075
-3454 -8093
-2866 8186
8807 8056
9612 8062
-8819 625
9974 3563
1890 1345
-6500 -9797
8261 -3679
-3630 -2794
6638 -8342
-5295 1331
-1703 -9106
-1713 -7655
9313 -9927
5320 2183
-2706 7308
-6696 -5926
-1132 -3659
9118 -6036
-8060 -5401
-2005 -9193
4207 6345
-9916 -5636
4116 577
-602 -268
-2574 7449
9535 -5853
-5043 -7749
5856 5240
-4829 6955
9317 6353
4040 -5050
-5420 -7811
7045 -5618
-8194 3417
6528 -6678
-259 7758
5353 -9621
55 3591
-9323 -6681
6660 9755
6595 -966
-2683 -5383
-2027 -1134
-7573 6900
4999 382
-606 -1721
-9400 9112
-1375 -3224
-4252 -3820
-1264 8209
1758 -5095
-3818 -4978
-473 1837
8300 -2172
-9202 9479
4687 -8794
3222 -8302
-6531 7353
6357 -1400
4951 8124
-1432 9964
-5878 3124
-5977 -5985
-3924 -2493
-248 -1630
5303 -3516
8760 1850
8965 -7057
7050 -5130
5597 -3015
-3874 60
2423 9399
-7251 93
9485 -2527
-3120 2675
-4970 -1329
-9717 4556
-4373 9111
3955 -2773
7512 -2253
2778 -9296
-2146 -6304
8163 9351
-4131 5738
-1920 -3724
-1301 7156
-3025 -3892
-4459 8876
88 3530
3724 634
9470 176
5016 -3865
-8282 143
-6405 -1872
633 -9065
-1375 -1152
4380 -1308
-9946 -4098
-9453 9179
-5804 2733
-908 -1111
7063 -5515
7041 7076
8028 2828
9221 8615
9918 1668
-4840 -8934
1849 6750
627 8134
-3287 2172
-201 5510
-4018 480
2037 1156
5877 6018
-3778 -8782
2819 -2928
9638 3460
-6133 5931
2699 2557
-7118 -9731
-9203 5388
-8410 6452
1038 8536
-3498 463
6108 -7158
1804 -7336
1267 6461
-4095 -1679
-2110 5592
-3113 3720
-4362 723
5865 8813
6736 2521
-2006 -2728
8734 6267
7221 -1831
4748 4506
7803 -6305
-7718 -9633
-4584 -5798
2182 8420
-368 3641
-4201 8950
6467 -4153
-1416 -9590
-1148 -1238
9278 4667
3435 -1913
-4794 9082
6743 -6143
-2733 9341
9819 -9812
5074 9071
7041 -830
6716 -9144
-2923 5535
2594 -5803
2711 3570
9516 1163
-7275 -7824
-2286 6227
8450 3215
9434 7740
3310 -7524
-4899 4637
-2971 -1700
-7851 5868
3581 -8701
-6713 -308
-3020 6136
-1353 6973
-4511 -1491
2609 -9378
5204 -7680
4448 -1848
-6699 7715
-7185 -5681
-6053 -6461
646 4311
-7691 8642
4616 -1650
-1058 -4037
-2503 8808
870 -1010
-1630 -6209
-8954 27
-7276 9350
9075 615
2951 -2722
-3093 -2688
-3724 -1974
5566 7119
8277 -5005
7869 -802
-1551 3752
8091 9033
-7262 5112
5637 8278
-3719 5299
4307 78
-9007 3267
3099 -5110
-2181 1667
-9349 -8559
-4009 -4621
-822 -1153
-2633 -8904
10 8286
5170 -1962
5043 -9157
-8253 5951
-4428 5146
-1194 2991
65 2654
-1140 1024
-5733 8540
-7614 -9542
-4569 -8715
-8427 -7438
6775 9901
5840 -2373
-7549 -8001
-3056 855
1351 -6719
-8082 -8507
-6918 -9079
-670 -8953
9782 8730
7945 1989
-2383 -1369
-9979 3516
-7174 8372
5391 7045
-1592 9115
8246 2083
-8740 -4504
782 -8880
3653 5429
-6000 -8334
4437 6964
-995 -8071
-3863 -8694
5614 509
-7437 -7386
-7825 5024
-5136 -476
2695 -5017
373 -3146
-2143 6262
1267 5587
-5669 -625
-7738 -7345
3524 -5424
388 -3457
6156 1987
8264 5312
-7444 -7050
-698 8800
9807 8706
4787 -652
6333 -9488
-3187 -6728
5832 4730
-7256 -233
-4028 -8538
8847 6059
451 7063
6542 -6133
-923 7579
-9312 5296
-664 8755
617 -2221
-8951 -5702
7653 8980
3177 7249
-8699 -3484
3424 2859
8131 -4922
3978 8635
7559 -803
-3268 -1728
-4849 2976
-8057 5844
-4093 -9355
3824 9355
-4282 -6971
6077 -7617
-5259 6782
-1931 5115
3626 -3430
-3330 4032
-4727 -90
-3429 2702
5554 9130
-7511 -2942
-7839 7850
3706 5094
1603 -5034
-9644 6346
-507 8102
7188 507
2116 6843
-3586 -8911
-1605 -9795
1501 -8786
-4804 7367
-1704 9705
1639 2141
3014 -8872
-3204 -8460
6835 -1156
1579 -6127
-8611 1405
1814 -6183
-9296 5799
-7101 6674
-1914 -2775
2765 7669
-5624 2425
-2780 -4288
6973 5746
-2913 1362
1475 9723
-102 356
82 2110
5550 -5810
295 -477
-6903 4242
-8645 -3333
3196 1959
-6731 9971
-6720 7382
3012 9163
-7930 5312
-3578 4113
-2730 9700
-5367 1042
-5064 2168
-5382 7270
2023 -7762
-9959 8844
1765 2599
9036 -825
-614 -7173
-5380 9789
8786 -1992
4976 3429
5271 1987
-6679 5726
42 -8121
5650 -6926
-4176 -9649
1982 9933
7904 8639
5097 5920
-7032 9610
-1292 1283
-3216 -968
1249 -473
1611 -8611
-2014 -9133
-8101 5900
-6742 2740
-3504 -9828
-2091 -1529
-3566 8383
6647 -2842
-9756 -8352
9913 -7995
7176 -755
4409 -518
4008 -1078
5076 513
-6108 536
-3777 6005
-9749 -3877
3916 8865
2778 -3208
-8085 -7064
4574 -4753
-2357 5800
-1188 -4886
2223 -1561
-8510 -2079
-5379 -9512
-9790 -7171
-1919 -5633
-3652 5586
9953 9033
7176 -947
-360 4288
4771 -9884
5613 -8692
6023 -2762
5079 4703
-7803 6861
1363 -6676
-7336 3609
-4010 -3676
4462 -9575
-6472 7171
7084 3343
1617 7872
8546 8898
-5412 -7715
8909 -9117
9796 -8000
6000 -6585
-227 -8534
2577 6398
-6901 9450
-830 2343
3332 5520
4622 5903
8513 -6240
7421 -1016
-5101 485
2874 -4537
-5486 -5559
-5224 -9567
4031 -4404
-3238 -4285
7603 9356
6820 7293
9805 -851
2963 1321
2930 4698
-4979 5104
1961 -8394
-8526 -1850
7072 -2675
5243 -2295
-4288 5125
4809 -1947
-7007 9800
-6183 9103
-1770 6092
9185 7712
21 6272
-5463 -1171
2782 -1274
9013 3595
-7408 1376
-8461 -4125
-6665 -8186
-8463 -1538
2239 -1914
2559 9618
-4884 7702
-5426 7803
-8290 -4670
3788 5659
8640 -3938
5933 -7476
-9141 512
-4535 -597
2604 8923
5656 5344
8186 -7584
-2227 8449
5985 1797
1851 -4806
-6918 -9826
-8013 -3195
-8815 5310
344 -1431
5752 2385
3705 -5836
-1882 8944
-3151 572
-4000 -7972
6456 -6461
9073 6604
-7499 345
-8448 -6745
9345 -3161
3886 -4936
-8099 7933
-802 2553
6299 9156
4545 -1215
1098 185
-2392 -6230
1058 -4185
-364 -4523
3008 785
-4250 3135
7134 -5996
8001 3733
-919 9645
2138 -1503
8372 359
925 5764
-5611 -5666
4198 8641
4384 9072
-5109 753
-80 -1854
8699 6145
-8725 6098
5682 -3384
-6084 2583
5176 8854
-2237 6042
7323 -8805
9298 1915
-4978 2966
7782 -4985
1796 -3565
-2657 -5711
-3368 3568
3262 -9374
-3215 -2018
7493 735
9677 -3085
-2209 -6809
-893 3400
-8789 8810
-9255 -8670
-8086 -4558
6115 4136
-6062 4275
3558 -8392
6315 8314
4214 -1759
-1646 -1709
1406 1900
-7938 1193
78 -3289
5235 -2028
7482 5412
1485 3957
823 -5458
-4825 -80
1264 2988
2279 -480
-2988 457
-876 -7386
-5262 1911
-5309 -3618
413 9518
-1211 -8871
-101 -4052
4324 270
-6927 1528
-880 -6366
452 5456
-6729 -5354
-4020 6405
2723 1800
2354 -1538
9290 -5923
-346 4475
168 -6182
6109 -5671
8454 -891
5727 9112
-943 -1586
6783 -150
-5428 9372
8303 -517
8964 9913
-1141 -5437
-1926 -9795
-512 -6061
-1581 -5520
-9390 -7226
-976 9543
-4388 -3607
-6395 -2067
-8098 8153
-4000 -2259
245 2277
5906 6060
5949 5126
27 5135
-5538 -1495
-7253 -5468
4238 -5962
-9724 1946
-2500 -1110
4574 9508
6914 -4313
5960 -3462
-7508 5277
-4915 7289
712 -8406
3274 692
-5509 2295
2359 4359
8726 -8602
4588 2068
9837 -5018
-1646 -9058
-7041 -746
-7082 9326
9884 9685
-819 -8972
17 3797
8710 9341
5064 -7514
-6845 4139
-179 1064
2177 -5533
-5083 -1541
3603 2321
-7992 -4060
6910 -6538
-821 -8815
8258 2031
-8935 8419
9928 998
-911 4788
1476 5472
3402 7479
-4464 -6420
6527 8169
-5703 -6599
3781 5553
8577 3237
-1923 2078
5182 8090
2870 -3705
7986 1580
4645 -1987
-2299 -6261
2408 -7901
638 -7346
6302 8384
-1404 -7599
7487 4744
-1779 3122
-8362 -7986
2762 3564
-5023 5491
2347 3201
-8810 -9430
-2039 -2997
9596 -7591
-7602 -5942
934 7540
1689 7561
8881 -6999
-1175 -5225
3886 9950
-250 -7537
-8664 -8851
2187 9507
-2666 3159
-8563 -5922
-9408 -8957
4369 4227
9534 -1260
7500 6162
952 4633
5271 7029
-4494 -9855
-5941 4602
-5287 8469
-2715 -5341
3796 -2677
-3141 3537
-7469 6714
-2831 8850
-1835 -1256
-7792 -2113
-2318 8688
7105 1732
-4288 -156
9995 2443
-7650 -2316
5780 -5226
2606 5576
8142 1351
-8628 -4035
7084 5418
-9261 -8431
-5552 -9293
-6952 9970
2809 -563
2898 -6761
3323 9377
7087 3638
7829 8136
-1214 7264
-6348 3933
1531 903
8920 -779
-5191 -4474
-3343 -2134
4608 -3154
4992 3108
-1871 1504
9323 -2481
3027 5376
-5887 5401
-3385 -4724
5156 3904
-4916 7519
-7909 -2761
9442 7652
9528 -9450
495 6564
-6726 3508
-770 -8711
-5425 8066
7936 -8383
-4571 4421
-8261 -5779
6603 -1116
2889 -8009
1262 8565
3694 9351
5293 -2043
-2270 2783
7602 7998
-6015 -7789
6990 6787
-6472 -4300
7950 3396
-5529 409
-3100 -4517
-3964 -1261
2128 -5448
-8265 1220
-6738 -4584
1242 -6442
7173 -5228
-5734 8729
-3153 -5395
7002 1745
8942 -2932
-6731 -1288
9186 -5236
2320 -5205
1683 -3274
8368 4780
5037 -1935
1291 -2437
-4046 -72
3359 -3055
-7065 9976
-9956 1823
2926 9127
5136 4197
-9108 4299
-6634 268
-3884 8157
1754 4791
-9198 -4269
-3503 2912
-5380 -4432
-3424 4644
-5846 9789
458 2151
-1908 3378
-8594 -8354
-1717 -9482
-7383 -4389
-5773 8422
4588 8672
3374 8289
-5166 -8847
-6844 -6780
-3742 -3504
-2455 1518
8318 -3298
3397 3692
-7932 8820
-8587 -2848
3273 -3943
8934 -4823
-5773 -3256
-8198 365
-2441 6071
-3478 669
-6373 -7743
9432 4060
2227 5833
-8335 3710
-1155 -3198
8158 -2574
4498 5595
8859 -3660
261 -9975
-6935 -5471
2544 -8964
-7673 802
4661 4812
-8189 9512
-4082 8081
4647 1376
7196 3340
-5019 -7086
9402 -8123
-5925 5338
-7544 -3703
-50 718
-5052 6220
1166 -6426
9088 -5543
1834 -9199
-3348 -5093
7225 -4464
1694 -5794
-1829 3088
-4214 6786
-8804 2520
7028 8478
-7567 -2726
-5852 6893
-3610 -3306
-2077 5905
-4188 9195
-5849 -2499
2239 -8608
-5272 -1828
5627 -9659
7013 7647
1371 9283
-2822 5274
6971 946
9093 3960
-2956 -6988
-6663 5309
7593 -8799
-976 3068
-3259 5769
4979 -5189
249 -393
-6339 -5738
5162 5764
-4111 -5754
4531 7985
1179 2074
285 -2636
-3545 -6782
6464 4627
3575 8268
431 1444
-5304 9445
-3521 1496
206 2823
-9122 -9807
4872 6038
1717 4942
1157 -1111
-8950 7289
8541 -2869
-3187 8630
8313 5118
5794 -5358
8661 -3928
3660 -7750
6627 -8383
1396 8306
-9259 5257
6266 7009
1202 4653
6001 -8666
-5794 6046
-138 3508
-2045 -7303
-478 -7828
8088 -60
-3447 3473
8622 -7598
5884 -4952
8021 8651
1212 6574
-853 1902
-1786 3449
-8498 3446
4105 9455
-8304 -1409
6330 -9456
-8280 8730
8919 7898
-2545 -1384
-7853 -3888
-9381 -3462
-9732 4082
-6179 -4599
-1415 -2832
7106 -864
-5318 4170
2526 6520
-1869 2250
1090 -8845
-1851 -5209
8750 -1978
-6764 -796
-1109 1290
2477 1874
-5709 -1504
9541 3774
5039 -2665
9876 -4942
4200 -9041
-335 -3494
4838 3523
6866 5573
-2392 4223
1199 2322
-2644 -9287
8944 5949
-6130 -5325
-8073 -8505
-7889 3976
-451 6679
7405 1545
257 -237
5030 -5946
-4294 3265
2703 -413
-1394 -7053
1931 7772
7148 9835
-444 8488
3056 3465
4783 2742
-2445 3677
-1914 -5177
-7930 1069
-6650 7541
-4221 -9124
706 -9306
4010 -1143
-7012 2860
1501 -8941
8899 8271
-9595 -4867
5517 2970
-4528 -9137
8637 -6126
1566 5503
2254 5227
3820 -3405
-4157 -9271
-5042 5763
-996 9948
-2759 -1759
8796 1668
-7007 -9881
9258 3625
3092 3731
4585 -2450
6220 4313
1454 -5900
100 -8219
6728 -7795
-6164 3286
-9621 9819
1569 -7761
321 -9897
-5270 4238
-3877 -7978
-3897 -4773
-8088 -4839
-9187 -2893
306 -4952
-7374 -6570
-918 -1216
7285 -8749
1796 -4431
3898 -5560
-7223 8802
5463 7311
-3156 1487
-3290 -4663
-9258 -386
3503 4053
1471 -864
9049 802
4675 5480
-1948 3226
-9278 9577
8350 3381
-8706 -2376
4651 299
-2133 -2938
-4819 -1971
-756 2750
-8971 5533
-3911 -7605
-1186 7018
-18 6974
4152 -2208
9112 4466
-3585 8732
-9409 1339
1465 1687
3442 696
5706 -8207
3686 -4234
-4174 -9654
-3789 9339
770 8573
-9699 9292
2870 -4441
-8264 -2447
1758 -6821
5114 524
4639 -4866
8439 7735
3959 -9296
4223 -2805
-2109 -8004
-3991 5921
3512 -6563
1157 3007
-8992 9968
-6054 -9336
-8591 -1876
-9698 2313
8844 -5863
1723 9431
-5372 3596
-3716 -5295
7526 3245
6605 5949
-1578 -6065
8021 5468
804 -738
-1426 -1658
9658 -9501
103 -1250
-3624 -3504
-6648 9977
9378 -2512
-4080 -5034
-9775 1851
-7389 -7507
9040 -509
7850 -4734
-9823 3256
9523 -9002
-8833 -4653
-3750 -8126
-2919 9400
5605 9076
-7606 -746
-2690 -9234
-8938 5760
4649 5255
-6278 -993
-3678 -9135
-7396 -6496
6381 6024
-5691 -8323
6487 1535
-8877 4321
3381 6200
176 5470
3846 -1867
-7843 4328
1366 -3109
-8500 -2064
4877 1930
1405 -9375
-517 2111
-3318 8727
5239 -5298
1411 9720
9332 -7244
4492 4080
7008 4001
9204 -8592
2223 7161
-2223 -597
3156 2366
-2817 -3696
2989 5897
4117 -2148
-8980 -9919
6178 5643
-4074 1327
449 -8705
-1803 75
-4978 7619
-424 7614
5372 -1033
-1251 -5313
-8088 -6928
8657 -1296
-7673 5229
-2339 3057
-2550 -2886
-142 -9001
-7914 3997
-2226 -1788
2854 330
-6446 -4623
-1513 -1450
4778 -4677
3465 566
8392 -2354
7117 -9076
3515 9241
-2234 7240
4380 9799
-7256 5141
7140 -3792
4732 -8803
-3138 7188
-6488 1912
-373 -2034
835 2965
2808 -7490
3955 -6072
2490 1350
8938 3895
6845 8771
-4274 -7523
5307 9686
-4643 -8432
-3362 4084
7505 6130
-2063 -6245
-4015 779
-1659 5408
-8144 -5804
9924 4573
-6565 5091
-167 1480
408 -8147
-9621 4985
-2150 -8961
-3169 2435
9338 -8826
5383 3697
3790 -991
2663 5988
-5224 -1386
8019 4286
-9719 -3534
8977 -8816
5300 3109
5622 3498
-4931 9317
-6356 -6341
5227 6652
-6172 -4270
-7726 -7555
266 1223
-3611 -8452
-7014 8430
-7270 569
2873 4424
2770 582
-9664 -8354
2018 6953
7968 8807
-1750 6146
1756 -2221
7061 -1531
5943 -9301
7843 -5022
2881 8878
814 9558
-3159 -9995
-4019 8050
-2126 7487
-2333 -4748
7651 4307
2771 -3882
-7794 3894
-6823 1612
-197 6590
-1352 227
-4969 6647
-5987 -2530
-3884 2061
-7851 -6187
-8397 2640
-8661 -1251
-4853 -9351
9402 9950
-7687 1243
-4644 -7024
-2683 4353
5851 7998
1467 5668
7685 710
2384 -9013
9812 8923
-1271 304
-7586 -8523
1593 7265
1052 9744
-2657 2458
6746 7440
4192 7980
-3442 -7176
7253 214
3550 -1798
-8828 -5220
8383 -9043
-8153 2523
4709 1549
3451 1258
-783 1810
-9164 26
2342 -6892
-4525 1046
-4685 9120
9355 -6002
4103 -303
-9132 5756
707 8235
1296 -4606
-7407 5026
9141 -224
1828 -8418
-4636 -9150
7236 -7843
2080 -8926
-2907 -9293
-2633 7675
8305 3137
2067 9360
-2292 9382
-6442 -3523
-3795 4178
-6950 -8083
3434 9192
-8876 -649
7382 -9910
9406 -9738
433 -9143
-9666 6262
-2082 -3307
-9726 -9787
7096 9828
4145 -538
9906 -2284
3256 -2559
-8997 3989
-8451 -8097
-1009 -3981
9330 -5149
4773 1498
-3945 5281
4962 -6248
-5177 3209
-203 6975
-8117 -4474
10000 -4061
-4499 2229
4477 -4045
4360 -1470
-6833 -3718
-9662 -3472
6942 -7483
9600 -2847
-6450 2284
1306 -2609
-5381 -7610
8370 6897
365 6079
7980 4704
6153 -3079
-5302 4018
-5084 -1204
5949 4712
8967 2612
9030 -6680
-3311 8587
1031 5773
-8234 -6400
6452 9288
7033 9954
-6632 4304
-9550 -1042
-3456 2779
6387 9728
770 8805
-2750 -8913
8765 -6842
6470 -4362
-3868 -7055
7894 4251
8981 3835
6815 -3449
9307 2577
5926 -8297
6407 1899
-8083 9
5328 7398
-8179 -9018
-5940 -8729
-538 6249
8652 9028
-1441 2135
6832 -4495
-9670 9332
-5574 -5934
8549 498
3659 6810
-27 -984
-5581 1532
-443 -648
9109 -6084
6076 6779
-45 -7312
2323 -8128
-2690 9667
-2934 4487
5059 -798
7752 8610
4457 -5217
-2945 -4496
-9335 -2842
5658 8647
-6046 1833
5670 1028
4448 -9585
2917 8732
-2765 843
5232 -5233
7536 -367
-2650 2613
2208 -7912
-4393 -7874
-6470 -1159
-8690 -4988
-4254 -5814
-6121 2193
-9651 -9680
3010 -3605
8464 -3550
6836 -6492
-7899 -6142
6265 -612
9041 -2009
-7463 -5226
8178 -3248
-8341 -3164
-532 7434
-7346 -5648
-8470 -3378
-2542 646
4538 1042
-3581 7542
-6770 2369
2277 8730
5712 -1310
6409 5572
2478 -1608
-280 -7307
4232 -3665
4781 2621
-9546 -8425
-6907 5880
6059 3161
-1886 -7331
-6357 -3478
3725 9637
-1137 8658
7742 -369
3442 -7474
7506 9211
-7173 -4951
9206 -6826
-9468 -9318
2539 -5749
892 -3148
-7064 -8475
-5213 -281
-8025 9735
9124 -6888
-5511 1775
1862 -414
-3667 5333
5661 -8964
1324 -8599
753 -8769
3806 8987
7767 6615
-8602 -3326
-4186 -5331
6206 2851
8180 -2306
9924 3736
-5129 878
2554 9255
8856 -1258
-7086 7117
-5593 1344
1196 2308
7865 -4738
-4101 295
-7345 9669
-4054 1887
-468 8217
-989 -3508
-4461 -2118
-475 6692
4169 9771
1027 -7411
5272 -2950
-5460 7092
-4724 944
9395 -9138
6204 -365
-4308 -5555
7664 -1213
-5063 7670
-366 3548
2955 5721
-2488 -2184
7731 -8537
7320 -3785
1998 -5354
9417 -9875
-7106 9168
-3460 4184
9819 -1936
-159 21
-5356 7506
2306 -6962
-9359 2745
8323 -3739
-4285 8751
-7753 2031
6561 4500
-9235 481
-7467 4611
730 1378
-9861 2172
152 -2896
5647 1811
-3335 -3239
4576 8790
-9385 -7384
-9034 -3957
-3836 -5339
6895 1775
-3909 4685
7634 -8838
-2594 1114
7299 8439
3862 1157
-8993 -893
8514 3108
-1539 119
-5121 -5098
3824 679
1411 -7365
-8113 -8026
1521 -1714
-2711 5126
-6183 -3320
3106 -8501
-4113 -3607
9688 6126
-4613 -5312
-7922 -4620
8981 -7921
5971 -9920
4708 5641
-5066 -6836
5193 6726
633 -14
-1816 6761
-601 -9902
3513 97
-6780 -3408
2380 8422
-9581 6578
-1019 -9882
9589 -9279
-2804 6303
-8629 3084
1048 4073
4871 -7561
4371 -4472
7033 -1252
1480 3978
-7222 509
5511 9462
1780 -2598
3127 -7142
-7439 -8055
-8987 5006
1393 -438
-3543 4627
-5174 9752
6160 -4824
-5794 -3382
4018 3213
-3153 1371
8027 9131
7375 -3591
3122 -979
-4234 3369
-1822 3652
8809 -7659
-4712 -998
8479 -5014
-7285 530
-8112 2147
1622 -5436
4175 4467
6589 4037
-340 9285
7656 -8592
871 -1797
9592 -9915
-1180 -7849
9469 -5105
-4188 1246
-5320 2697
5512 4718
-627 -540
-221 -7648
-3552 6439
847 9876
-6945 1813
6715 7531
4491 -5497
5313 300
-4656 1273
-9557 -1563
-4141 -2706
-7572 -3705
-5063 6278
2401 -967
6212 -1103
9179 -3756
7497 -8914
8002 9280
-2002 -5185
6005 5818
1121 -9683
-8968 -657
-135 7683
-4347 -7986
-2087 361
-2842 2149
7557 -9057
-3675 2988
7932 -7351
-5237 -610
4663 -464
-5253 8378
4540 1990
-8606 1618
-7786 3541
5318 -102
-6541 7622
-5601 -8324
5984 -9609
-2503 7909
-1782 -8354
-7118 1732
4208 -2393
-7678 -6937
4079 -4925
2376 3708
9233 -5256
-1914 5362
-2398 -8301
7077 4690
8112 -8525
-5320 4566
5349 -9069
5543 8914
2626 -5941
1605 7259
1661 7302
2771 -1730
1075 9887
-6 9911
1753 3219
-2629 2208
-9360 -3051
-1268 4974
6995 4718
-7418 8515
3700 -5611
-6245 1893
1159 7052
6833 -4829
3194 -8772
313 5994
9934 -2174
2291 -76
-8654 -1246
-2369 -1637
7363 -7008
-7588 -7781
7112 5761
7226 -3785
-7748 5071
5167 1953
-2156 -6038
-6342 -5475
6289 3035
-5253 3203
-9258 8162
-4253 6822
7413 3508
9356 -3783
-3839 2175
-6896 1222
-2214 7559
-4885 1146
7438 5624
308 9281
-9682 4507
-6039 293
9217 -9906
5592 -972
-9331 5203
-2207 3834
9285 -7937
-8979 -1327
-2221 5476
-9564 612
-8521 -5613
-4278 8268
-6797 738
6434 -3992
-5525 -8046
6010 -1356
9621 7165
-6039 -1786
-2039 4303
-1068 7000
7332 -2487
2344 -9535
7000 -4286
-707 5138
-6147 -3908
-8704 5226
4459 -163
4457 8820
-2871 5119
-3831 2559
9065 7015
7456 -6480
-5893 -4754
995 1506
4263 -970
-9782 -9108
-1729 -7143
-748 -590
1815 -9756
-5180 -7749
8669 1046
-8959 -8155
-8848 -8314
1341 3070
-5365 4388
5404 -2795
-102 2771
-4927 5710
3042 6632
4783 452
1962 5707
-8324 -4713
8349 7323
7043 6619
-3481 1572
-6786 120
3029 2518
-2344 -6521
-1299 -4187
88 -4245
-1930 221
-744 -7200
8251 5263
7033 1369
4470 8927
4790 -3645
5430 4874
-7446 8948
5720 9076
-1216 -8812
-3814 2206
6997 4885
-8522 6486
-8250 2569
226 2387
3951 -6990
-6489 -2601
-9862 6020
9482 8263
-9845 509
-9170 -8980
7474 9228
-2188 424
-9718 176
3682 -3215
-5679 7060
-2552 -6625
2507 -6880
8514 -9674
-9534 1574
-9257 1265
-1591 -709
4590 6729
7707 6101
6331 -399
2348 5840
4685 -7777
-4184 -1092
6513 -7519
-1692 2564
-9186 -5714
-5857 -7062
-6669 1259
-6589 6432
7937 8699
-9584 434
5388 -3029
3304 756
9917 8505
-4038 9726
477 2265
9753 -3810
-7637 -6623
-1827 -6242
6981 -7160
7472 -2137
-6889 -5261
1646 -9031
3587 -8602
-6610 9871
-5958 -1026
-3374 6156
-4565 980
-7481 -8861
-1861 87
1390 7095
-9984 6137
-5195 -6921
-1751 -858
-1116 -6221
-1406 -8577
9836 -3385
4782 7480
5829 3729
5048 6223
-4763 1161
7839 -7603
-3843 -1785
-9689 -2395
-3787 -291
-4187 -9817
-4265 -4799
5246 5921
8831 -114
-3977 -1163
-9573 4919
-9217 -1789
-2212 5125
-278 -8158
-7845 4916
-2419 -5495
7166 -3039
-9460 -1361
9737 5791
954 -354
8002 -6207
3356 2736
-2566 440
-5112 -8083
-2991 -9105
4838 -3503
-6822 -7966
7734 3471
-5850 378
2740 -8734
8263 3503
-8222 7530
-1392 -343
-5335 -3824
4359 3391
2582 -546
5772 5333
-6639 8966
-2995 7271
-6617 2688
-8801 -7637
3027 -5804
4948 -2353
-4499 -2275
2456 -9320
9991 -3339
2226 1780
-1447 -9608
7369 8670
4564 523
7423 -5671
8665 -588
-1391 1227
-3689 7719
1865 9985
2537 903
-2464 -8551
185 4328
-6267 7122
9339 6839
-9550 -1919
297 -4317
3734 6932
2607 1944
-4271 -8377
-7996 1742
2440 -394
-9611 -1866
-3868 3254
5515 -6210
6416 -5705
1247 1384
8754 5238
-4145 2868
-3901 3369
7224 -605
-8111 -3574
9490 3510
8199 -5433
-2789 -1664
-4556 -9567
-5008 6408
1124 -338
3187 9632
-5753 7591
2761 -5081
5838 -1171
4112 -387
-1962 6430
6778 -3554
-372 -8649
-8029 5990
3384 -7970
7316 8427
-2960 -4798
5754 9583
567 8356
6734 -5150
-7309 -4038
3302 -3196
3428 2431
-5502 2594
-7750 938
-2198 -8416
-4778 -6918
-8735 -2610
3646 -8871
-6681 -6397
9646 1441
7689 -5106
-9790 -9808
3738 -9157
3002 -4921
-5000 692
-9843 6541
4935 -233
-5571 1427
-2052 3140
7514 4785
-6856 -8388
6230 -1066
4074 622
-9031 -819
7975 6880
354 6322
-4305 1893
6709 8296
-9194 4592
8354 4602
-700 -8293
-6501 -2828
6988 8938
-8675 -771
-7714 292
8857 3673
8133 4505
8726 -8457
5315 2738
-7961 5228
915 4760
-8123 3173
-2474 8757
-3737 -7582
1973 5021
205 7775
7688 -2026
8686 6646
3816 -6608
-2536 7443
1421 9004
1596 -4117
-1975 5780
4197 1784
-9890 783
8511 -320
-3973 5078
1190 -2363
1446 7761
443 6008
2648 4376
-3110 -9261
-5799 7758
-5086 9171
-8763 4123
1938 1653
-2162 -7930
5087 -6313
8340 1764
-7469 1963
-3654 6676
5474 -9367
-3101 7538
-8594 9728
8401 726
4157 5490
-708 -1598
-1438 8166
-1595 -862
-645 7010
-517 -2953
4883 9327
8165 9079
-7298 2552
-7587 4471
8137 8192
-7186 9254
6738 -9462
7055 3697
7597 -5328
234 3614
-7469 -2255
4483 4576
-2211 9596
7224 -9092
9817 -2297
-8649 5953
-8547 -2379
-4554 4445
1760 3874
4501 8463
6885 1232
-8339 -5170
-6100 -3016
1841 -1922
3152 -1895
-2343 4022
-3954 -4168
5724 183
-8514 -8562
1199 -9488
-2312 -734
-5272 485
4468 2999
7579 5508
9657 -9157
-4714 3530
-4148 7676
2728 -7145
4221 5477
-4621 8780
-9632 -4623
4108 -4453
-9436 2083
-1944 7352
9299 6340
-982 -6269
-7712 -2726
8539 -8121
1862 7631
6570 -2363
-3130 -2363
9862 -1253
2169 -1252
2222 -9911
-5418 -7454
2498 6625
963 -4565
459 -724
7760 -7214
-7482 -2852
760 -6702
6147 2642
-5121 110
-9669 -6897
6788 3854
-8021 -4976
-3328 4667
-1196 3834
5144 5803
-5387 -4956
8748 -361
9970 -8708
8602 -4896
4756 3209
-7501 124
-8277 1386
-7970 -916
5802 5448
8957 2977
-8842 -6329
-1635 -1150
-8176 7998
5749 8538
-89 -6474
-6710 -2572
-6999 5979
4807 -8764
-6855 3385
-5001 -1095
-8508 7472
-3314 4546
-6237 -4975
4214 5671
-3708 -9795
-9961 -3460
9165 7415
-7114 -9670
3269 -7792
-2741 4852
-5645 1012
177 -6699
8667 9131
-2481 7967
-395 -4578
7218 -9596
6743 -7541
6536 6119
9636 -3321
-4269 -8856
-638 9385
-187 -6147
5703 4809
-9540 7244
5126 5867
1844 -7152
9074 -3162
8235 -1092
9467 7721
8193 -2996
271 -1665
-4558 9518
9584 899
6928 2747
9051 -2488
6261 -524
1173 -9057
3472 -8705
8636 -5777
6234 -5076
826 2864
8244 -83
-4535 4233
2371 -4762
-4444 -6327
-1890 5045
9296 -1198
-7001 2521
6847 622
8864 2821
6127 5012
3208 7795
1075 -8010
-2228 -5004
-9985 -495
2246 5272
-7170 6216
-3696 8508
1399 -7769
828 9166
-3851 1566
-9133 1130
833 6187
-5559 -3431
-8438 5642
1068 -3758
7379 4793
6874 5449
1145 -5110
565 -4590
-3670 -9543
-9732 5359
7580 2235
-5754 8072
5822 -8606
3731 -679
-1662 -1443
9717 -9496
-2242 3535
726 -286
7213 -3180
8761 5666
8696 -9370
-94 7860
-7846 7141
-3798 -4716
4118 1367
2869 2054
5818 -6500
-924 7771
2040 9865
3927 -6983
-7843 -9834
7505 -14
-1356 2019
2474 4592
3971 -8722
-412 231
5247 9981
4959 -1799
-9605 -4389
9876 -6295
4938 -8039
5042 -3981
4129 2073
4483 5981
-3174 5825
2394 -2410
-9059 5065
4643 4922
-2390 -1850
-2067 -4933
6160 7321
-8257 5156
-6439 5275
1234 -2361
7209 -7846
-9086 -4618
-5931 4907
-7280 4775
-984 6660
-6670 6180
-8302 -1179
7177 -7539
-8667 9526
-7476 7992
7815 5905
-1600 -4041
-5377 9888
-315 -5409
-8201 -7646
8241 -6462
-1452 9781
-1420 2471
-4399 5485
8214 -4080
-1205 -6885
-6711 7333
9228 -8573
1321 980
-8054 -2898
-2504 -9493
-3546 -7862
-4045 7114
-466 3892
-9369 968
2190 3864
-7671 40
-8174 6928
7351 -8599
-4214 6291
-6232 -8644
-5115 9781
9068 6410
-6561 4879
-3534 -9897
-8886 6225
8246 3831
295 -5616
8122 1530
6952 3854
2256 -4834
4675 -704
5911 -514
-2196 -1737
4737 952
7128 6300
-1649 2877
2874 -7632
-6545 -6620
1648 -9503
1333 7043
-1512 1238
-4468 -5493
-6474 -7101
8745 -1057
9592 -4482
4692 406
7506 7931
9190 2920
-2467 -5879
-1518 -7839
-7254 -2939
9761 9563
4414 6356
1825 -241
-1799 -8859
5139 -8671
-3158 2228
621 -7760
-743 9309
-6104 8610
9638 2135
3419 2825
5494 -9932
-5465 5341
954 1312
-7545 -8715
-1006 113
-2815 -663
2881 4405
-4655 -8925
-6833 8752
-969 -2593
-3106 6116
-5163 -6118
8613 7943
-6369 8088
-8984 -1008
5255 4324
6356 3319
-4504 -5169
8076 -7945
-4829 -5011
-7912 -7120
9700 9998
-8278 -9310
1201 4173
-3484 -9529
6874 -580
5982 -3697
-4891 -5340
-827 -6606
4601 -5787
-8574 -6116
-4004 -7905
-1728 -2922
9628 -9693
3868 988
-2736 7234
2345 -7310
-4165 1917
-5670 -3175
-8479 -6953
-4495 2812
-6964 -1171
-4857 -6266
-6009 -1658
6730 9365
-4140 5278
7523 -1731
-6948 7811
-8900 -2420
-6189 -4618
-8800 -6885
3328 -8905
-9587 4377
-9792 8997
4739 7186
1621 -494
4499 -6268
-3975 6577
-5344 2844
-1608 1199
505 8864
-5370 -7988
9094 -4234
4420 7985
2005 5551
-4810 -1838
660 -5106
-339 -1633
-7512 -9144
2051 -3201
181 5383
3811 5390
-3764 -5933
1023 518
-4573 62
-3745 5234
-6825 904
1364 -7228
2116 -7535
6082 -9958
-6078 -5157
-3656 -9365
-6117 2690
-4860 -4329
2221 5673
793 4249
9514 -595
197 -3217
1964 8270
-5843 -9255
7331 -4088
8846 96
-1082 -1604
-1585 -6553
1444 3661
2795 -5869
-8625 933
-433 3845
9647 -7655
-3350 8400
-9515 1068
-2339 1874
-5096 -4632
-6211 3854
1871 -3813
-4231 6485
4676 6178
6666 638
2300 -8371
5713 -8536
-3074 -8456
2827 -3212
-9961 4263
-4491 7855
6822 -4459
2018 -9039
-5758 112
3619 -8380
-4942 2141
3020 1428
2363 880
278 9521
536 5236
-4816 4189
-3117 -54
8892 7554
5602 1825
-4146 6526
4109 3464
-1808 -5038
-8224 7485
230 3176
9268 -434
-1835 -4130
725 -4668
5315 -6473
-2088 -5394
-3073 -4718
7014 6495
-8564 -9338
-9587 3846
-573 6099
1729 6620
9832 3161
-5785 -6447
5948 -6957
1162 -4547
-2795 3463
6729 -4627
-4351 -752
-7598 9109
8269 -2014
2350 2986
112 -5581
-7490 4272
7157 5182
-4087 -9301
6793 -6514
-1172 -8388
7554 3759
-2376 7608
-6927 -794
4851 -9569
7224 2063
3571 -6675
-7008 1939
9606 9287
7997 -1949
150 -4572
3450 -7784
345 -9556
-4699 2332
-3901 8820
1664 8321
-8790 4986
8651 9870
-8642 -9481
8071 4608
-2806 -9294
1765 -7176
2049 5629
2767 545
1062 3677
3797 -7123
-7173 -5298
3797 176
-9458 -6476
-4878 -7676
1839 9621
-2875 -5202
-9217 -8825
9781 9718
2813 -5292
-8931 6803
-3598 624
-5125 -5643
-6762 3818
-9150 -2263
-1528 7951
9607 -6982
8364 1018
5823 8203
6948 4066
475 9860
7619 656
9336 -6193
-1630 -8099
8800 1777
-400 9113
7868 7328
3415 8709
-2091 -4930
-3976 -3289
-7574 -4595
4327 4683
-838 -8001
-1230 -4917
7168 -7108
-7882 7170
1751 -9669
4775 860
3578 -6706
2798 9285
8941 -9067
-7498 -4021
5430 -8229
3645 -9669
-2841 4575
-5569 3363
-2252 6693
9144 -3474
1952 -6439
7141 -6584
987 -6018
-8969 -3986
-213 7113
-920 1488
3687 3968
-7836 -3446
-5983 3306
-5381 -943
-3898 6925
9101 -8881
6035 3045
-7057 -7998
4147 7672
-6661 -9234
4120 7150
-6202 -1911
-9850 2115
4594 6044
4767 -8963
5454 -3198
1684 -3661
6270 3601
547 -4608
-8886 -8066
-3143 -6015
837 -5803
-3944 4069
-425 -5464
-2390 2364
-8914 -5846
4296 203
2519 -3322
-5100 6560
-420 -4148
1811 5164
32 -8814
3200 -9521
917 7743
-4208 5461
6168 7015
-4289 -4413
9149 -8868
-7389 326
4251 -7618
-2445 8606
-4368 9049
-1933 1985
5722 -7503
-1616 -4970
-4453 -377
-6144 9183
-4068 -7665
129 8001
8232 -9828
-4933 -5654
-3527 -2217
5227 487
-3043 -6709
-933 4348
2956 1200
5627 2969
3658 -3687
8854 -7082
8699 2455
4807 7421
6511 -508
6405 -7704
-7523 -2050
-2120 -2822
-8386 3450
7299 4003
2008 -7410
-2565 2587
2588 5547
5861 1343
-9835 621
-3022 -8734
-6800 2562
8011 9911
6950 9804
4370 -7400
497 946
4811 -2817
-1381 -581
-8222 -2688
6464 4789
4608 3384
-4543 6655
3758 3602
-2387 -9103
5006 -3041
427 4874
-7680 183
5559 7492
-2090 2471
2298 -8877
85 -7715
8972 489
-680 5744
-2626 -5209
-3619 -2411
-7241 6520
-3430 601
3064 1950
-2454 -6588
-6867 8461
6502 5946
152 -2940
488 -7001
3142 7482
850 8951
9232 9092
-7968 7458
3053 -5394
8568 5199
-1511 6887
-5822 3894
5591 -3496
-5324 8684
2254 -3275
7631 -7546
9191 -8461
5401 -35
-2391 6666
-6620 -3004
4446 -3306
-8574 -7769
8075 -7659
-8588 -41
-7745 -746
-4094 2524
8350 -836
-4379 3943
6161 1279
-5791 6069
-3598 -2252
8074 2383
4752 6863
-3829 1066
7600 6874
-7129 -1749
2275 -7573
3611 -943
3468 4261
2065 -7656
878 -5580
-2700 -5486
3627 -9939
-7139 3817
4270 9354
1173 -9505
-7980 -3273
7038 -5517
5943 2011
-5387 -1366
6914 -6846
7871 -904
-2374 -4466
4140 -7415
1208 -3336
4271 -5376
1674 -4887
-4295 -1015
-7402 7452
-848 3234
2473 -4368
-6186 6914
5653 1131
6201 917
-1573 -6869
7925 -5058
-7958 4643
1400 1199
-5398 -7169
-8413 -1769
-4690 -7189
-568 9623
-4674 6483
-5051 -2508
-8041 -4671
5032 8808
7397 3156
-3678 8054
9667 -3677
-9051 2182
481 1801
-3404 6733
650 -6667
-3578 -3165
2980 -6631
-6771 2684
3216 -2550
8247 6849
-6664 157
3313 1402
3234 5668
2456 5290
7876 8005
-1580 6450
9855 -3430
762 2485
7402 7880
-6711 -5976
1497 4846
-8825 8035
802 9765
-3681 -2069
-4649 3718
-9100 4697
6351 -5161
-5626 -8706
3576 1112
-9273 393
-1325 4208
6458 5588
-4024 -1417
-7392 -907
-6958 -2873
-6059 9626
-7654 9301
-5983 5147
1555 -6187
-2981 6021
6637 5928
-2978 7696
-7307 -7033
315 -8161
-6079 -9790
-4866 -1791
8857 -8578
10 -3659
-4012 3073
661 2411
3567 -8885
-3474 7811
-7500 -8092
7222 4491
-5274 7987
-3638 -7840
-7528 -5083
291 -5089
-6862 -7128
9293 -1806
8534 2456
7405 5944
5276 3545
9269 -4587
-3630 9733
9887 5337
7815 7656
6995 -6052
-5114 6442
-2348 -1247
1919 -8625
-8164 2973
-950 6589
-4778 -5694
6087 -1197
6294 -1135
-6597 -8984
-7724 7752
5435 -273
5148 2282
-5944 -4642
3144 9822
2278 3000
-9445 3379
9610 8181
7185 4525
-6154 -5394
7016 7810
-8702 -363
-6240 -3184
-9300 -6739
-9650 -9857
-8966 -3752
9662 9304
8311 -6011
-5781 -5996
8674 -7911
-2236 6594
-7615 -4504
3943 661
-4557 -3874
5361 8598
3111 -193
2958 7190
-6763 -4238
311 6319
-7670 -2519
-6708 8259
-8892 1864
-3572 -6911
4963 642
2746 -2333
-7363 3211
-3835 -7995
5767 -8494
-9004 -6300
7344 7054
-2399 3424
7322 9354
635 7571
-1270 -6128
5908 -3809
8854 -8340
8782 2020
-1530 -5369
4785 -3015
-8435 9340
7773 3131
9970 4866
2528 8242
-5198 2471
5395 3699
4471 -3025
-1878 -6536
-901 241
-4099 -8643
-7692 -2088
1880 -7117
8337 -350
-6253 -8632
-7159 6025
469 576
9575 701
2041 -7532
-2380 3093
-2279 -8183
3062 -237
-4375 5006
3394 5472
3655 -6088
1451 -9836
-8807 3078
-7850 -3981
65 8881
1515 -1680
5835 6433
-7634 -330
-9389 174
-9937 3580
3188 1815
-1700 -4136
5741 -7932
9027 2882
1569 -3567
8977 5837
5286 7141
-3895 4419
-6612 -7919
5996 1868
-7676 2260
1649 -4557
-8955 -4263
-6472 4444
2580 -7619
-3979 -471
-8998 2378
1656 -1009
1708 -8032
-5872 -9336
3680 3220
4532 252
9959 -9137
1046 5719
8106 -8883
4403 -2196
-5858 5775
-9649 8508
238 -4010
7366 5438
619 5053
-6563 1770
2862 8794
1236 1374
-2666 9316
-6298 -3666
-2250 829
-4682 7723
-8654 -1101
2352 -1405
3527 -8840
-7796 -1890
3641 606
-3012 -9300
1627 996
1298 -6251
-4219 7255
8315 -6550
9743 4001
9016 5331
9005 5301
4409 -556
2075 1484
1183 8469
-1576 -1929
4578 -8172
9153 -8262
-1763 5145
5904 -1805
-2349 8760
7764 -6087
7916 2750
3730 1593
2629 -3373
1442 3807
-1496 1971
-9901 -4811
-7152 -2692
1013 1187
-8356 5375
2578 3061
-4392 -9410
-8887 5991
8035 2960
5608 3486
8321 -6027
-2670 -2462
5503 -3575
-9910 5142
-3277 -4082
-6083 -3691
3711 -6088
-397 318
-780 5331
1026 3059
6049 4865
-3909 5908
-9989 -3864
3500 5580
-8591 -1324
-1735 8789
-2974 118
-1398 5262
7324 -2171
7934 -2120
6330 9261
8859 2431
-6705 -8336
-4701 -3520
-5707 -9425
3235 -3570
8372 -5387
-8579 -542
4257 -7263
494 1892
159 -7850
-9299 -6007
6104 4690
-4426 7711
6939 9088
-1117 4528
-7330 3973
-4921 6272
5507 -3146
-3905 1880
-2141 -6203
-91 6168
3846 555
3892 -8924
-8121 5855
-225 -3701
-5417 -9722
-4735 9529
3956 -4440
9374 -8061
-9640 4297
-7517 -3062
8514 6530
3795 6059
6780 -5860
-929 -8593
392 -7182
7065 5877
-8867 -4438
1004 -9424
6509 -4946
8072 -6014
-1971 4533
2829 -9171
3707 -1948
-8005 -3247
4006 -2903
4970 2623
-5513 8310
5751 -4314
-7662 -9490
-1834 -4425
9867 -2651
3577 2925
-7391 374
-8882 4156
-3889 1530
1149 6496
8892 -9084
4230 -2354
-1030 -6673
7395 -6915
-8760 -7572
6041 9779
-8689 8912
3236 -7761
-6712 -111
5425 9217
9104 6980
21 6253
704 -3639
1167 7695
8995 -4894
4794 -3741
-3926 8365
-7081 7391
1111 6816
-3881 9055
-9851 -5450
-5007 5166
-217 1463
9689 1293
-8408 -841
-6256 -9450
2492 6768
-9104 -9557
-8288 153
795 3001
4165 9364
-5170 9938
-9582 -5664
-7732 -4293
-5427 6295
-9239 6443
-6972 -6646
5669 -1877
-8367 -8758
-2612 6170
-2927 -5394
-6666 6141
-8106 8368
-3387 9463
-7788 7155
-3175 9967
3990 9736
-7485 6654
-183 -8907
-6182 775
-4400 7506
8349 7991
7706 -7298
2107 7649
3479 2855
516 5242
8731 3899
9376 4023
5125 -9459
-5079 -8584
2881 -7647
4605 -3492
4808 -96
661 -202
-850 1138
7693 -5229
-442 2668
-2977 -3561
6082 8783
-8135 -5707
-7285 -1696
-4594 9585
4634 -8427
-5142 -245
-2486 4048
-8543 -8651
1000 -8848
7116 9346
8290 -250
-543 -2068
-9965 4141
8965 -3647
8427 -6969
-4067 -9342
-7914 -1317
-5693 9074
6185 -1636
-3567 -6712
-4095 3231
3359 -4739
6182 1644
-3581 5657
6679 -9606
4910 1936
-5107 -497
-5252 4481
3568 4614
-6310 -3453
-8618 -9967
-7712 3339
9210 7798
2756 -1080
5870 -9944
-1087 -4496
-1971 8351
-6527 6
-9318 8812
-7306 33
-5539 3514
-8426 -3399
157 -3061
94 8623
6577 1926
-4439 -9303
-2023 1202
-1259 1137
-7447 -6923
1992 -284
329 8190
8319 7601
-548 -1142
167 2062
1774 -8539
-3928 6407
-6652 1760
7949 -5542
2962 -8571
-8044 -7423
-3818 -4713
-9103 4018
3025 7552
-8380 4074
-7202 -5492
4692 -8594
9574 -1211
-9231 3552
-6661 -1855
-6626 2876
-817 -1516
2975 5896
3136 -4177
3658 -2070
-3407 -2260
-5422 4095
-1079 8580
-8838 8058
-656 5990
-6728 5279
-3068 1193
7 1786
-1979 -5778
-3445 3100
-8908 6751
-7313 8097
-6514 -9667
6695 390
-7227 1031
9164 8923
3045 8152
-4748 -2678
-6881 6736
9006 5506
7478 538
-8609 -8166
-2718 3524
6543 4907
-57 4642
-5631 769
8916 5733
1761 -7752
-8315 2089
-2677 3179
4734 7018
7681 -7547
-8303 -5846
-3078 7502
9466 7618
-3652 4042
-8515 5467
2467 -5095
-7871 -4011
-7315 8088
-6542 -8829
5842 5874
3588 314
-6222 -4387
9994 -1560
1335 -4368
7410 -3022
-1492 -2622
-3466 249
534 4259
8841 2901
-3362 7782
7445 1587
-5131 2692
-6766 6225
-1197 8757
-1204 -8677
-2148 -6983
8906 9042
9793 -9643
-537 1433
-1600 -5671
8717 2116
-2311 5706
9337 -7317
-8670 1222
-5700 4757
1505 1742
-5633 -2443
-8690 4042
-9280 9825
1091 -2965
-1923 5923
8680 959
1126 -5977
-6732 8723
4669 -4314
7087 -652
5257 -3463
3499 -4387
-6465 2624
-9189 2100
3564 -906
-5480 -732
-9955 7440
2428 -6808
-284 7591
1081 8693
-4293 -6731
-4013 4839
-1637 -2540
-8340 6936
-6671 3679
5348 -571
-1076 7495
-6203 -9042
460 3006
-9263 7450
-2145 7522
-7391 2572
7399 -2555
-6051 2113
7754 -202
-2740 3670
3961 1773
-4025 4186
-115 -3079
4859 326
-9447 -7977
7831 -1482
2085 1838
-4618 -1070
-2706 -7737
2559 -4507
-7564 9609
-7337 -4330
-2346 -9499
-6151 -79
-1122 -1328
-4561 -6841
-8624 -7781
6710 -6513
-5483 803
4063 -9629
2603 8145
-6384 -4952
-496 3734
1388 -3480
-2066 -9096
-221 -5162
1562 -9957
-184 -5349
4933 4700
-4860 4704
-3380 -7818
8413 4953
-8596 -1558
-188 -3011
-9318 -1680
-3331 -6932
-7830 -3529
-6076 1699
-6086 6580
5147 1839
-2116 7942
285 -9850
2712 -7441
8342 1696
9268 4495
8432 8553
-4455 -2670
8556 -7147
9682 8640
-348 -4859
-2925 2151
-7935 9170
2819 211
-6982 748
-1718 8511
-7329 7961
2816 -3515
-8546 -7442
912 3670
-9449 5467
-1166 -9833
-1654 8627
-2938 3595
8032 -5950
-358 -1083
6616 8451
-5269 9502
345 363
-5322 -2723
2770 -3385
867 -6383
-6792 -4178
-3311 -2117
8431 -7153
-4604 -4143
-2990 8319
-9882 -5122
3962 186
9249 1589
-3325 -5603
5608 9436
6118 -8085
-5641 7860
8014 -6984
2198 -9398
-8111 -7144
699 383
6080 5707
-8721 -35
5150 -324
-2833 201
2476 8154
-8047 -1533
-5474 -9793
-6821 2493
9346 -9730
-4181 1261
-1474 -1092
-8314 9785
1478 2602
3379 -9728
-674 2828
1937 -8377
2388 -6214
8207 9143
6565 4275
-1735 809
-5830 2127
9106 1730
7844 -3262
1600 -5113
8168 -250
3092 3355
-5820 -9818
8922 -2967
-459 1387
-1511 7106
-7245 -2361
9857 -2055
-851 -9625
-5280 -4941
-5114 -6578
-797 -1787
2447 6439
5630 198
5003 -177
-290 -8566
-4384 1348
101 363
8463 -7111
-6476 1136
-2010 8633
-9084 8116
-3311 4398
-6690 7797
7798 2001
8984 6085
-8441 2824
-4539 -3547
2629 -9811
453 7443
6750 -2044
2359 8434
7934 -3746
5551 3304
-8922 2729
5758 1859
4769 6054
3312 8368
4606 925
1294 -2769
315 -7100
543 -5446
4111 -3284
5713 -773
6596 -3455
3125 2924
2463 -8954
-5159 -8092
4938 -7973
-8708 5909
7848 -3694
5799 -815
-2623 -9468
-7310 1863
-7542 1043
-1208 -5049
-1415 5839
7828 -171
-6839 -5550
3686 -4915
6820 -55
6450 9260
-8874 -3907
4954 -9991
6802 -3090
-9072 4646
-6688 8211
-4411 -7925
3812 730
-7347 3329
9491 7225
-5762 -9200
2144 2593
8128 1581
-7688 4422
-9345 5219
1940 7650
-4310 -1033
-4729 1774
-8462 -4422
2429 -2285
5473 8486
-4461 -5589
2406 -8594
9415 5652
-1506 -7025
-6142 1082
-4917 -884
-2555 -9602
6284 2772
-6240 -7290
1 -5417
1714 -2634
-65 8264
-8587 -524
-1561 2494
4944 -4322
-3840 -4293
8849 2240
9290 1143
-2065 8991
-8184 3152
-3160 3451
7493 -6885
-1285 261
-9041 9503
6658 -9215
-2604 935
2397 4456
9671 -6868
4556 3805
8724 -7202
-753 6239
919 395
-2979 -5569
7345 -8171
-1941 8829
-2014 7805
-4370 -7790
4748 3189
5837 6354
-2148 6746
6351 -9596
-286 -5887
2704 8875
-4535 -5399
-7478 3925
713 4202
4981 -1443
-397 -4665
-6907 8213
-355 9873
-7461 -2431
1835 -1093
2944 -665
-6255 2402
7264 -6381
-82 -6031
-7249 -3505
-6569 -6534
-9830 -7086
-5239 4097
-8205 2445
9179 -9406
9591 -1346
-1295 95
-2171 -9237
-1377 -3384
4384 -6224
5161 -627
946 -7482
-9835 6471
1293 -1696
1917 7767
-8096 4820
2141 7924
4772 507
-7692 5775
8497 3039
-565 3971
-2458 8219
6083 -2606
1454 6664
-6762 -8717
-9129 5642
-5613 -7945
8657 2568
576 -1691
2711 2044
7042 -9481
-4841 7344
-7195 5446
4618 5813
-2946 6015
8185 -7464
-3436 -1198
1921 -6450
9200 -9027
9646 -9039
-4347 -6480
-6259 2098
-8481 6190
3254 5114
117 137
3213 5106
-7701 9156
-4563 862
-3296 -8039
-4488 -5253
-5836 5938
-2625 5434
8947 4118
2174 6148
-1786 -8470
-5875 9835
-9744 -2710
-5239 -805
6339 9487
5898 2237
3612 6806
6679 -6796
-5701 8834
4301 7757
7604 1115
1382 3949
-8531 -5177
1393 1902
-4905 6534
-1343 2741
177 -8551
9850 -5540
7749 -1357
-9521 2846
-388 1745
-3989 2716
945 4936
-7669 -4590
5380 -9729
-4358 -8507
-3597 3617
-989 6270
1528 4799
672 8145
1137 7389
-7102 -3621
-9661 -836
6960 -7671
5714 -4718
-2860 2895
-4696 -5016
3274 3274
1218 -902
-942 5861
4237 -9865
-637 -3076
1936 -9620
922 1934
-9472 -1205
7383 -2892
-902 -3348
4949 4755
8587 -17
8291 404
5764 -7975
-9322 -591
-5184 2345
-8609 -9453
3454 -4754
3222 -6913
-5511 2600
-4078 5068
-2173 921
6322 -7697
1263 -4755
4223 -5957
-6352 -3067
-679 -9477
-7478 -7615
9687 7854
-611 -7752
-8792 7382
-7190 9285
4983 -1462
6019 6078
-4366 -3718
7330 5533
443 -1011
369 -2729
3816 8213
1793 -9599
-3905 -9006
-1443 3205
1620 7106
4747 6996
365 2737
8350 -9419
-1549 5407
-1840 8460
-9126 2041
-1866 -550
-7396 8951
-2562 -3532
-3287 -896
-3175 6839
-7970 -7441
4307 -9947
414 -9548
-9817 4948
-3877 594
8295 -2412
-6860 -6097
3035 2522
575 8721
2678 9004
-451 4465
-1530 1671
1834 3916
6165 -5572
-3386 -3342
-9016 -934
4080 -7412
2567 -3981
4390 3486
7797 -6150
-6998 -3621
-51 5390
-4112 -1924
6311 -4105
-1013 -9272
1661 -2073
-3825 4854
-603 -6634
5760 -9087
-3631 3248
-2592 7919
2634 9473
-4635 5832
-1692 -6730
-6954 9940
-5454 9369
-5560 4238
8334 7947
-6185 -852
-7230 -8092
-8058 4685
-3725 7462
-965 6700
7004 7177
555 -2586
9437 6730
-3268 -2031
2778 -5705
8763 6696
3739 9100
-9898 -347
3066 -6097
6184 9067
7465 5281
-2434 1600
-2 9092
-9712 4994
7270 -2503
-3410 -6360
922 -4352
3555 -966
-4512 1698
-4042 9841
-4646 -2478
9896 9796
1426 7386
7161 -3077
-4855 -8405
348 1278
-2483 1168
-2387 -8909
-9690 -2732
-3348 -9854
2131 -1245
-9576 -5116
2557 8093
-6290 9853
5829 -8959
-5921 2606
8296 -8687
7445 5084
-4956 -8484
-1822 2979
-8269 4726
7495 1453
-101 6995
7771 8447
-1877 -1558
9562 -3303
5531 6591
5055 -7927
-221 6056
-1565 -1141
1926 1379
937 9269
-265 6740
-4405 2231
160 -7703
-7470 -1274
-1787 903
-80 9138
-7986 -1732
5080 -8979
5231 -473
-2439 5276
3805 -2516
-9378 -9923
-5651 -3806
-6515 8340
-4166 6198
-2403 -5527
-5691 -5004
-5272 -9116
1700 9517
-3298 1361
2878 -10
7239 1696
-9996 -5136
5495 111
-3740 -9885
-8276 -8659
3824 -920
-2791 1459
-490 -8342
-7835 -5134
-1173 -2380
1285 -7926
5553 339
7532 5466
-4869 7443
1476 7088
-3035 -6963
-5944 4644
-4050 -3955
-2358 9918
5501 -6406
-4942 -7977
-2151 -6475
7082 -1210
6239 -8663
4855 -8687
67 -9701
-4864 4001
-2496 -9284
1254 -1074
-8775 -7147
-4522 1841
8752 5115
-273 -7628
6992 252
-6135 -2979
1362 -8655
-2797 711
-3937 398
3861 -2755
-9976 9665
22 1569
-4178 4575
9598 -142
-3606 -216
4427 -1514
-3655 -2982
-259 1043
-5148 7711
4335 8983
-6057 466
3841 -679
4121 7707
-9063 -1457
5329 -4592
7792 323
-5268 -1349
-3174 -9965
7688 9575
-9131 -5462
3864 7753
-7152 6136
-8258 -65
3306 6119
-5989 5189
5346 5408
2345 4054
4732 9544
3070 -2045
350 4751
-8021 -668
9506 71
9036 -1055
-4656 -5504
1571 8028
-4183 -1483
-6263 -4693
-1494 -8755
8111 5185
4533 715
-8311 -6194
1843 -6145
-4308 4432
-3965 5928
-45 8789
-6426 1418
1545 1422
4762 7952
-5522 6440
-787 -9954
8671 8511
-3450 -7559
-7857 6884
6245 -8036
-2136 8453
6238 -3610
658 8840
5271 2539
395 -1730
-336 -7875
-2079 3031
2221 5661
-5610 3073
608 781
7795 6868
-1391 -3685
-9826 -6105
3519 -7977
-6148 -8510
195 1941
9120 -435
8801 -8527
-6325 7475
-6882 7916
442 4675
-6753 -6024
-607 4644
-737 503
-4699 5177
7488 7082
-8823 9721
-116 4595
-4068 6694
3685 -7718
-1784 -159
91 7828
-9737 -5438
7609 -1035
2592 6879
9708 6150
5036 8053
-8675 -6838
-5889 5446
-9562 6052
-490 6461
7740 4514
-8356 -3949
-1649 -8939
-1698 3496
-730 -9375
2572 -7995
-2424 8652
7179 7678
9600 8689
-524 -8375
177 6247
-8910 8021
688 -2959
8870 8571
7104 -1326
5275 -9766
-8436 560
-7288 7132
-2524 -9397
538 -4020
6678 -6318
4484 -9530
-8772 -4877
-2821 -5996
-8870 979
1411 6510
4318 -3970
-9376 -9353
-8974 -6263
2810 -8911
3112 6407
-310 9240
-8892 8553
-3413 5801
62 8751
-183 7788
-3477 -4188
9538 2569
585 6893
-9882 -6288
-7791 7714
-1591 2858
-7428 -4361
-7122 -8985
-5081 2253
3928 9876
-5919 7696
2452 -7946
2506 958
-8075 8776
670 2193
9542 -1164
1026 -7343
7656 5806
-2806 -3393
-581 -8374
-2360 9031
5762 -7605
-3517 932
-4229 6135
3961 -530
-9869 5626
-4074 1989
9765 3064
9983 4272
9979 -2679
3423 5844
5641 2166
-945 -8695
1794 -7106
5750 -9201
7164 -9249
6507 9971
-4727 -1099
-8110 -1522
9784 -9706
-4874 4687
4127 -7805
8971 -6575
-5682 440
254 1964
2162 9892
-1308 286
2073 613
2287 -1034
-869 6617
3962 -9654
-6162 9346
-2623 8992
721 4941
8431 7359
6461 6631
9260 -5022
3932 -1559
2320 3254
7595 8168
2200 144
8940 1306
7835 3032
2632 -6455
-1664 -6659
-215 -2367
-8086 4469
3996 -3719
-5295 -4010
-9776 -1056
5195 8757
3094 6929
-8026 -4765
5100 5847
6114 -8031
8682 -3059
-2698 -9017
9706 1
6914 8886
3790 -7680
-441 -1642
885 -9534
6218 9546
-5499 -3604
5051 -3601
-6394 -4444
-9021 -8589
-7874 -3470
-5224 6267
6806 -1900
414 5222
-5191 2711
-9372 -520
1736 -7186
6035 2916
-1347 -2208
2327 -3431
3939 1265
3110 5276
-1593 5767
-6036 2951
-296 6942
3154 -3518
9696 -8738
-8593 4570
-1523 3893
-2159 2161
65 -2184
1601 6566
-6967 5913
5117 5593
6000 -1705
-9884 -2112
8029 -3263
-2823 -8999
-5112 3114
2698 -9441
-5870 -7271
-9804 -7138
-6812 9567
-6086 2065
-7825 -5358
6804 -8492
126 -3757
-7307 6751
8791 5978
-2381 -1145
-2463 8997
-6289 114
6701 -8197
-3289 -8179
2382 2756
-8634 -4465
6414 6542
-9378 1801
9661 7445
-84 -9318
9776 2657
-6896 -9506
-4274 -5198
9922 8462
2738 -1338
-8154 4307
-5163 3860
-7335 -3077
-2309 2937
832 5672
-2932 -434
5739 -7539
5460 -5698
3588 5111
4746 4245
-8579 -2603
-3827 928
-7326 1298
-1411 8751
5407 -8660
5437 -2708
-6025 -7816
5516 -8145
7177 6536
9433 -8217
-9555 2695
5219 3118
6678 -7640
5907 892
5467 3376
-5214 1393
3827 -7938
-8879 7449
-3357 1350
1682 2991
5516 -1864
-654 -6722
-8002 2609
6715 -7419
2489 2685
4446 -3584
9194 -5358
9910 9667
2096 3163
-4282 -3819
-3295 -4031
-2908 5184
-1407 -2048
-9025 -7231
-6304 1085
7154 -7866
6515 -3170
-2522 2740
-679 9523
5348 9241
-4305 -7458
-8403 -82
1304 6306
1582 6455
-2574 1545
3916 -3344
-2040 2187
6302 -7927
-2981 -7553
7205 -9875
2666 -4574
9092 4821
4031 2125
1089 1951
-7971 -7326
-3331 3782
-703 7155
5641 961
4550 -6764
23 -1544
-9170 -4209
3806 -7980
-6810 -4581
-8500 5
2112 -4771
3606 5286
-234 2577
5339 9425
-7565 5327
-9714 3928
4878 184
-8919 -2851
5322 5747
8722 -3596
8175 -610
6955 3073
843 8053
2696 5048
-1457 7729
-9924 -9190
-1741 7519
-7924 -5252
-338 8298
-8284 3694
-8476 5717
1335 -3631
2342 4521
-4112 -4784
-5078 -4892
-3724 3148
-6953 693
8291 -2381
8256 4506
3166 -5765
6673 -3854
3959 -135
-7093 5630
1117 4814
5781 9722
3928 -6202
6680 5963
-5047 4808
-7965 9877
2252 -9774
-7388 2728
3770 5302
6735 -1913
-7181 2751
-2638 -8117
4821 4027
-7878 7277
-4645 1249
8252 6327
7538 6497
323 3775
-9436 -7577
-7954 -4366
9355 -1121
2841 -3935
2281 3918
-656 -5411
515 -6061
9771 -5143
-9898 -6977
4455 2764
7592 6737
1720 1249
1474 -5414
9997 5183
167 -4683
3265 -3946
-6780 3273
-2473 -6213
-3796 2786
9551 -3304
1259 614
-3632 -1768
-7785 -8775
812 -9059
-7811 -293
-213 9315
-4420 -7955
5803 2726
4050 3111
-5383 -6085
1282 2805
-8236 -5634
2976 1238
3804 -7983
8324 2065
-3406 -9549
1660 -7931
3709 -5116
