8186
9386 4339
-7608 9441
-5065 -9218
3677 -3542
-1080 5095
2859 -2795
-9420 1408
-9380 3324
-2654 -1140
-7398 7308
1271 -2399
9744 -5623
4683 -6068
8550 8956
4563 1049
9603 2375
-6387 1296
4403 2396
8721 4223
6076 -8132
-2327 4042
5779 -9494
500 6963
-7914 9032
3826 7690
4022 -6828
-9553 -8893
-4822 -8767
8130 -9444
1932 -4323
7181 7954
3383 2459
-818 6763
7161 -7148
6566 -3224
4188 -7190
-3523 1513
9204 -7246
-4895 2362
5881 -2082
-4216 9483
6235 9569
2353 -3655
1694 -1407
7201 -8021
-5604 9086
-4291 -3421
-1269 -2280
8747 7179
1293 2311
-7392 2771
8947 3357
-4176 8114
7450 -1217
-4228 -8299
-9880 3173
3012 -4683
-1857 2106
4695 5671
-3069 8925
1979 4909
5023 4814
2895 4546
-4829 4163
-53 850
4705 4064
-7462 7510
-9919 2990
-2771 6362
9976 2406
-4403 791
-5134 -7488
9908 3701
1253 6749
-4043 -1303
-3264 9366
384 -6338
-115 4838
3765 -8511
-288 -651
7776 5400
-2020 4406
7305 -5063
9458 3362
7549 -2259
9711 7172
779 -8427
-3301 8986
-9776 6344
-5126 -6197
-274 1798
-3563 2190
-1287 9911
-4369 -5628
3218 5706
-605 2084
9556 -6018
1289 6367
2319 9147
2987 -4294
7471 1527
-9774 1051
-1549 -3464
-2290 -2370
-9980 2358
9732 5013
-6489 1911
5611 -5291
1792 6681
8184 -3043
-3497 6561
1514 -4929
1302 841
-7742 3970
1653 6989
8556 -5429
-3291 -8238
-5935 -8564
-8568 3986
-5634 -1003
7221 2886
-2407 -5259
-7669 -7981
2947 -7747
3533 -5566
-5411 -7524
9898 6117
-2467 3477
-4161 -8472
6392 -9642
-9319 8135
928 5073
-9972 7790
8384 -6126
3246 -2419
-3957 7512
-5561 -945
2119 -4134
2988 4231
4285 -3977
-584 -3812
-9641 -3513
-6530 5525
-9727 3907
-6523 -8849
3224 -3526
7261 5869
-9635 -5070
9333 7524
6034 3311
-5120 5678
-4291 -3941
-998 -4801
-9928 6777
-1430 9955
4121 6044
-7192 8984
4582 2525
-4424 6258
-5412 -8816
-9829 8959
7840 1033
3126 4511
7753 -6666
3324 5486
-281 7338
513 -2986
-9239 -7434
3461 6915
-2794 7654
-4486 -5682
-6182 7555
-3490 -5024
4790 -1660
7007 168
-4212 -6016
-933 -2161
938 3920
5856 5184
7315 -7829
-3484 -4792
-7287 6707
625 9936
3848 -862
-8713 -9046
-8867 7170
-5356 -6754
-1578 -2782
-9642 -1982
829 -4750
-2801 -4998
-8619 -420
-1568 4650
9065 -1889
-2719 6336
-4134 986
-3680 8844
9615 -1191
5880 4749
-8665 -1337
-9866 4227
-3607 8019
-1366 2794
-5533 662
-1359 214
2822 -9248
1576 2710
3139 6708
-2299 7380
-3129 7472
6151 -7043
-5733 4881
-9822 657
-8658 8643
5278 -5578
4108 7757
-1547 -3913
-3057 -3938
9213 -8025
4517 5657
-5395 7521
8664 843
8884 -8741
8636 9965
-8657 -8305
1399 8515
-9334 -8333
1935 9628
5212 7878
-424 8232
7290 8180
5550 -5194
4866 9113
6171 -4801
7063 -4650
-5932 6971
9413 -4989
-3282 -7987
-5424 4204
2029 -9513
6685 -525
4906 -2056
6924 4463
8055 -5182
6506 4075
-5955 3411
1532 -4986
-1001 -4679
-4003 8455
-242 -6600
-8482 -4276
793 8506
-3496 8261
8346 -7215
-1654 9886
1625 -601
-4881 5336
368 8216
-2877 558
-8065 -9585
5987 -7244
-6777 -3815
-49 -1059
5468 3340
-2103 -3272
-6905 -8620
2903 -5983
3441 2755
8350 2797
-8894 5900
-4549 -2575
-7598 -8565
-6240 5890
6573 -2971
-3796 -7695
-9797 1500
608 7848
-2303 -5666
-9894 4792
1713 649
-208 8979
-976 8472
8405 8928
8857 5850
-8069 7895
-8726 2436
1694 -1993
-5437 -1286
-3999 8558
6628 4626
-3845 3757
47 1196
-9660 3667
-7410 1673
5828 -1663
5110 -1366
-7649 3609
-1889 -1804
5531 -9150
-4741 2514
-2688 7990
2703 6330
-113 7073
2705 9732
3917 -8878
2887 -6346
-396 -1740
-3978 -2246
5393 -4880
7902 -8830
-8196 -9454
-8926 9442
-7949 -1472
-380 -363
-7316 1158
-6868 2818
4453 5918
-5522 -7739
-765 -2072
5626 5642
-4820 -4390
-2844 -609
3368 -8103
-1373 -7114
1818 2207
809 704
-715 -7119
-5372 7748
-6039 5973
2275 -9896
-2571 4957
7751 -5339
7631 625
-7816 1518
-2511 -3771
-3604 -8829
-1880 3976
-9600 -1921
6568 -6855
-2169 -4898
473 7614
7974 -3820
1079 4458
9221 8982
2143 9353
2619 -6520
5322 -567
-84 -9765
-3480 5405
7550 -8197
-5950 2882
-4121 823
-1898 6936
7818 -46
6999 -9053
-4428 2504
4354 4611
9143 930
-9394 -1593
-8341 -5435
4072 2224
-4555 -6341
2571 6058
3465 6419
3965 -7096
1624 -7901
3337 -2407
-7222 5251
4601 -3418
-1361 -9666
3177 -6161
-2754 6279
-7612 6275
3689 7625
5853 -7368
4729 -952
-1813 6727
-6460 -9720
-2289 6714
2883 241
-1440 -95
9348 2622
-9792 -9046
5405 -711
-5567 -2755
2393 -1792
-8979 -4205
6188 5775
-9680 9725
1233 -3281
2455 630
6280 -3837
1546 2828
-6340 4003
-3884 512
-8390 -2767
2858 -5552
3038 1498
-9952 -4100
8835 7205
-9099 792
624 -1671
2227 -891
2248 -5577
-9439 5292
-4867 5729
5127 -3912
5815 -3137
-5632 2715
-6265 5243
9489 5196
1390 5751
-9534 8738
2209 6231
-2203 -9533
-4340 4242
7257 -2903
4579 7739
-275 -8733
925 9447
2021 8942
5152 5410
-2975 -412
-922 5433
1364 1078
2666 -7117
1499 6138
9795 4716
-2282 -527
-7105 -5263
2672 3281
-4663 5226
2945 2498
2521 -964
5820 -1967
-9551 5626
2539 2269
-3941 116
7965 -6894
-4538 7317
-3713 1803
6022 8856
9598 -1228
-5404 5248
3636 -6243
7058 -9409
-5310 -5973
-6710 5465
8482 9069
-3831 -4679
7924 -3815
-7336 9433
-7666 7219
3134 2407
4247 7086
5016 8704
-6406 -7552
1266 5898
-9777 -402
4185 -6238
8884 -886
4547 2200
7639 2120
-9323 801
-54 6022
-8896 739
4605 -57
608 297
-6229 3061
-6352 -9464
-2507 -3287
-9238 3859
8423 247
-2056 -2055
-1132 9661
2537 -8548
-8900 451
4745 -9697
2254 -2788
-4238 9991
-6297 5193
-8206 -3321
-7897 -6834
6546 884
1113 9166
3056 -5276
8561 -729
-908 -8973
3580 -7494
-3863 1548
-7435 -2462
-2925 3072
-1031 3474
4591 -1575
-685 8564
-1064 -5037
-1078 8696
-8477 -3197
-7167 -1567
-3442 -6761
8769 -2978
-1736 -3591
-6889 709
-6660 -5835
-4640 -8612
-3793 186
-3167 -7208
4047 -806
-4593 -274
8604 4692
-8548 -3553
8680 7404
-645 4435
-9619 9833
-5821 2515
-1638 7973
-8080 8325
-2471 1208
-5257 -2274
340 6757
5880 3104
-2108 2759
-5288 1122
-1759 3017
8574 1727
8325 7343
-8169 7392
7170 -4568
1857 6854
9786 -7117
-1135 1328
5447 6699
9260 -7276
-8115 9827
-4381 8969
-7160 1161
-8773 8551
-8846 6768
3161 6872
-3036 7127
632 -2438
3237 1594
4134 1948
8827 -5726
2569 -3769
-6923 1992
6223 -4501
6567 -8852
2420 -6204
2220 -1777
-2644 -9624
-3495 -1585
-7639 -6294
-4297 7657
-8455 1042
6950 1403
-9297 -8397
-4712 -8086
4733 4438
7630 -6168
-2103 7100
3937 6159
7054 -4304
3883 5892
4419 1286
-8159 -7611
-2441 -9841
2645 -1139
-7111 -8693
7278 -472
-8163 8164
-9053 1985
5960 -9484
-5534 5631
-951 -8216
9044 -8329
-7594 6800
-5529 4701
-8743 8935
-7911 -234
6279 -8152
-5007 7468
-690 6602
4453 30
6143 2817
-9957 3303
-7047 -12
4683 751
4694 8895
-6470 -3451
-708 -8377
3360 2245
-6376 -4070
-6275 6229
-9312 9519
-717 -8093
4330 -2722
-1776 -5739
8124 9152
1632 -3023
9670 -3010
2444 -2528
7610 8408
-901 -5755
-6588 -23
-140 -3027
2052 -7019
3469 8929
-9583 4834
-6505 -2770
4619 7854
-7629 -8320
-9097 4292
4394 -3474
1372 1624
-7571 -108
-9008 -8454
7735 5321
-2790 -3556
-2363 9444
-2898 1209
-3238 1442
-6885 -1009
8074 -4155
-182 -5554
-8224 -7743
9453 -7041
2178 -1369
1849 4588
-5246 -9057
-6817 -9577
4053 1655
4170 2335
-7195 8707
1045 -3189
-9684 5232
-4215 -3297
1229 -2337
4244 6443
4833 1372
5970 -5726
1424 7702
8014 -9010
194 -9989
-530 7719
4222 -1942
7381 185
-4200 3351
1394 -5976
8504 4711
3188 5050
2052 3472
2490 -4255
9810 7969
-3024 -913
-2037 -1807
4310 8256
-117 -6257
-3996 2419
-1920 -3524
-6352 -2761
-5998 3572
-2972 581
-9328 6344
5452 4935
6044 -7992
163 2081
508 3699
-5248 -9074
-4350 -3967
-6648 3071
7285 5398
110 1345
1764 9205
-8593 -3920
-7916 -8799
-4123 1557
-7392 4305
-7603 -3906
583 9907
2729 -8261
8875 7874
331 717
-3141 4239
-8098 8722
8330 -523
-6480 -2342
-4091 230
-573 -9742
3741 -737
3492 6314
9823 -8625
-8954 6493
-1681 -217
6350 4116
-1861 -6539
2492 -3133
3833 -7504
-2976 7056
-4990 8412
-1538 -7635
-7301 2699
-2011 -1523
1345 3477
-4369 2586
1413 8528
1598 -9017
-9065 3853
2415 5223
3930 4420
5970 -5994
251 -2967
-6455 3189
7132 4944
3305 -1380
-3965 -9754
774 8726
3869 9687
-2083 -4792
-1234 9891
-5309 -7126
-1619 5866
5874 -4296
1966 -3713
6393 2952
-2290 9675
1758 -7537
1666 5937
5769 8302
2469 4652
-2876 -7331
-12 -8055
-498 -9064
-7047 114
-1419 -3792
-7164 3893
4629 -8196
6273 -1997
-6662 -8441
-4703 2497
3036 2105
8686 2634
7279 2639
-7287 -6621
349 -908
6664 3734
-237 1384
410 6509
893 8484
-5031 -8096
224 -7019
-9435 4712
845 -9932
5860 -5670
-2417 6812
3170 -5467
-1689 2982
-2399 -5390
-7358 -4881
8714 1285
396 9363
2929 9704
3832 -3421
-817 -7383
-4276 -7619
-8423 -3770
405 2864
668 -9721
35 -8566
-676 866
4461 7914
-7449 2452
2470 -8812
-9468 9792
-8747 487
-4988 -2063
9416 -1137
7644 -8129
-6993 4316
2768 1520
-7870 4431
-5533 295
1733 1979
9467 5213
-9387 -8654
-4383 9398
-2346 3054
3687 5968
-9101 5368
1625 6500
9018 5826
2626 -3483
-2113 -1054
-8089 -6022
-7421 5223
-973 -1174
2450 4294
7263 2578
-537 1044
4271 888
-3203 -7335
4189 -2397
5479 -1203
-754 9487
1870 -3761
9741 7
-7764 -2546
3245 -447
-7727 -3789
8768 -3340
4566 -4248
-9393 -230
213 -3923
-4951 2686
-8173 -420
-1292 -2297
6471 2259
-3494 -4825
2940 4315
-3139 -5944
-6727 -2994
8273 6522
-6642 7414
-1852 -2814
-7453 2536
7635 5484
3882 -8868
248 7284
6261 -9572
-1791 3142
-2878 2137
1996 -7528
9840 4416
-5264 7935
1019 4431
5914 -7675
5990 -14
-3893 9012
7662 -3938
9007 -2078
7234 5038
7988 -1461
879 -690
-7108 3834
-9393 -6880
4638 3016
8689 -6949
-2608 -4802
-4553 -6076
9570 2184
-4039 -3668
-2750 2596
-2547 -6354
-1769 4041
-3638 -5697
-3779 -6712
6114 298
-7379 2142
6388 -13
-6952 -7227
-560 4431
-7577 -7029
-3640 -4951
-5058 -1804
4060 6981
6370 3033
-6196 5539
-423 -6528
2784 2660
9638 598
-8511 7066
3932 6502
-5070 3632
-6336 -4047
6222 -9167
4633 -7278
6069 1073
4982 3717
-9480 4407
-7433 8990
-868 -9834
-7589 2385
8912 -3742
-6661 7945
6939 -1501
2614 4455
-3701 2520
-6011 -6299
1937 5172
5754 -4309
9468 4142
-402 -4987
-2587 1083
1446 -3514
5473 -9536
-4774 -8719
9143 8189
3541 -9089
759 8185
909 -1857
6870 3842
8223 -5319
-5627 -4539
6808 -45
-5837 9699
-5109 -1678
-971 992
59 -7391
9171 6934
7998 380
7701 4550
-9476 -5788
-9268 -4681
3124 8680
-407 7773
-9771 -3889
6481 8221
982 1493
8074 -1532
8322 8040
8008 -2
8579 8195
-7112 -9689
-868 9682
7969 -6262
-8675 8205
-7751 5527
-1399 -4398
-6682 -4273
-9667 -9758
6168 3046
-206 -4414
-6281 -9616
3268 -5204
-2715 -3289
8461 3366
5699 8464
3737 -7970
9130 -7182
5699 -9389
-4355 8925
23 -3298
-6116 298
2405 -8941
7101 4831
9032 -7796
3307 -6617
2225 -8627
7069 -2090
8464 3956
-6937 -2276
9388 6989
-7354 7356
-2778 -3152
7829 2289
-4735 8000
-7738 8225
6994 3214
-7601 -4261
-2390 8918
-1855 9492
-4188 -9062
623 -1579
-4356 -2385
4570 -2437
5556 -9345
-8045 6303
2651 -138
-8832 9808
-2377 -5551
752 -8599
4228 7467
-8407 8751
362 -4307
-6956 9214
-837 7846
7411 5263
5805 5854
6772 -7057
-3441 60
275 4310
1856 -4855
-2142 -2728
-8186 9528
-840 4359
-2665 -361
-5918 -4750
4035 -4801
-959 3552
4647 -3125
-2518 -9220
-2654 -9927
477 2281
1415 9975
4561 8501
-3336 4713
-2039 6573
250 -3881
-6457 2765
2264 8991
1259 -9104
4552 -399
-678 -7092
-6817 5796
2120 6058
1438 -1671
-6942 1407
-8486 -4483
7006 8401
-7101 1672
6748 -9336
8719 3638
5858 7600
-6616 321
4408 7850
-4971 -3159
-5830 -481
8019 6688
5366 9152
4673 -216
-4122 -7021
7597 7017
-3116 -5692
1388 -3235
8091 3536
1691 7531
9896 -2668
-6863 3927
-7094 446
7708 -6317
-5462 9353
2138 -6876
-6067 8243
4435 4970
-1431 1602
-3067 2492
9422 -9136
2154 962
3739 -4657
6960 5141
-5155 4322
9035 6118
9680 7117
-4954 4564
-3656 4569
4002 -1263
-536 6940
5291 -3487
5187 -5649
-79 -4761
1968 8317
6347 -2761
7346 -5432
6147 -1829
1560 -560
1852 -3898
-9352 -3022
-8189 -4877
6476 2975
-1415 -6603
-2775 -6606
396 -1733
-8793 -5048
-3034 -9737
7245 -495
7738 6097
-9245 -6853
-3305 9433
1981 -6212
-5831 4910
7642 7714
7208 4442
-4125 5435
4391 -8292
8147 -623
6373 -6308
9527 -6599
-942 -3245
1829 4974
5517 1947
6753 9471
-8669 6997
2137 -1624
-7188 1192
-3493 6998
-9422 5786
-6211 3078
3657 -3650
3402 3229
-6190 -3341
-7012 2317
1671 2806
8733 6511
185 -9583
985 -6487
6956 -4735
-8065 -8485
4102 -9017
3837 8043
4050 -5550
-9666 6848
5995 -9937
8005 5863
-1345 -5594
8382 3296
6150 2237
-185 -8800
-8400 -5981
-1441 7549
-7644 -5029
-125 -2518
-8679 -6973
4222 -1491
7076 8591
2380 9690
-2814 -7594
9673 7789
8760 2988
-1605 -8174
8315 5427
-2661 8935
6410 -1894
7518 -4950
3100 -2736
-578 1409
-5784 5771
3542 -582
9421 2264
6522 -9994
7739 -1088
1852 9338
-4310 -464
-9806 1921
341 -4203
8608 7176
8043 5518
2342 -5531
2405 -4647
-8599 595
-5130 -8820
8897 -3993
8660 -1845
5684 -8016
5051 6935
4015 2558
3009 5711
1798 -1285
6436 -3250
2090 -6912
881 9235
9678 2783
-1449 4435
19 -8965
3489 -8728
-3307 5084
8220 2304
-6650 -3728
9532 6768
-1985 -8459
-4497 -1586
6117 2953
3986 -4629
-5952 -3878
3686 -7669
3687 -1281
2470 -6516
-4892 -7180
6617 5618
9237 -4514
3626 -8655
-8540 3125
-5642 693
373 -7476
-9643 7549
7992 -4944
-9693 -8392
8971 -2122
1928 9030
9659 9897
7721 9877
3739 -6709
749 7117
-9097 -3861
5788 7300
-1528 8988
-1298 -1402
-604 7303
-7976 732
8317 7545
9873 489
-6565 -1396
-4229 4218
-3194 8440
-6609 9940
-4466 8644
8998 -7995
8397 -8674
-5668 -8529
-4679 1358
-9058 1703
8540 -975
4239 6400
4515 7175
-9339 -6547
5787 6531
-3844 -2229
4893 -480
1943 -5677
8307 1556
7988 3900
-3874 8794
-3242 7281
-4214 1629
-505 -413
6427 -2128
-2829 6034
-7939 -2073
8506 2642
88 -1984
-5572 1286
2549 9285
3281 3583
8370 -1973
8788 9870
-9594 3735
-1253 -3880
-7069 4727
-9158 -4867
834 -5685
-4536 -2070
7221 2607
3827 8989
6831 -1315
-1996 -3475
-9449 3070
9370 -927
-8249 5314
3378 -5879
4414 -4310
1207 9904
483 -3938
-4156 3189
-7269 -2453
-7409 -2811
-5444 1949
8584 5217
-3760 9588
2097 -6812
1611 -8066
7400 1667
-8884 -7070
-595 6140
-6852 -3499
-4745 6531
-5381 -4332
7588 -5132
7149 9804
-715 -6529
-1632 4605
-8556 -7648
6782 948
4355 8213
1524 7922
-8386 -892
8560 -2602
2647 5809
3957 -9682
9909 8155
8562 4393
1098 4029
-6044 -695
5234 -681
472 -3386
8040 8707
1375 -582
5127 -7392
-9625 5565
8510 -1567
-1391 -4232
2080 1027
-7509 -1686
4281 -4182
2579 -8947
-8772 -758
3296 6747
-2066 -9444
6454 -4678
-5641 821
-6785 -6204
-9248 -7181
-5378 -1030
1042 1740
6395 -6697
-5238 -6517
1640 -5229
-5191 7815
-9286 2476
7647 2412
-6191 7023
3439 1781
-7032 3744
1548 -7199
8281 5475
-7085 8216
9752 3648
5885 -4584
-6212 5783
-8693 4682
-2929 4825
1985 -4558
-753 4981
-6545 309
-8575 3123
-7629 4604
7848 7390
318 3154
-3520 2472
-6471 3468
-2473 -9078
7415 -6557
1552 9447
-522 6562
-6450 6711
-1909 -8957
1688 -6703
4183 7862
9418 -9636
-2390 -8379
1564 8986
8652 -3874
-1356 -3877
-8627 5757
-9895 -4289
5990 -2943
9689 -6667
2085 1603
6541 -6270
1958 -7599
-7559 -6839
8391 8177
3855 5658
824 -5435
4508 -4576
-756 -6281
-8892 1929
-2034 -9840
4990 -475
-7487 -8269
1243 -8113
7555 3656
-5703 -7767
-6927 -9171
-7264 545
-9399 -3726
-9166 -3575
-5505 -4053
-4603 -5977
2060 6568
-8125 -3659
5267 3698
-1650 -6683
6363 -3321
-7958 -1711
-8187 -7189
9367 1670
-6028 2181
8992 4323
7653 -6849
4983 5490
5437 6171
-5274 2766
9970 -2606
2798 -659
-9575 -2521
6156 1931
-1043 5411
6312 5597
7257 -8531
-4670 1204
6434 7991
5444 3750
1923 -5106
5519 -1772
956 -605
-8196 8449
980 -1716
-693 -3112
5311 -7766
4404 -7592
-6965 -1675
-221 9971
5144 2514
2623 4150
-2158 9636
-9524 -7676
-305 -2982
8231 5911
-8197 -3684
-6892 1844
-1521 -4118
5004 4738
-551 -686
5287 3616
6832 -6760
6925 -9478
111 -4232
-5243 -2956
-4300 -2328
7337 -8233
8313 2793
1812 -6239
-1761 -4741
-2135 7612
-3034 1082
6262 -9517
-2295 -7074
-482 8126
-4819 6354
-4921 -6693
-1763 3792
-4465 2830
4615 5228
-4725 9272
4702 5146
443 6240
-4890 1203
3259 -385
-3464 2081
3677 3092
2363 2446
-2565 -1165
872 7576
6284 2733
9426 7717
3591 -653
6113 -2118
-8970 -686
4888 -3488
773 2672
-4447 424
-5822 -1863
-195 -3245
5669 -6861
9472 3675
-769 7625
-9109 7104
-8623 -5955
8271 -3479
9037 9384
7419 2018
7493 -4116
-6552 -9653
9277 5236
-23 -6034
8592 -5783
-4575 -8658
-1165 -3480
5534 -335
-4719 -548
9923 -1847
-3850 1462
4461 9
-4778 -9697
5355 -4723
-1194 -5460
8657 -6661
7352 -2870
1094 9398
-3290 5497
1897 -5733
7132 2553
8753 -8228
619 8075
-8695 5175
153 -3472
209 -106
-3660 -2771
7390 -1310
376 9240
-4316 -4172
9541 5293
-2273 7269
-3052 -9935
-9679 -4826
-7446 -5204
3027 8095
9645 8870
8205 -5361
8884 1681
-7703 9484
5106 -5915
-3452 -6205
3071 -8187
-6271 -5277
4203 8274
-7816 6771
-3043 9443
5498 -3814
3900 608
-5755 6596
-4401 -9048
4355 6076
-4554 4297
8777 -3496
9642 3875
-4605 -2562
2137 -2125
-1156 -540
-2995 -4939
5588 -8106
-8676 -4360
-8141 2998
4085 6726
-5635 4618
-3457 -9562
-2843 5423
9950 -8114
-2269 -5338
-7853 1949
-275 -6865
-5031 1050
-216 -2707
8378 1009
-9297 -4647
-353 -2989
144 -2070
3618 5933
2314 -7548
6780 369
-6597 9542
-5962 6830
-780 8421
8771 969
-3860 9126
6415 4189
2985 -4724
-6865 -2622
2539 872
2409 60
8933 -1779
5973 3926
-2203 7982
-2467 -9181
8533 8600
-5910 6815
-8031 -3343
-8336 1447
-311 1514
1908 -7541
2097 -7180
-7356 -6812
-2093 8977
-8977 -1943
529 -1710
1312 -3471
-1902 5599
-4804 2061
-5185 2513
1412 9083
-2394 -2434
6994 4137
-2612 3555
7883 6383
9218 4093
-8602 4907
2648 2456
-3468 -4487
-7135 5297
3395 -4765
6400 6338
8012 -1604
-3807 -1595
-3092 -4001
1668 -2555
-2858 2231
1293 9862
9721 -1114
6253 -3568
6493 4552
968 -3701
5950 6573
-4398 1076
-3901 -7025
9175 -1821
-7123 5936
3383 -3838
1030 3548
4998 -8575
-7082 -2296
7337 -6218
-5583 9850
7551 -5474
9820 3927
7861 1459
5831 9530
-9142 7021
-375 -1579
2369 406
9308 -3487
-9463 -2207
-1105 -589
8247 6817
-7483 -3261
-454 2515
-6083 -6238
9620 1845
-2541 212
1766 849
-5596 -3685
-7103 7523
4304 -3786
4346 7866
-7873 -8459
9473 7720
-7751 -4631
-5464 -6603
6313 2584
9004 -7515
-2435 -7455
-6082 3979
1092 7305
5931 -1236
1929 -6759
-945 -8841
-6814 8733
3936 7620
9880 9295
5743 9709
8757 -7128
-7952 -7842
4871 -6464
8455 2430
6200 -4321
-3321 3634
-671 889
4277 -1032
-1534 -456
9521 -2026
2878 1931
1728 5996
276 -5807
-4095 6128
-3722 -9149
2096 -4898
7533 1936
5917 3700
5645 3329
-3912 8914
7245 -3467
3606 9240
1275 7784
-1834 -5838
-4135 -9991
6629 -3589
-9544 1841
-1521 1227
1835 1853
-5474 6799
-291 4896
1655 2660
-4846 8725
9676 914
-5937 -5028
7462 1932
-3299 -8896
917 -2929
-5860 7106
3705 428
9463 -9253
-738 7326
7911 4670
2416 -3818
-2866 -8024
-6735 6730
1817 -2660
-924 3948
3929 -3856
-6989 -2175
-5007 -8064
-304 -4677
-8743 -4461
-665 -6990
-2064 -6538
-3759 6165
-3109 742
-5703 -5267
-916 -4906
2162 2115
-7855 9836
-7051 7624
335 8472
9139 -5482
13 -6914
-4674 -5026
-8394 9174
5063 -4585
5590 -4477
769 -2622
8533 -6416
-5846 5457
-9845 -9707
-8661 2161
-5188 5474
-5173 -1680
-9129 7134
8407 6637
-202 -4878
-9117 6781
-6893 -2956
-1929 1326
-5448 363
-2058 4364
8471 -3455
-2277 9329
1762 9719
3082 708
-9761 3060
3784 -3318
951 7596
493 -1450
8998 -8878
4633 -5340
402 7395
2781 -8885
8835 1514
6172 -9214
977 -7112
-5012 -4661
5602 -2110
8235 -7983
-9153 2184
-6246 6552
-6950 -419
7732 -3444
-8888 -7314
-568 -1571
-428 -5969
1808 -9400
7935 -6072
-3093 6938
7964 -9230
-8557 1669
-1565 5450
-1335 -5349
-2392 6998
-9810 -7281
8941 3722
195 -2801
-5235 7190
8696 8938
-4935 -6130
8184 4124
9557 -7088
-762 -9510
-2641 4244
227 5351
1778 3874
3334 -752
6586 -2563
5755 8620
-8154 2075
-352 6431
9129 1300
-4173 -9398
2167 894
-5510 6348
-9091 6358
-9338 3651
-3102 -1444
9746 -6228
-2218 -4745
1677 -4902
-2925 6214
-1132 -9205
2430 -9057
-9746 2037
7868 -6050
-1569 -3751
3163 -6760
4559 -4131
1857 -9915
4538 3674
5218 370
1996 311
-521 -7328
-2373 -8210
-3369 -6062
-8694 -2990
-5548 7440
-9258 -1924
3034 -8743
-3372 -4610
4275 7986
-6277 -8411
7848 -4569
5842 2006
-3442 -121
5082 6132
-2260 -1459
5736 -3663
5362 -7035
5346 -4962
-4193 3558
4997 7071
5776 3653
94 1444
-7554 -918
-2610 9702
7021 -7670
5267 49
3446 -2855
-2642 4145
-6233 7321
-9821 7108
-8903 394
-53 3828
8889 -226
-8104 265
-126 -6699
-6459 -7793
-623 5148
-8706 9868
2320 -753
-5336 -5873
3467 3296
5382 2843
-2566 1726
3348 1884
8757 5589
8319 5813
-9733 -6980
-8221 6840
8765 -4782
9354 8343
-5875 -5071
2068 -1154
3120 4308
-8368 -1094
6005 -6997
7397 6782
5953 7418
4042 -3329
2643 4652
6614 -6567
-5169 -2508
-6162 8852
7957 -2258
1251 -394
-2017 2050
-8767 -6531
-7198 -5678
102 -7321
-555 -1267
9742 2188
6372 6286
-7804 -9927
-527 -5485
3317 -4324
4704 -4655
5415 2297
-265 6553
-6980 796
2356 -841
1217 7176
292 7766
-9633 1783
-2729 4526
-642 -9615
-9027 -9466
4745 -5164
-3208 8244
-6487 -7276
7939 -3180
2941 -5367
8187 3114
-2776 2928
-9521 -960
-7055 100
7183 5306
2267 -2145
4769 3556
-791 5497
9868 -6852
741 -3442
9242 6710
-694 2904
700 3337
-5323 -141
-5537 9319
-5596 -1011
-3455 -7612
8180 -8452
2473 -8776
3355 2676
1703 7163
-2640 6710
-8370 -8579
-9202 -1849
-2312 7167
4202 8994
7685 7206
-4128 6911
7731 7093
-6514 -2228
597 9171
9119 -9553
-455 -6572
429 692
-5824 5972
-6395 3998
-4579 -5709
9557 440
408 -7497
-681 3373
-6553 5433
5535 -4570
-1617 -2670
3297 -9368
-7699 6479
-7572 -274
-6915 5536
3853 84
6693 233
-5969 9141
-3570 -4354
-5214 -3549
7945 1127
8399 -2636
-6976 -308
-9346 -3611
1521 6850
-9170 -8422
3849 8812
7464 -3521
-515 7093
-1634 566
-4717 -1374
-3775 -4812
817 5654
9754 -3097
-6724 -9798
8746 7269
-9048 211
506 1364
-6296 4004
2793 -6013
628 -3900
3786 9687
3795 -8690
-4989 2436
6485 8406
-3690 7380
-8633 1280
-4963 8336
9818 -6017
-7999 -1205
-2623 -7601
1506 -2170
3850 -8751
-4152 6114
-739 4405
-4577 -4600
3818 1645
-1810 -5350
8032 284
140 -3193
-5182 9633
3298 3001
-5682 5844
9524 -7030
541 143
-6681 9807
-7363 6344
-4367 -2474
4828 -2813
2874 -2405
2584 3307
2805 8711
-9022 8431
5826 8292
-9236 -4493
-5412 -9820
411 -235
7863 966
-5883 8140
5640 5864
503 362
7831 -1506
3026 -4002
8194 -840
7608 8759
5597 -2994
-9676 7377
8612 -3026
8758 -9573
-4110 -798
456 -5125
-6635 -4984
5409 9292
-1061 8595
-5056 1416
2672 -6808
-4975 -9596
-6571 -8200
2409 -9938
3214 -2188
-1567 1129
-6477 -6702
-886 -1119
7687 -6861
-4391 1651
6156 7563
-6697 2146
4852 -5077
-9240 287
-8169 -4709
5099 7367
-8439 -9031
-8700 -8633
8768 4993
-3776 2460
-5500 -1882
-3888 -9708
-7424 -4262
2462 -4944
7842 -3402
-3975 194
300 7486
-7607 -2896
-2979 -7951
-867 3042
-9789 -4812
-1063 -3762
-1416 7125
-4517 -1024
-7840 -7023
208 1326
-6552 1445
6058 -9541
-8851 -548
7362 -1876
-2389 6204
-2156 8939
7733 -8527
6669 -1780
-3723 -5002
2458 -7418
-3973 6562
1966 -4921
-143 3969
1325 9601
550 -7339
9103 5889
8447 -2220
5772 5160
2115 -844
1941 8364
-4910 -9158
895 3959
3713 -3146
-5569 -3237
9834 4999
7858 -2016
8031 72
3098 8377
-6561 3387
-713 -9544
8654 -5824
131 829
5186 3590
-3769 1134
-1375 9543
-6037 2568
8508 -9809
3582 1788
1436 2428
5097 6543
-9813 4447
6887 5554
3480 -3921
6260 -7952
1254 1944
-752 -2096
2332 1814
3681 -4625
-9892 7589
-9956 85
-9744 8564
-9553 -2680
-7416 5510
-639 8482
989 -5863
9847 -8842
-1580 6706
-4754 914
5724 9778
202 -8570
-788 8586
-2035 -5549
2413 -1574
8536 -6515
683 9581
-782 8674
3027 -5097
-896 5281
-8482 8498
-9119 3077
384 8419
8112 5143
2651 -4134
-7801 9298
5229 -286
950 6680
8027 -8682
9849 8486
-4798 1474
927 -8739
-4791 -6528
3675 7027
5569 592
33 1356
-4922 9054
-7358 -4560
-3453 -8033
-2779 5565
-8920 7686
8814 6762
-3526 9695
-1566 -8953
6399 4527
-1969 9033
-6889 464
639 9197
6333 1558
-1472 5246
6701 -140
-5473 -3943
-8112 -8826
-7766 8259
-2258 9933
-4258 -6403
-5376 -5121
3444 265
2247 9648
-1039 675
-6860 -1952
-4744 3570
9770 501
-2887 -9556
5778 -1016
-2111 5030
2382 -894
8021 5456
-3092 -9990
5838 -4956
-4907 -1637
-4443 -9092
-2460 -2462
-4221 -4994
-9364 2129
5900 -4025
2319 4171
5776 9444
7089 3499
1790 8193
-8049 -302
9741 627
9629 1848
4250 3304
9774 3183
-4329 2162
-633 -1839
5351 -1469
-7250 2011
6459 -4093
7865 -9945
-3526 -3906
-5410 8162
816 516
-1928 976
4485 9018
-7427 -8722
-6701 -8491
-4110 -3056
395 2471
-8380 -5675
5508 1329
6892 -5147
-3959 -8668
-2906 1285
8390 7862
-7057 -8609
5373 5820
9226 -7542
2116 8340
1580 -1338
5221 4970
1864 -9529
9154 -7156
2571 857
341 -2142
-676 -866
-2543 -8827
-4919 9804
-429 8732
1590 -7405
4763 -200
6342 -9829
-9179 -2123
2933 -8124
-2953 4179
3321 -5099
-3909 3247
-941 2508
8381 -9220
8651 -3254
-8171 -4695
8204 6496
-7644 5407
3766 3216
457 2764
7352 -1731
2305 -4092
3986 -9774
-3287 -4932
4496 147
-4514 2605
-3671 8422
4364 4781
8717 8605
6955 -4782
82 -4709
5882 -145
-7418 6816
-8833 -7934
3427 -2629
-1467 -9054
2114 8900
-3100 -420
6477 3023
2797 -9726
9543 -1635
8134 7795
2845 7895
-7159 -8821
-2183 3794
8875 3122
1687 5179
-4525 2914
9711 -327
-5349 -3458
-9521 1288
6574 7273
4672 4024
-7014 -8632
7615 -1913
5210 -8668
2991 -3922
-7360 -3011
-9062 -1553
2299 -5271
8237 -735
1741 6704
-2244 -5498
-4798 -8823
-8343 -1629
5554 -8346
5062 8210
-4135 657
-2470 -3549
-8984 -3961
5787 -9195
7177 746
-3351 4126
-4681 -1709
-3004 -6123
1772 -7608
-9198 -8171
-6695 -3689
6788 -2029
9277 -1436
-8660 5862
-835 1500
4491 -3448
7052 -8333
-4443 -5104
8056 -8087
3589 -9615
4880 -7177
-7764 7519
-2258 566
-6234 8607
2002 4074
-8710 651
-8808 7464
1239 261
-6480 -9042
8875 6841
-8659 5367
6381 8395
-7543 3963
1179 4587
1558 5005
-6799 1043
-2035 -8472
-2300 -3791
-383 -9999
-9863 -5028
1196 -3974
-840 5374
2329 6135
2354 -2726
-8565 -786
8075 -2389
2892 -9135
2093 -7867
9577 -1903
-6318 9755
3902 4563
4003 8935
7799 6783
-8726 -1216
1764 -6474
2285 -9934
5982 6035
-380 9625
-3620 1404
5212 -9492
4087 3025
8634 -8820
7067 -7846
-3446 1422
8125 3019
8112 1279
2181 4392
6686 8263
-6267 -1764
6846 5798
-2363 -2780
-2806 3859
-3540 8454
-2667 -8193
9743 8110
2 -3918
4784 2807
-6317 -2443
74 -7294
-3442 9657
-8691 -4682
5842 -6022
-9841 -9373
4274 -862
-4375 -4812
-8836 4015
7409 9360
1670 8356
8698 537
-9141 -2939
4552 -1174
-8358 4830
3409 2929
8569 -2954
-9663 5189
2031 9596
-7001 -2696
-9195 -9248
6624 -4863
-1106 453
9064 8659
-2678 -5568
2074 -6618
-3894 3403
-6259 5836
-490 1838
6900 -7880
-8248 5576
-8999 9326
-6209 2587
-5530 -2684
7107 6610
-1051 4446
6529 5078
-9933 5973
8460 -7877
-8125 7597
-8028 -7029
-13 3452
4014 -4501
3657 4353
2530 7959
7987 -5143
-8732 -3821
-5244 -8626
-4214 958
-151 3844
-9207 -6604
9063 3673
7758 8040
-5870 2313
-8700 -2261
-7918 3050
662 -3496
-878 -4802
6145 5078
-4735 -7677
5282 -4296
5316 -4615
-5407 4250
4993 5157
5908 634
-1089 1090
98 730
356 1004
-1450 -3293
113 -2811
-2028 1224
-2455 -3058
-5913 -8043
-8295 -239
-401 4918
1427 -8250
-1375 875
-4779 4835
-8499 175
8088 -4984
-5295 -8043
-4476 9400
205 -9125
2392 186
-7468 1878
4111 -7601
9805 -2693
594 9590
9306 -3851
1511 8326
6566 -7609
3421 -6355
9587 2586
-465 5708
104 -866
6920 -9848
9201 -6459
-3918 2196
6725 -1830
2411 -6707
3080 9112
3393 -3557
3411 -7637
7778 2275
-1441 -1050
-1203 -7254
3141 -4845
3218 6038
-4752 -7348
-7786 -5383
-2170 8771
-4617 -7733
1246 -8025
-1644 -9471
-8357 -4193
-67 -7701
-8258 7093
-5294 34
-9250 2173
-5063 -3587
-4568 -8235
3229 -5418
5378 4522
-9113 9286
-7756 5013
-3277 1841
-6013 9232
-6794 -301
-7131 8160
7119 1708
5174 -3160
4154 6531
8972 6420
-6785 5346
4321 -8025
-9143 3071
4738 9464
-1998 7266
-9274 9760
-4884 -4617
-6109 -7918
-8778 5234
911 2265
-7652 -5279
-9494 5824
8432 2653
7293 8563
-4016 376
-5728 5238
-7881 3560
-1207 -7113
1575 -7402
6624 -326
4329 2312
3197 9299
2392 7721
442 -1415
-3995 -2103
2547 8087
-3437 -6602
-3000 8914
-4908 -6521
6843 -4562
7731 -8218
4476 -3953
8095 2792
-3766 5462
5399 -7591
6270 7537
-1007 -7812
-3107 5788
-8742 -4723
6842 -9858
9453 -7733
-7257 512
2988 -8499
-7205 6997
-9198 -7045
5618 1484
-7667 -4713
-2641 -879
3033 -2891
-5158 -7375
-2687 -6778
-2643 -5780
4668 8100
-6998 5878
9162 -8762
8946 -9783
2140 -5365
7692 10
2452 -9602
8425 -2347
-9936 -7719
9178 4467
-5460 9186
7156 4023
-1227 8529
-2895 -8817
-341 -2745
-5306 -1807
2785 -6923
-5115 -2647
4578 -4172
-6582 5203
6033 9027
-9610 -6021
8767 -116
-5617 9642
7406 -4265
2128 -1132
-2002 -416
3868 -4023
7901 -439
-2100 2615
-9777 -9923
-9039 -6060
4888 -5322
-3338 3552
85 1165
9263 3419
9048 -7057
431 519
1555 8668
-6610 4314
-489 8330
4846 -9329
8261 -2768
-5609 -2145
514 -4114
9863 -6125
-6596 -106
-2539 1333
-2336 -7706
-6169 7392
-1000 -4520
5377 -9840
-5098 -9767
8955 4272
6166 5143
-2217 -306
-7623 -7659
-2659 3382
-295 9649
8415 3695
-4682 -8271
-8391 -4269
9153 7153
5863 -3176
-1567 -9672
2158 -2133
-1623 -5876
7973 8878
7138 4121
5845 -4954
-2392 -928
5258 -380
315 -1677
-108 -2499
-8620 546
9334 9374
-3136 -5943
6238 8919
802 -8800
880 -9391
517 -4330
-7761 6451
5045 -351
-5254 -8556
-8293 -5740
-5652 531
6156 5905
-3636 -3225
8921 7915
7353 -8262
4166 8386
4921 2602
-5670 -5927
-9685 -4625
-1148 -7796
9412 4569
-2309 5672
8257 4515
1835 8003
2821 4554
-9156 9309
8320 -5948
5500 505
-6909 -156
2987 -1667
1918 -963
3335 -7589
-3096 720
-2601 -9109
-2329 4025
1921 8428
2927 2220
3952 2837
5762 4021
8223 -6300
3160 5715
578 -6435
8814 1825
4960 1152
-6375 -7903
8244 -5978
-1030 -6664
281 8500
6192 7091
-3698 -1939
7215 -3150
8663 -8790
168 -2528
4182 -1118
6793 6611
9826 -863
9359 -9601
2571 -4201
-9767 8083
-3407 -2869
8596 9704
-7357 -2089
-6910 4868
-4719 -3850
-7630 -6324
9224 -5145
8919 2828
1105 -498
7955 -1219
-9071 -8443
-2839 3378
-4444 8495
-3525 2334
-3793 6271
-2200 8600
-8632 6186
1259 7574
9704 9945
-7421 -9475
-1757 8226
5775 -650
-8577 -4758
6160 1243
-7726 -3280
-7963 8619
2273 -4566
9203 -4049
-4263 7219
9564 -2511
5287 -4825
9577 8470
2018 -3200
5359 -2211
-8995 -7930
-1949 -3572
3420 -214
2090 2522
-1881 -8234
-9422 3843
-9851 -9198
-9365 3700
-7864 -9274
-1736 -2232
9426 3397
-7590 7452
6823 133
-9993 -8397
-4332 -299
5576 -6503
6828 5909
-4946 6638
8528 9245
-6605 -7588
7518 -2085
176 2197
-3147 1096
1629 -9666
1675 387
-5727 8424
-4861 1672
4588 -6361
3490 -9195
-4303 209
-6361 -3361
-4579 2896
3237 7364
7237 -7814
9412 3226
-3191 8169
-7272 -3892
-4026 4931
6793 8693
-1412 -4195
-9005 5548
4074 -2491
-5634 3400
4678 -6950
-3585 -4356
8910 5293
2674 4563
4532 -2481
-1907 -153
-8403 7061
5607 -6523
-2348 -5613
-7284 -7541
-3514 7917
-1646 4673
1951 -9046
8452 1950
4381 9407
3758 9859
4605 8412
-4029 8187
4169 -262
8732 -493
-541 -9101
9493 6138
1142 3752
-6841 -30
5342 488
-2228 8061
-2641 -7315
-1596 -6640
-7544 -4796
8051 -9374
-1980 -7788
4965 819
-1424 692
-6783 -6345
-1831 6264
-4305 -5350
218 -4518
-6780 5471
2834 -7021
4842 -2201
-8276 -1050
4970 -9840
670 3830
9481 6983
5004 -3635
-7291 668
-7420 6264
4826 4285
6235 5379
4575 -2841
7157 4024
5957 64
5858 9687
2739 -6350
6394 5693
4378 -1668
-8102 -2360
-8930 -4906
5934 -2656
3755 -6075
5638 7392
9738 4720
-6149 -6530
6010 -5955
2913 -7947
-3597 -2621
4426 4027
-8601 -1124
231 3359
8598 8318
-7237 -1454
-3246 3749
-333 -9351
-791 -7666
-3945 -8427
-1711 -5346
-3153 -5174
229 3719
-2743 8560
-1724 4977
6082 -717
6309 9418
598 -5585
-4230 1452
-3390 -7116
-5940 -5894
-5074 2229
9920 -4397
-4846 6661
-5427 -3885
6663 1438
-269 3129
-7441 -3147
-9741 -8364
5333 -3287
-8791 9985
8894 -1050
5187 4996
9254 3630
-1970 -1610
-6149 -445
8794 2407
-8960 2812
-5367 -7020
2583 -767
-982 930
-2942 -2068
8930 -719
7802 -2835
-8128 -6063
-7393 -5259
-2686 -9340
8077 -9770
5081 8520
-619 7245
-3796 9197
7685 1285
8306 3216
-316 -8810
-8544 6212
-5104 2150
-3513 9979
-5852 -6668
-9119 2529
-8790 -6937
8740 9412
-2913 3966
-3459 -478
-4214 6857
-7478 -1325
8321 4917
-19 6334
-1604 8436
3190 9833
-988 -5349
-6462 -5124
-6428 -1375
-9537 6941
6237 -3662
-274 7650
8741 -8932
7962 -9996
-2535 -560
7521 5333
8607 7326
7829 529
-2460 8967
2262 1749
-3813 4447
-5835 1975
8385 -5039
-9241 3732
2775 2149
914 2587
-1001 6653
4950 9959
-6357 5058
-4795 8698
-1435 -8206
2560 2988
5021 9049
4844 8602
-7216 -826
6366 -9690
4437 -2200
-301 1182
2186 -3110
4088 -2720
4051 -9393
5144 5850
-2871 -1745
9229 -947
2397 4489
2104 8941
-8447 -4155
1236 -409
8275 -2351
9441 -745
-9236 -2401
-3429 6355
8167 5140
-4749 -4405
528 4430
-1578 -2935
365 -118
-838 1182
3939 5220
9353 -4161
-1704 -8759
1789 2106
-9624 1325
-8860 -7485
-2203 -1648
5502 858
3367 2952
-8411 -2325
9092 -4173
-3211 -1867
-5451 -3198
-1155 -6727
-9201 -5558
-5246 -7366
-5796 1821
-4800 3339
-5034 -1850
-9086 7580
-528 731
-4176 -8117
-699 -7130
-6774 -2510
-3260 -9038
-7914 6717
-7428 9967
8958 2656
6752 6978
9562 9607
4989 693
7383 -173
6470 6078
-7337 1047
-1193 -8892
2608 -2686
-6067 4669
-1787 4956
2969 -129
2704 -9907
-908 1405
-7948 2750
-3308 3134
-7184 1427
491 1192
-5834 2337
-8370 4905
438 955
6116 -6271
3821 -9281
1524 9897
-1386 7430
-9601 -9616
-1358 5705
-3808 -1012
-5414 -1717
2250 5369
4375 9634
-7596 8917
-6674 -2259
-8101 4180
-418 6438
-9590 -4514
-751 4771
6332 -6425
-6843 -9725
2202 -5873
8015 8642
-1287 -2619
876 -2664
-3740 1925
-1052 -859
-9987 -67
7953 -515
7872 -2068
3991 6410
2852 19
7769 -3514
9584 4768
965 -8719
-6237 9582
-5690 2930
2615 809
7134 7269
9433 -4491
2153 -201
4717 7423
6462 5848
-4067 2534
9635 4524
-3841 3317
-25 -7967
1348 918
-959 6306
-3047 7891
-8247 2390
-2437 -4495
7827 -1163
367 -8374
-7642 3727
7158 5756
61 -9076
-4310 4599
-8104 4590
2895 1305
5488 7626
-3676 6909
4597 2916
9706 -1505
-9213 9648
-6789 8520
-7547 1024
-8430 2815
-5620 7623
4940 -9392
-41 883
5649 -5965
-6207 949
4505 -1507
-9525 -7967
6623 7589
-6518 4300
9210 -356
4634 -3794
5928 3375
91 9983
-9625 -7451
9468 8784
200 -1720
1779 -2418
-4880 1318
-3940 -7576
6842 3665
-3156 7806
106 -1335
-8012 8
6581 -2547
-2462 4025
7806 9374
-762 -6025
622 -8371
-5440 -3311
-368 -6767
2502 6266
505 -7636
7050 6474
9544 -3205
-5115 12
-3312 7619
21 7374
815 -3012
392 -594
776 3270
5721 -1573
-7022 -9737
9620 -8970
-4681 3491
2279 7897
5278 3072
2757 -3476
-4694 -9170
-2398 1078
-2492 4809
-5759 3128
608 -4149
-8667 8802
-1296 -4859
-962 -928
-954 1331
7652 -9139
-7981 -6091
4722 -1932
9174 -175
3749 4391
8368 -1205
5347 -1237
9380 -9276
-5651 -7106
-3367 -1811
-8802 -8584
-8718 -3652
4668 6594
783 -3761
3057 -4914
-7218 5590
-1341 6079
-9147 -9549
-4920 -9867
4796 -1082
-5016 -8578
8014 4266
-2155 4609
8623 4997
-2210 7528
4775 4215
-6841 3872
-1329 -2000
1237 -8557
8277 -1634
-9804 5659
-9611 4172
-1314 -1711
-6450 -8154
2889 7004
2486 4142
2995 -6508
-5644 1069
2257 -9332
-2343 -5891
3097 7437
1102 8630
2796 6921
-4302 -2468
-6680 4814
2637 -3355
-4780 -2551
-845 -9502
6424 -867
2120 -9688
-6160 6148
9306 1383
9611 -8559
-7997 -4096
-7604 -634
6457 4584
7093 275
-7609 4357
436 2047
-9310 -3785
9667 -6870
-5914 4050
-3744 -7616
-5005 5644
-5202 9370
-2861 -6329
-8250 -4446
5039 7266
4291 -7996
1085 -996
-8623 990
-765 -5321
1040 7716
2900 -3016
-9700 1099
-4809 1495
2777 -3179
2143 1580
-1859 -8418
-5352 9002
-489 -2275
-9252 -6411
-332 6606
2606 -5074
4995 9938
394 -5711
-200 -9012
4689 160
-1468 -2993
679 -2191
-3300 -7782
6723 9208
-3600 6820
-5619 8766
9142 -8975
-4190 8755
4283 6472
-4664 9951
1432 -7159
-8249 579
4826 -3368
6158 3646
-2242 -8767
3757 -6665
9639 8239
2683 -5584
2097 6295
6453 777
-4988 -2770
618 1119
-6328 1801
9282 -256
-3158 -4918
-607 1869
7228 -8089
-964 5106
-1621 9656
-1014 5024
7464 -6535
2615 -480
1160 -9846
-2617 6854
-4379 4836
4928 6605
-88 9050
-4065 -5309
-8503 4658
-8598 2707
9564 -5672
8459 5563
4199 -8669
-6751 2398
-7258 7806
-442 1606
-9293 8071
600 -2544
1970 -3404
4952 6482
-6476 6584
6271 5574
-7394 -728
-471 3599
-8021 8569
6992 -1685
6520 -2712
2616 6077
-3698 1306
-2410 7137
-2861 8054
-1953 5731
6192 5751
2741 -2640
7571 8954
3915 3935
1458 -5762
6147 -272
4889 -8024
-5654 -1110
-5419 -7132
-6900 1067
1016 -5560
4152 -3299
-6732 -2331
-4735 9735
6170 9002
-91 -9218
-4966 -930
9062 1879
-5902 8538
-7729 -8938
-3052 8934
9766 7536
-9001 6782
8282 -1031
-7414 -7777
8345 711
5484 1667
3788 7335
7827 -1772
6399 9202
3838 1085
-8031 7816
6582 -5185
1317 -1889
-9950 -9323
-9465 -5429
9821 -2023
5962 -3721
6826 -4263
-32 1454
8119 -5458
4720 2304
-8056 7134
101 -9381
-9749 -5001
-5593 -2124
2197 -2748
-2546 2740
5213 5526
8050 6910
-1187 4964
9623 -9092
-7867 -7496
-9955 5458
-5414 2262
2718 -7923
5118 848
-6656 3765
8914 6021
-1722 -7710
-7332 5842
-788 8062
1016 -8619
-2283 -2779
7492 9323
2813 -2568
8315 -8708
-166 7019
9157 4768
3193 8271
-1893 4983
2400 -5505
2703 9218
-1599 6847
1732 2
-6861 2512
204 1013
-3214 -3687
-8514 6935
5439 6042
-2605 9634
2467 -8898
-6377 8294
7664 -1361
9654 -9162
-5884 -1119
2940 9632
8479 6319
6292 686
9286 -2173
1471 556
-6932 -2567
-114 5258
4421 -4260
-6325 -9280
7204 3494
7558 -9411
1495 3370
-8569 7930
21 268
-8367 -8602
-3303 -8584
-7568 -5899
-1238 2854
6019 8890
-9037 -8461
7885 5475
6968 -9944
-7324 -1676
-1806 -37
-8443 -5656
4150 -8785
-2152 8116
1007 -5947
-9771 -1248
-7804 -9844
4318 1104
715 -8747
-854 1573
-2643 9660
1248 7572
-6188 -1885
-5015 -843
-7627 8456
-7256 582
2526 5903
-2867 5382
7768 5126
4173 -2818
-742 7452
-262 -3690
7713 -5043
7746 -9755
1162 -7980
5262 -5444
337 -2371
-5963 -4597
-8977 -1508
3320 5074
-5015 -5856
8104 -6927
1592 7275
-4067 7365
5951 -1815
-7648 8419
-5318 -7539
-4657 -2412
-3367 5778
-1153 -9558
-4486 -5205
4281 -74
3348 2862
-6819 -7228
-5305 -2376
7340 -5381
-7245 -4554
-6932 -5686
-2899 6804
-1016 9013
7734 -8360
-5876 941
-4980 2475
-1483 12
7664 6984
-5624 -9996
3878 -5723
-4827 -5936
9525 3673
8726 -8942
2294 -3578
-7995 -9847
6973 -1169
1268 -7221
6645 8123
605 -8389
3328 5487
-5933 -5572
-4021 9706
-4528 559
1939 1778
-5425 -6471
7023 -9472
9504 6922
8671 6686
-711 180
4707 9486
-4031 -4382
8155 6147
37 -9539
7641 -9227
7586 4390
-7824 -4083
953 6525
-6270 5832
7278 9428
7222 -6595
3214 -7163
-5806 2645
5645 9932
7393 -2563
3997 -3863
-6688 -6140
-8011 9944
3123 -9928
-2501 -5950
-5924 -3250
-3543 -7284
-3291 9584
5228 -7816
-1813 -122
-9372 8157
4538 -2879
-8754 -9760
953 5367
2864 -8552
-3220 1157
5300 -5695
9529 -5238
6342 -4639
9049 984
2233 8424
-7383 -7053
-1261 -2667
1838 -3096
-9194 -8535
-7920 -1887
-1223 7283
7531 -5204
-3907 7014
4375 7149
-6637 -7134
-3000 6360
-1072 -1672
-4882 -2054
-6772 4601
-8912 -4219
621 9930
-3736 4815
-3376 -3689
4087 6903
1075 -3977
-6976 -4080
-5956 -8044
-8932 7882
-3948 -3301
-4689 4411
-2215 3699
4543 -5889
8163 -6476
-9321 413
139 -1598
-6305 -6873
-9697 8487
-6631 3181
-3175 -6809
2070 4523
-501 6986
-2957 -6585
-5144 -7283
-1701 1568
-9785 -715
1870 -1225
-4748 -3362
9381 -5862
6941 1174
9188 7491
-9383 -5111
9594 -4467
1477 -1340
-9269 9683
9360 4537
9197 -4235
-3189 -1473
3629 771
-5109 1440
2322 3503
-2535 -9379
-4126 -3706
-9417 6269
-1228 -130
-3965 -8761
-5365 -818
-9904 -1145
5282 9181
-4069 -2673
-2393 7369
6538 8920
-4460 -5242
-6108 9802
-6703 -9536
-1120 -9882
5174 7989
-4223 -5122
-4677 3505
-9039 -2285
-7651 -6808
3791 -4377
-3958 -4832
-5504 -548
-2340 -1040
-2877 6751
7266 -881
-6332 2254
4477 -1973
1361 -4130
-5339 4592
1929 219
-6123 -1990
-9734 -7704
-2160 4120
5440 -7954
2279 -3791
5280 -1853
7934 5410
-4520 9278
5169 7070
-5349 6529
-7277 -6776
9707 -1531
980 -5287
8323 -2109
5008 537
-1242 -6428
8031 -996
7700 -8094
-6195 3500
-8081 8229
-5961 843
-3381 4753
-9940 -70
9405 5134
-7406 -8739
-4878 -1903
-5553 9634
-6700 7100
6545 2421
9957 -1145
-4263 4031
8246 3693
-7473 -8436
-920 2877
-7999 7338
-3639 -7539
8245 3460
-7867 -1258
-9513 4150
-695 7758
-2884 9960
-8087 1120
-2133 -4161
5462 3862
4566 1719
708 8999
-3302 -7918
-8338 -5896
-1253 1714
538 8497
-4885 5771
2346 7288
6815 8053
-7601 -6609
-1790 3257
-288 3845
9679 2647
-3348 -6012
-9075 -7754
-5343 -5603
-8408 7068
1559 8880
-7009 -8032
4630 9401
-3795 1155
7047 7602
5031 143
5767 -5457
8909 -9194
-8513 3244
-581 1626
-9294 -7298
-4991 6930
9605 -8342
1769 -8491
-7624 2064
-1525 -3867
7406 -2347
3586 -5229
-4179 7839
7171 -1345
7009 -2183
2244 -1758
-125 3501
1608 -4713
8546 -4834
32 4551
6796 -8985
1987 -3227
5737 -7975
-2435 -1201
-1193 -6375
5583 7521
-8430 316
6851 4171
4002 -9866
4533 797
-3795 1576
-7020 -351
4155 1347
-5762 4522
-5100 -6861
-7113 -6439
4637 -6582
6468 -6568
-1058 4648
9170 7746
8323 -3036
-951 -3494
9571 -8211
7132 -2770
-9584 1239
7387 8582
7630 755
-4286 9608
8906 -8150
-2971 -8170
-1279 -5272
967 7178
-6193 -3207
9732 -7111
-8833 4090
3659 -9732
9386 -2529
-8418 -1307
5938 2385
-7652 -3390
-289 -2534
-3033 -7724
-5813 -7075
1983 -940
-5903 -9550
-1786 3812
9622 -3687
-8767 5909
2936 -7505
4474 2956
-3097 -868
-5251 7920
-6536 3198
4931 2420
-4971 4955
6775 91
-1650 -6446
-8183 -3743
-2355 45
2588 2825
1892 -6539
-6125 5555
2981 -4832
-6471 -4069
-4451 837
-9917 7280
7949 593
-4698 591
-5810 9876
7651 -3375
7851 -2814
2367 -4892
1122 942
-3301 -8058
-1901 -3394
3482 6146
4341 5196
9045 9670
-3515 3965
5038 -6539
-1004 -7948
-6612 7218
-1781 -7191
9006 -4664
-8875 -1848
389 -9671
2303 -2085
9 -6137
3628 -3661
8514 -9114
-4733 2837
-2262 8246
-4417 -8234
9824 8434
-265 -6128
-1930 7951
3681 -9694
-5046 68
-5260 -3194
-8820 -2201
9668 -5433
3066 -7768
2953 -619
-1502 6021
-8801 9449
-5553 4626
9982 -8103
400 -9942
1956 -7531
-2187 3237
7591 -9092
-2040 -1517
-6230 -9613
-1679 -417
-1210 9545
-7578 -3790
8152 527
-5816 7089
136 9781
-1086 -5825
3885 -1532
-5930 8308
-8822 9432
-8497 6052
1811 5064
-191 2277
8536 7542
-732 -4856
-9905 -2150
-293 7624
-1897 -5655
-493 -1181
5862 351
-7054 -107
3045 7331
-6669 -5343
5982 -1387
-5474 -2304
-5060 2137
9568 9275
2848 -9087
3791 -4621
-7984 -5339
-1523 2989
-259 9579
-8278 -1506
5878 -3736
-2631 -1192
-1269 2090
-8668 -4836
-5454 9356
908 -6613
7483 7418
7471 -5887
4681 -898
-2278 -8649
6599 -8785
-2667 111
8059 6902
-498 -1743
142 -1673
-3847 -3773
528 5176
5855 1087
-4295 -7528
-5309 2506
-1239 -5816
793 7531
9064 9885
-2784 -3139
-6853 7760
1647 -484
-1024 -3102
-3497 9429
1558 1658
-2655 -2177
-7699 873
7145 -6012
-6466 -9569
1711 -7797
-6048 -3292
4489 4007
-7160 337
-9252 8797
4501 -2505
-9988 4591
-2501 -4958
-3018 -979
-7630 -8593
-8609 -3900
2426 -4163
1470 -3496
-6413 623
-4769 8217
-3358 -9331
-7991 -2748
-2571 -5383
7455 -5706
-2453 -3888
1143 -3901
-9365 4729
1339 -3329
-286 -1050
2283 -1826
-3252 -9747
4216 -3362
-5073 8243
7678 3754
-1088 -1910
9846 3050
-5682 -4957
576 35
-9061 -9891
6219 -1309
4683 1354
-7812 -6983
2236 4968
274 -3468
-7992 351
7926 3867
-5154 7467
-6633 2503
-7899 -7003
7723 1068
-8985 -3439
9930 4107
-3683 7389
5580 3248
-6932 595
907 7920
6594 -6121
3469 -4293
9197 -1317
928 -7931
42 -7238
-479 1649
-6150 109
3265 4134
-7610 8459
4361 2411
-6075 1791
4102 7954
-6510 -1017
-8667 -9268
-909 -4702
-2144 2822
6120 4318
-775 -199
7315 -381
-9905 -6131
6754 1842
-4781 936
-7846 -8613
5443 4085
1102 4805
-5203 6405
-4906 9414
8598 4304
4342 -3461
-8430 -9403
-1099 -1432
4354 1180
-7356 4925
-5959 -9794
-2519 4816
3443 -5119
-7906 -2279
6255 -9508
-6295 8817
5364 3060
-2222 -7390
-9569 1481
-9973 4571
1143 5583
5867 -3994
6105 9643
3323 142
2405 4348
-2205 -5249
4643 -7128
-1650 5020
3906 4225
-3194 5610
-9407 -5571
-2397 -5815
9167 6582
-3824 7213
-5325 -5262
7623 2523
-3802 6997
4391 -5983
1307 -6963
-7625 -962
-1285 -5647
4283 9714
-2948 8826
-3096 2625
6688 3213
-85 2576
-4729 4450
7018 3092
7952 -963
-3323 5612
-1949 -7084
5065 -2994
5343 -3518
2484 -1222
4 -8683
2515 -7183
-9653 9389
9112 -8917
-3043 -1004
-4946 8267
6477 5846
4662 -5444
-7042 2763
6779 2509
1936 -6260
5880 -8485
-3448 13
-6852 5856
-4247 -9509
-5876 -9415
6972 -9713
889 -5840
-6019 2530
-2213 6760
-7975 3117
7402 7066
-747 -6432
-1347 -5151
-694 1052
-223 -4823
-4296 -199
-7130 -3114
-3139 -5453
-4173 -5603
-4348 -313
427 -5200
1036 -5808
-8928 -915
-5716 7662
-2598 8396
4079 -9262
-3825 8730
781 459
-4669 -3960
-2958 -506
-5422 -2384
9811 -3825
89 2852
-1910 -2076
-273 7625
5222 5723
-9929 4209
-7202 2804
-3673 -8303
-9195 -2993
4076 -4289
6060 -88
7107 470
9260 7781
4227 2754
-4149 9425
-6735 1793
4921 8194
4295 1448
-6277 1685
-5730 -9347
6567 9769
9266 -8967
-3995 -4347
4157 460
-7346 1514
-5905 4880
-859 -4726
-7623 -2609
-6906 -4131
-6824 -117
-2238 -489
4662 -5954
1019 3033
-4446 3536
-7827 -4124
-7060 -6098
-2481 -3314
9579 -1960
6985 2292
-3131 -5115
-2127 -8809
1160 -6917
5303 -3818
1187 -9781
-1783 4888
6614 1479
947 2588
5367 -7352
-86 -9514
6658 -5971
-6208 8344
-4103 -5050
6039 -873
191 -6519
6298 -9218
-239 -6844
4140 7640
7065 6963
8891 8588
5436 -8721
-6915 -4900
-4561 -4271
-1707 8086
1170 -6178
4263 5185
4979 4260
-1143 -1852
2339 -9922
1056 3557
-9871 2105
-1923 6218
-4076 874
-8742 5939
5510 -8491
-7909 6102
-1127 -5379
-2240 -2817
2068 -2830
-1892 -8185
2877 6543
4844 5356
-1718 -1559
393 -5026
7272 6449
3824 -1003
-375 2226
-5886 1097
-590 3333
9957 -3995
-5637 6723
6730 5820
8561 929
9359 -236
-9965 5533
-2290 -976
5706 -5105
623 -9591
8846 2055
-1337 -1843
8052 181
1088 6887
8147 -1886
-7954 -3806
-6893 -6656
8153 -8136
-6868 9594
888 -625
-251 -771
7293 -5602
7155 -4798
-2254 -963
9540 -205
-6832 5917
-2956 2871
-9241 5273
2566 -9340
8620 -2411
8175 -569
4592 5103
-9383 -2583
9265 -8916
2199 -7863
5311 -6369
-9806 6069
4524 2002
5475 -8071
-4008 1497
-5885 4976
-5031 9179
9671 1839
5572 -5833
7528 -909
-5903 -4662
169 4996
-2710 -8950
-412 6383
-8650 5448
4627 6710
7289 -8651
6815 7557
-95 5777
-9405 -6241
6731 -1199
-9776 -3609
4839 -3343
-2937 3719
6217 5622
6048 29
-2661 6554
1357 9038
2950 5570
-2018 243
-8569 9326
-6642 901
-2491 708
3956 5655
4832 3879
-572 7853
-7452 -4797
-8046 8441
-7959 8239
5285 -9
8030 -4762
-6933 5720
4780 -6121
793 -8551
6945 -2730
-8328 -9300
-3850 -5587
8971 -5846
-2564 -4990
-544 -8586
-5695 1131
-2887 2057
-6374 8430
380 1938
-5613 5590
9481 7849
2099 5510
6698 -1182
1228 369
-9719 -7163
5177 6759
-7347 3088
3154 -767
4420 -5113
-249 1660
9542 -8129
-3552 4090
-2816 -6106
-7455 9624
986 8927
-3184 -7424
-9447 5414
-297 -8911
9791 9556
157 5682
9089 4508
-903 -867
-9962 -2919
-7020 1730
7012 7039
-9464 7852
-7971 4963
-4593 -8659
-3856 -5352
140 -6614
-2070 1396
-2553 -8756
-3719 3026
-6690 -6995
6531 -4622
6348 -2103
-3784 1983
-3176 3965
4498 284
3161 -3707
-9549 -5819
-5436 5462
-1380 7821
-3056 -4503
-8510 5009
4031 -3492
-9488 -1390
7247 9959
-2956 -8542
4583 -5982
-3618 4062
-1524 152
-9608 5467
-5381 9841
-5255 2718
-2600 8805
-6313 6849
-6161 -4876
-8740 3764
1964 2651
-2149 4498
-1934 -9432
2058 -1636
-4182 -5934
6613 1950
6303 -8849
5629 286
9101 2078
-793 7436
7273 4069
-3698 1358
-1164 3779
-830 -4887
-4472 -8786
9867 -3998
7748 -1546
-5191 7513
-2695 -961
513 4610
894 -6983
7517 190
6296 -8788
-7987 9555
-4498 6139
-9181 6173
-1927 2687
-2356 5069
-419 145
-4357 5982
-7033 140
6747 3609
-398 -7104
9639 -2702
-7583 -7434
8191 -4472
-7313 4795
-8094 2738
5806 -3463
-7477 -9532
-1877 -1960
-5828 6048
4136 1041
-4533 -8727
3538 -9948
-1517 -9275
5169 6698
-2481 903
5100 7179
-7650 -4349
-8591 -5731
8925 -1911
8114 -7831
1782 -8470
-7996 -5123
9913 7766
6492 86
8916 -5638
3166 2051
-9129 4279
2984 -637
-1676 -8582
-5268 6751
9851 1195
-2926 -7494
-2059 6766
4600 1958
2847 599
-7010 9121
1961 8491
-7698 8674
-6503 8621
1394 -7754
5713 6475
8883 -5479
8220 3497
-9452 5310
756 4305
-1551 -5142
9672 -4554
2074 -1281
9202 6519
178 -3579
8333 -893
-6343 -3818
5314 8105
2950 -6355
4764 4200
1735 8276
6919 3283
-2839 -8976
3753 -3195
-1172 -5385
-1440 -4352
8243 -8973
2809 4694
-2783 136
-9768 9252
-5938 3736
-8635 265
-2330 -6037
-6300 3701
-7716 -5771
3444 19
8662 -2067
-1353 -6866
2197 6223
-6005 -8194
9741 9833
-4138 8516
2312 -432
-6286 1381
-450 -1016
4777 6465
5892 4613
-8232 8144
-7165 8642
2975 -6855
8564 -285
7699 -7228
5988 -5386
6256 168
-1833 -2179
9232 7447
-4123 2537
-4181 4682
-8898 551
7331 9749
-8176 -6734
-3517 2680
4524 -119
-393 6589
-1887 -3997
-2114 5304
-9277 6744
8794 -1293
4825 -8272
3370 3127
7684 1957
-6015 5971
-701 2246
841 -3627
-2873 -8793
-1501 -8939
8559 1563
3961 3040
-2632 8724
4230 8408
3360 -2027
-2298 -4214
-733 2473
-8621 6011
2694 -4170
-9604 -9158
-7517 -5267
-2323 -2564
3492 8548
3694 -7755
-4634 -4443
-1014 -1017
-4910 1530
-9304 -4324
-6668 -9479
3580 317
2905 -8235
6659 4800
-9051 6709
-1319 2442
-1459 -5676
-1303 3744
4617 -7507
953 -5690
-5245 -9633
-3155 -5369
4256 1505
-9502 -5408
-1098 6112
-2951 -2421
8744 -393
1513 8554
-2907 -8422
-4638 -7224
-6381 -8779
8871 -896
9620 2732
4393 -7988
-1219 -5522
2106 -8929
-5571 6000
1416 8136
5302 -1088
6657 6245
-1409 2166
2709 2724
496 -893
-9115 -4016
5561 -183
-4700 7922
5436 6667
413 -1134
2537 2569
2891 -4919
-4973 -8467
385 568
-12 -8391
6026 -3971
8737 2442
2370 -9876
5966 2363
4175 9179
-5746 -1047
-4001 -4029
-3139 2455
9923 8811
7278 4284
-6808 -2845
8547 6393
-9423 -1399
-1675 5266
546 -7162
-2557 1523
3493 8299
-5279 -1183
9015 9744
-8109 5697
-9924 -2501
2285 8283
4880 -1802
880 -2860
3135 2062
1614 -5633
1973 -425
6888 -1324
-1727 -6633
126 6906
3450 4563
-9653 9096
-2848 -213
-5415 2616
-2258 363
-2103 -5707
-2712 9773
112 9267
-4721 9615
9801 7548
200 -8470
-8462 8750
4774 5448
40 -5024
5702 2171
-5255 -3318
-9650 6340
6714 4239
8620 -5151
7875 -5026
-9522 -2765
-1621 8537
-2655 7990
5518 -3727
2616 1921
852 -9120
-1422 5223
4050 -3932
1441 5941
-9404 1135
9542 -7078
5201 -7439
7292 -4898
-7208 6737
5118 -1329
-6875 -8191
2013 9111
1963 3186
-3371 -7519
1880 -563
9675 -4008
-9465 8377
-6043 -384
4760 -2847
-6624 -7024
-4842 6778
2270 3851
-8204 -2195
-4420 4829
4381 -4905
7854 6728
2925 4323
3339 2824
-2819 -9387
7189 5303
2851 -1269
2007 -7062
-9271 8176
8288 5244
-8916 -4786
-4274 2088
-248 8563
5474 9367
6390 -9573
-1763 2057
8914 60
7817 5058
4981 2414
-8324 879
8349 8827
-8391 -7608
-770 4103
-9948 -4901
-4843 -8702
-898 6637
-868 5259
-7312 -7801
-6904 9302
-8538 -5012
-6123 -4908
-5672 1675
8517 5886
-3362 8364
6726 2191
-7891 4583
-2572 3413
-2735 9474
997 -6806
-7386 -1802
-635 9288
5265 7181
-2462 3473
5011 -5699
-4632 1529
-4517 -7252
-8555 -7453
-1716 -6981
-8762 -2628
-1220 7803
-4694 1491
-5204 -5724
-6466 -4021
-5886 473
-7257 -2487
7945 -4845
-9538 -284
-8868 -3457
3408 -5407
5992 943
-2724 8671
-2819 8520
-476 -9043
4076 6412
-9619 5967
-9604 -4483
-97 -8471
4011 -9523
9904 -5181
-786 -305
-4009 159
6946 9834
4557 539
-5282 188
6065 7112
5979 6609
-844 2070
-6421 -7205
6734 -1401
9484 -798
-9103 -9376
-4608 -6478
-8372 4039
5334 7155
-1576 -9721
5901 5786
5723 5041
-4182 9049
-9488 4542
2119 5096
-183 7087
-2591 -2431
689 7146
9954 -8309
-7810 -7059
5461 4394
-4735 -3464
-6188 7840
1215 -7228
-1937 -8653
-9679 5483
9832 -1170
8449 -312
-5134 -5794
-8929 6585
-332 -8604
5346 -1992
-714 -7260
-9069 -3518
-768 -1944
-6046 4636
-9316 4916
-9646 1356
1102 2755
398 1022
-8927 -5919
-9918 -5094
-8218 2774
8201 -9150
7960 2013
7979 -1638
-4366 -6062
-7215 -6561
-5943 -379
-4673 -8856
7891 -4263
1257 1938
5334 -5298
6353 6448
-1257 835
5103 9532
4858 3019
-2257 388
-1144 8408
-2852 -6832
-1405 1079
-1715 -8289
-9061 -5186
-7548 8963
-9468 6625
5345 724
-9227 3839
6559 3112
-7034 -461
2049 -9843
-4146 -4458
-4940 -169
-1738 -9514
-3820 8786
8184 -5244
1517 -4279
9123 2047
8203 -614
5984 -2187
-8586 994
-2686 9457
-5761 -1075
605 404
3071 -7734
3057 1687
2781 -6403
1419 821
-9119 -8538
-2503 -9791
6590 2326
1108 3722
8681 5088
-9100 2464
5983 -7358
-7146 3990
-1311 8421
4330 8746
-9249 -8293
8811 -200
-4259 1676
-3055 -8397
787 985
1427 -4107
890 -4477
-1426 9782
-9090 -8415
-5101 -7999
8972 9303
3371 -2027
-6843 -414
4023 -5341
-1509 -896
8608 615
-6386 1401
-5837 1213
9445 -8482
-9531 6126
7929 -2229
-6660 1932
-8806 -2962
-7245 -3671
7580 -9121
-9447 -5859
3732 6370
-6271 9050
9476 8841
9987 1527
-6994 9360
-1263 3636
5365 6574
-9144 -633
4146 3881
8064 2247
6959 1010
-9652 -6011
-5677 3891
28 -5692
-4124 -1994
2812 7743
-831 -8102
-978 2097
-974 6187
-1610 -2805
-1747 -9525
8006 3553
955 -9788
450 -3814
-3583 9709
-7077 6117
-1207 -6944
2519 7044
-8457 -4679
4724 -4731
8666 -2677
7653 -1891
4474 7942
5076 -9380
-5477 -7371
1921 1773
5256 -1112
9435 -3102
8838 -7314
-8470 -5952
5811 -7157
-2800 9404
-2726 932
2432 7286
7077 -1530
-9429 5314
6677 4349
-9797 2156
2098 6285
9768 -2343
5661 9381
8781 5992
8870 -8275
-473 1576
-5513 -876
72 8287
7757 5720
-4968 -3192
-6132 7588
-640 749
-2906 -4437
5719 -2235
6725 4471
-8407 4305
-1397 -1965
-1021 4476
4430 -4332
-4285 5057
-4678 7909
9666 -5359
-4353 9558
-5049 8066
-1643 4468
1789 -3494
-1430 -3403
127 -708
-2986 -3646
2731 8912
-5407 9073
1510 -2073
-689 -1399
-988 -1263
-4394 -3534
-3004 -7921
-2158 -4311
-3930 -5664
-9015 -6728
-4586 6376
-4647 -7190
707 8868
-9871 -3230
-2233 8346
5527 3438
-5401 -3966
7892 5371
4992 3985
-1525 688
-7149 -7383
-3856 2297
-5315 -8660
1817 5476
-2405 8749
-9942 8355
-4807 7508
-831 9345
8818 -8262
4760 9957
5509 -8063
-2794 2210
-5033 5145
-163 -3088
2183 -4668
4273 1452
4763 -3228
-9056 -5958
-6382 1950
-9109 -72
3418 -292
4232 6535
1977 -5070
-2666 -2799
9637 -9707
-6497 -8936
4965 2956
-197 2735
-8298 -8832
2011 -5934
-7449 9172
-8342 6582
-6459 7738
-5729 -477
-655 8014
-34 2385
8299 2234
6366 3913
1231 -5865
793 -5345
-7061 -2673
1386 -9504
-2651 9768
-7422 5492
-4421 -4475
-1109 1242
2793 1663
4880 -2760
-3961 -5856
-8701 -6790
8474 -6609
-8184 -8333
9427 -7116
8300 -5430
-8056 2503
892 343
-701 -4455
-1867 -9459
1773 -3334
9583 4126
9087 -955
6515 -8608
-3137 8055
-5475 933
-1518 8640
2546 -8013
-8183 7914
-8096 -488
-3506 2287
-5639 8555
-1434 4248
-9594 -7457
-4405 4718
-6256 7284
-329 -3427
6944 -9758
7180 7641
-9641 -2199
-9091 -5347
-6606 -9391
3477 480
-2984 4931
6842 -3571
7088 -9960
-459 -9380
387 9321
-6868 -9334
-1862 -5769
-6709 -1645
2246 6354
-7317 -8315
479 9983
-3357 -8547
4874 7381
-510 9013
-4343 -4230
1631 -2554
3571 7162
5683 -7876
9439 4682
-488 7814
403 6611
-5329 7839
-7395 9633
-5703 -4523
4117 -9204
-4599 -5774
3314 -2171
8777 -2034
1750 4313
-1861 -3354
993 -7625
-787 -2347
6011 -942
1283 -7771
-3923 1307
781 1227
8607 6278
153 8331
-3594 3830
-87 2955
7991 -4832
413 -49
1272 -414
-6646 -799
-7248 7790
485 6812
9236 -9285
6777 -2860
-9630 -5000
4019 8607
5410 -8018
5779 7661
-6856 -7830
-175 -7252
2932 7458
-4745 8361
4995 -5715
1071 -8957
2766 -9208
2349 5673
4595 1967
-5574 3098
-1063 -9817
-1037 6235
-6087 -900
911 6500
-448 4492
-135 -3367
6964 -1765
-3002 -5294
-5871 -2469
647 -1002
-9524 -9535
-7241 -7584
-7868 -9852
3900 -6821
-209 -2737
342 6312
7073 -4168
-1898 -3627
6437 3342
5226 3974
4253 9357
-9116 -9996
-3826 -1493
-6258 4677
-2826 7859
4032 -3023
7652 3339
5138 6058
-2334 4492
5339 8031
338 -5329
-1131 832
6243 6235
-3421 -2126
-941 -6117
-4093 43
-4771 3134
-8041 5312
497 -9795
8192 5322
932 -8242
-8975 -8786
-7571 -8258
-3196 -1504
2705 9565
7965 -3766
-4279 -8846
-1064 -1646
-3394 3162
-245 -732
-1164 6815
-9929 3374
-5787 -7303
-6057 -5624
-2557 967
7543 7326
9122 2585
2339 5589
4481 -1892
397 -5849
-4638 -8820
6207 3573
8297 -8931
-6262 -187
-4702 -4253
-1246 -7416
-7430 3204
-3673 -4244
-5715 9097
9821 -2069
244 -2167
6690 -5138
-1530 8966
7392 -4520
9703 -4148
-3411 7842
-7673 -4611
-1052 3100
-7142 -4282
5750 23
-7147 8302
1822 3947
9993 -4224
8511 -7285
8919 -8283
-4634 -3199
8059 1512
-7686 -8905
-1912 -4259
5861 2725
-4228 7433
5672 6988
-8474 9141
8684 -490
-9195 9790
4411 -5530
-4431 -1358
9477 -308
9575 637
-5866 639
6381 9729
877 2771
4176 -8349
4036 -1932
5253 8786
-9934 -1987
8872 -7683
-2393 -5708
-8878 8226
5651 3043
-5349 -5620
-2511 -1725
7705 -3990
-4563 1145
-1367 -9341
-9599 -5832
-2720 -5519
9244 2814
-7264 8676
-906 2581
8252 6094
-8696 -5386
3897 9814
463 8511
7063 -5264
-8042 -133
9571 2803
-3470 -7711
-8830 -2018
-6959 6144
-620 9825
-6381 -6656
9279 4996
-366 604
9917 3980
839 7382
7256 5256
9932 7829
-9129 6372
-5027 2207
-8342 8102
5604 -8493
5492 -5363
4501 2662
9531 3698
9934 -5621
4115 7524
-6739 -2913
-1202 -855
-5649 -2505
-8968 -6232
7340 -8022
6674 -9622
817 -3665
-9375 5461
-47 -5541
1208 6892
2048 7276
-1750 1462
-1319 3785
5232 3085
8169 8961
4121 -1367
-6943 -539
-1433 2488
775 -5451
-1236 -7242
9171 8743
-2268 -1862
-9921 1737
8254 5268
-4370 7072
9509 1362
6456 6123
3640 -8273
4190 -9112
-2134 9495
6668 8445
4482 9624
-1235 -4646
921 4242
8374 -3664
1550 -9531
-337 3406
-7407 -2125
-8142 4946
3467 3436
299 3095
-5643 2785
-7315 4279
3857 -5200
5233 5620
8392 4868
1399 7849
9997 1718
9378 2765
-484 7687
3706 6394
3651 2348
7149 -3185
7133 -8266
3579 -3960
-9378 -2056
657 9403
-9418 6893
7783 -9890
7909 7464
9093 -1539
-9789 7176
9979 -6139
-240 -2717
-2793 5294
6918 -905
-1658 -5712
-4759 609
-1025 -8197
-2455 9894
4746 -3144
-8927 -5650
1895 -8939
2895 2897
5873 150
-8008 -8994
5161 -5583
-4656 -8529
-5897 -9229
-4071 2050
4230 -6493
3273 -8992
1183 1596
-5851 1195
-2957 3781
8650 -8482
7075 133
6744 4746
1260 1761
-7920 8598
6809 -7891
-3744 -531
7993 4621
-4146 4263
-2401 3297
5435 769
-7877 3123
8684 7098
713 -8788
4076 -8022
850 4040
312 5303
6170 5606
-552 -170
-987 2541
5052 3888
6812 -7870
-4691 -8131
-1616 -6339
-9912 -9684
-997 8010
8335 -7258
5361 9937
-6073 -5129
4061 5347
7481 -5431
1416 3789
-8716 8665
-4796 3088
1710 -1056
-5112 2724
6186 1244
-9026 -180
9576 9758
7622 1827
-8731 -1090
6047 -2636
2649 -2223
443 -2293
-2744 6991
-3080 -902
3115 -2327
5206 -2660
72 7958
-4747 5365
3851 1258
-1193 -7216
7876 -6968
-3967 1305
7378 480
674 -8021
6764 -2909
-2363 6342
7062 1226
-1865 8582
-1127 7490
-6219 -6703
-7851 -1988
-539 2059
-7866 9512
-4126 1923
4942 6218
-8001 -8798
-5979 2775
-5245 2350
-1604 -5350
5494 6333
8461 9287
1351 2207
8014 5071
-3834 -3441
5421 -3158
-5775 -8030
9430 3909
8687 -5813
-3432 -8506
3957 -9218
6017 -3133
9348 2795
-6772 7359
-303 4500
6229 -4463
6478 436
-7014 -5232
2663 9565
893 -6047
-9705 5281
-9364 -6535
-325 1115
5661 5173
-2727 1544
6065 7849
-5317 1401
813 -5977
7821 -6009
1722 7887
1248 -1841
1009 3759
-5491 -7365
4043 9387
-9155 8450
-1711 -1641
-9726 -9941
2007 -5738
7149 -3796
6738 6780
-1999 -2032
4394 -6593
7919 -5195
-838 -3880
9369 7296
2613 1114
-5787 -990
-3649 -1044
-8519 -3436
-8534 -802
-4077 8343
-8218 4142
6648 636
2569 3301
4160 2598
-4299 -5292
-7218 -2850
-8222 9689
3375 -8549
-6316 -8911
-5491 -5345
-3803 -9733
-4439 -8184
8658 -7326
9448 8981
-342 -1644
-2695 -739
-8670 -8535
7628 -7262
7339 9790
-1855 2604
-1555 4359
-6111 1443
-9311 -1125
-2665 -3177
-8430 -4600
6617 45
-6126 -2597
4939 -8721
1077 5944
-1024 -355
5658 -7660
6244 9390
8094 9483
7081 -1137
-3928 -5216
4250 9394
-8058 6558
7307 5273
6363 -5521
-6687 8342
3589 -3387
2610 3105
-2488 429
-6375 -816
-9970 9258
-695 167
-4403 5870
-6519 1186
6184 -3042
3273 -872
-4823 -4842
-6526 -655
4975 -9382
5254 -8108
3144 -4456
-1911 1299
4915 -367
-1678 -9330
3201 -4612
9840 9398
1873 -978
5308 -3368
-6368 -7411
-3957 -7393
2931 -40
-314 1463
6134 -3892
9587 4687
-3259 3148
-7220 -5700
7175 -4474
6497 3691
-9828 -4859
7560 -7350
1005 4943
620 8394
7713 -9461
836 1196
9501 -3442
8344 -9552
1203 -1746
-1709 9664
4345 -7412
6159 -8710
-8915 -4263
-1375 7654
4903 1179
2968 -6247
958 295
-9850 7658
-5902 -6708
-2087 4582
-3912 20
-462 5873
1173 -5584
-3938 -2463
5765 6565
3766 -6824
-1443 8432
-1430 -8552
-8007 5690
-8299 1473
3938 1688
6908 -7789
5629 1677
1191 2648
3167 3473
8887 -6422
-1339 -618
5265 5590
-8775 -9060
-2102 -2779
-5990 8673
4944 -4515
-972 -1434
4457 -6922
-6657 6442
-5111 -3757
-4182 1496
-2525 -7459
8747 1055
390 189
-2314 -5403
5960 -2543
-2887 2558
7796 3557
-6518 -7103
4694 4116
-3256 3037
-8304 -5803
-3224 388
-9827 4660
5819 -7292
-957 -8406
2136 1126
-7915 -9386
4764 809
-2228 -6666
3012 2199
-9792 9856
-9876 3055
287 -7847
-3373 -1484
-3069 1296
9646 3312
-4055 -8426
1232 -9434
8822 9752
9964 -9776
-8527 1877
-8588 -1923
3212 2268
-7838 6127
-3360 4781
5159 -7772
7012 -2238
4607 9242
-1733 -1490
5874 6390
-3875 -9296
6174 -1925
-9596 8007
4186 -7275
-6102 2234
4229 -7809
-6565 -9239
5648 5618
7026 -2614
6790 3480
-7432 1387
-6060 -3075
4936 9994
-5438 -6319
2496 6387
1097 -4683
1490 3325
-5279 2250
-9403 64
-4064 4808
3019 -9107
-6264 -8074
7665 -9514
-5339 3540
6520 -8673
6770 4455
-2900 3628
1912 -5924
1721 -6645
-9375 9781
-1879 414
-2866 -2923
-6217 697
-7071 -9780
3420 -9864
-6792 6405
-8365 -1090
-6344 571
4601 -1217
1952 9883
589 -5431
199 8584
-5444 -5662
5096 6437
-952 -8334
1638 4904
-25 7606
8628 2376
6956 -6904
8482 -2072
9676 -6945
-2571 1677
-7401 1213
3070 1264
8400 -2066
-4128 2242
8489 4253
-3109 -8844
-2602 6953
-9892 6466
1666 4797
-9754 2492
9335 -2613
-8119 -7174
-2975 2184
1118 1966
4962 -7369
-3366 7194
1943 2964
2761 9993
-2633 4198
5821 -1033
-6561 -9347
3732 9018
-4468 7233
-8503 -4162
-3188 5670
9365 -5808
-6303 3437
4624 -4078
6515 1288
-8072 -1433
-3200 -9748
2932 9227
-2860 -699
-6140 -609
-7891 -445
1953 6582
-9335 -5137
2697 -9049
8284 -4011
1884 2258
760 1149
8558 6733
-958 4969
1547 -3589
-6388 -6998
9258 1969
4823 1232
8506 -9364
7019 -4767
8250 7654
-3171 -2563
5446 7521
-9498 6312
1252 -8806
7537 -3815
-3415 7846
-671 735
-5559 -7261
-499 -1424
-3662 6828
8714 -6635
1439 -7846
-8598 -6742
5267 188
-1316 296
-2709 6663
-5615 6841
843 3067
6069 -8771
-4130 -7530
-906 -4597
8843 3480
1366 7948
5484 1200
9026 -6002
-338 6374
1028 1229
5022 -9135
-994 -3360
3092 6847
7285 1129
7804 8123
-4769 3820
6813 9211
-2876 -3461
-4830 1224
-7669 -5389
-6512 9308
5157 -8918
8693 -7175
7404 1820
9317 -770
-1623 -9336
7224 6226
-4510 3620
-4547 7887
6229 2817
807 -9377
-7892 8321
-9278 -2764
102 8079
7833 184
5608 521
1107 -5136
8362 -2656
-5250 -9008
1005 7025
-1616 -7323
6357 1175
90 -1486
-8782 -1496
-7928 3544
-5306 -5679
-8381 -9979
-6649 191
-9662 -8814
9170 4298
-2060 4069
5126 2775
-5848 9735
-9092 8200
8653 5025
-587 1363
4606 4462
-2866 8099
-6036 9422
1965 -2469
7436 -166
9344 -661
-5707 3158
7033 6262
-5342 -853
-8151 -6486
3070 1300
5514 5450
-5735 4355
8415 2709
2403 7038
9967 -1834
-8248 -310
-7015 -6259
-3106 -5340
-8725 -7686
1588 -9384
-802 3128
-3519 9523
-3486 2157
-8112 9275
-1448 -7720
-5819 8137
-7724 7948
-545 -2230
-1643 4443
3878 17
-2254 -4804
1018 -3643
-8851 -7382
60 -8209
-1273 -1082
4431 76
-5989 3872
2258 -6071
2455 3594
-8760 -4692
8551 -4555
-7522 5453
-780 8883
-8123 -1758
-719 1519
-391 2607
-712 -1400
463 5191
-6516 -8538
-5085 -268
-7738 -5551
8454 1524
7454 9008
-6518 2371
6418 4416
7791 -6854
7849 5632
7800 2915
-8277 1211
-1883 6743
1057 6405
-7203 3336
9191 6431
5507 1434
-9115 -2585
-7910 80
-8625 -7919
-2262 6958
1231 -1910
8244 8654
-9020 8558
9197 8586
8989 9709
5297 -5003
-679 -8199
-7355 8562
3939 5080
3844 -3227
-7035 9427
-4857 5096
-7465 7890
6150 6406
-8336 -5542
6763 -2867
-2099 1418
860 -6761
-2637 7325
-7415 -6333
-2318 9212
-9845 1044
-7049 -5743
7187 8304
-9472 4104
6818 7044
8309 -1953
8888 4924
-2171 -7056
-7573 -1099
-9735 -6938
2717 4596
7661 -5634
-1259 6282
-2522 -2209
3063 -9464
-118 -5201
1256 82
3493 -2220
2961 1751
-6615 6879
-6201 9348
548 879
4042 7160
-6294 -7953
-6128 8640
-8548 -6794
7745 9267
2210 5271
8063 7059
-4357 6536
-565 3503
-2623 7053
7885 -1861
7953 -1039
941 -6478
-4162 -5090
-9963 6193
7469 3228
7641 -8914
-3418 3440
-398 -6981
-194 4222
-2762 -904
-4492 -3542
6269 -4424
-7242 1709
-258 5787
-1227 -3724
5365 6010
-29 5550
2249 6652
-1259 -26
-1163 -4094
329 2523
-6982 9145
-9738 -7233
1751 -6468
7781 7568
-7905 -8180
-6748 7386
-4897 7670
5736 5412
-8804 1392
2867 8288
-1500 -6986
824 1166
9042 -8354
-7706 5885
-6032 9400
4314 -8153
-6229 -3386
-269 -9503
-4833 -3205
-1495 -8860
5760 -8915
-7487 -1245
-5816 4301
-4184 -680
8753 -9693
-7360 1944
8332 -7744
-4801 -332
3564 -5782
-8720 -8209
6783 9781
-8499 5297
-751 -7810
-5656 -8806
9521 -7410
-5962 -2043
3871 8967
-5948 2533
-2356 -6218
-2457 -9273
-1667 -6610
340 -6997
-9948 1044
-9415 8031
2294 -1388
9960 -8060
-4943 -5211
6285 2431
9395 -6698
6071 -7583
1820 3971
-7725 1065
-7865 -8629
8155 3903
-4429 -1336
-5153 7927
-3659 -4208
8287 4369
5650 1654
-2335 -3989
4924 -5038
-8692 -7197
-6475 6638
9717 -5660
-1133 -9731
-4398 2506
2119 3374
4056 9413
-8804 4890
-5737 182
-478 7437
5512 -2517
-4861 9416
1288 8690
-1215 8871
-37 5747
9019 -6996
2485 -8103
1340 -7167
-5176 1265
-7344 2404
-8360 8554
-6696 5369
-3099 6057
-4597 775
-8167 -2994
8980 1073
9228 1077
6963 6321
3528 3373
6105 -3535
9066 -794
8394 9820
-5784 1280
-2558 -579
-9012 -3982
2519 805
4514 -1700
6739 -6509
-1524 -1909
2567 6304
5929 6757
9008 6827
9008 -4442
-7704 573
3703 6656
-4584 -6645
-1531 9503
4656 5272
-4005 -9331
-2864 9960
5248 9693
-1656 9735
2733 -6798
-5502 861
-5514 6854
-8266 1013
-8232 8928
-5576 -8392
-8129 -7690
9020 -6588
-6143 -3608
-7885 -5744
-6372 1260
2262 9356
3302 8475
1648 -9328
5842 -4363
-8517 -8389
9729 -5393
5732 4397
-7923 -3677
-3438 -7817
9805 -2324
-8485 4476
-5566 -5636
967 8830
-6853 -3756
-8792 -4051
-2863 334
4107 2793
-4007 -2767
3780 -6480
2154 -2254
-4527 -3019
3929 9982
7165 -4208
7686 -653
7060 -3552
-8291 6227
2750 1347
1637 7087
5130 -1060
-148 3250
-6313 2931
6817 -6177
4814 -670
-6027 8835
-3975 1523
-6532 7616
-8664 8838
9703 -1001
6954 -1942
3284 -6730
551 7823
3151 -1982
3145 -5957
-1844 -2920
1713 6863
8740 1948
5791 -1847
7723 -5882
3190 3477
-2789 -1559
4563 -3124
2143 -8156
6380 -7215
-9315 -3311
-1899 -7217
-5504 4094
2103 -9497
3353 -9009
9989 -3261
9529 6997
20 8460
2836 -2608
-1749 -5075
-3632 4827
1129 5374
-8473 -3585
5766 -3891
6147 6718
3196 2706
425 7170
-1975 7765
3239 2160
-5284 5382
-5628 8127
-8768 6422
-3578 -79
4197 -2054
-7081 -4782
7597 -9698
-872 -5370
3060 6992
-5092 5370
-2440 6035
-591 -8182
9176 4765
-3246 -8356
5349 -1722
-1607 -7418
-3920 6789
-1774 -5636
-3687 3989
8700 -8773
-3293 -8315
25 9757
-7960 -5480
7229 -4136
-5030 8335
879 -9243
-143 -4360
-6690 3289
7941 -8154
3336 -6327
8224 -4967
7360 -9446
8402 -1423
876 -1176
-5989 -1167
-462 -9413
2878 -7910
9656 -8084
-2998 -254
-943 -1467
2428 4625
-7260 1911
-7145 -5078
5835 -3337
5465 1505
8730 -117
4625 8453
-5212 6918
7169 415
-3527 -1128
6100 6343
2951 -9785
5140 1181
-4018 -3626
9760 -5733
3178 -3748
-8965 5923
-2859 -7637
2666 -7632
7102 -8094
-5439 3074
1559 -8099
4772 -284
7468 -9107
-8554 3650
8807 -1003
-3246 -498
1357 2037
-1954 -2344
-2505 1825
9707 504
-4474 6996
-6596 -9927
4891 873
9854 -4777
87 9473
6058 -9510
-9178 3965
-3548 -4326
6429 -9375
8634 -546
-5202 2370
-2761 3641
2121 -5472
-4619 8338
-8688 -6873
-1039 -5134
-2868 3163
-7977 -3514
3667 -4004
1896 2163
1345 -7628
1532 -8409
-5409 -5145
1983 3559
-8521 -9811
3225 5700
1385 -4588
-5910 8114
4791 -1471
-8731 7275
-9788 2709
7401 -7410
-3304 -7726
-391 -4942
-5785 7093
-4230 -3021
-961 6391
-4010 939
-6713 -8803
-2624 9352
4696 1025
-8637 -8274
2600 -3619
9094 -6671
-6854 4418
-7619 50
-6671 8165
4566 -3542
-2506 754
-99 7262
2538 -638
661 -7272
1581 3671
3903 -7352
-7326 5959
3283 -5258
-1920 -7770
638 -681
4195 -8605
-9723 -4472
-1194 3986
-4608 8967
383 -2414
8904 -7840
6071 3710
6615 -9171
6785 -4872
-1241 7438
-5372 -9918
8155 6036
1433 -791
1027 3961
-8879 854
5751 -6915
-7287 9956
-3903 -5773
-8157 1368
-4920 2896
1537 5369
-8533 -7052
-1329 -7106
1936 3313
-4211 5966
8440 618
-2997 -6711
-3352 5552
-923 5776
-4977 -4261
-4452 7841
-7661 3881
-8215 348
3395 -7774
4495 2077
3189 -3689
-6888 -2156
-4877 5678
121 9336
-3282 7079
-474 9069
-6067 -4716
-8800 3238
6858 2112
6702 1925
-1113 -3193
8693 5162
-5614 -2888
9595 1133
3446 9340
2597 -5932
-2428 1732
1205 3747
-4716 8153
9702 -6290
6093 1187
-2109 -6241
5726 -8075
8415 7882
-1040 -4581
7523 1236
5870 792
9069 28
-8690 -1186
6963 -3862
2215 -6619
-3683 2341
5753 1783
-105 -4585
3186 -25
-5294 4180
8629 -9703
1949 -2422
4234 -8692
-2392 9911
5147 7789
-138 7872
-8744 -8356
4287 2748
5545 -4541
-6738 3671
9295 -6546
1015 9809
-6790 3628
8553 1247
8317 -4543
-286 -832
4125 7306
-3326 7428
4205 9013
-1198 -8215
-1445 -3572
-6742 -3809
-238 -7288
4325 9023
1356 -5918
5528 -7676
5542 -1414
-8976 -4502
-2612 -6634
-2351 889
-2143 -4441
-9053 -5733
4957 -2664
-2944 9028
1029 -1276
8325 7149
5385 -8771
-5801 -6684
-6733 1967
-9140 7385
-1265 2486
282 1319
-2265 969
-107 -4328
-574 9347
-8687 8972
1389 9237
1589 -2388
-862 2911
-1187 -4023
574 -5275
234 834
-2461 4167
-5061 2552
1880 5546
-9180 -5726
4513 -3488
-3774 -274
-1150 -2684
4481 7461
1943 4192
-8933 -1871
-5763 -896
2523 3764
996 4058
-804 -5661
9053 8360
-2290 -7119
2949 2861
-2980 5778
-9682 -3282
3083 -789
5355 1518
867 2189
-5143 6871
-7207 -8895
6965 -5812
-7610 2672
-7831 -8822
-9406 -2217
-6511 -2864
8572 7143
9811 -1131
-8202 -7219
3357 -2425
-3628 -3666
-6855 5188
-8955 4516
2694 -9070
9690 6909
-2415 5893
6943 225
1035 -4802
-7243 -7262
6349 4519
-8489 -8936
-2859 2819
3615 4695
8834 -1608
-8707 -7272
8265 2896
-1680 3087
1114 -459
-9194 -7568
2706 4125
-1011 -357
2584 6182
-5010 -180
9899 -6145
-8094 5175
-9003 -8762
-2745 -8509
8888 8896
1574 7696
-330 6180
3792 4241
-7621 -9326
-7561 2785
4899 -7136
9372 -7396
2697 3372
7721 -6215
-378 -1454
8453 -7166
-6492 -3617
2173 -2721
-4363 4379
-8085 2132
-3424 2648
8968 2394
-4180 -6537
1786 -351
7500 -528
-8227 -5784
280 5216
1068 -7404
3017 -2201
7938 -5956
9601 8330
-6916 3368
-531 -3069
-3429 3137
1335 -9464
7853 -2617
8215 7516
-3207 -607
-9139 -5665
-2238 8278
3926 4077
9516 -2565
-9980 -2228
1249 5310
-2594 6794
8438 3818
-7654 5832
832 -3749
-1127 -5816
-3839 -6260
3012 -9456
-8093 -4092
1666 2141
7691 8304
8505 2572
-5885 -3928
9127 8371
-1067 -938
1502 -8850
-7863 -2165
-6898 8468
8440 8817
-4623 -7141
-6273 -4648
5375 860
2340 7480
9011 6476
4913 9885
2371 -7449
7246 6006
-7382 -9076
-5099 3395
7250 1022
-1994 6022
-5553 -9107
-910 7271
-8277 2534
-6397 -6614
1951 7599
3146 -4723
8785 8186
8370 -9294
7653 9913
6251 -1130
2526 2318
9615 -1161
-6219 -1652
5808 5586
4885 4718
-3787 479
-4314 3343
1071 5057
-5359 -9147
7837 -172
4613 -5509
-4129 -2864
-947 8129
6601 1088
-2763 -6768
8983 230
-211 -614
-9931 9458
6399 217
-8574 6029
-4124 -7919
4260 -2013
-5056 -8520
-1805 -8900
-9203 -7025
2223 -2574
8393 1335
-9228 -2093
1855 6489
5246 5492
2918 -9488
2306 -5996
-9759 -107
-9819 -8070
-6766 -6489
-9325 5528
3568 3092
-1827 -7780
4596 9811
-3739 5892
-1740 4544
-2742 1416
8958 -8921
5696 -7987
2192 -5749
6698 -8812
6884 3830
5370 -4891
-2952 -3063
3504 -695
3653 6342
-1243 -3992
-9843 9758
2310 -191
4004 4039
1321 -1441
-3609 -5030
6608 -6801
8185 8533
4560 8766
-2197 7682
6726 9128
-15 1541
4851 3876
-4894 2929
1262 -3688
-8637 -2575
-5085 3937
783 8105
1612 633
7854 -1439
3387 -6242
-3891 -8500
6425 -9458
8533 -6434
4593 -9403
-1447 5530
7117 -1739
-8548 -2754
6214 3156
706 8319
1931 3319
617 5287
1497 4136
-2960 3906
1252 5992
-8339 3471
9139 4061
-7504 -1307
9691 1664
-3193 -4531
1012 8821
-2963 8562
-6528 9637
-6044 -1303
-7924 -5215
5640 -9819
4651 8646
9436 -4165
-2536 437
3543 9594
-6061 -5052
-4375 1850
-7155 6759
-5194 -3785
-5622 -734
7684 7813
9602 -4083
-6746 -1709
-1484 2570
-7473 -960
1472 6903
2393 -1913
-7774 5139
4311 6606
-8885 -8812
-1673 3158
6778 -8902
-8357 5437
865 9468
7524 1028
5783 -7662
6544 1271
-1281 -5793
9234 2161
-3973 -2532
-9514 -7855
-357 -9337
8393 7771
-8524 -7478
-8602 4513
-3337 -3749
-5336 -8808
5880 -4970
-1807 8187
-9828 -5170
31 2965
-8379 -3513
2945 -1451
4461 6980
9162 -1872
4884 -7751
-6902 -2398
9974 -8389
9621 -1857
1110 5406
5342 5597
1247 7541
8689 -4446
-2031 6163
-9527 1831
-4880 -2144
-4649 6802
-3907 -7002
1122 -1813
-2912 7738
2355 7197
-1778 9790
-3891 -6907
1429 -8702
1353 4129
4599 -6145
998 -6406
-3321 -1441
-1436 -8362
354 -9447
8805 -387
4757 -7914
-4473 6161
-8883 -748
5872 9783
1062 1409
-7669 -6495
8850 -5683
3218 -6232
-5636 -3367
-798 -3710
-9450 -2363
6560 1526
3782 8548
-1885 -2925
-4586 -816
1374 -4374
3467 6819
-7232 9632
6687 -9885
8229 -6063
1950 215
4481 -8394
-2477 -6086
5888 -5768
7180 2657
-606 4996
-1540 -2887
6778 2537
-1949 -7868
5579 -2421
-8723 9674
-6667 -8654
3884 -8478
-5968 6082
-7156 6546
-1703 -3091
-5928 4609
-7529 -1566
-1849 -9935
491 -3542
-2229 6599
8109 4097
-3474 9155
4291 8956
-2975 7582
7630 1128
-5348 -4245
-9476 2730
2695 4372
-807 -9455
3591 131
-715 -8082
-1102 7990
2451 5890
-4624 -6438
-8749 -8052
-6855 -6935
-9808 7753
-8960 2362
3693 8272
-1184 6321
-8601 -2340
-9038 1515
4862 9116
9929 7219
7130 5194
6903 -6328
8815 -848
6157 -9230
-1969 -347
-3010 -7886
-9987 -6890
5071 -9383
-3486 -9532
9296 6506
2341 9783
-1118 8454
-8634 6789
4593 869
2222 8952
-8657 1719
-519 -5654
-6268 -6203
-3113 -4575
-6029 -616
7301 -2243
5977 1882
7581 -89
3460 -5459
-6303 -1845
-32 -4582
4650 8085
-5062 -3945
-3235 -6958
-3634 7757
-5554 -2449
-1263 6203
690 -7896
-9400 -1442
-4861 4129
-7769 -2384
9511 -9187
6153 553
-6649 -8055
942 -6723
6464 -373
-6973 -9930
-1473 -1832
-7479 9925
830 2091
-1787 -9753
4840 6681
3136 3912
-9427 6535
-3185 9232
2662 -5996
7342 2270
-7719 -4560
5026 3518
-4867 2604
6049 -5601
-8755 -2778
2813 -5459
5843 -1285
4334 -9589
9204 5568
894 -5161
-1827 3687
-6913 -5490
6360 -5617
7001 -8538
-4331 1928
-1108 -6705
3913 -3814
9768 3185
6094 5567
2592 1234
1306 -9056
-4574 -3122
-4996 -6068
5610 -9223
-9263 -6325
5679 9377
-3854 -5023
-6369 -5814
-8384 440
-9961 -6509
-4671 -6800
3816 4982
-8645 7780
2496 -478
-6123 -7071
-6416 8126
1968 -7849
9803 1244
8894 2523
-9292 676
-235 4489
-1634 -2721
-4190 -385
-3146 -531
3639 -5131
-7882 -1483
62 5925
2714 -469
-8170 6939
5487 1649
2758 -3508
2136 7297
-8711 -2379
-2551 5867
4469 8665
7858 -6218
7503 -6235
4942 9836
2505 226
202 -9614
-6092 7651
67 -5051
-2935 -9601
6847 -6711
7391 -7106
1885 -8661
-7380 -7150
2566 -2655
4565 2014
8817 3331
4830 -805
-39 -6791
8523 -7280
8934 -5307
3596 -7957
-4607 6900
-1021 5612
4850 -7039
-9958 1232
1879 -6075
8760 -2384
5904 7267
-7172 2148
9563 7093
-1321 -3413
5250 -6536
-4292 -101
-7495 -230
-346 385
-8877 6483
-6243 8562
-9106 -4087
-8337 4057
-1065 4014
2317 -4051
6805 -1440
1710 9538
1825 9828
1089 9000
2838 -8506
-4328 3313
-3312 -3406
-4779 -6252
-1633 -3072
6549 6217
7736 -2285
2701 -6204
9139 402
1925 -8812
-3601 -6170
-6878 9766
1212 -1964
3320 -128
-4748 -2768
6338 -2101
-1210 2813
-9466 -1694
-8700 -3344
-8239 2277
-1166 -921
5345 -4257
4278 -3202
-8834 1699
-963 7046
-2038 8402
-5944 -5455
-2150 1696
4267 8019
3730 1731
-4621 6056
448 662
-8623 -9750
8279 -3128
5712 -215
-9338 -5342
-3478 -8773
2864 -9187
7097 1404
-5878 7041
8763 -1929
3025 1004
-7800 -4395
8371 -8879
-6558 -2186
2825 -5276
-6167 853
-3599 5045
995 5719
-3195 9540
7258 8722
810 7727
4691 4809
-5195 -1968
4616 6042
-3738 -8924
2333 5575
-7758 2632
8482 -8317
-173 2786
394 -4050
5229 -996
7624 2873
6111 9981
1459 4170
1936 556
1171 2593
-9628 -7683
-9916 7401
-8139 -8870
-2003 9073
3347 -1434
-4457 9086
8046 1355
4508 5292
3654 2123
5708 4027
-2878 6446
2405 944
-408 -8010
-199 -6279
-2767 -9309
-6360 4224
-5093 7113
6744 2517
-6834 -8535
-2324 6822
2265 -1293
2137 -9699
-7783 1086
1504 1344
1007 -4286
9064 2450
122 -8606
-5248 -7263
8143 8722
-8062 -2447
-4072 4231
-5593 -6895
-4349 -2034
-6656 5223
-6913 9171
-5718 -6648
4236 -6035
2927 -9811
2734 -8194
-4907 8567
-8419 4998
8022 -7558
3454 -737
2355 5443
-4457 2621
5871 7581
7917 -4993
-5495 7995
8206 -9719
2190 -3523
-4058 -3919
-661 4742
6287 -2200
5813 -469
-8128 -894
-4597 -4733
-6133 2590
-5551 -4026
-128 -789
-5896 3701
-5248 7482
8652 9109
1052 2938
-1573 4714
-9190 -6807
-4185 -3197
-1600 3542
-6156 -4046
-8650 2742
5757 4161
-9151 -9833
6425 -145
-5915 9390
-8960 -6147
2377 -4889
4911 5836
577 2390
-2466 4814
4495 5166
677 -3311
1103 5699
7677 7531
-5994 1220
-7730 1264
5447 -3531
-2254 -6107
9084 -4065
9157 3926
-2384 -8766
551 8328
6699 3323
-3344 1866
3789 6202
-5328 993
-3776 -4134
1634 5456
6713 -9692
-6933 5670
8957 -1365
-3713 2362
-9586 -4556
-56 21
-7221 9644
-2623 9720
3176 -6218
3685 -9094
8069 -7371
-5536 8878
6277 4583
-836 2643
4003 -4520
-9906 9690
8748 -5586
731 3601
4232 -7601
9897 6606
-6060 -3945
-3719 -3087
7187 7305
720 4831
-2264 -1152
-4639 4883
3117 -4188
-2306 -2164
7935 -7086
7285 -2816
2289 3639
-927 -7639
-4704 -1644
892 1710
9889 -1988
3656 5367
3816 9772
-5045 6898
180 3999
-8880 -4786
5279 -8707
4289 -949
7532 -9737
-120 5185
5002 5679
-627 -509
-6133 9184
5601 -2048
2791 8289
9922 -1032
-3588 6183
-6866 2667
6791 -1441
4305 2822
2810 6501
3758 -4568
8643 -8370
-3866 6481
-9113 -7602
5680 -7831
421 8350
-8703 -7670
8043 5667
-9840 8439
-6188 8424
-3134 9910
1115 1246
9034 -6663
-8670 -5257
-3944 201
-9847 2476
-3481 -9886
-3357 -1718
3793 6075
-573 -600
-6665 -5039
3133 -2369
9150 7555
-7602 -5856
-5321 -1369
7218 -2776
-4780 -8941
4552 -6998
-9520 1728
-1060 -5174
-6721 3758
-1115 -7353
7566 1958
-30 1334
-311 -6165
-4369 -1478
4372 7932
5912 8226
-7928 -2903
9492 -7522
9911 4768
-6529 3584
-3055 -5573
-7650 -8384
-2237 -3248
3777 6629
7981 4696
-4074 7363
4779 8709
7645 -494
-1238 -9582
732 -15
-1867 -209
-4456 -7836
2060 1022
-1453 -2723
9228 -4134
6571 -9989
6834 3251
-145 -9586
8391 9546
4058 -2749
3102 2917
-9174 9768
-8016 9077
-4476 8948
8788 -3210
-6845 3169
6606 -2713
9349 -359
-4978 6532
9629 -4559
-1877 4027
-9223 6839
-1403 -5230
6028 1763
-2108 -6666
-5460 -6354
382 629
5774 -4883
1122 9325
-3734 -1994
4770 -2873
4092 6792
4087 3069
-5166 -7385
2178 242
1936 9723
-4652 5400
2045 -668
3359 -829
9314 4993
-4737 -5704
-3625 -8128
-2208 -7993
-800 -4444
-2717 -9137
2094 3943
8499 8919
-9626 8978
-7738 -3533
-7050 -4319
1020 6110
-570 -4142
-7844 -4252
7027 -3110
4831 1434
-8441 -4006
870 8251
-863 1444
4998 5137
-6974 -1326
9679 -6942
1649 2346
9547 -775
1706 5431
4595 6870
-9595 4478
-8689 5686
1194 205
-1465 -1673
4496 6962
320 -3733
2501 -7363
5885 -9980
6540 -3485
-5836 -6830
-4320 7875
-9469 -3537
9238 -3950
-4145 -5227
5735 2386
5742 -8678
6456 -7131
4731 -4775
2674 8573
7444 5050
6812 -3443
-1209 2961
-4331 7206
6651 4215
-6314 4657
-6930 -9127
-4425 -6685
6764 7172
-3640 -818
6598 -5591
-2851 -4529
9477 -8787
-9457 -3569
-4398 -4821
2485 1674
4164 200
-4864 -6937
-7747 8160
4388 3830
-475 -8029
6289 1679
8702 654
9998 -3618
789 6904
-1339 9210
-8122 -8442
4571 -94
7277 -2663
-4188 6644
-774 8855
8761 -8047
2015 2676
8191 8727
5290 -5998
877 -8552
-3902 7617
1807 -2763
7501 -8699
8157 3332
-5291 1088
-2024 -9282
-5145 -2496
-5884 4804
1719 -6962
9018 -7805
1756 -4756
1427 -6509
-2941 -4582
-1436 -2829
8748 9582
117 -2629
8345 8622
6056 8705
9048 4568
-4501 -1392
-2365 9062
6431 3940
1994 5806
-7986 -6734
-6289 7597
4835 3005
-9402 3884
1570 -4620
-4024 2912
-8009 661
-5279 -3058
8232 8207
6175 2883
-7778 -7248
2586 -5807
-593 -8886
-3883 4877
-5249 -2682
-3429 -9727
-8286 4819
3826 -9150
-1637 -5034
-8904 6468
9185 4086
-7467 1294
7391 4248
8640 3204
-4382 4404
4157 7400
-2263 1866
-9646 8601
-984 -4076
-9675 6868
5489 3300
-9868 7446
6127 2026
-4863 -272
964 3740
1443 5245
-7148 3723
-4910 -5028
6850 4410
7535 -3991
-9633 4657
2754 -8774
-7569 6381
-1149 -7844
2048 -4624
7370 -5757
-7224 -7562
9474 -9932
-8475 5368
5517 -3798
1263 -8674
-5720 -2966
6264 -4014
2188 7752
-7030 -1304
-1348 7301
7790 -9199
-2723 770
4187 6348
-8817 6374
-7501 -5556
261 -8466
-1542 1000
7791 1267
-4984 -6104
3935 2602
-1140 2845
-4111 -2450
7178 -3420
2237 -7744
1442 1229
1844 1002
-7426 3550
3657 -3097
9012 -6489
5597 -5705
-4426 -3916
5585 6872
-1294 2402
-9613 10
1529 7613
-2542 -9164
-9239 -8079
-9789 3487
7577 -1323
3883 -1120
9391 5930
-9087 6738
-8795 3214
583 3251
5668 1925
1780 -1298
-414 -1501
-5025 -476
2042 7550
-5027 7453
-9338 6356
3460 -6163
9810 -7787
-2772 -9858
8738 5690
3204 8499
-5812 -7306
-4912 -9620
-9421 3989
5859 -3956
4249 -7148
4911 1373
9201 -1775
9471 -8348
5972 2572
-2915 1451
-88 6282
-4521 -3267
-7516 -3313
-7716 4723
9045 -470
4045 -5757
-8011 8476
6990 -3845
6429 -2308
-3386 4906
8673 3414
154 -7531
7566 2258
-6939 9653
-5465 1096
-7940 1472
5187 7216
2329 -353
-4567 -9338
-7942 7590
7104 4646
-1483 3339
3146 7361
1097 7006
-8644 6952
-1614 -2292
986 4514
753 3099
-5425 -1627
-8673 4367
-2537 -1028
5273 -394
6893 7669
-4513 -8524
2400 -6310
1750 8792
-9152 8145
-3350 -2698
-9541 -6855
5685 8459
-7118 -4959
5865 7410
4389 3776
6944 -729
9246 6000
7922 -7167
-7821 -9256
6849 -7439
-4225 -9139
5220 615
-6117 9738
2713 -8041
-5941 -8368
7566 -4212
6515 7494
-5541 6746
-8527 -9514
1837 -5465
-327 -4009
-1444 2401
-3644 -7127
-892 4056
6469 -1730
-7053 6214
-8652 -5246
3622 -7618
-3775 6510
4719 110
5639 -8090
-8021 -9716
-8710 7252
-2454 2726
2421 1852
8124 9889
6708 -4693
-1026 -3190
-4229 -9013
9395 6659
-676 1850
9293 -8540
-1632 -4962
422 7254
4812 -3811
-1257 4595
-5929 4269
-2151 -7845
6858 -2122
-8447 -3269
-8664 -1952
9891 7669
8007 4352
6840 -9940
967 1620
-7295 5602
3501 768
1865 2543
-1409 1454
4387 -9113
7773 -4380
1549 -2627
-6615 -2778
2722 -4773
3905 -1740
200 -4205
9513 -8954
9024 -3240
-928 -5762
9504 -5155
5568 9664
8239 3770
-1057 611
-1942 1619
-8606 -5670
-1280 -6594
2468 -3482
-1210 7366
9008 9986
3592 6147
2621 1970
-5959 -7538
-4076 2071
3336 2641
8131 1427
-2204 -4956
462 6180
7742 -2831
7395 -2613
9932 6111
-9134 -9253
8237 -9454
6787 -7173
-2515 9588
-3376 2510
-4710 -878
-3242 -2086
5949 8098
-1939 8749
2426 5536
9995 5618
8415 8404
502 2936
-4212 -982
4469 -6568
-1061 -2273
-239 5643
-5769 4013
-4430 4465
4163 693
-635 -7899
7987 9024
-9945 -4375
-7097 -5089
5251 -697
-2013 -9043
2023 306
106 -9464
1095 -5971
5616 -7383
-9353 -7751
-1070 7881
3854 -4345
-1517 -4670
-9484 -3005
1249 -3505
-2457 5899
-3997 5310
3218 -2064
-6179 672
-5304 -2192
6982 -8671
-6221 5790
1911 7275
7122 -3783
6058 197
-5844 4664
6749 2658
215 4804
-5926 6107
6841 3834
7461 -4944
7455 -8916
-5579 -6211
-526 294
322 -3694
-5386 -8393
-8391 6242
-2797 1264
9809 7005
-2009 1859
-7413 1000
6848 8387
5235 1998
-1519 -7148
4798 -677
-3677 7312
-7404 3924
-4812 1001
5201 -6710
-4445 -7863
5461 6844
-1480 -9795
8249 -8043
-1408 -8570
-4770 83
2096 -1335
4641 -2806
1837 -9047
7072 7324
2059 9875
-662 4939
-5721 -823
-7409 5635
-9326 -5295
-1455 7987
-3055 -3032
-1111 4814
8986 -9606
-688 -7479
2482 -2720
-7791 5495
1185 6722
7817 2493
3877 2839
-4467 7389
-1697 3058
4092 7646
-3320 3582
-5140 -2090
-1924 2989
7820 4755
1425 -5770
-8975 -1627
6814 9796
-4466 661
-6468 2954
4063 4440
-6567 -9949
-905 -9456
3792 9484
-4842 9505
5799 -3463
2727 2407
8565 7007
-3523 3449
7336 4591
-3630 -2496
4567 6533
1696 -3469
-1056 -898
3559 -4322
5126 7913
-5910 1439
7359 8057
9127 29
-565 7838
-6550 -2531
-4353 2339
3664 1825
-7358 265
3074 8131
-3648 -4151
5429 9760
7571 4134
8307 3959
8493 5786
-9513 7718
-8817 -3957
-7534 3613
2378 -319
-5600 2962
4081 -6498
1862 9111
-9114 4840
-4634 -6286
-4499 -5947
915 325
-6667 -972
9505 7402
-4532 935
2668 4898
6725 2486
4240 7121
-1207 3655
5051 6416
-1741 4168
-2476 -4091
9245 -186
-3709 -4794
-4820 8034
-5988 -2334
4392 3964
-583 -2857
-8992 5038
-5004 -5789
9265 -8547
3946 8003
5006 -2640
-168 7488
1238 -8912
4023 8063
3404 871
-5771 -4625
8180 8501
-8940 -316
4438 1020
-3407 6926
-782 3977
8968 -7929
6641 -4353
3854 394
7231 2382
8428 75
-4625 3392
4055 -6402
-3597 8055
8148 5626
-7390 8259
1561 6463
-7878 -8561
485 -8197
-8629 6839
3784 -1305
8505 -8945
3485 -7636
4772 1517
6355 4019
-7614 -2725
-1162 8765
9982 8427
3936 9723
-5303 -2132
1783 6529
-860 -3830
5039 -5197
5254 -4834
-9969 -8550
5227 -8948
4078 -1881
8891 -8165
2056 792
-9813 -9790
-7189 -3473
-2058 -89
9345 688
-6258 -4792
-2829 -4132
6041 9364
-9108 -7147
2255 6633
-2601 -4366
-5063 2372
8444 -3358
-9991 -2066
6636 -2856
9248 -1523
2456 6318
9218 -7706
-4606 6724
8146 -5245
-4783 4362
5673 -9017
-1761 3689
3275 -7436
-5714 -3460
4390 2382
626 -1092
-699 6697
-7538 5949
-9083 -2125
4850 -3845
-3343 -3986
-3338 -7615
201 8242
-7029 590
8743 -2112
7505 7134
-2157 -3816
4550 440
-8650 5437
-2531 9118
-7677 2177
-537 -8776
9094 6565
-7850 -2609
-8202 -2205
8555 -4380
-7539 -7857
2487 -2289
-4939 3567
-7822 3274
1457 -7563
-4038 72
-158 251
-3817 4181
3538 1350
7172 3278
1885 -2088
-8657 8073
-9479 2471
3623 9341
336 -7689
-7336 9542
877 3176
-9510 -3784
-2314 1115
-7966 4988
-7675 -3980
-4376 5286
-9622 2625
5550 -2139
4185 9666
4717 7126
-6205 -2496
8715 -7938
-8671 -9515
-4630 3920
1982 -5940
-6923 8327
-1838 -216
9594 9786
-8895 6558
-6263 -4675
2917 -9828
2548 4760
-8946 2754
-7122 8985
4023 4826
5381 9812
-230 1160
2411 -7348
-4111 1600
-9705 1840
3206 -7592
-7446 -3223
8626 -2095
8322 -7829
6149 2390
-1052 4419
1959 1029
-443 2114
3306 -1307
-9073 2248
-5006 1757
6537 3156
9994 -3687
-1353 4153
-7841 -9175
4736 5646
8498 7862
-5938 797
-5502 900
7818 5495
-6542 -713
-7428 963
-2535 -6181
-1833 -3338
1921 -5352
3378 9993
3353 -7875
2492 8106
4556 -8618
-4959 -9610
-4384 -2774
3923 3024
3648 -5314
-133 -7010
-8555 -8118
-466 7335
-3857 -6597
6972 -885
-314 -9669
2299 7235
975 -3970
-9178 -632
-2094 2069
344 -941
-1259 9198
-5888 -4407
-9442 366
-8537 -8396
-7083 2537
-3687 -6103
8151 6368
762 -6330
-2811 9093
3464 1938
2842 -4946
-8112 -7887
9359 3794
3285 9269
-9334 4343
-306 -1908
-1989 180
-8596 -996
5300 -2569
8366 9042
2762 -8203
9225 -5617
-9621 -237
6435 -6188
-940 -6330
-853 5059
-5641 78
-1741 2702
-8491 2757
-8683 -3568
7842 1109
-7902 1522
-4069 -5815
-2639 -7024
8969 -5292
6378 9945
8056 7427
-2011 -7879
5209 4685
-6594 3660
-3403 -547
-5357 1392
3628 7179
-7611 -9217
-4181 8863
829 -606
-7144 -6342
-1469 428
6098 -1656
-4493 8417
-6691 -4025
9970 2386
-3764 -4506
-5674 -5381
-1549 -8839
9714 7421
-3955 4800
7260 6310
-3382 -9498
-6674 -4248
-5625 5481
-8670 99
-1767 534
-2654 9595
-5822 5792
7643 -5369
2699 -5584
-5517 6188
5304 -5771
5215 -1411
-7836 -8404
8596 9383
-2975 9988
6745 -2569
3421 3546
-5830 6237
-6722 6679
-7742 -3210
-315 -4329
-1271 -3206
-3345 6978
-3726 -8896
-6401 7956
438 -1874
-3753 2105
-4198 -467
-3132 8795
2426 5076
8093 -5168
-8792 -2380
-1698 1621
8007 7061
1404 4590
-3219 4065
-7256 -5003
-9805 525
-5192 -7488
-9809 -7019
-6564 -1849
-4322 1807
-6959 -1195
2435 -7643
-8201 2186
4800 5554
-3469 -9217
9224 5454
-516 -9948
-336 3013
6379 3192
7813 4910
-9095 -9517
-1501 -9672
-8033 903
9595 8035
1785 -5235
-933 -2048
-6412 2186
8172 -1453
3514 7034
9446 -7812
2801 -9147
-5719 1093
58 1194
-1568 9185
2109 5427
4611 1182
-4249 3370
8907 6829
1926 4484
-3990 3454
3909 -5868
1480 310
-2192 3256
-2785 8917
-3204 796
5223 7233
5979 5831
-9561 -6888
7297 2538
2724 -347
-1095 6855
6512 -272
-3108 8738
1016 -8070
8268 -3372
2844 -8830
-1187 1550
-2324 -4463
8883 6126
7318 9952
-3035 -2844
-5429 2470
6351 -620
3370 1863
-3310 -7582
-7941 -3039
-3613 3497
-4474 -2606
-1011 -9836
-9182 1137
1143 4910
-1746 -8265
4554 404
7655 -7292
-7207 1292
-4212 1103
-2734 -8852
-6518 5183
8470 6703
5735 9990
3060 7108
-2970 -3994
-9913 -5775
4251 -2662
8978 -4370
7806 213
-2513 -3869
-5548 8487
5002 378
7284 -7262
8528 -5206
7756 -8216
5572 -2751
-1487 8255
387 -9615
9389 5781
-1939 -3372
-6129 2172
2544 6924
-1447 -5357
-4480 2432
-5207 -5289
-990 -7327
7026 3352
-5466 5621
-1831 4690
-1325 3996
-7048 -6408
-2133 3399
498 6646
-9649 -2968
7830 3024
7767 8743
9758 -6676
2079 3780
5903 -6182
5224 7013
-8802 -6319
-4934 -2108
-1553 619
2070 973
2696 -41
7612 -8171
-1556 7394
1373 -5388
6555 -9767
6127 -7654
-1286 -8647
6182 2560
4560 -8311
5122 -8809
-2434 -3799
-1606 8447
-4589 636
-6568 3538
151 -9197
6686 -446
-7480 733
-5539 3623
7040 -3185
8625 8886
-1113 -9731
3197 -3481
845 -8911
9901 -1087
-9266 1474
-8261 5241
314 9737
-1359 6846
-6483 -1966
7682 -9127
2076 -2043
6372 -2641
-3646 8942
-2340 -954
-3986 -4564
6732 -5607
-1109 -9798
-6798 5265
694 -9917
-971 -7482
6339 -599
-9816 -506
-9843 -465
-4379 -1237
-1880 3174
8321 8296
-5437 -6216
-614 792
-1402 -260
-1532 -7190
-9921 -5949
-7515 928
4367 2377
270 -7518
-395 3671
-4906 -5216
-7756 -5430
-7967 -7316
708 8994
6026 5025
-4041 -2304
9051 -193
-9687 -3184
9735 -1845
-3078 -6548
9814 5624
9446 6675
-855 -31
-4886 8129
3251 4595
-6481 1677
8726 -323
8179 6600
1427 -5346
-2581 -9549
1276 805
4316 -1128
-1351 -5405
2303 -829
-1391 3512
2783 4471
8081 -3570
1560 2655
-8334 3694
3818 6586
6445 -5975
-8334 -6884
-7543 -9000
-4350 -9293
-8502 2322
769 -1008
-4835 -732
-8239 -1814
5955 8389
-8862 1267
-7310 -4374
-724 -9098
-8812 1272
275 3622
5999 7439
4657 4394
-1825 6832
-979 8198
-4528 3603
9404 -6638
4464 -1480
-6500 8869
-5537 -4187
-9240 -8928
-8644 -7123
-1507 6427
-822 -2643
-7627 -1405
5102 3358
2277 2618
-6977 -9339
7715 -6734
-1760 -3522
3754 2946
-3375 -5556
-1136 4049
-718 -8084
-3251 8200
3549 8811
4345 5004
875 344
2864 2915
-188 1179
378 4120
-9682 -1054
-4327 3261
8204 2910
4647 -2256
2919 2430
2293 9664
7396 6018
1911 -364
-8264 6406
-6036 4472
6624 2065
-6809 -4713
234 6408
-7119 -1578
2202 -521
8037 5384
-209 9863
7862 6883
-1783 -3277
2272 -1952
-3585 8311
1876 -4386
168 236
7937 -7305
4969 -8050
-8134 2449
282 8033
5539 -6645
-3323 4112
-3016 4640
-6751 2895
2043 2786
5475 9140
6130 -3243
5262 -8718
-4727 -551
-5693 -6071
3581 -4107
-7808 -3208
-7226 2683
1408 9971
7159 -2532
-8633 -5041
-2117 5535
5566 5885
9833 2960
7408 -3936
2032 6877
-5989 -2693
-7265 914
5999 -3512
-9354 -8764
6418 -8482
1983 -3594
611 -585
-3479 -5864
1531 -902
3655 4654
8956 -4662
-7484 -4485
-5138 6694
2710 890
-5371 3898
-19 2148
-4999 -2528
-8672 -5423
130 2946
4499 7935
5438 5608
-9030 1863
6216 -1475
290 21
2075 -3528
-9826 -8059
-7192 4899
-7302 7182
-6203 9386
-8187 -8988
9085 -7349
1767 3651
-6484 7866
47 8722
6922 -7615
-8588 9415
9620 9969
-7763 8399
3919 -6521
-3626 -1473
523 4501
8170 3307
-396 6093
-3751 2250
-6872 8048
2109 -6680
-9600 -2020
