80234
64349
64361
80234
64361
51692
80234
80234
100528
51692
64361
100528
64349
64349
100528
51692
80234
80234
64361
64349
80234
51692
51692
51692
51692
51692
51692
51692
100528
64361
100528
64349
100528
64349
100528
100528
51692
80234
80234
51692
64361
80234
80234
64349
51692
80234
64361
64361
51692
51692
64361
80234
64349
64349
100528
51692
64349
64361
64349
100528
51692
51692
51692
80234
64361
80234
80234
64349
51692
100528
64361
64361
80234
64349
100528
64361
51692
64361
80234
100528
51692
51692
80234
64361
64361
64361
64361
64361
80234
100528
64349
100528
80234
51692
64349
100528
100528
100528
64349
51692
1
1
1
1
1
1
1
1
1
1
1
1
1
1
1
1
1
1
1
1
1
1
1
1
1
1
1
1
1
1
1
1
1
1
1
1
1
1
1
1
1
1
1
1
1
1
1
1
1
1
1
1
1
1
1
1
1
1
1
1
1
1
1
1
1
1
1
1
1
1
1
1
1
1
1
1
1
1
1
1
1
1
1
1
1
1
1
1
1
1
1
1
1
1
1
1
1
1
1
1
