500 92 41688
30 -884
62 -794
96 711
97 461
135 32
151 -958
155 -553
198 126
201 511
209 130
257 -143
293 -513
323 53
361 -31
375 624
404 -842
437 -108
445 -789
474 -343
509 -361
550 530
564 835
585 -906
596 -941
619 -561
661 -219
680 -741
706 311
718 -899
764 -17
780 315
816 -943
852 -274
877 725
896 248
914 793
929 552
938 -315
983 787
1001 -704
1012 174
1041 679
1083 -715
1132 289
1140 -55
1147 682
1152 392
1181 -513
1210 977
1246 913
1257 106
1289 -528
1326 -25
1334 -118
1384 106
1424 -909
1434 258
1468 -59
1492 -889
1542 208
1569 -369
1579 771
1609 173
1615 624
1623 -837
1626 -821
1650 467
1698 270
1748 81
1767 347
1790 975
1808 -862
1846 54
1877 529
1921 486
1934 836
1947 -414
1975 354
2015 -352
2034 259
2063 58
2076 -710
2080 861
2089 -716
2135 466
2146 -60
2192 896
2197 539
2214 450
2244 -335
2273 271
2286 317
2326 -687
2363 548
2372 -954
2395 178
2428 736
2478 -957
2510 -294
2541 118
2572 -162
2585 277
2600 -870
2615 743
2649 246
2655 349
2692 348
2722 777
2763 828
2770 -573
2782 146
2824 176
2854 -35
2890 -709
2919 20
2930 -515
2972 660
3006 -824
3026 -924
3042 -82
3065 685
3069 -203
3102 -293
3132 -108
3150 -808
3177 477
3193 975
3217 269
3228 700
3263 -412
3278 -299
3280 -41
3329 36
3337 308
3387 815
3427 -673
3470 303
3486 -528
3495 -662
3543 -52
3550 -470
3588 -930
3595 773
3607 -686
3633 995
3681 -312
3723 -517
3748 -505
3796 -925
3833 -904
3836 698
3870 220
3914 113
3944 71
3977 471
4027 -600
4066 31
4068 -406
4091 629
4118 902
4159 -132
4192 67
4225 -709
4249 -632
4260 -254
4271 219
4300 467
4347 525
4378 -437
4417 -250
4441 79
4444 -649
4464 -246
4486 992
4513 10
4525 -250
4564 -533
4593 -709
4608 -602
4615 710
4663 886
4680 -612
4720 116
4735 -420
4751 -309
4787 727
4810 -34
4846 -20
4855 934
4867 -188
4884 -247
4921 110
4947 -511
4950 -197
4982 -535
5015 305
5034 115
5040 128
5089 922
5124 36
5171 152
5178 650
5206 -565
5221 488
5248 647
5271 -692
5292 116
5335 -106
5345 -598
5371 153
5406 577
5418 -424
5446 649
5492 -652
5511 35
5531 914
5563 -198
5598 -454
5604 -218
5607 -33
5623 717
5638 33
5650 -303
5651 -779
5688 -278
5706 812
5745 602
5772 62
5785 -754
5799 343
5803 71
5829 909
5836 -560
5844 -964
5859 -142
5872 -617
5891 -536
5918 151
5939 -477
5986 -781
6025 -395
6038 270
6074 -934
6109 -67
6153 218
6179 -127
6190 -155
6198 -712
6228 690
6260 -169
6304 -192
6322 730
6367 -708
6397 110
6447 89
6471 638
6500 394
6544 364
6551 -159
6584 373
6627 -484
6675 -554
6676 219
6706 886
6756 -201
6795 352
6836 849
6847 749
6881 -34
6884 -866
6915 -88
6954 899
6985 381
7006 -849
7026 -944
7033 -785
7082 636
7126 277
7155 -10
7196 -502
7241 758
7282 -905
7326 -12
7366 75
7380 891
7397 780
7440 -367
7483 -992
7506 448
7538 864
7576 558
7612 -861
7642 -19
7646 -416
7690 -871
7740 -502
7769 871
7818 950
7843 317
7851 230
7895 931
7906 -991
7956 -64
7980 -720
8030 118
8070 6
8088 -706
8102 855
8112 -618
8140 594
8159 -779
8196 482
8237 -471
8253 810
8280 -481
8299 -332
8329 -136
8367 614
8390 -836
8392 188
8413 -201
8423 46
8468 78
8473 -576
8505 -764
8516 -520
8526 19
8574 -631
8614 591
8630 -83
8655 -564
8659 766
8669 445
8675 -224
8704 856
8723 439
8749 -632
8798 -141
8810 -983
8828 796
8837 909
8866 568
8901 594
8925 255
8941 199
8977 897
8978 840
9003 -771
9008 -96
9044 166
9081 -718
9089 134
9128 -737
9150 675
9168 -475
9189 -290
9215 -400
9238 325
9264 -318
9301 -954
9349 -14
9394 -163
9422 242
9442 945
9466 840
9490 -828
9517 -341
9561 -905
9600 324
9606 663
9621 -189
9622 2
9646 -407
9689 426
9694 -164
9725 -606
9756 745
9806 -573
9813 779
9831 -490
9848 -60
9891 -74
9903 -736
9904 689
9925 24
9956 41
9994 188
10009 109
10036 10
10065 -268
10093 -432
10094 -890
10131 -960
10169 950
10206 254
10235 -164
10241 294
10286 -370
10304 -289
10350 316
10385 -950
10435 -774
10457 237
10501 227
10551 70
10579 585
10622 -239
10636 7
10677 -955
10699 926
10743 -779
10776 270
10784 323
10785 337
10786 338
10801 -654
10811 775
10819 -525
10821 670
10846 -31
10855 382
10879 -539
10924 376
10927 199
10939 636
10941 679
10974 -652
11021 -334
11026 -424
11063 -554
11067 -220
11094 307
11102 -863
11135 -439
11152 165
11187 -193
11228 -230
11262 -569
11311 611
11333 249
11377 -39
11406 545
11415 70
11460 -248
11464 452
11504 -25
11513 -622
11523 -714
11533 -5
11561 -71
11590 294
11637 180
11655 895
11700 962
11708 865
11737 -796
11754 247
11774 421
11789 -794
11810 -704
11832 -615
11875 -759
11906 -928
11933 881
11976 -87
11989 -23
12021 -191
12060 556
12104 -39
12122 -718
12128 -245
12162 510
12194 -436
12202 996
12209 -583
12236 -985
12260 -444
12271 -149
12309 -3
12315 -744
12332 -496
12361 -121
12365 810
12391 211
12420 21
12452 -224
12488 -295
12525 -239
12529 815
12535 -539
12542 -760
12548 -430
12569 -552
12575 -338
12623 302
12653 -89
12675 298
12698 425
12732 -319
12766 910
