7806 13
41 4
31 7
33 20
52 8
58 9
37 16
36 1
47 2
55 13
47 18
33 19
37 3
30 5
52 8
46 17
43 10
59 2
36 20
35 6
55 19
37 13
39 4
57 18
48 16
38 8
55 15
36 7
51 7
36 11
58 14
39 17
43 17
47 4
31 20
34 2
37 19
45 4
37 10
38 14
35 8
45 3
51 11
38 1
31 8
59 4
41 5
45 12
46 19
49 3
38 10
42 15
39 19
34 5
47 1
34 14
45 18
48 11
32 6
48 8
37 16
44 7
44 17
42 11
39 3
45 2
34 12
30 14
34 10
37 12
38 8
59 10
51 18
57 4
48 13
31 8
45 1
59 17
33 7
51 13
31 9
41 18
35 5
56 3
58 10
30 6
36 1
53 5
40 8
49 5
48 18
34 15
45 10
54 1
56 13
43 19
41 1
36 10
58 17
52 13
36 14
50 11
39 15
44 20
38 16
36 10
31 2
46 18
54 15
42 17
52 1
30 12
36 16
51 15
46 20
57 16
56 14
43 10
39 18
45 10
43 18
44 9
59 10
40 8
55 8
57 6
32 1
56 5
44 8
40 4
41 6
49 9
55 2
51 16
31 6
39 3
40 6
52 15
30 13
43 15
53 17
49 10
50 3
49 14
57 14
59 2
34 15
49 20
48 10
41 9
38 3
52 17
36 12
57 7
47 10
51 19
40 18
49 13
31 5
58 6
54 14
38 9
38 7
35 16
33 18
33 8
56 14
50 18
39 5
37 11
47 3
44 13
32 15
52 18
30 17
57 9
44 5
30 4
39 14
49 10
51 18
42 9
37 9
59 14
38 15
54 15
44 11
30 13
46 8
44 14
41 6
32 17
59 1
48 20
53 5
36 1
34 14
44 13
33 13
56 18
50 20
40 8
32 1
32 6
47 5
55 16
40 20
38 15
52 20
33 8
40 14
46 14
57 19
45 12
48 14
53 2
43 6
46 14
47 19
52 12
32 3
38 9
32 11
52 2
58 16
44 9
30 18
37 13
31 3
40 17
41 5
56 13
46 3
57 16
35 12
50 9
43 4
39 9
54 14
54 20
53 19
46 2
47 14
34 5
33 19
51 5
47 4
50 20
58 14
50 6
57 8
41 15
50 18
54 11
53 8
56 17
46 8
32 12
35 16
32 19
35 16
34 12
41 9
56 18
57 14
34 6
38 15
44 18
31 3
45 8
54 18
59 10
52 18
35 3
54 18
55 14
51 12
52 5
42 7
30 8
46 17
47 9
48 1
59 19
30 13
57 7
43 1
45 19
59 15
56 2
52 15
59 18
41 17
55 12
34 13
42 9
50 14
59 18
53 19
42 9
37 2
45 17
40 5
34 15
33 6
39 18
57 2
44 1
33 6
43 14
49 17
54 14
35 9
52 11
45 15
36 2
39 20
32 5
42 2
38 11
55 11
42 18
45 9
54 1
37 18
47 15
31 18
30 2
45 2
36 4
49 14
51 3
43 14
35 12
34 1
52 2
32 6
36 3
32 19
34 6
46 3
44 18
39 12
48 6
57 5
50 18
59 5
59 18
38 8
41 1
36 8
57 1
41 11
35 8
51 4
59 13
49 20
48 20
40 11
38 6
40 2
33 13
59 6
46 7
46 2
51 5
59 12
33 19
43 10
45 6
37 20
35 14
41 1
43 4
57 6
52 5
35 5
54 12
54 2
49 9
40 19
32 20
58 18
56 13
56 8
41 1
33 7
34 16
58 18
41 3
44 12
48 8
43 11
59 8
51 6
47 5
34 17
39 1
45 20
44 3
38 19
51 4
57 9
52 11
38 11
32 12
43 2
32 2
46 6
56 8
34 17
54 11
57 16
38 1
47 16
34 12
32 16
32 19
35 2
30 17
58 12
33 20
41 9
49 12
48 3
54 17
30 2
38 6
36 2
51 3
55 17
42 5
35 4
50 11
42 2
39 3
35 1
33 15
43 9
30 2
42 19
54 7
53 7
35 18
45 20
43 16
37 3
42 5
39 1
59 20
43 10
57 12
40 6
50 4
54 10
35 19
49 4
59 5
52 3
56 17
45 6
58 7
48 9
33 9
45 17
34 9
38 8
48 18
37 4
40 12
36 9
52 15
55 4
49 3
42 2
30 20
52 8
36 5
43 5
56 4
54 6
41 3
42 9
56 13
48 13
56 18
41 8
56 7
41 9
48 6
33 16
59 10
53 7
50 14
48 10
57 15
54 2
30 2
42 6
42 18
41 7
54 11
51 13
59 11
54 1
46 10
30 5
47 16
35 17
54 13
51 20
52 17
34 4
58 9
46 13
36 17
53 12
40 2
42 18
33 14
54 15
41 18
30 5
34 5
32 20
43 19
45 7
30 19
37 19
53 8
53 12
42 13
46 2
43 4
52 13
48 1
31 7
59 11
54 20
58 19
57 14
47 7
41 7
53 13
53 13
31 16
58 2
49 3
30 11
46 12
31 12
37 8
54 16
52 17
48 2
36 18
41 13
36 6
42 5
39 2
38 9
53 1
45 6
46 14
53 17
56 20
39 13
39 1
54 16
50 18
52 11
59 11
58 4
37 11
30 3
56 19
31 15
38 14
37 14
53 19
38 7
51 17
52 7
32 19
42 10
37 17
53 20
43 6
51 14
44 19
49 10
43 11
41 7
46 4
57 9
40 13
43 4
59 1
43 10
38 4
57 14
56 8
54 15
54 14
51 5
50 5
33 15
53 7
35 13
53 14
45 15
32 13
42 6
38 12
51 2
32 13
43 8
34 4
51 9
59 12
46 16
57 10
41 12
46 2
32 1
50 17
37 16
45 3
53 12
42 13
57 19
36 5
58 13
30 8
45 15
56 11
34 19
49 14
31 3
42 9
30 4
44 1
36 12
35 6
53 18
35 9
57 17
38 9
57 3
38 5
47 4
47 8
36 2
47 16
35 6
39 4
51 8
36 13
41 15
38 11
39 12
55 12
51 20
51 16
39 3
54 6
59 7
59 15
43 5
51 13
59 11
46 14
44 2
41 9
35 17
53 5
35 6
48 1
30 12
41 19
51 2
55 4
30 14
56 15
34 16
57 8
56 17
39 8
48 3
37 15
57 14
33 1
34 12
32 4
41 5
32 13
41 2
45 14
39 4
39 4
48 20
49 10
34 19
40 13
35 9
52 16
39 19
36 18
39 15
32 10
39 12
41 15
45 17
44 17
42 4
48 3
43 3
58 2
43 19
52 6
34 14
54 11
31 6
44 1
52 5
55 19
58 3
56 9
45 17
53 5
39 12
51 16
37 18
37 1
35 16
30 6
56 12
32 13
58 4
45 6
50 15
52 18
34 11
31 18
45 20
39 13
51 3
49 10
45 13
32 11
41 18
44 10
55 17
43 17
51 6
56 8
51 6
51 20
49 1
33 11
47 8
34 2
41 13
56 10
34 17
39 19
30 9
38 13
48 3
39 5
52 6
59 3
36 8
45 8
39 3
39 11
50 7
38 11
54 6
54 8
50 4
33 10
49 9
35 4
42 8
52 13
56 2
38 4
46 19
48 3
30 15
49 19
35 4
53 9
41 6
40 11
50 4
34 7
32 2
33 15
47 19
53 6
54 13
40 11
35 9
58 5
52 12
51 14
49 15
55 3
34 14
50 11
43 8
30 19
37 20
52 13
45 8
38 4
50 2
35 7
40 12
34 13
39 1
59 1
44 8
35 6
39 12
40 5
55 11
30 5
45 20
36 3
57 11
43 2
47 11
36 17
46 7
34 8
33 4
53 20
49 11
30 2
31 9
37 17
55 7
38 6
49 12
40 8
43 20
40 17
41 7
58 17
47 17
38 17
55 16
43 18
46 4
38 14
41 18
34 2
31 19
38 5
31 13
45 5
39 7
40 17
47 2
32 14
53 8
42 13
42 9
41 19
37 15
55 6
37 13
57 1
54 7
47 3
48 12
31 1
55 12
44 8
48 4
36 4
47 11
31 3
47 15
39 16
54 16
54 16
32 15
52 9
39 11
57 8
39 15
52 5
48 7
56 5
30 17
44 12
56 10
54 8
40 14
41 13
46 19
41 17
41 9
59 3
50 11
52 15
32 16
48 17
50 1
30 18
56 1
54 18
49 17
35 7
39 18
37 10
47 5
30 4
40 2
44 2
44 15
37 13
38 10
34 20
30 20
50 12
37 8
36 17
33 12
58 1
39 11
50 17
47 4
32 3
56 9
59 3
42 11
41 13
56 8
40 19
37 13
53 18
53 14
32 2
54 12
45 14
53 18
41 1
53 5
33 6
44 12
58 10
40 7
46 16
46 8
56 5
55 17
48 8
56 4
56 12
40 19
49 9
56 9
32 20
56 17
55 18
40 14
38 2
46 3
48 5
49 5
43 7
49 6
53 20
40 8
57 16
40 18
44 14
54 1
57 14
58 18
37 7
55 19
54 20
46 12
34 5
55 3
42 4
56 14
38 4
39 7
34 2
35 9
36 11
55 15
45 13
54 14
47 12
59 7
35 19
33 20
54 20
35 2
37 5
50 16
35 8
57 6
55 13
39 5
42 2
33 17
46 18
39 20
36 9
45 6
51 16
47 17
32 13
40 18
36 13
42 3
55 9
36 7
34 10
45 12
59 3
32 17
54 7
33 11
42 16
50 20
43 14
32 17
46 9
42 11
36 9
45 9
42 11
46 16
30 20
52 12
59 15
44 1
34 20
56 1
43 19
40 13
59 10
39 18
49 19
52 17
53 17
49 1
50 1
55 8
33 7
48 11
30 13
42 7
56 17
41 13
38 18
34 13
45 8
51 6
59 8
34 12
51 16
41 15
34 3
33 10
53 1
44 19
31 10
35 10
52 9
34 15
43 14
42 8
46 7
38 11
34 7
41 20
30 3
35 11
34 3
36 16
33 20
43 19
50 10
42 2
45 12
35 15
31 2
43 3
32 8
38 20
48 5
54 6
57 17
36 5
55 6
46 5
37 16
51 7
47 4
37 18
57 7
48 17
48 3
56 12
53 2
40 13
47 17
46 12
41 7
45 9
47 19
40 17
57 10
45 6
38 9
43 20
41 14
54 1
50 5
40 16
47 14
53 13
36 12
51 12
34 16
38 3
50 12
39 16
58 18
40 14
48 12
57 15
49 20
51 7
44 7
53 4
47 7
54 18
38 2
53 4
48 9
50 7
49 13
44 6
40 3
52 18
56 10
45 3
47 6
46 12
38 14
41 11
58 18
54 11
44 6
46 2
35 14
51 10
48 19
55 7
54 13
31 2
56 15
51 4
54 19
38 10
44 9
59 12
38 6
45 16
54 1
56 12
50 2
50 10
50 2
40 19
56 10
42 6
54 18
52 11
52 8
30 18
53 13
40 5
49 8
51 6
34 18
45 4
53 18
32 16
45 17
54 2
42 19
36 11
58 3
57 14
43 12
52 9
33 2
47 9
47 8
37 11
57 6
58 5
30 17
39 13
49 9
58 13
33 15
36 11
35 3
58 18
58 12
42 17
32 7
38 3
33 17
42 12
59 12
34 11
58 4
30 15
41 9
50 2
33 12
32 19
52 18
46 3
33 12
50 4
53 20
58 1
31 8
49 9
36 9
36 18
32 10
40 20
39 6
47 2
45 2
34 8
38 3
38 18
34 11
50 4
40 14
58 14
31 20
54 11
49 13
58 10
44 12
45 19
49 15
56 14
51 14
30 16
56 19
41 1
54 2
36 3
30 5
40 2
39 18
35 16
42 11
31 11
32 5
32 15
56 13
35 16
51 16
50 4
35 13
51 6
46 4
45 16
35 8
56 13
33 9
30 18
50 16
47 5
33 19
38 18
51 20
33 6
48 7
42 13
54 14
34 4
34 14
58 7
45 12
51 7
54 18
53 19
33 3
56 20
45 11
59 3
56 19
55 7
42 8
48 10
44 14
49 2
58 7
54 16
39 17
56 1
53 5
34 17
39 1
56 12
50 3
54 6
45 3
53 18
49 2
36 10
32 16
49 10
33 8
53 18
37 2
48 1
49 13
51 3
47 17
42 17
46 11
41 7
54 3
52 1
45 14
38 11
38 20
49 7
39 17
54 11
46 3
59 20
30 6
40 4
53 4
52 4
34 14
37 14
47 8
57 19
35 19
33 8
42 16
49 9
56 13
31 11
34 1
33 7
50 14
39 6
56 5
54 3
49 1
53 3
43 17
42 16
56 6
54 5
47 9
54 20
34 8
33 8
35 16
36 12
50 2
31 8
38 9
59 11
47 8
55 10
43 15
31 12
30 11
52 14
33 18
56 8
56 16
43 7
44 19
32 1
40 13
41 2
39 16
44 13
30 14
52 3
51 5
39 7
51 17
39 18
54 13
42 5
58 2
51 20
59 7
55 20
40 5
40 16
32 1
37 3
44 11
46 2
43 8
53 13
54 17
46 12
49 10
43 3
38 1
52 19
58 3
35 7
43 14
46 10
43 13
49 19
42 20
36 4
51 12
38 18
43 2
33 1
36 14
55 18
49 11
44 13
59 4
42 4
55 1
33 8
34 11
41 20
56 5
49 19
34 16
59 14
56 9
40 6
41 17
45 18
44 20
34 12
53 13
48 17
36 6
46 2
45 20
49 2
52 1
31 9
31 13
52 18
50 5
33 19
49 14
33 3
31 13
43 6
35 3
44 9
35 4
52 13
59 7
37 4
37 5
37 12
47 18
47 8
55 7
59 12
35 9
50 6
58 10
35 17
41 14
41 12
49 16
45 19
55 1
44 8
52 4
52 14
41 12
37 9
57 7
48 18
57 16
49 1
32 14
43 19
41 13
46 6
44 9
42 1
53 18
51 1
35 19
56 5
32 6
53 10
53 4
58 7
35 8
34 6
55 13
32 11
46 17
43 11
30 20
30 4
59 5
31 15
40 2
40 19
55 5
59 1
50 2
30 17
57 12
36 11
55 13
36 20
34 13
42 7
31 12
44 18
47 10
35 18
48 16
37 19
35 1
46 12
55 18
31 10
33 6
30 10
47 3
48 12
43 18
52 2
32 18
34 5
52 19
53 3
31 5
39 13
37 13
31 18
31 16
33 4
56 6
42 1
51 14
34 6
42 3
40 4
51 6
46 4
53 17
49 8
43 14
39 13
37 18
52 18
45 3
47 13
51 17
43 10
57 16
51 6
55 9
47 17
48 15
49 6
48 15
54 18
46 3
59 7
31 15
48 6
32 20
40 15
58 19
54 12
44 5
52 4
40 8
57 10
30 5
38 17
51 15
33 5
47 11
52 3
30 5
49 9
53 19
46 17
45 19
39 7
42 14
35 4
56 15
54 5
33 17
36 16
44 5
56 6
53 7
41 17
38 11
44 11
51 11
43 19
49 6
45 3
48 3
33 2
54 3
48 16
46 7
39 7
38 14
32 19
40 15
32 17
49 18
42 4
34 8
46 9
46 15
38 4
32 15
37 2
40 15
46 5
53 7
46 18
53 2
48 18
36 18
38 7
56 10
55 20
40 7
34 15
56 7
39 18
50 3
59 4
52 3
37 14
48 3
45 1
39 20
52 1
45 20
43 11
55 14
44 19
39 8
40 1
30 9
37 1
31 18
49 1
50 5
56 5
58 6
31 12
57 13
59 10
40 2
34 2
35 2
46 5
58 6
37 15
34 18
32 13
39 13
45 11
40 19
32 16
47 2
47 11
34 16
42 20
33 20
42 14
52 11
53 14
44 14
37 1
45 10
55 18
54 12
33 16
33 9
55 18
38 4
59 10
54 14
47 10
32 5
47 5
56 5
51 7
47 11
32 11
39 16
32 1
39 2
41 2
42 8
51 6
57 15
54 1
57 6
59 6
48 10
40 17
40 15
46 18
41 2
37 9
52 9
58 20
36 7
59 7
39 8
34 10
42 7
44 13
56 13
43 15
42 14
32 12
30 10
52 16
30 3
45 20
35 20
52 16
35 20
53 17
58 4
54 13
46 10
42 4
59 15
37 9
32 18
53 4
46 14
33 18
31 9
58 18
38 2
44 18
37 1
55 10
46 17
38 3
37 17
39 11
40 15
33 4
38 14
58 3
37 6
31 14
40 8
35 17
41 6
39 4
33 1
43 17
53 6
53 4
59 19
43 15
35 5
34 12
37 1
56 8
47 14
46 2
49 2
55 15
47 5
54 20
53 5
47 5
53 20
57 16
55 6
33 7
31 15
41 13
35 19
49 19
36 3
34 13
45 8
56 2
42 3
35 5
33 16
35 4
33 6
38 16
38 18
56 14
50 10
45 11
44 9
42 16
31 13
59 10
49 5
53 20
36 7
33 2
46 15
40 9
59 5
48 2
35 12
56 2
30 1
40 15
38 3
45 10
37 19
31 11
41 11
31 11
50 9
49 17
58 6
31 16
55 4
52 3
54 12
46 2
43 18
59 11
50 16
45 15
58 6
40 19
39 14
44 6
56 15
59 1
43 12
58 1
54 13
52 4
45 13
53 5
53 1
45 20
31 5
53 3
52 5
45 2
43 3
43 13
35 10
53 10
55 6
56 8
33 1
54 19
56 16
55 13
53 15
40 7
51 6
43 4
51 1
55 8
49 6
38 20
49 9
48 4
43 7
32 18
55 10
55 18
55 8
30 1
56 8
51 10
58 18
38 7
49 10
53 5
45 2
52 3
32 5
57 3
47 11
50 5
39 16
56 15
30 2
41 1
33 3
46 15
46 1
34 4
52 7
35 17
37 7
36 2
51 13
33 7
35 16
31 18
42 6
55 8
45 2
45 17
34 1
57 13
36 20
36 12
50 12
47 20
33 11
52 9
48 19
43 4
46 20
39 1
43 13
49 19
54 11
33 1
43 9
33 19
51 15
49 9
45 19
44 10
37 11
55 12
42 3
57 15
55 19
45 11
33 9
52 6
41 13
54 18
47 4
54 7
38 13
58 8
55 13
43 20
55 14
55 11
35 15
55 14
32 18
54 6
37 1
43 20
32 9
40 14
38 13
30 16
44 19
39 10
52 13
30 20
51 10
49 3
59 4
32 18
55 17
38 4
31 13
37 13
47 19
59 10
46 5
53 18
40 4
56 6
43 20
34 15
41 3
56 14
31 5
31 12
55 11
30 12
53 19
52 17
58 10
38 7
46 4
30 1
43 17
58 19
37 17
50 2
46 2
45 9
43 11
40 18
42 17
47 1
39 4
33 20
38 7
54 11
30 9
38 5
56 18
42 11
34 6
56 15
33 15
44 17
33 9
46 14
42 10
49 5
40 11
51 2
56 2
59 8
45 8
54 6
52 2
43 17
40 19
51 8
31 9
55 16
38 17
46 6
34 11
35 19
59 13
53 11
54 2
58 16
47 15
52 4
33 1
37 4
30 17
44 12
52 9
36 16
56 3
44 20
36 7
56 19
42 5
37 15
38 3
50 9
42 7
42 11
53 16
55 6
48 4
51 2
32 2
55 12
47 20
41 15
32 3
30 17
49 13
43 10
47 6
41 1
59 15
31 16
44 19
44 18
30 3
33 16
56 1
58 19
44 8
42 11
53 10
49 5
40 13
58 13
57 7
42 14
52 9
38 9
51 13
52 20
48 11
59 17
38 13
42 15
44 2
57 3
31 17
56 19
58 18
33 14
44 1
37 3
55 1
57 15
43 7
45 16
35 16
47 9
38 3
30 3
35 19
34 5
31 16
48 3
55 16
46 3
50 9
41 8
43 4
43 15
34 5
44 7
56 16
47 8
35 15
51 15
49 2
40 8
53 10
30 9
57 10
38 18
34 18
55 17
33 14
37 11
36 10
30 3
43 2
32 2
37 12
47 15
34 4
46 8
47 4
52 1
59 5
50 1
45 13
49 14
53 18
55 5
39 6
49 13
36 16
47 3
35 3
42 7
52 12
31 13
34 1
56 20
42 4
32 14
49 2
30 11
43 5
52 11
38 2
42 5
49 3
59 15
45 7
49 15
56 19
44 16
46 6
58 4
52 20
45 7
48 16
51 12
59 2
53 3
52 18
32 16
37 18
55 2
33 5
35 3
39 1
43 7
57 11
52 14
45 13
48 7
36 3
30 9
47 14
30 16
54 1
54 12
35 5
57 17
50 16
51 7
59 17
42 11
52 3
42 19
36 2
57 13
36 8
47 3
46 4
50 14
43 4
34 11
43 10
47 6
48 5
35 20
40 8
48 9
34 18
34 5
41 11
58 15
33 15
38 20
39 5
40 17
38 10
48 3
49 15
58 14
44 7
52 12
45 9
54 7
34 17
54 18
34 9
40 4
36 19
38 13
34 5
46 17
38 16
41 6
51 16
51 18
36 20
55 12
42 13
52 18
50 20
44 17
53 8
50 8
40 9
53 19
35 19
30 18
56 18
52 11
58 14
30 12
38 9
50 5
55 7
41 19
36 10
34 1
55 15
43 19
54 13
31 20
48 19
55 12
33 11
58 18
46 17
36 10
39 8
40 5
43 8
52 17
38 8
40 20
47 19
52 13
59 9
57 10
52 15
32 3
41 15
55 18
43 16
52 15
31 13
31 14
51 16
31 19
36 14
44 1
53 11
49 11
58 12
33 7
46 20
34 19
40 16
48 13
46 15
44 18
52 11
37 15
54 2
37 19
51 10
49 20
33 8
40 15
56 4
42 1
38 17
33 12
42 11
32 10
53 20
45 1
55 3
45 7
40 6
55 4
49 19
40 5
47 6
38 14
33 2
47 11
54 4
31 11
50 19
37 17
51 12
37 3
34 9
49 12
49 13
55 14
56 7
44 8
30 8
58 9
43 1
50 9
34 13
34 10
59 1
47 2
38 14
49 4
51 4
35 9
57 3
33 5
52 19
55 17
50 3
32 6
57 18
56 19
39 1
50 2
35 8
49 9
58 12
50 20
53 4
31 18
40 16
44 5
30 6
51 20
47 2
39 7
55 16
52 9
31 20
59 20
38 18
44 7
48 18
40 11
36 6
34 3
47 14
57 18
30 13
59 14
42 10
50 14
57 16
47 19
40 17
51 19
32 11
36 6
44 13
44 1
55 18
59 12
33 8
31 12
36 7
36 5
42 2
55 5
56 17
59 9
55 4
34 14
46 20
52 11
47 13
35 6
54 3
36 9
41 8
57 15
40 5
40 18
45 7
37 6
58 8
40 3
53 7
48 7
35 17
37 3
57 1
39 2
41 10
30 2
58 18
43 7
58 18
56 10
55 12
41 19
30 13
49 1
38 20
53 13
36 9
36 16
50 6
46 10
33 14
40 12
58 3
31 12
57 15
45 19
31 18
57 7
38 11
39 15
44 3
49 11
44 13
33 8
53 15
50 4
38 12
34 1
33 19
30 11
56 20
45 15
45 9
30 2
32 19
49 6
59 5
38 3
44 4
46 9
50 1
47 13
48 16
53 2
39 5
53 2
38 16
45 12
53 12
56 16
53 20
41 20
33 17
39 8
39 7
41 17
43 19
57 2
54 5
51 16
35 18
58 15
59 12
40 4
59 8
46 9
59 15
35 6
48 5
55 14
54 10
42 11
37 10
58 5
33 15
51 13
54 14
40 12
39 19
34 10
38 20
45 9
52 7
57 1
42 18
46 9
32 16
41 6
41 14
54 16
35 20
52 11
54 20
56 3
55 2
56 2
39 1
41 16
39 5
35 11
33 6
57 10
43 1
51 20
51 10
57 10
34 5
34 8
37 12
34 11
57 16
53 11
52 14
45 6
38 13
53 10
33 17
57 3
43 19
51 4
37 3
45 14
42 9
46 2
56 7
51 15
37 18
47 19
41 4
31 15
31 18
43 5
36 7
40 13
32 11
40 6
31 16
44 14
39 10
39 16
45 5
35 5
56 20
40 9
54 3
52 20
41 5
49 16
51 18
39 4
39 4
44 6
31 6
36 5
42 20
33 9
32 9
53 12
46 13
51 9
38 6
37 3
58 1
53 14
43 1
34 9
49 19
43 8
30 20
58 3
38 20
42 15
41 12
34 20
34 9
53 20
35 5
34 10
57 3
42 5
42 14
54 18
38 19
36 12
33 7
55 8
51 17
53 5
59 17
46 5
36 13
53 8
33 5
44 3
43 2
37 4
40 18
58 5
56 6
50 19
54 18
52 12
51 5
51 3
57 17
38 7
46 17
39 2
57 18
48 4
43 19
35 7
44 20
54 20
55 20
40 3
59 6
41 19
30 9
39 9
45 7
41 18
33 1
59 14
50 8
34 11
51 17
58 14
38 20
43 9
52 3
58 1
38 3
42 17
31 12
36 3
51 4
43 2
59 15
47 5
44 5
55 18
32 9
32 1
56 20
42 15
52 16
40 2
52 8
58 18
45 11
46 9
39 16
35 11
30 10
34 5
55 8
32 20
47 15
42 9
43 6
45 1
58 1
42 8
46 2
58 7
48 9
31 20
34 14
36 18
37 16
46 20
53 3
57 8
46 18
45 4
33 6
36 5
31 6
50 13
43 20
46 14
44 20
58 6
38 19
46 5
37 13
43 20
59 6
41 16
35 11
45 3
52 13
34 14
50 19
50 19
36 7
33 4
51 16
46 4
59 2
36 9
39 11
31 19
58 19
55 3
59 1
41 19
41 14
55 12
54 18
48 12
34 10
40 14
56 18
41 11
44 8
50 11
32 19
33 15
49 7
55 13
50 5
46 2
56 15
51 11
34 6
50 3
52 6
41 6
41 10
48 9
54 16
57 1
49 19
35 10
49 17
49 10
58 10
30 9
50 17
42 7
35 9
52 15
49 15
31 18
50 15
40 4
49 19
58 13
49 7
37 11
36 14
34 6
34 1
48 17
43 10
43 16
55 16
55 18
56 8
39 9
40 2
53 6
43 12
45 14
37 7
51 18
32 13
41 18
59 6
49 9
45 18
44 15
54 6
34 3
31 10
31 2
40 14
50 1
47 1
44 12
56 6
36 3
57 20
47 20
54 20
59 8
43 5
50 10
36 15
38 18
48 4
40 7
36 8
52 8
45 11
44 6
42 12
51 18
31 19
40 17
42 15
39 20
33 13
38 2
56 9
43 19
32 15
33 7
48 15
47 7
53 4
59 6
43 6
41 11
53 7
52 10
50 5
46 8
45 13
51 7
43 18
49 6
51 2
30 18
59 8
46 17
31 8
53 19
47 8
52 14
54 20
31 13
41 11
58 8
42 15
53 14
59 14
35 11
35 14
47 8
51 11
36 8
46 6
30 1
39 13
48 3
59 9
45 8
30 8
54 16
39 4
32 9
30 14
40 14
41 10
31 17
44 19
31 7
41 3
41 8
44 6
32 14
58 11
30 9
32 2
34 8
36 7
52 6
40 9
53 16
31 16
37 17
56 1
37 18
46 3
45 4
41 2
45 8
59 13
52 2
47 1
56 4
45 4
39 20
42 1
46 3
50 13
52 8
58 20
47 9
55 1
42 5
41 18
47 3
57 16
53 1
43 6
56 8
58 13
33 2
59 15
35 12
46 7
37 10
31 5
54 5
50 17
40 12
39 5
37 20
45 16
43 12
56 17
47 12
55 15
45 10
45 13
34 20
47 14
54 20
52 11
47 16
38 20
43 7
54 4
30 8
40 8
35 18
51 17
43 8
41 17
34 19
50 15
41 13
58 5
45 8
36 7
34 7
46 14
36 11
31 7
56 2
46 16
40 19
42 18
44 5
41 1
43 13
56 17
30 5
55 9
31 15
46 20
45 10
37 18
55 17
57 9
36 1
41 1
43 7
53 10
53 9
51 11
40 12
45 2
41 19
56 6
37 6
35 15
56 6
32 1
36 7
38 15
33 19
31 11
42 2
57 7
41 10
41 20
57 4
34 6
54 18
50 11
33 15
30 4
49 13
54 14
48 7
30 20
43 11
50 1
33 12
55 9
58 6
59 4
57 5
34 18
53 4
47 16
34 4
30 2
34 13
58 10
36 7
34 17
51 20
36 20
47 9
43 5
57 19
50 6
51 3
39 10
59 16
49 2
49 12
39 14
59 20
39 5
34 1
46 5
48 20
51 8
51 5
33 10
43 19
39 15
42 14
51 17
35 18
57 5
56 10
47 19
34 4
42 10
34 8
42 13
56 2
46 3
34 12
50 6
54 16
38 18
43 3
31 7
56 2
34 12
38 20
47 6
41 20
55 18
51 8
31 9
33 18
30 12
32 11
54 6
39 17
39 20
44 4
49 2
42 12
56 8
57 5
36 7
39 4
30 4
34 16
57 4
42 16
43 5
59 8
51 8
45 10
46 1
31 18
41 12
57 12
31 12
40 9
39 13
51 8
50 1
52 14
43 18
42 16
33 11
43 17
47 16
52 18
56 12
57 10
30 5
46 10
41 1
42 4
32 16
46 7
53 16
34 17
49 17
38 6
51 17
42 20
37 9
58 11
43 1
43 10
58 10
52 18
46 19
45 2
53 17
48 3
59 10
36 1
47 10
58 15
39 12
40 11
56 8
54 20
47 18
57 8
47 11
52 5
48 13
48 15
44 8
38 19
57 2
58 10
58 12
45 5
53 15
55 16
54 9
39 2
55 4
32 2
52 15
38 17
33 3
34 15
31 20
40 4
37 13
53 9
40 13
34 13
32 19
47 17
49 3
52 15
39 6
53 14
40 10
36 3
37 19
41 18
52 14
54 8
53 19
38 8
41 17
45 16
48 19
30 5
57 18
34 16
58 9
54 7
43 18
42 12
30 14
41 17
43 1
34 16
48 11
44 12
46 1
51 4
53 8
44 15
33 12
55 9
47 12
49 1
33 8
50 2
54 19
30 14
31 14
53 12
45 18
59 10
36 13
56 11
42 6
49 17
38 2
37 18
57 17
49 20
40 15
38 15
38 11
54 18
41 9
37 17
54 7
57 4
34 12
37 8
40 16
51 14
34 11
31 12
34 12
33 16
50 5
42 2
47 5
31 6
41 1
56 1
37 19
30 19
45 6
31 14
57 15
51 2
35 12
50 17
42 2
44 17
54 2
38 14
47 3
49 20
31 18
47 5
54 13
56 20
56 13
38 11
58 18
50 5
31 4
42 19
59 19
55 3
59 15
52 13
56 1
32 6
50 14
43 18
43 2
49 18
34 10
30 18
40 2
34 19
50 9
54 8
55 2
52 18
33 4
33 2
37 12
34 7
40 14
42 19
47 1
31 12
44 8
34 11
58 18
53 13
35 19
43 14
38 16
33 10
56 20
38 9
46 16
51 2
53 5
45 19
33 7
42 16
31 1
53 6
42 19
53 9
35 15
57 16
44 12
39 19
41 16
34 2
37 12
31 13
42 8
59 4
59 4
48 17
59 17
56 3
59 5
59 8
30 17
34 13
40 19
33 18
54 7
41 9
56 5
42 11
53 14
40 9
45 15
40 7
56 9
34 2
39 11
43 19
38 16
33 19
47 1
35 1
43 6
37 10
40 10
49 16
52 5
44 6
46 17
31 6
40 5
55 19
46 13
41 12
36 5
46 5
47 9
34 5
41 12
39 17
50 8
47 12
44 13
46 3
58 13
58 10
56 12
37 18
31 17
36 13
42 19
35 11
36 19
59 19
42 6
48 10
52 19
57 19
49 20
57 16
51 8
31 7
31 11
37 19
36 16
57 8
46 15
34 17
31 1
48 6
54 16
53 18
52 6
59 5
46 3
40 5
48 18
44 17
41 1
58 14
39 17
36 15
41 13
52 3
58 20
42 1
46 13
34 7
30 14
47 2
33 20
54 10
43 6
46 8
40 7
44 16
35 14
30 16
41 16
50 1
57 7
40 6
41 13
51 6
35 14
36 14
54 7
47 19
47 12
58 20
42 13
56 11
48 7
45 9
49 12
54 15
45 15
40 16
37 2
44 12
46 18
35 18
44 8
45 4
56 5
47 9
53 6
47 9
40 17
30 13
43 18
50 14
44 15
45 10
40 5
33 19
59 12
38 4
41 2
37 1
48 9
57 12
54 10
33 4
32 16
38 12
39 14
46 16
46 5
54 10
32 1
52 13
36 6
44 13
36 9
34 19
38 15
36 11
36 18
33 18
48 7
49 6
34 11
34 14
56 5
49 15
39 8
59 16
39 12
48 6
31 2
50 8
36 20
48 12
55 18
56 2
45 14
30 7
38 10
34 13
52 20
32 13
34 10
48 2
57 15
50 13
44 13
40 10
32 15
39 9
53 13
32 3
55 3
38 11
45 7
42 11
43 14
42 12
50 8
49 2
56 7
49 4
44 17
49 11
33 13
39 12
47 8
50 3
48 16
42 18
48 13
54 2
37 2
44 1
51 10
45 16
52 15
48 6
43 19
41 13
45 10
44 16
33 18
41 9
45 17
48 16
49 20
40 5
48 13
49 2
39 7
59 4
46 7
31 14
37 18
51 10
42 9
38 16
47 8
43 5
40 3
58 1
38 13
46 7
37 14
47 12
43 12
54 6
48 5
35 6
52 3
44 8
43 10
43 6
38 10
58 19
58 1
59 18
46 4
40 10
34 18
36 15
35 20
32 10
47 6
47 5
59 5
48 14
38 19
54 13
42 19
45 7
41 20
40 1
54 16
42 9
49 5
56 4
49 4
57 20
39 5
59 7
31 17
56 12
42 9
42 13
50 4
51 1
49 12
41 16
40 18
47 8
43 10
59 9
32 15
44 4
56 16
31 16
36 3
58 14
53 11
42 6
32 20
39 5
59 8
55 1
36 9
30 7
41 17
51 16
42 10
36 18
31 15
50 20
52 6
37 12
47 19
56 4
50 7
58 11
35 5
57 2
40 14
56 18
56 7
56 19
53 1
48 14
42 7
31 3
48 7
52 10
49 17
32 3
57 19
56 20
33 6
33 17
38 8
35 13
33 4
48 12
38 7
34 17
56 4
33 5
54 13
41 4
35 14
51 7
57 6
57 2
30 8
30 8
40 17
57 8
53 19
33 2
46 16
50 9
31 13
35 6
52 5
31 18
42 6
32 20
44 4
34 7
30 11
59 2
42 6
57 11
39 13
35 4
49 10
32 12
45 19
51 15
55 2
58 8
40 4
36 3
57 18
50 1
45 14
54 19
51 9
38 14
52 14
58 8
49 6
34 4
31 13
41 6
37 1
33 15
33 8
59 6
31 8
35 6
32 17
37 14
52 14
57 18
31 9
40 17
54 3
42 15
37 4
38 16
32 5
53 1
40 16
59 18
34 9
48 4
41 9
37 13
44 12
50 1
58 10
34 7
42 3
54 15
31 15
33 6
49 11
31 15
37 5
52 4
58 6
50 13
55 10
39 3
57 12
33 1
47 2
31 2
56 2
46 2
44 15
30 14
40 7
59 10
40 6
40 15
35 6
35 16
50 19
36 16
50 13
58 20
50 17
41 2
59 9
44 11
37 4
40 18
49 12
31 12
38 5
57 2
53 18
57 20
30 13
31 9
45 16
43 4
38 2
59 3
49 4
35 18
54 5
30 9
33 19
57 11
55 2
35 11
49 5
45 3
42 12
56 8
44 13
44 7
32 14
36 2
38 18
30 19
39 6
50 18
51 11
45 2
47 18
52 17
36 16
40 20
46 7
43 10
44 15
34 11
40 12
52 9
37 12
42 14
36 17
35 7
37 9
57 4
59 5
36 3
48 6
41 11
49 10
41 11
55 11
34 7
44 17
32 5
36 13
53 11
53 12
49 7
55 13
56 19
38 6
38 7
43 16
31 16
41 6
51 16
57 16
49 14
50 13
48 19
59 14
49 18
35 19
39 6
36 18
47 14
44 18
41 16
31 10
48 3
34 3
49 19
36 7
41 18
45 11
59 5
41 14
31 19
35 15
56 12
30 12
39 9
53 16
38 14
35 19
34 13
53 4
48 18
59 15
57 6
59 7
50 8
36 2
38 2
57 3
56 13
41 8
46 20
39 13
43 1
42 8
44 8
58 2
55 11
37 13
38 18
46 18
41 9
52 10
37 7
47 4
56 13
35 18
36 7
30 12
52 9
38 4
37 9
35 4
46 16
44 20
32 6
33 4
43 7
36 17
38 11
45 14
51 8
51 5
48 10
42 2
30 14
59 4
56 9
32 15
56 11
34 5
59 11
50 12
55 17
33 8
55 4
32 4
37 14
32 14
37 17
37 11
50 5
45 20
45 2
40 6
32 18
57 20
42 15
54 15
37 13
49 18
36 19
47 7
50 4
46 12
44 20
52 18
56 8
45 19
36 13
54 18
48 4
42 4
48 11
58 17
30 14
52 4
39 5
43 6
46 20
57 8
33 4
52 16
57 12
59 5
45 3
42 11
55 13
39 18
31 3
43 13
54 12
46 13
30 13
53 14
35 11
49 2
49 7
52 16
36 18
51 3
58 15
42 16
45 17
50 1
32 8
33 7
50 15
51 18
57 18
52 2
31 14
43 5
35 2
54 3
42 12
34 9
49 16
57 14
41 4
47 6
38 16
58 20
39 3
46 18
32 14
45 3
34 11
47 9
53 10
56 4
37 8
48 10
45 20
43 16
36 14
34 16
37 9
56 8
53 4
42 6
37 20
31 13
48 16
49 12
50 9
57 16
51 16
34 3
45 14
46 3
32 15
56 8
58 9
37 14
35 14
49 10
55 8
53 7
47 4
32 7
58 5
54 19
41 10
56 20
40 14
49 14
34 7
30 18
46 6
51 19
55 17
45 1
49 17
43 14
47 14
51 13
57 9
48 4
54 9
52 11
30 20
46 10
44 2
39 5
39 19
32 10
46 2
45 20
42 5
55 1
44 20
36 7
38 12
38 19
57 13
39 3
56 16
41 3
57 1
45 17
46 3
41 8
33 11
35 14
44 15
42 13
42 17
33 16
43 12
55 6
30 17
31 10
36 6
47 8
46 2
38 8
54 20
51 17
57 5
35 8
43 8
52 9
56 1
38 6
48 4
46 2
50 3
55 17
44 14
53 9
59 3
45 11
43 5
32 8
32 9
52 9
30 2
41 14
31 4
57 5
39 12
36 2
54 6
37 11
32 16
57 20
37 14
42 1
33 2
36 17
32 1
46 14
40 2
56 15
52 6
46 7
47 4
34 7
52 10
47 5
51 20
53 10
51 9
31 4
39 15
54 1
43 15
51 19
58 4
39 18
43 3
43 17
31 16
42 4
44 4
30 10
33 3
37 10
37 6
31 16
58 8
34 20
55 17
40 11
38 8
55 12
32 11
46 9
37 4
36 19
51 18
34 7
40 7
47 14
40 19
44 10
33 5
32 13
36 17
32 7
45 11
32 19
30 10
39 19
58 12
46 8
30 5
46 19
53 9
32 10
41 3
42 6
39 6
45 1
39 2
37 6
34 7
32 19
42 1
56 3
53 16
39 17
41 9
40 7
59 2
51 19
50 18
54 15
34 12
33 8
41 20
49 5
41 14
42 7
36 18
34 8
38 5
31 11
37 11
30 15
48 8
46 5
52 19
37 2
30 13
58 17
59 3
46 11
32 6
34 16
37 18
36 14
58 5
30 17
49 17
33 14
57 9
59 19
44 12
35 2
56 6
47 8
35 19
36 5
46 5
52 6
36 10
52 6
33 2
43 16
55 20
41 1
47 4
43 6
42 16
54 4
49 12
56 14
50 8
48 18
36 6
51 12
53 16
44 4
42 18
41 19
30 17
38 3
34 4
34 13
38 11
48 7
55 13
46 7
46 6
51 11
58 9
45 14
45 10
37 15
44 3
52 8
43 7
38 1
50 7
36 17
45 14
42 20
39 11
43 18
33 13
51 4
46 13
48 5
33 3
47 20
37 3
44 7
56 13
52 10
54 4
44 1
56 3
36 7
54 16
43 20
47 1
38 8
40 12
41 9
51 10
52 14
58 8
44 5
44 1
41 19
58 15
40 2
48 3
30 19
52 6
33 4
37 10
37 4
32 13
59 17
34 1
57 10
48 1
58 14
38 18
39 16
50 12
54 7
39 2
59 12
46 12
39 11
49 17
32 7
57 20
54 6
33 15
40 3
37 17
50 17
52 16
56 20
32 7
59 6
47 9
57 3
49 6
45 13
51 12
53 14
40 17
58 15
36 12
43 14
37 2
54 3
47 7
50 11
55 4
32 8
48 6
39 20
45 8
46 13
32 20
51 20
41 5
51 13
45 8
33 19
59 19
55 15
59 3
44 6
31 7
58 7
44 7
53 15
58 2
55 7
43 10
42 6
56 10
35 12
59 3
30 9
57 20
42 14
31 4
55 17
53 9
42 7
31 2
59 14
53 4
59 20
38 5
42 12
43 17
46 19
59 13
43 5
57 17
43 19
38 10
31 4
50 8
47 3
45 13
58 16
55 14
38 4
42 20
42 9
51 18
58 2
54 10
32 14
39 10
46 3
54 1
54 9
57 9
46 12
42 18
40 3
39 8
44 14
32 9
43 14
48 18
59 6
49 2
57 9
48 7
33 18
32 13
48 15
34 5
44 6
40 19
40 20
39 14
59 19
50 11
43 18
48 15
59 19
48 10
45 17
56 9
55 19
50 14
40 4
57 10
52 20
52 19
42 6
42 8
49 15
32 2
40 10
38 11
30 17
51 8
34 7
46 2
44 3
43 1
52 16
30 18
30 18
37 2
40 9
53 15
39 1
53 9
46 17
33 16
39 2
35 5
53 10
51 15
48 9
46 16
34 17
51 7
54 14
32 16
39 3
38 17
33 9
42 14
43 12
51 16
43 5
55 6
58 15
47 1
56 2
55 17
43 20
42 3
52 13
43 13
33 6
44 7
39 12
40 4
40 2
36 2
34 8
59 17
45 6
35 6
57 9
49 14
37 7
30 1
53 9
50 1
32 14
37 18
59 6
30 19
56 4
39 17
48 7
38 8
51 18
44 4
53 19
41 1
47 2
44 1
30 14
40 20
43 12
38 20
46 14
54 4
33 10
44 19
30 19
55 6
42 8
54 17
54 20
49 17
39 9
37 19
49 16
32 18
53 7
30 3
47 5
32 13
39 7
49 3
40 20
34 18
52 3
54 19
37 3
52 5
57 7
47 6
50 6
53 7
47 8
43 18
44 18
39 3
59 4
42 13
42 13
50 2
54 12
55 1
50 8
47 3
42 20
55 12
37 4
33 16
45 15
33 9
53 14
56 18
57 8
32 9
42 15
43 1
36 7
39 18
53 12
52 2
38 13
39 8
47 19
32 19
53 19
41 7
46 5
47 11
45 12
46 7
33 1
54 19
44 19
37 8
54 19
46 14
36 6
58 15
46 3
30 10
47 5
55 18
37 14
57 4
30 15
34 15
34 4
32 8
41 12
48 2
34 17
55 11
50 14
55 7
46 7
33 19
53 16
55 5
57 17
37 7
54 6
56 6
53 20
57 12
59 15
58 12
38 12
31 17
46 6
46 13
56 8
47 20
30 9
57 4
51 11
41 2
54 5
30 14
40 16
38 3
35 20
33 10
54 19
42 4
59 5
52 9
35 17
30 3
57 12
36 7
43 4
38 7
50 15
37 12
53 13
40 9
53 10
52 4
50 16
39 20
47 4
37 12
59 15
32 18
51 4
46 18
35 7
47 1
36 9
35 17
55 18
57 10
49 2
52 19
34 7
48 5
49 6
42 12
54 17
37 16
39 17
52 10
48 9
46 11
37 10
56 11
59 15
37 15
52 11
32 9
55 5
53 4
47 8
32 7
49 16
32 1
35 13
41 1
56 18
42 3
55 19
31 4
57 6
30 10
58 18
36 3
38 2
53 3
33 18
57 15
54 4
32 20
33 17
48 20
47 12
46 12
54 11
39 10
37 1
36 5
41 19
58 17
31 1
49 8
30 15
34 2
35 4
40 3
31 3
31 8
30 14
58 6
55 19
34 19
43 8
49 2
40 9
56 20
32 3
41 1
46 8
44 14
52 9
36 13
36 19
44 3
31 6
32 5
52 10
46 18
52 4
51 7
36 8
54 2
43 8
42 8
43 12
35 17
40 6
35 2
45 17
35 19
33 13
55 1
57 14
48 14
34 13
56 2
46 6
50 1
38 3
45 19
49 8
48 2
36 16
47 7
50 12
40 14
40 10
36 10
39 16
50 13
39 18
44 13
53 4
36 7
46 16
50 16
53 11
39 13
34 6
38 10
31 20
41 14
56 6
50 1
48 2
38 10
42 11
33 18
38 13
46 14
56 16
48 10
46 2
45 2
46 17
52 8
59 14
50 9
52 8
45 12
57 12
42 9
33 2
45 3
36 18
30 1
44 11
46 8
54 17
39 17
50 5
32 5
40 6
39 17
54 9
39 12
42 9
37 10
51 8
52 3
52 6
41 12
34 20
44 4
35 15
59 14
33 9
32 2
58 7
54 9
39 20
30 2
33 2
54 9
58 4
41 10
41 3
46 10
45 20
54 9
45 20
52 5
49 10
36 13
47 14
56 13
33 2
57 16
41 19
31 14
44 4
59 12
59 9
48 1
41 18
33 15
53 2
51 14
52 11
41 20
52 14
32 5
40 7
38 12
30 15
48 18
52 4
45 13
36 5
59 16
46 3
32 2
40 18
34 13
41 5
32 5
36 12
43 17
39 6
53 4
37 2
33 7
50 1
39 13
42 3
42 15
45 14
40 10
36 15
59 15
53 19
53 18
43 20
47 5
34 20
30 18
34 13
57 10
47 3
35 4
42 6
47 10
40 16
36 19
55 11
34 6
48 18
41 13
49 13
56 9
33 8
30 16
33 12
58 16
57 1
40 14
53 19
48 10
35 9
56 6
51 2
53 20
46 13
40 12
30 3
47 13
30 3
43 20
49 14
50 19
34 8
41 4
39 2
39 5
45 8
58 17
37 1
50 11
42 13
51 10
49 3
55 18
30 4
39 13
42 4
50 17
43 15
32 16
38 17
53 20
37 10
37 9
49 12
41 9
42 10
37 7
59 9
59 10
58 12
50 3
32 13
43 20
30 19
42 4
50 11
50 4
55 14
36 7
45 18
42 20
54 7
38 15
32 4
59 2
36 19
43 2
44 18
55 18
35 19
50 6
58 10
58 11
33 17
43 5
52 3
43 10
36 1
59 6
32 17
59 7
38 16
35 6
46 3
52 17
55 16
58 12
40 11
40 18
37 14
53 17
58 17
48 14
55 15
59 4
37 16
49 7
59 8
33 7
54 19
55 3
31 18
41 12
36 17
41 6
36 14
47 13
56 5
39 3
38 10
36 13
41 12
31 16
39 10
41 17
55 2
56 15
43 12
32 12
45 5
55 2
58 4
37 7
57 14
32 11
59 13
59 17
51 5
59 16
38 11
39 4
43 17
37 5
37 10
31 10
54 10
49 13
41 18
54 6
32 10
42 1
36 9
45 4
30 4
56 5
31 18
34 5
55 4
32 17
31 10
59 4
53 5
34 5
40 13
43 14
39 17
56 5
55 18
34 19
30 17
33 6
56 4
45 10
55 10
42 15
45 5
51 5
58 9
52 13
31 19
52 14
48 12
38 19
33 15
45 4
41 7
35 19
33 8
36 12
33 16
34 11
42 14
51 9
34 15
43 13
51 8
43 8
37 3
47 15
34 4
58 17
30 19
36 8
43 19
52 8
48 6
48 13
57 7
35 8
49 19
38 17
38 7
31 11
33 5
56 10
54 14
44 16
41 12
49 8
36 9
44 4
30 3
33 5
52 20
44 6
59 12
30 4
58 5
55 7
47 19
35 10
50 5
30 7
38 19
48 13
46 13
58 14
50 11
38 4
45 2
31 3
48 14
30 13
46 6
48 5
54 4
59 12
41 9
40 8
32 3
58 3
36 4
49 13
54 19
51 8
56 13
55 11
51 3
33 17
46 5
45 15
50 17
54 4
51 12
45 9
41 17
46 20
31 9
50 12
50 15
35 6
56 8
57 6
54 1
37 9
57 10
48 10
52 2
31 7
58 13
34 1
50 1
46 13
47 9
47 9
49 18
30 3
58 16
37 9
37 8
40 17
49 14
57 14
56 2
37 15
40 6
39 8
47 6
53 10
54 19
47 19
53 13
35 13
47 4
59 6
42 9
59 9
56 5
33 8
54 5
40 10
41 7
52 9
30 9
33 3
35 12
52 10
48 11
53 6
46 13
44 15
59 15
55 2
37 18
37 18
55 12
47 15
59 14
56 2
30 13
53 17
44 8
51 2
55 17
32 9
34 14
35 18
53 7
46 2
36 6
39 18
59 15
41 17
42 20
52 10
45 7
58 2
31 10
47 11
38 19
39 17
34 20
44 5
55 13
51 3
31 16
30 2
50 1
38 2
30 12
55 17
51 10
48 4
48 11
52 1
47 12
30 12
49 7
52 6
52 20
59 7
41 5
55 12
56 19
49 13
53 7
38 20
37 11
48 1
36 10
37 12
43 8
32 5
36 10
56 15
30 1
30 20
30 5
32 10
52 20
53 10
43 8
41 5
31 14
37 15
32 20
53 16
46 8
46 4
43 18
38 14
41 7
47 4
52 3
56 14
43 5
32 9
42 1
40 5
35 2
49 13
59 4
56 13
37 4
42 1
38 10
31 13
32 15
35 9
38 16
38 7
41 10
52 6
30 2
40 4
52 8
37 6
44 11
34 20
36 11
39 20
52 7
39 3
33 8
40 14
36 11
52 13
48 6
30 17
32 4
42 11
40 11
44 16
56 12
37 7
59 2
46 13
55 12
47 4
32 7
59 11
41 1
50 4
30 6
33 14
53 7
44 20
36 8
54 6
52 12
51 20
57 9
39 20
37 18
52 20
50 8
56 16
33 17
49 12
40 9
56 1
36 2
51 13
57 18
53 16
51 19
56 5
38 19
31 9
33 20
56 3
30 2
32 17
36 12
40 17
57 11
47 2
31 2
56 4
44 6
44 14
40 16
42 8
55 20
45 5
49 19
46 5
38 2
50 10
57 1
58 11
59 14
50 5
46 6
35 11
31 11
52 20
31 4
55 11
42 9
49 2
34 11
46 14
37 11
30 11
38 13
57 18
46 8
39 3
38 7
37 9
41 10
30 18
46 10
59 12
41 6
48 17
32 7
55 2
36 6
47 16
50 4
54 2
54 17
42 14
30 9
55 9
33 19
57 1
56 19
51 10
45 6
34 19
49 20
46 18
52 2
43 5
43 5
50 16
58 10
37 16
55 7
35 5
43 5
43 19
39 10
42 17
36 18
46 10
30 1
50 16
33 8
31 14
49 17
47 18
50 11
56 15
49 5
56 20
43 17
40 9
47 12
45 12
34 17
47 16
57 7
49 6
38 16
44 4
45 3
44 9
32 3
39 13
42 16
34 6
38 14
51 3
55 9
36 17
34 8
47 4
34 6
55 10
53 13
59 13
55 8
51 18
39 2
44 9
40 16
38 19
30 1
55 6
33 12
32 19
42 19
51 9
48 1
54 6
52 15
36 15
33 7
33 15
50 18
37 10
41 20
53 3
43 1
34 8
58 14
31 7
36 13
33 9
57 8
50 16
48 15
53 16
30 9
39 6
39 5
38 10
33 9
59 14
40 11
31 3
32 2
56 7
33 14
46 3
55 12
47 2
39 13
44 6
52 1
43 18
44 15
33 4
58 18
45 8
30 15
59 18
53 5
38 16
57 11
43 11
43 13
31 19
43 5
41 19
51 16
46 2
59 1
59 20
35 12
37 14
58 4
50 12
44 18
53 6
33 20
34 9
52 10
50 14
55 17
34 13
46 6
30 8
46 6
59 10
35 11
58 6
45 6
37 15
57 18
30 13
45 20
36 9
52 4
34 1
49 4
36 15
48 6
30 7
33 15
34 14
36 2
45 17
46 15
42 14
49 20
53 10
37 12
38 15
57 6
34 3
55 16
54 17
53 9
59 3
44 16
34 4
32 10
46 4
56 12
34 13
36 13
47 19
46 20
50 15
51 1
49 16
52 9
35 3
55 14
57 16
37 4
49 12
44 10
54 17
34 4
30 20
48 1
45 2
40 15
51 1
54 5
58 20
56 16
55 13
56 18
55 18
42 12
34 11
36 15
58 10
45 5
30 7
30 11
41 17
52 13
38 1
46 5
31 7
50 9
50 11
48 13
40 5
53 19
48 3
42 12
38 9
47 15
47 10
58 20
50 14
36 3
51 16
35 1
40 5
50 11
39 17
45 18
52 1
59 10
47 5
31 6
47 20
34 11
46 17
30 11
45 12
52 13
45 20
35 10
36 19
52 15
41 11
35 9
51 10
55 17
50 2
53 8
44 18
38 9
49 16
42 1
42 18
51 14
54 11
52 20
40 11
47 5
49 9
51 19
37 13
37 7
52 16
44 15
39 11
36 16
46 11
43 17
47 10
35 15
53 3
40 18
34 10
47 19
38 4
54 16
43 20
57 8
57 9
51 3
39 6
38 1
33 19
54 12
35 11
50 3
31 14
54 13
51 17
48 8
40 6
33 7
35 1
56 9
58 15
34 11
33 13
34 15
53 2
45 14
43 5
35 19
40 2
33 1
52 2
59 14
57 16
46 13
49 18
42 10
38 20
30 20
53 11
39 19
36 2
50 6
56 8
36 3
51 13
39 1
49 3
31 6
48 7
56 13
54 17
51 14
43 11
43 9
31 8
34 20
36 1
53 5
53 4
43 10
57 18
46 9
45 2
40 15
54 1
55 20
51 4
37 14
54 8
55 3
54 17
57 19
40 13
33 6
36 1
55 12
38 9
39 2
45 13
50 2
51 4
55 10
32 17
57 6
42 14
31 5
33 20
42 7
49 4
33 14
47 12
54 19
50 14
44 16
31 7
45 10
45 7
53 6
53 11
48 8
57 15
59 12
51 6
38 2
37 16
39 20
31 15
51 12
54 1
45 2
50 3
55 12
31 1
47 8
43 1
52 7
37 18
32 12
42 19
49 13
46 16
55 5
47 11
44 10
55 10
36 13
41 15
55 3
33 16
47 14
46 9
35 1
57 15
46 16
40 16
53 10
39 20
43 12
34 17
41 14
54 9
58 8
52 10
44 4
59 19
49 13
56 10
51 7
34 3
45 20
43 7
30 1
51 15
34 2
38 11
45 15
36 10
38 4
55 16
34 3
55 14
38 20
47 12
49 4
53 20
40 2
53 10
39 6
47 7
58 3
39 7
58 19
33 1
54 13
49 9
59 7
48 13
41 17
40 19
38 17
32 15
35 11
36 19
59 3
58 11
47 10
57 3
49 18
33 14
30 6
37 17
47 12
53 4
48 8
54 19
56 5
59 12
54 18
58 12
36 11
42 19
50 4
40 1
58 13
49 6
58 11
36 16
53 12
31 3
47 2
37 20
35 13
50 20
46 4
53 4
36 20
41 16
52 20
58 15
37 20
56 15
37 18
51 19
42 20
36 14
50 7
41 3
57 20
32 9
35 12
31 6
35 18
54 8
49 15
32 19
53 14
38 15
36 16
48 8
30 3
48 1
56 10
48 2
51 11
35 5
51 20
43 16
36 11
34 20
45 20
41 12
36 8
56 4
59 16
43 8
55 11
56 17
41 15
43 14
47 6
45 18
33 13
32 1
44 20
58 12
57 20
38 6
44 13
59 16
52 4
57 20
49 12
57 12
39 4
32 4
39 8
43 2
49 2
51 5
55 16
50 1
45 19
51 9
42 10
49 13
33 4
33 2
41 11
49 19
31 2
41 6
48 14
37 7
34 11
38 16
41 8
30 5
53 8
52 1
50 11
39 9
43 9
31 8
53 8
55 7
36 16
49 2
37 11
58 11
42 18
41 6
34 3
32 2
47 3
34 10
54 15
48 7
48 2
58 12
51 18
30 14
56 4
38 6
56 8
41 5
51 20
31 11
50 7
36 6
54 10
38 12
57 18
30 3
42 5
41 16
56 6
58 18
49 10
59 20
59 4
40 13
52 8
51 7
36 4
36 15
40 6
59 3
37 18
59 1
48 19
32 3
55 3
46 10
44 3
49 11
34 4
54 7
31 4
36 15
53 15
54 20
53 2
44 8
31 12
56 8
46 6
45 12
38 18
35 17
59 19
54 3
47 8
56 19
59 16
38 17
47 8
52 16
47 16
49 1
41 19
44 3
33 18
45 17
51 18
37 5
46 5
53 20
44 15
33 17
32 13
41 18
46 18
56 13
58 8
38 3
49 8
58 3
49 19
48 1
59 20
52 1
37 14
33 1
49 17
57 9
48 11
55 11
55 14
39 6
31 7
34 11
32 6
41 1
52 8
34 20
40 16
43 1
49 5
35 12
50 15
50 15
54 5
48 10
42 15
44 11
57 17
48 19
40 3
59 5
35 5
53 2
40 13
42 5
31 7
47 12
39 9
35 3
36 4
50 5
39 14
38 20
43 13
58 5
46 15
52 11
30 15
36 19
43 4
35 9
59 19
47 14
48 18
33 18
58 19
55 18
35 3
51 1
43 4
57 12
56 19
59 8
42 10
33 15
32 4
34 9
35 2
48 20
36 7
46 14
37 3
47 19
32 17
31 2
45 1
39 11
34 7
51 10
37 17
47 7
36 18
44 5
57 4
45 3
58 12
47 16
37 12
46 7
53 8
33 7
32 13
39 8
35 14
38 6
55 1
47 1
45 9
41 18
30 12
31 7
42 4
31 1
32 5
47 10
34 1
44 5
30 7
44 2
31 5
33 13
59 1
46 18
41 2
48 6
32 19
46 1
48 3
48 3
47 14
43 11
55 8
46 18
35 16
38 17
46 4
55 14
45 6
36 3
50 13
58 10
33 20
42 7
47 11
45 12
34 4
59 12
49 16
52 3
48 16
36 9
33 13
44 20
33 11
49 2
59 5
35 15
39 16
41 3
47 5
43 15
30 19
45 4
30 2
31 9
43 14
59 18
54 11
53 17
54 17
59 9
34 18
36 15
38 6
39 15
54 7
50 12
39 6
54 3
56 14
43 10
55 2
58 8
31 16
37 4
39 20
44 18
57 1
42 4
49 15
32 5
51 13
55 10
43 2
58 14
56 15
37 16
44 18
33 3
53 5
52 5
40 3
34 3
33 18
59 8
55 15
34 15
52 19
59 19
45 19
53 15
58 13
30 10
58 15
42 3
50 1
34 15
53 18
49 3
36 16
42 13
31 5
33 3
53 20
52 14
57 3
53 19
56 13
56 15
46 20
30 16
55 16
48 8
54 11
51 1
35 16
58 18
35 17
33 12
35 4
54 3
48 13
39 18
47 3
38 17
34 15
56 15
36 8
33 19
45 7
48 7
45 10
49 14
31 17
47 6
40 12
58 18
46 19
57 1
46 18
41 15
51 8
36 2
31 7
56 16
37 5
43 20
49 5
56 19
39 10
42 17
39 16
41 7
33 10
53 14
35 15
57 1
41 20
33 19
59 13
50 4
39 3
31 16
35 13
52 4
58 11
35 9
58 19
50 18
56 1
48 19
34 13
51 7
30 19
54 20
30 15
47 9
47 1
47 15
37 11
35 13
47 9
46 18
43 6
42 20
31 1
41 18
53 17
45 1
43 8
37 11
35 12
43 12
37 20
57 13
53 15
49 6
50 7
35 8
49 20
51 7
48 1
46 1
44 19
30 3
38 20
31 6
30 10
43 1
49 20
33 2
31 16
57 3
39 3
49 15
30 14
59 12
43 6
51 19
43 10
53 17
53 10
57 7
43 10
52 17
42 8
56 11
35 19
52 16
56 13
41 19
30 15
59 16
59 15
59 7
42 18
54 3
30 15
45 9
43 6
54 18
55 9
31 18
57 3
37 2
48 11
30 5
46 4
34 5
39 17
38 11
38 4
38 5
42 2
36 12
58 18
58 18
55 6
34 20
30 5
52 7
34 2
46 11
40 13
30 17
41 16
34 10
48 12
51 20
38 12
59 15
40 2
35 15
53 20
42 18
51 5
35 12
44 9
59 10
52 9
36 18
43 3
57 4
39 17
58 6
30 17
44 20
30 16
47 19
32 14
42 10
46 6
38 18
42 13
35 7
49 13
39 6
40 15
52 17
51 8
46 12
40 16
45 14
48 7
47 17
49 13
42 18
49 9
43 3
48 13
56 16
56 16
51 4
34 15
46 13
55 20
33 7
34 9
33 18
34 5
54 13
43 17
49 20
51 9
30 1
40 19
54 7
31 15
48 4
47 16
59 16
39 10
56 14
39 6
41 14
59 3
52 14
35 5
34 2
34 14
39 2
59 3
55 15
42 1
37 2
56 5
40 18
31 14
30 8
50 20
58 11
49 8
41 6
31 6
43 15
54 10
56 20
44 14
35 15
31 15
49 6
39 3
34 20
54 19
37 15
49 6
58 1
41 8
30 4
41 7
37 10
46 7
57 18
51 8
40 1
42 13
33 11
38 2
43 4
48 18
42 18
36 18
55 20
59 5
44 16
40 1
33 5
52 5
32 4
32 12
33 20
51 6
36 4
36 1
48 15
33 10
46 16
37 4
51 13
55 17
34 10
46 19
39 3
56 9
47 5
32 11
39 20
52 14
48 6
52 8
53 18
59 8
53 3
57 1
50 18
36 16
41 3
53 6
59 8
31 11
50 3
57 4
47 17
55 15
51 10
54 17
35 15
47 11
37 10
54 13
44 9
52 15
57 17
40 9
52 12
51 6
58 5
45 4
45 15
30 6
30 20
50 13
59 8
32 20
35 5
54 19
41 4
46 14
58 9
39 13
47 15
55 2
36 3
51 18
33 2
39 2
52 8
38 3
37 15
54 18
38 16
58 4
53 5
40 16
31 19
55 18
57 17
37 9
54 9
59 11
32 18
41 13
43 3
54 9
30 10
33 10
55 11
31 11
34 7
34 1
37 4
54 3
39 11
45 4
45 4
46 3
51 20
53 15
36 3
33 3
41 20
53 20
49 7
49 9
30 10
31 11
34 10
30 5
59 11
40 14
34 2
56 5
31 18
49 13
42 18
42 6
58 1
39 19
54 10
44 13
45 9
49 15
57 11
30 19
55 6
34 17
53 4
49 14
50 1
43 15
35 6
37 18
35 4
45 4
58 13
38 8
47 10
50 16
35 5
56 18
30 13
52 1
35 6
44 17
30 14
44 20
30 1
52 14
45 11
47 6
38 1
45 10
51 8
41 12
58 2
32 14
49 18
46 3
34 13
39 15
53 11
52 8
40 10
43 6
59 9
35 18
37 16
53 14
34 15
54 7
59 17
41 18
50 15
54 19
47 11
58 7
31 2
59 5
59 16
57 4
40 14
55 3
47 12
56 4
50 7
33 10
39 9
37 6
42 6
33 20
55 14
44 10
52 5
32 8
52 17
55 14
51 7
58 6
41 15
32 18
50 12
37 9
30 12
48 3
32 17
37 7
34 12
45 16
54 6
53 8
44 12
47 8
56 10
47 7
58 11
47 17
37 15
34 19
58 13
33 1
46 7
50 11
59 11
53 8
55 20
50 11
47 13
45 3
39 4
49 9
56 7
41 20
31 10
41 17
32 12
35 15
48 7
42 9
47 10
31 6
37 10
50 13
43 12
57 14
51 1
52 8
34 18
41 9
39 10
42 2
47 17
58 18
53 11
56 16
30 1
33 11
57 2
49 7
33 9
40 6
31 2
50 2
48 14
52 12
59 4
45 19
36 16
44 1
35 14
37 1
48 20
40 19
46 7
56 1
46 12
31 15
31 1
44 8
49 14
42 18
42 6
45 3
52 1
41 1
38 4
59 20
46 6
54 6
57 17
59 2
55 9
33 16
56 20
58 5
34 6
59 7
33 14
52 7
51 13
43 2
48 1
42 4
43 9
39 10
36 4
58 15
31 8
41 2
31 1
46 15
37 2
30 2
52 2
35 7
37 10
56 3
30 17
49 18
40 4
40 14
33 4
46 11
38 6
58 20
44 6
53 2
31 10
49 4
42 16
48 18
53 9
54 8
30 12
40 13
42 16
43 8
49 2
53 3
44 5
49 3
48 14
47 19
51 6
48 20
48 19
59 12
36 3
55 2
55 19
59 6
59 11
45 4
53 8
55 19
48 3
35 7
50 12
34 2
33 18
44 15
52 10
45 7
30 10
47 5
48 8
41 12
55 18
48 11
55 15
35 10
57 10
41 15
56 10
47 10
53 11
37 20
35 15
56 16
44 12
54 12
40 4
32 20
35 5
46 1
36 15
37 16
49 12
35 11
55 15
31 12
59 19
41 12
47 1
52 10
49 19
53 8
35 20
46 2
40 13
32 5
45 17
33 6
35 15
55 8
53 3
34 7
52 7
39 15
59 20
36 7
55 9
39 9
31 14
44 17
46 20
30 20
49 3
58 12
40 17
37 6
37 18
44 20
34 20
53 8
32 20
50 11
37 1
48 10
36 8
33 9
46 7
38 10
40 15
39 13
46 1
40 4
44 16
55 2
47 4
48 7
58 17
58 11
44 6
42 7
38 8
42 3
55 3
33 14
48 7
40 6
51 10
37 15
46 17
30 2
52 5
46 9
50 11
55 7
38 18
56 17
35 4
34 15
45 7
43 20
30 9
53 14
48 18
48 7
56 9
53 4
53 9
55 2
48 14
49 2
33 16
44 4
57 11
54 12
49 6
58 9
41 4
35 6
36 16
45 11
46 17
40 15
53 10
50 2
45 15
33 13
54 16
46 3
40 16
51 15
42 14
51 5
32 8
38 18
34 16
38 19
33 15
58 19
43 11
53 3
36 4
53 19
50 10
30 11
34 13
42 4
58 18
49 11
51 1
32 13
43 6
34 8
50 20
53 18
49 4
38 4
32 6
39 5
56 2
41 11
30 9
52 2
30 10
40 12
33 10
53 20
45 18
45 2
33 5
44 1
44 9
40 3
37 14
50 18
37 8
32 8
57 4
59 1
55 18
48 15
48 13
38 14
52 17
37 8
43 12
37 19
33 18
54 1
35 18
46 15
37 4
55 18
56 10
49 18
37 18
45 9
57 14
31 7
35 1
57 7
31 3
34 2
37 3
32 9
50 8
38 12
48 7
52 8
35 11
36 1
38 18
31 5
57 19
34 9
37 15
56 6
37 20
32 10
54 16
42 19
56 3
32 4
49 3
45 6
58 15
33 17
41 2
35 4
48 1
52 6
39 20
36 10
32 9
47 4
48 9
42 9
59 10
44 11
41 1
33 14
32 11
47 19
35 14
58 18
39 12
56 18
33 2
57 14
57 5
58 16
52 6
32 5
52 11
47 3
42 10
37 13
52 9
52 6
49 2
38 14
52 16
58 14
47 18
36 19
54 20
53 5
37 15
49 3
34 9
43 1
35 20
57 6
48 6
46 3
51 2
55 17
48 2
34 10
57 13
35 5
46 13
44 7
54 1
40 16
46 8
32 20
31 9
51 11
53 7
39 14
59 11
38 14
36 12
39 17
43 6
58 19
52 10
40 8
31 6
35 11
36 16
37 14
30 20
39 8
50 10
56 18
53 7
53 10
38 4
35 3
45 16
53 2
36 18
47 6
44 11
38 6
32 5
36 7
33 4
30 2
37 9
33 20
49 12
56 8
45 16
58 2
40 5
59 5
42 9
33 9
41 13
55 10
47 19
49 12
55 15
38 20
53 14
30 19
31 20
58 17
50 6
39 8
31 12
53 1
31 8
39 6
58 18
35 13
42 18
37 5
46 12
53 16
37 3
56 19
35 17
38 16
53 8
52 5
35 13
37 13
48 5
48 20
55 20
37 19
32 2
57 17
49 15
50 7
45 7
58 2
35 13
59 7
37 20
47 2
34 4
53 10
55 13
49 16
36 6
39 12
56 3
47 13
36 4
57 3
50 13
44 2
57 18
43 3
47 5
37 14
35 5
49 8
49 20
36 10
33 4
37 18
48 2
31 16
54 15
45 16
35 15
56 15
56 15
44 14
53 7
32 14
34 16
42 18
53 11
55 5
40 9
53 12
50 1
37 3
40 8
58 18
56 20
56 10
59 20
54 20
30 10
41 14
57 5
48 16
30 8
58 2
40 11
44 16
59 2
57 17
34 15
50 16
47 8
39 3
31 13
33 4
30 2
38 17
52 20
59 12
56 13
35 8
50 5
54 7
44 19
56 3
37 4
40 18
53 3
42 17
52 2
47 19
40 7
37 16
44 9
44 15
37 20
55 8
49 15
45 8
55 18
41 9
53 8
42 1
31 5
44 12
46 11
32 13
31 13
39 6
59 1
32 12
39 19
43 14
47 1
30 3
59 1
52 6
49 1
57 17
36 6
32 14
52 8
50 17
59 8
44 8
57 6
51 9
34 9
32 9
56 11
44 18
39 6
33 19
30 12
39 9
35 11
40 8
55 17
41 3
39 12
58 2
45 1
31 6
54 17
53 9
53 2
55 19
53 12
37 11
48 18
40 18
40 6
52 9
36 10
55 20
35 2
56 7
52 7
35 12
30 17
56 12
43 8
59 2
51 11
46 11
44 5
57 19
43 20
54 7
42 11
38 20
34 12
59 15
42 10
45 11
33 8
47 19
42 14
36 8
34 3
50 18
57 15
36 5
37 6
32 2
33 13
32 14
33 7
42 11
40 20
55 2
40 14
34 9
45 5
42 20
35 7
52 9
51 3
47 3
53 14
37 3
53 14
40 11
44 4
37 11
41 8
53 6
35 3
44 15
39 15
31 19
43 13
42 19
47 20
57 14
55 6
44 18
49 4
43 3
38 1
54 2
35 1
38 14
58 15
32 20
42 2
53 1
49 1
36 17
56 12
45 6
34 16
44 18
44 5
37 8
58 16
53 13
50 1
43 19
58 6
54 10
31 8
52 17
57 13
59 3
32 14
53 18
37 18
57 20
40 11
46 17
54 8
40 4
49 3
36 4
32 8
56 1
33 15
54 12
39 18
36 8
44 10
57 6
50 3
41 11
48 13
47 12
51 16
32 17
40 7
55 18
51 6
31 14
56 13
39 9
56 8
45 1
38 8
45 4
47 10
43 12
48 14
36 10
30 10
37 15
37 5
30 8
39 2
45 9
49 16
38 13
43 12
38 13
57 4
45 17
33 5
53 2
41 20
55 10
55 1
39 4
46 5
56 12
40 13
44 5
59 3
38 12
32 16
39 13
34 14
42 12
30 19
33 6
38 6
52 5
36 13
52 1
32 19
33 11
42 12
56 7
44 2
55 5
46 9
44 4
43 10
41 3
56 16
30 8
49 4
46 14
32 14
43 13
53 3
47 19
35 1
32 18
47 17
43 20
58 8
