5814 21
1083 623
1647 838
1233 1307
1438 1052
1001 1012
1665 1725
1416 1916
1900 1258
1981 1943
1642 675
1216 1896
1911 1165
1369 906
1092 1700
1722 1360
1459 1826
1952 1390
1755 1681
1141 1465
1262 509
1586 1308
1761 1886
1292 333
1243 1349
1780 256
1034 1300
1795 299
1715 867
1741 1049
1184 32
1766 626
1431 662
1154 874
1176 1746
1353 1113
1503 978
1652 1164
1107 814
1769 235
1414 652
1621 794
1535 1551
1410 1235
1588 1183
1494 1683
1443 15
1310 1236
1667 731
1051 1724
1070 672
1837 916
1130 1441
1133 1035
1529 998
1647 108
1605 712
1136 1549
1056 347
1652 1209
1211 1803
1451 1297
1061 1962
1772 1134
1687 1128
1315 1579
1333 1428
1648 1984
1999 594
1976 673
1353 878
1655 1657
1432 176
1037 881
1014 1937
1881 1174
1848 1356
1212 1978
1734 744
1728 249
1130 357
1160 446
1669 469
1609 647
1318 702
1970 503
1876 989
1752 1034
1863 1101
1813 1214
1561 520
1082 65
1883 349
1458 645
1893 258
1449 491
1062 1564
1884 1935
1677 45
1171 448
1415 973
1917 1475
1898 588
1522 1608
1449 950
1263 1805
1585 89
1934 1265
1587 1155
1412 1052
1708 656
1367 1453
1057 994
1327 485
1767 657
1475 610
1737 790
1464 606
1491 1490
1014 729
1631 596
1036 1508
1478 1195
1813 912
1354 1097
1610 1782
1081 649
1610 1944
1420 610
1103 1831
1081 1835
1131 1879
1085 1874
1035 48
1926 1768
1435 1431
1505 783
1018 12
1135 1111
1488 1285
1926 133
1901 1019
1957 437
1003 1986
1967 242
1910 1615
1732 1667
1603 374
1148 888
1135 786
1981 1749
1921 1192
1215 430
1179 1070
1654 437
1189 1415
1632 95
1907 1778
1480 1245
1761 821
1242 362
1523 772
1103 960
1353 1271
1963 1137
1811 1866
1934 1090
1073 1014
1560 1562
1567 1568
1401 492
1079 1552
1992 992
1335 1141
1761 89
1796 1368
1300 83
1727 302
1548 1083
1239 658
1461 1796
1887 402
1802 1399
1114 808
1462 1914
1004 1692
1249 1924
1243 1623
1341 704
1430 1323
1722 240
1716 66
1622 1461
1385 1573
1153 1660
1044 303
1921 218
1036 1408
1337 379
1500 1701
1959 1559
1628 456
1806 103
1163 308
1137 54
1754 1069
1713 1531
1290 269
1577 1655
1905 321
1279 106
1017 1494
1974 394
1705 430
1026 1687
1080 807
1908 1512
1887 478
1111 186
1782 1199
1722 203
1410 1489
1359 1746
1982 544
1578 1233
1775 1274
1022 93
1028 1199
1141 494
1654 1378
1631 306
1397 917
1125 662
1003 740
1550 1896
1741 1409
1025 487
1814 528
1788 1532
1646 1443
1468 173
1492 1833
1446 1086
1951 370
1062 1019
1724 230
1110 1477
1691 807
1938 73
1282 1988
1169 1671
1838 960
1630 1184
1695 194
1095 1489
1604 1966
1670 1856
1631 1460
1351 37
1282 871
1729 1419
1762 1793
1464 695
1362 1701
1634 1912
1339 869
1057 1743
1035 1093
1472 913
1324 400
1882 10
1871 1561
1031 773
1848 1684
1344 457
1212 87
1021 550
1696 475
1893 17
1971 807
1318 1292
1335 95
1502 137
1988 1032
1841 1696
1286 48
1483 1279
1856 1660
1680 1122
1576 866
1466 1347
1861 312
1404 371
1534 1052
1869 986
1541 1013
1214 1196
1973 1210
1295 1133
1047 450
1911 1734
1707 1179
1971 1735
1893 143
1169 207
1022 500
1493 1035
1045 595
1996 1787
1293 60
1599 939
1025 423
1434 17
1037 1822
1270 34
1494 233
1979 1098
1029 202
1922 1611
1552 1339
1170 1973
1778 612
1241 568
1741 433
1502 806
1300 707
1261 236
1533 1894
1674 786
1087 675
1689 1937
1233 487
1157 36
1236 1284
1416 627
1257 326
1707 1308
1677 360
1726 1554
1852 232
1514 379
1732 1193
1533 260
1108 424
1286 1944
1764 1809
1321 657
1934 994
1517 1902
1622 1728
1732 1061
1663 1865
1155 203
1862 202
1467 322
1978 1458
1743 1330
1772 390
1368 1884
1251 1766
1973 1338
1483 1632
1206 107
1895 1524
1642 1758
1565 1672
1192 1452
1586 1165
1779 827
1557 193
1258 64
1648 950
1255 1125
1916 466
1917 75
1860 889
1024 1921
1741 1849
1584 918
1340 1060
1078 1004
1216 83
1082 126
1538 1416
1964 755
1531 1221
1321 387
1549 299
1464 169
1740 422
1374 1754
1526 1975
1919 357
1576 1762
1734 283
1187 570
1183 1217
1272 761
1195 132
1192 1796
1443 668
1095 1773
1689 532
1065 1547
1211 1208
1597 856
1593 400
1769 1354
1418 413
1342 1044
1905 882
1518 397
1438 1381
1740 1570
1290 613
1147 1623
1843 1421
1873 1171
1593 154
1508 1949
1152 1162
1918 1202
1775 1750
1037 409
1472 1266
1935 664
1546 1186
1644 1943
1443 1119
1476 1509
1401 1434
1467 1739
1139 511
1033 798
1003 1774
1119 745
1063 1127
1679 954
1016 100
1707 1435
1851 731
1561 1956
1679 691
1502 1519
1685 695
1344 1645
1526 250
1840 663
1658 378
1592 406
1925 631
1833 1319
1607 70
1401 746
1220 465
1851 410
1209 1569
1742 786
1760 1919
1723 1421
1006 1783
1753 335
1171 510
1187 898
1385 1029
1037 1812
1800 1758
1979 1343
1570 831
1147 504
1259 421
1699 1597
1323 107
1774 1689
1519 411
1635 857
1596 692
1958 1844
1574 1917
1588 1398
1120 185
1777 430
1108 443
1348 169
1086 1963
1597 990
1740 570
1413 1404
1089 1154
1799 960
1882 1970
1958 1324
1536 1145
1760 1732
1248 1664
1281 1562
1855 1437
1154 1741
1297 1301
1892 829
1644 354
1904 563
1776 1765
1848 223
1987 622
1971 33
1586 954
1645 460
1026 1500
1733 391
1136 271
1972 1542
1861 1786
1131 825
1319 133
1491 1108
1156 1067
1834 1951
1984 1889
1021 430
1920 1830
1289 403
1799 1211
1271 1890
1618 1525
1536 1814
1992 1281
1524 1634
1836 103
1745 1131
1093 1602
1490 1236
1813 575
1702 1641
1177 612
1411 81
1609 739
1530 398
1961 1614
1644 1222
1983 1629
1366 823
1998 958
1729 422
1594 205
1278 1865
1580 325
1624 662
1537 757
1825 27
1214 1094
1890 448
1662 716
1013 1178
1248 1595
1965 1745
1914 1628
1737 1844
1147 896
1076 635
1536 1012
1089 909
1173 245
1557 1283
1990 1830
1909 1564
1150 1824
1026 19
1807 538
1674 271
1339 73
1129 1193
1092 1977
1472 1363
1863 172
1212 1751
1182 387
1386 1901
1301 795
1418 209
1565 1722
1897 1540
1312 10
1548 498
1892 852
1921 501
1116 1761
1960 824
1010 1773
1171 702
1074 1661
1714 467
1939 1298
1618 1619
1367 1199
1726 538
1702 1000
1814 1308
1533 1419
1415 806
1117 483
1779 1060
1033 1626
1211 804
1823 1519
1514 1547
1747 1257
1852 391
1105 891
1311 1669
1042 936
1465 1044
1728 104
1226 122
1077 1308
1979 773
1569 126
1047 1204
1675 429
1561 1287
1802 1128
1726 1652
1283 1112
1597 652
1022 947
1076 957
1429 510
1780 953
1093 883
1783 231
1784 260
1753 521
1921 654
1606 1789
1737 1953
1618 104
1338 1919
1111 1600
1587 1939
1538 1288
1459 661
1526 1522
1673 987
1742 1008
1595 593
1141 555
1389 1580
1712 1080
1501 811
1342 504
1045 1471
1919 1070
1640 1549
1979 807
1601 1170
1500 1093
1304 326
1127 700
1422 148
1351 865
1691 1897
1571 543
1974 363
1992 700
1221 1516
1994 1099
1765 1583
1695 1219
1108 154
1492 289
1469 796
1468 537
1261 1953
1118 195
1524 1108
1535 1396
1653 564
1353 9
1281 730
1194 843
1648 1562
1839 464
1730 1608
1106 798
1190 973
1585 662
1305 1834
1586 1310
1689 1420
1052 543
1098 1697
1687 1456
1409 73
1079 1603
1095 593
1541 191
1168 1148
1471 13
1812 1427
1472 1735
1758 1887
1739 606
1027 1555
1228 1083
1069 1247
1024 1576
1233 307
1590 1583
1238 241
1654 35
1400 583
1489 639
1819 1883
1488 300
1619 1943
1042 1942
1267 951
1049 865
1989 1024
1396 1976
1002 596
1978 1030
1290 355
1957 297
1773 1828
1293 1619
1451 1428
1887 995
1762 14
1877 1171
1958 317
1759 547
1294 862
1619 1319
1581 328
1553 556
1669 1568
1866 401
1595 745
1963 564
1535 1465
1756 266
1242 1346
1046 1122
1741 1198
1091 76
1447 732
1264 358
1535 955
1329 1912
1395 276
1092 609
1145 606
1953 321
1980 172
1176 1337
1930 1961
1115 1183
1499 38
1670 1494
1156 963
1204 830
1132 397
1588 1704
1574 1207
1444 652
1297 540
1796 1134
1621 1091
1582 255
1015 1892
1860 1248
1182 1227
1755 1484
1223 539
1159 870
1990 1012
1832 1777
1102 311
1459 287
1347 1769
1467 684
1886 1511
1681 347
1408 1050
1873 1729
1002 651
1976 913
1173 120
1067 40
1846 135
1378 922
1348 1690
1597 397
1413 1731
1533 868
1373 1434
1214 1678
1497 1838
1923 913
1171 1145
1259 640
1519 1446
1875 629
1365 1367
1060 1627
1607 1138
1046 1307
1990 1980
1741 233
1857 937
1163 1584
1598 1634
1582 1676
1971 728
1091 1478
1230 680
1251 181
1108 1072
1605 210
1880 337
1749 781
1180 117
1884 895
1492 275
1279 895
1729 464
1092 89
1548 1672
1778 1548
1116 1646
1752 371
1953 1136
1369 1910
1049 879
1679 1618
1188 1341
1766 1942
1043 1432
1002 1007
1086 374
1540 1127
1830 945
1296 1721
1872 565
1018 1768
1243 1847
1867 1904
1132 633
1982 221
1128 171
1000 1563
1113 564
1447 1614
1341 466
1442 179
1356 1950
1626 967
1160 1427
1144 1030
1337 432
1367 870
1170 76
1786 838
1910 394
1001 337
1864 349
1400 1207
1369 1294
1049 1133
1794 859
1708 1396
1237 82
1259 56
1759 1823
1931 554
1833 802
1664 224
1447 1637
1631 1915
1552 1356
1114 1545
1048 765
1408 157
1250 1298
1299 1900
1554 813
1694 856
1554 27
1399 866
1403 764
1649 1740
1366 611
1829 1565
1363 89
1610 792
1675 326
1858 735
1905 98
1711 772
1478 1913
1006 449
1277 1246
1994 1513
1483 145
1085 1470
1067 1443
1219 1555
1066 1897
1559 1157
1942 16
1929 1878
1012 753
1544 1162
1699 53
1461 326
1587 954
1288 613
1122 406
1128 461
1856 971
1669 2
1001 540
1719 1881
1643 1183
1628 1936
1480 1795
1190 796
1958 1492
1028 1378
1430 1053
1435 842
1002 574
1811 1057
1986 1262
1542 318
1320 450
1815 199
1723 526
1464 581
1233 555
1127 598
1241 522
1689 849
1720 40
1014 1535
1065 851
1176 24
1266 1100
1551 1579
1269 877
1614 611
1413 397
1732 630
1418 1666
1619 735
1790 1046
1149 207
1224 1389
1880 95
1393 69
1983 617
1846 1455
1316 1560
1045 1501
1562 509
1339 1501
1416 851
1789 1269
1403 1461
1614 943
1586 1871
1152 327
1640 1891
1934 306
1917 733
1426 354
1726 1208
1747 1896
1951 818
1585 1385
1374 541
1836 707
1178 536
1225 1233
1660 926
1734 1438
1924 733
1049 711
1855 1914
1611 980
1647 1251
1691 616
1812 1188
1713 1462
1642 1918
1791 535
1667 1205
1599 1097
1062 1305
1849 1258
1647 88
1243 182
1890 1281
1023 685
1290 1068
1767 137
1543 281
1340 1678
1656 342
1727 1234
1572 660
1919 607
1127 92
1509 295
1923 1854
1677 1560
1749 1611
1110 768
1898 1924
1042 1074
1594 513
1346 297
1076 743
1716 1309
1218 212
1439 1316
1621 60
1345 1899
1988 1162
1414 1412
1546 1487
1844 690
1198 1758
1501 579
1294 1052
1892 414
1118 1474
1099 1933
1342 165
1981 380
1234 1479
1072 835
1134 1119
1797 1648
1561 439
1898 121
1105 564
1303 1377
1072 1627
1625 1720
1886 1970
1012 1112
1599 309
1980 1149
1901 1899
1181 708
1289 1656
1049 1176
1614 1747
1426 201
1703 314
1049 350
1779 1589
1198 1452
1157 841
1889 1623
1105 1503
1193 984
1011 1908
1443 1232
1706 673
1021 1213
1974 1085
1299 1514
1958 1378
1665 76
1581 1709
1458 1818
1365 1050
1489 1228
1388 1696
1975 1975
1383 153
1348 1719
1716 757
1681 31
1708 1199
1485 222
1729 1408
1718 50
1292 1122
1370 433
1139 680
1919 501
1361 1884
1256 584
1942 1784
1297 1953
1240 1642
1741 1949
1546 1714
1389 418
1948 173
1748 1007
1539 167
1241 1240
1906 541
1749 305
1169 1345
1494 1401
1190 545
1467 345
1305 761
1240 1292
1733 136
1524 1409
1179 161
1001 1519
1464 1972
1572 1946
1395 204
1238 563
1016 1177
1898 900
1240 1425
1752 539
1204 98
1209 1206
1583 652
1460 753
1004 557
1968 12
1841 1388
1451 1025
1690 954
1603 52
1673 422
1347 60
1996 1792
1496 1601
1463 1472
1996 966
1452 664
1155 808
1352 1543
1349 119
1432 736
1699 1078
1835 1978
1876 110
1522 1929
1074 520
1989 1629
1481 1258
1456 825
1344 128
1567 102
1500 751
1141 1273
1633 1127
1035 659
1266 1431
1550 1256
1691 262
1242 1347
1220 975
1246 1687
1873 1179
1808 1160
1752 710
1627 699
1899 1147
1750 1532
1038 529
1407 175
1323 314
1368 985
1612 1753
1592 1615
1577 1700
1685 511
1859 1611
1848 1934
1704 504
1602 1953
1776 759
1974 1056
1198 1192
1830 344
1892 114
1851 833
1488 1466
1863 639
1987 1940
1949 60
1573 1865
1868 1318
1441 1035
1008 1124
1462 1141
1457 1775
1672 6
1816 1983
1636 975
1399 1652
1308 954
1696 1926
1586 478
1345 1807
1495 1105
1710 1287
1550 173
1039 448
1117 518
1796 163
1092 842
1703 762
1762 842
1241 16
1028 1081
1591 934
1574 1682
1398 584
1351 495
1717 1039
1976 151
1122 1976
1198 1143
1527 181
1240 357
1518 1938
1427 305
1515 346
1940 1148
1961 443
1237 1501
1160 1272
1180 1490
1806 1918
1944 996
1659 185
1542 239
1129 951
1627 1008
1667 861
1202 1407
1333 1481
1184 95
1613 1560
1999 132
1617 1464
1552 1636
1561 1809
1348 1361
1462 1488
1645 1638
1932 1460
1272 1552
1603 92
1998 1567
1644 432
1595 1245
1170 880
1438 1422
1262 1034
1539 1721
1312 32
1845 1526
1171 520
1576 536
1609 534
1086 1949
1070 1143
1215 1299
1345 655
1663 333
1416 438
1283 7
1044 1599
1380 1670
1037 1465
1359 404
1543 1545
1108 1082
1069 215
1094 1742
1876 1816
1482 400
1924 348
1459 480
1082 649
1021 1922
1257 1720
1633 84
1739 622
1785 95
1595 1150
1069 156
1268 1084
1988 1929
1183 837
1103 1804
1129 1006
1474 1800
1419 554
1828 350
1703 528
1666 1893
1983 252
1447 1660
1663 613
1622 128
1598 1215
1171 282
1609 1250
1183 26
1522 858
1074 266
1087 528
1286 668
1261 537
1346 1189
1094 734
1468 1678
1257 540
1563 409
1921 1452
1139 1073
1792 853
1746 805
1846 1553
1811 278
1868 350
1217 463
1702 1718
1030 1397
1465 1441
1308 1070
1465 1385
1492 1351
1751 222
1326 1329
1776 1467
1544 1643
1233 393
1074 310
1489 1490
1345 1461
1784 985
1938 1987
1623 664
1402 250
1360 474
1515 785
1560 586
1386 389
1217 1772
1047 140
1725 1739
1557 1958
1751 1458
1938 868
1444 238
1377 222
1443 1267
1222 223
1121 1903
1754 1668
1816 444
1504 1221
1977 1658
1918 451
1951 956
1008 355
1118 1026
1857 777
1028 1271
1860 1113
1311 492
1083 1689
1031 532
1717 1579
1701 417
1021 1498
1788 991
1008 755
1782 832
1976 1527
1794 1912
1295 1277
1541 537
1941 269
1751 1890
1094 1162
1080 1859
1062 1327
1811 181
1111 718
1257 1176
1028 229
1233 1356
1574 19
1966 1859
1799 553
1666 1607
1661 467
1506 1465
1194 473
1457 202
1937 1697
1977 1933
1963 1240
1823 1516
1059 865
1383 1594
1951 221
1961 73
1177 204
1450 173
1516 1874
1261 1841
1666 509
1683 984
1581 1606
1689 1927
1349 886
1386 1985
1394 1707
1724 834
1955 1964
1831 305
1622 777
1323 47
1600 1990
1313 1189
1375 937
1125 1246
1838 242
1674 416
1497 1755
1839 1153
1098 224
1617 39
1475 1185
1641 336
1461 518
1583 387
1688 1074
1447 1015
1060 1850
1099 1235
1976 904
1809 54
1673 1835
1543 600
1917 1953
1844 32
1151 392
1144 567
1286 1698
1318 1052
1978 823
1249 138
1919 159
1078 1543
1277 48
1745 159
1038 500
1946 1329
1706 175
1744 823
1168 336
1414 12
1982 934
1902 1721
1954 1749
1276 1312
1106 1128
1900 1837
1505 793
1431 1033
1243 1567
1649 721
1635 168
1710 199
1906 1943
1663 55
1235 447
1112 1213
1333 113
1220 405
1497 946
1114 1810
1484 545
1001 676
1455 71
1106 484
1685 1488
1374 1201
1261 217
1592 160
1817 843
1379 783
1918 1239
1503 1515
1917 1985
1656 1971
1585 1538
1208 76
1722 1369
1247 134
1897 34
1480 1727
1533 1610
1405 23
1461 370
1621 772
1879 834
1437 1639
1441 1071
1005 1934
1414 863
1164 987
1475 717
1479 469
1698 1993
1726 301
1847 1362
1935 660
1985 758
1160 363
1435 985
1679 1195
1108 1204
1236 1239
1611 1408
1809 14
1775 387
1624 1701
1007 1546
1462 1413
1493 296
1455 320
1904 606
1242 778
1514 1548
1286 1078
1503 1830
1117 654
1951 1194
1408 951
1358 1425
1187 1972
1458 1380
1843 346
1212 962
1933 1236
1691 1951
1912 1015
1093 1727
1406 1177
1024 1619
1519 542
1568 546
1671 739
1129 604
1745 1055
1960 1403
1188 1014
1117 763
1093 1136
1172 844
1516 1258
1916 118
1203 123
1254 860
1285 1785
1458 1635
1828 1276
1423 485
1086 340
1099 1025
1968 1815
1122 1030
1939 254
1449 1712
1038 1968
1621 945
1612 703
1455 516
1432 898
1115 14
1278 594
1730 517
1876 553
1749 566
1185 1479
1050 1538
1260 1943
1596 633
1112 98
1350 426
1039 1955
1648 424
1700 859
1637 353
1558 1813
1524 604
1562 1196
1254 977
1487 91
1807 1422
1568 710
1681 246
1430 1368
1557 1484
1156 92
1988 593
1383 655
1229 1850
1269 614
1527 934
1541 252
1913 687
1392 783
1183 1982
1646 60
1752 20
1684 1719
1191 1814
1748 1232
1999 424
1134 1539
1498 462
1286 382
1923 895
1190 920
1690 1979
1965 1584
1137 958
1104 611
1405 1061
1032 611
1087 1809
1988 260
1211 394
1416 1896
1800 773
1350 1646
1289 1305
1893 359
1180 942
1039 1561
1665 839
1111 391
1869 1058
1274 769
1312 462
1021 343
1435 572
1784 1684
1950 1929
1562 1401
1497 955
1725 919
1737 1417
1042 561
1334 480
1312 1922
1723 51
1722 1243
1437 1731
1095 943
1799 992
1150 1074
1309 734
1152 639
1048 619
1240 537
1674 32
1185 229
1722 1351
1968 1414
1538 1404
1442 1753
1407 1478
1166 850
1753 360
1534 1190
1196 1715
1882 1835
1805 1199
1717 909
1417 458
1436 1010
1339 15
1741 1744
1860 1914
1132 1021
1600 1019
1012 567
1998 1241
1276 214
1616 1274
1103 1327
1405 256
1377 1338
1675 902
1183 342
1936 1691
1294 811
1851 1246
1942 768
1503 11
1624 1006
1680 500
1846 549
1744 484
1811 1246
1948 672
1163 1072
1531 959
1723 1815
1487 28
1332 1618
1991 361
1188 1307
1155 1781
1886 1133
1506 497
1763 1137
1057 736
1617 873
1397 1374
1691 1073
1019 163
1313 1443
1645 1959
1401 1642
1232 1864
1422 249
1468 1529
1120 1388
1852 782
1748 1039
1462 21
1494 702
1133 183
1772 157
1981 1104
1300 809
1222 458
1769 1054
1861 1185
1890 1947
1719 1107
1092 1347
1224 518
1553 1621
1892 814
1249 1054
1235 1023
1760 669
1658 240
1071 8
1719 1889
1415 1245
1837 750
1756 1355
1257 1588
1527 1074
1412 324
1990 88
1387 1670
1112 1790
1115 623
1651 1506
1353 198
1361 1222
1041 948
1587 1937
1108 202
1276 1925
1960 1799
1345 161
1419 1609
1878 1047
1127 1028
1613 784
1053 1121
1116 895
1179 57
1532 628
1687 1267
1097 1762
1273 1754
1703 754
1844 1074
1513 537
1878 76
1384 1816
1129 248
1906 1875
1800 602
1464 276
1821 497
1813 1920
1162 1140
1780 1946
1007 1741
1857 135
1468 746
1811 866
1431 1026
1456 1057
1928 1158
1033 1032
1979 760
1032 12
1718 1071
1360 1770
1028 747
1611 1993
1497 1303
1825 590
1655 1389
1064 174
1856 1886
1687 1513
1805 1137
1896 1141
1870 28
1765 1353
1995 193
1842 1899
1291 635
1731 540
1514 313
1615 1298
1432 1082
1181 518
1408 234
1766 624
1791 844
1348 767
1174 1976
1249 125
1512 615
1059 1923
1008 317
1615 889
1349 1365
1715 224
1087 659
1624 628
1175 726
1368 60
1546 1629
1404 515
1743 860
1121 1068
1481 1903
1164 98
1622 414
1548 718
1513 993
1023 620
1237 742
1831 528
1827 1505
1830 1829
1982 819
1984 1302
1389 878
1185 1793
1304 1655
1183 152
1175 1533
1912 1594
1480 634
1799 1010
1815 1576
1203 110
1258 421
1376 1987
1014 666
1122 126
1228 120
1711 1006
1920 1380
1941 80
1652 1285
1949 587
1904 1275
1230 1598
1325 1586
1300 1207
1418 1671
1986 1894
1302 395
1957 1968
1735 374
1083 1032
1947 1566
1469 1227
1932 1255
1433 1290
1385 1981
1451 78
1124 560
1780 1079
1214 1295
1243 549
1097 681
1060 187
1607 1599
1726 977
1511 1726
1458 969
1753 1196
1328 84
1418 417
1116 246
1689 616
1729 855
1722 1845
1156 1451
1323 1353
1205 805
1598 564
1649 1191
1303 378
1380 1277
1366 1306
1685 1579
1150 1227
1298 67
1639 1799
1374 988
1098 1469
1672 287
1860 1073
1646 1348
1484 1063
1769 413
1935 464
1298 321
1868 180
1462 268
1596 721
1598 484
1228 1746
1306 1727
1830 132
1519 772
1805 1461
1175 1039
1200 1517
1160 1849
1576 1602
1831 343
1325 390
1318 1905
1902 1396
1524 1414
1464 604
1028 990
1498 250
1753 752
1494 862
1024 70
1585 919
1214 1373
1607 705
1612 1249
1905 785
1600 393
1488 1838
1878 1023
1663 291
1198 547
1972 610
1896 384
1519 1179
1118 590
1334 1533
1592 1802
1336 44
1078 1155
1984 884
1537 1830
1893 1837
1595 1501
1184 559
1913 1971
1453 1768
1429 27
1622 652
1889 401
1276 1308
1193 593
1327 1642
1784 104
1840 1980
1598 312
1437 1167
1936 1551
1781 157
1112 1897
1373 1330
1447 725
1234 1676
1168 118
1423 1201
1319 1995
1105 822
1082 1409
1185 13
1927 328
1002 1742
1918 371
1341 1385
1968 356
1465 1482
1296 1879
1982 254
1736 13
1852 198
1752 380
1351 986
1195 101
1926 80
1434 519
1124 957
1437 1042
1078 218
1726 1694
1807 1627
1489 1869
1961 1260
1066 1646
1980 1388
1197 243
1972 1231
1219 1206
1885 1759
1452 567
1082 851
1440 1769
1328 578
1962 494
1908 1241
1255 1472
1684 1308
1283 1698
1636 810
1886 694
1071 116
1709 272
1913 1007
1531 586
1011 1527
1954 1993
1735 1238
1604 1072
1716 6
1079 452
1524 1283
1817 497
1556 565
1295 667
1979 1324
1300 582
1159 541
1777 1706
1117 1469
1352 113
1679 91
1261 1427
1931 1058
1511 1173
1017 622
1291 829
1773 1920
1034 1625
1510 861
1164 816
1598 940
1165 1240
1956 863
1135 1834
1606 897
1192 1908
1346 274
1862 1597
1607 1231
1752 414
1855 373
1030 287
1856 438
1540 1312
1140 1613
1459 1865
1221 1663
1344 195
1605 468
1145 1161
1525 1748
1877 761
1204 693
1868 1520
1515 1620
1999 741
1430 1921
1121 708
1397 2000
1582 846
1236 333
1675 1518
1928 912
1550 272
1523 1601
1167 173
1442 654
1775 1226
1949 1915
1159 1586
1598 1961
1237 624
1142 1258
1387 882
1604 404
1649 1115
1631 20
1236 1928
1455 1509
1038 1893
1630 465
1183 1808
1973 1350
1796 222
1780 1373
1472 940
1082 1863
1761 441
1358 1865
1044 1123
1805 1322
1075 303
1125 1931
1494 461
1585 1382
1608 1083
1046 585
1875 680
1389 1749
1934 1036
1331 1218
1774 711
1381 646
1875 1863
1256 246
1701 1422
1679 908
1510 498
1254 649
1498 471
1295 172
1140 698
1163 212
1618 159
1316 403
1957 718
1808 1395
1426 169
1728 1965
1732 1394
1210 696
1733 986
1796 879
1610 1549
1826 711
1455 988
1145 623
1523 1658
1109 152
1181 1292
1496 503
1479 1451
1852 1336
1482 876
1243 1653
1795 674
1101 536
1604 1473
1842 1902
1646 438
1848 748
1269 262
1279 886
1260 484
1283 1469
1563 1879
1794 649
1358 1019
1375 568
1696 1302
1166 950
1536 1102
1776 1341
1779 1290
1089 510
1130 982
1601 113
1237 523
1032 522
1863 1294
1518 1789
1388 1400
1962 850
1065 1270
1256 572
1211 369
1856 1735
1507 1984
1357 1712
1344 1757
1235 1418
1422 294
1101 1950
1654 917
1790 1730
1389 1042
1686 1453
1745 1783
1799 986
1081 1348
1649 619
1636 516
1026 528
1341 1919
1698 41
1390 178
1559 440
1195 620
1100 1194
1904 107
1359 1351
1277 1974
1627 1367
1648 1708
1067 1112
1964 1069
1904 542
1970 1095
1277 1258
1445 1108
1160 207
1090 1841
1924 1104
1127 274
1853 269
1139 1669
1596 400
1671 244
1684 691
1276 1535
1572 1925
1357 777
1414 893
1445 1441
1791 493
1540 581
1535 1418
1390 178
1387 1275
1517 1631
1354 1393
1904 1930
1549 1766
1332 531
1939 1609
1266 840
1779 1992
1137 880
1539 1551
1686 572
1640 208
1120 971
1959 371
1857 909
1052 1761
1898 971
1561 1803
1902 900
1314 513
1563 1883
1206 95
1420 415
1736 826
1034 459
1606 1116
1243 255
1554 1020
1300 206
1696 786
1987 667
1911 1241
1656 1565
1243 1766
1534 1802
1178 40
1980 1411
1342 1616
1929 1500
1378 1811
1319 1584
1753 749
1367 706
1539 953
1429 1351
1353 638
1509 1298
1379 1804
1950 1359
1064 568
1895 1844
1478 995
1207 597
1867 962
1985 88
1763 970
1344 232
1546 1866
1231 1821
1796 670
1709 764
1203 1232
1774 635
1386 945
1557 824
1032 1753
1241 1915
1974 828
1253 216
1340 1646
1173 1081
1065 503
1470 444
1058 1674
1941 1017
1109 243
1651 1943
1326 1359
1831 191
1818 1265
1956 800
1586 1426
1524 885
1474 696
1597 644
1059 1739
1004 601
1813 1716
1904 1554
1633 870
1760 1852
1382 1617
1007 142
1234 68
1190 228
1380 1844
1547 191
1904 1179
1089 1307
1978 1634
1336 1857
1054 801
1686 1518
1655 1622
1862 804
1815 1477
1184 1407
1639 1680
1682 523
1479 967
1989 692
1896 1329
1666 1501
1432 395
1279 1253
1302 1312
1341 663
1862 186
1820 386
1127 344
1177 1961
1187 1472
1566 1675
1791 423
1282 308
1580 1151
1060 1973
1846 544
1570 67
1587 715
1526 940
1917 346
1796 703
1755 1804
1237 203
1581 1407
1920 1928
1535 927
1489 166
1336 15
1034 1555
1027 1045
1465 1217
1525 490
1218 823
1824 1570
1031 1334
1880 457
1197 447
1741 1519
1929 723
1560 982
1011 907
1377 1401
1233 1769
1888 495
1471 1151
1114 1024
1358 1247
1886 39
1955 2
1265 185
1849 1853
1599 773
1817 1968
1331 1756
1281 609
1657 643
1914 1465
1042 710
1935 429
1951 848
1139 816
1338 793
1658 871
1233 1470
1363 973
1836 1735
1036 359
1674 1829
1775 635
1007 731
1676 1277
1120 1374
1406 1466
1522 464
1962 233
1151 1161
1661 1870
1162 1543
1142 1808
1222 168
1644 398
1434 261
1273 1470
1752 802
1199 950
1751 915
1354 591
1549 33
1038 1142
1080 828
1378 484
1695 1699
1742 1233
1860 1795
1585 68
1165 1997
1238 542
1691 1755
1167 1481
1603 1507
1298 1483
1820 1036
1787 95
1663 417
1443 1557
1022 1925
1872 1240
1678 598
1093 353
1134 1252
1387 1802
1957 1155
1199 38
1743 768
1326 367
1417 1937
1359 1632
1437 384
1376 853
1072 664
1564 607
1546 1200
1363 236
1317 169
1506 1350
1962 483
1412 1914
1616 21
1361 1277
1462 108
1447 394
1435 723
1678 1631
1796 964
1912 841
1966 1854
1353 1020
1197 1592
1931 1656
1948 597
1085 1336
1286 776
1917 989
1276 1609
1332 1322
1223 376
1225 737
1553 1602
1864 79
1359 883
1652 787
1426 1707
1146 1124
1415 595
1817 1204
1027 241
1711 95
1090 1978
1621 825
1962 344
1102 1767
1372 1196
1980 1020
1555 22
1372 103
1095 195
1011 1563
1652 581
1520 544
1215 1961
1723 1960
1593 102
1343 1940
1560 1890
1173 1975
1050 1753
1369 1803
1755 1680
1264 851
1504 1302
1898 1505
1172 284
1333 1097
1660 1479
1594 38
1047 932
1516 524
1344 1051
1485 781
1382 1943
1379 671
1267 1845
1212 222
1724 1498
1022 1054
1193 1402
1755 308
1798 23
1426 1926
1425 343
1872 431
1629 841
1985 712
1326 905
1722 131
1750 1986
1745 58
1463 195
1488 648
1369 581
1893 1669
1462 1692
1029 744
1381 1308
1259 1640
1972 1454
1331 612
1186 1746
1620 20
1708 583
1877 335
1054 1962
1935 1102
1908 1324
1596 1
1513 647
1446 416
1039 177
1587 1269
1600 594
1191 1977
1446 35
1794 1371
1142 727
1300 392
1010 1183
1158 1031
1726 1304
1843 1381
1387 1623
1016 1105
1715 1673
1943 1000
1004 276
1906 243
1105 1826
1814 655
1645 1183
1629 494
1193 1424
1137 1292
1639 1206
1782 533
1168 4
1455 1221
1412 1197
1772 80
1808 658
1275 1571
1325 811
1476 90
1046 739
1881 1380
1721 1401
1517 436
1770 964
1636 1097
1357 262
1276 144
1051 773
1523 168
1542 950
1665 1878
1056 858
1559 266
1321 478
1864 834
1848 1326
1071 1998
1644 602
1913 180
1043 267
1996 1397
1578 903
1480 303
1246 883
1189 212
1459 1497
1342 283
1299 1627
1613 902
1433 150
1182 1332
1366 1370
1992 1415
1340 1337
1121 312
1450 510
1345 1770
1999 1552
1011 1052
1130 1863
1527 563
1729 95
1995 216
1808 731
1108 1277
1989 571
1319 502
1730 144
1180 1910
1018 799
1222 1783
1632 661
1740 1470
1044 42
1100 1726
1351 1801
1536 412
1041 639
1593 355
1593 802
1948 1641
1901 1892
1546 865
1338 1016
1868 515
1310 1588
1607 73
1500 1943
1396 507
1417 1613
1219 29
1525 1504
1145 1095
1203 1202
1951 1285
1700 1961
1734 225
1968 442
1839 542
1791 537
1216 710
1432 1711
1212 566
1936 141
1993 567
1245 1376
1920 961
1235 341
1745 1004
1607 191
1894 887
1146 1351
1456 172
1344 884
1559 1715
1193 1355
1542 1959
1256 1048
1053 1174
1090 1758
1140 1788
1705 619
1836 658
1106 704
1120 1907
1532 959
1092 640
1683 373
1269 148
1835 363
1841 170
1384 1608
1096 1406
1237 889
1691 1409
1316 627
1836 1057
1934 503
1606 552
1731 472
1983 324
1148 266
1763 855
1030 219
1090 496
1298 1590
1133 1290
1476 453
1821 179
1184 1463
1461 1151
1004 1299
1777 942
1114 1132
1719 1675
1436 85
1740 1991
1205 743
1898 678
1717 1872
1161 8
1781 222
1892 986
1780 845
1589 1854
1329 573
1548 808
1514 887
1124 1227
1549 945
1438 660
1821 241
1497 324
1576 1198
1570 852
1470 573
1489 1460
1380 1323
1957 1076
1881 1222
1969 1223
1720 961
1678 1461
1944 759
1427 1680
1969 1327
1571 969
1920 1425
1750 723
1788 777
1162 184
1754 1817
1475 844
1382 1060
1176 671
1099 584
1920 1526
1293 1547
1357 412
1893 74
1169 981
1148 1534
1542 131
1339 1615
1690 1805
1187 1869
1602 1084
1537 893
1678 1832
1124 545
1942 1251
1490 956
1099 1988
1335 820
1169 406
1464 249
1291 1330
1287 996
1248 507
1352 1347
1205 632
1771 1669
1363 1559
1523 113
1122 848
1598 1532
1493 1592
1846 1082
1088 279
1792 516
1008 716
1962 491
1131 607
1634 1788
1200 1591
1269 181
1343 253
1126 1079
1459 1681
1687 44
1759 1228
1148 874
1312 70
1462 569
1937 520
1190 1170
1316 1444
1963 1497
1720 1140
1397 1852
1686 1409
1139 396
1081 1861
1722 875
1525 354
1438 1814
1934 1060
1006 1142
1260 661
1907 1442
1550 1584
1410 1799
1309 1832
1547 522
1786 1241
1064 1309
1075 1119
1209 368
1322 1703
1151 1242
1430 82
1760 809
1990 881
1220 1238
1443 173
1413 1356
1829 1254
1988 1754
1817 879
1761 1079
1450 1671
1546 918
1742 1179
1305 1194
1666 170
1127 1004
1128 970
1533 1898
1359 441
1029 1778
1044 1478
1020 1152
1840 1297
1811 1332
1914 256
1158 1703
1295 1172
1341 80
1679 876
1145 1762
1410 872
1945 392
1882 416
1213 516
1242 1174
1490 483
1327 1816
1504 997
1807 1467
1888 700
1288 165
1795 1955
1297 1402
1831 370
1886 634
1026 751
1704 168
1324 1046
1732 189
1688 1884
1462 30
1779 1249
1797 1260
1840 1316
1880 427
1580 203
1865 405
1926 1187
1665 1535
1752 1237
1676 172
1676 330
1471 97
1033 1712
1567 122
1117 1949
1771 107
1960 1075
1573 1176
1814 789
1677 825
1133 1289
1191 376
1847 238
1766 1661
1498 1536
1673 812
1327 1226
1020 1149
1264 76
1050 413
1165 1981
1154 1251
1448 674
1551 838
1872 655
1973 1292
1379 349
1585 774
1824 509
1592 619
1508 1532
1811 1937
1250 1656
1825 563
1560 466
1157 1328
1464 740
1218 528
1781 1093
1940 508
1271 410
1473 1374
1576 880
1912 663
1855 887
1672 160
1645 593
1340 1299
1383 859
1053 491
1051 1083
1641 1961
1382 1243
1267 1449
1845 1093
1491 1892
1235 1808
1040 134
1026 1321
1346 707
1213 821
1853 326
1358 1798
1515 714
1236 1404
1569 1069
1287 1070
1869 242
1559 602
1302 1206
1185 1001
1036 452
1955 390
1770 1549
1227 753
1146 1634
1371 15
1983 1764
1751 1332
1208 831
1986 1811
1396 1185
1405 677
1449 1697
1602 1880
1250 510
1929 394
1184 790
1433 727
1383 809
1721 1359
1341 236
1838 1660
1838 178
1744 786
1300 664
1849 1927
1486 1104
1893 325
1606 1456
1624 1934
1431 1755
1093 1648
1854 33
1563 409
1064 1859
1709 268
1277 442
1561 1044
1819 1416
1680 1929
1518 1294
1776 1857
1487 144
1663 1080
1803 1942
1705 1411
1397 1780
1044 82
1046 1213
1586 52
1924 1555
1742 479
1841 242
1058 176
1325 78
1953 1632
1831 1866
1689 1192
1208 234
1907 646
1120 1947
1965 1984
1093 177
1503 1960
1769 1890
1174 1761
1235 738
1262 1937
1001 1693
1515 1624
1149 444
1145 1712
1821 658
1546 853
1920 358
1776 134
1645 327
1492 813
1158 683
1614 348
1878 1992
1734 1736
1198 230
1291 922
1270 452
1618 1907
1242 1546
1425 320
1850 479
1508 1247
1287 1645
1239 65
1547 306
1341 1617
1929 1320
1569 787
1773 1047
1948 128
1244 1000
1510 1889
1935 541
1864 1178
1788 96
1545 1322
1358 1274
1471 575
1902 1973
1616 63
1537 1172
1074 372
1364 257
1216 1928
1630 1111
1462 1650
1661 1537
1183 1471
1900 1282
1644 4
1363 1255
1680 1219
1791 1050
1602 61
1820 904
1883 231
1408 277
1289 847
1657 1950
1523 1361
1474 1376
1965 37
1202 775
1462 1403
1078 826
1928 1818
1240 933
1824 853
1447 646
1575 1184
1257 749
1368 241
1959 1341
1251 298
1160 1464
1577 246
1104 1866
1577 50
1314 100
1850 1598
1924 460
1114 4
1850 1955
1391 1544
1165 504
1492 448
1590 731
1518 711
1070 1684
1032 1772
1687 917
1283 224
1400 1437
1922 1936
1373 879
1741 608
1742 1234
1875 505
1089 666
1846 1715
1562 1895
1266 919
1426 828
1903 126
1701 1923
1671 878
1912 1343
1737 807
1483 242
1663 504
1380 160
1109 856
1612 867
1387 289
1478 1088
1845 1199
1101 155
1009 378
1997 695
1441 384
1053 1504
1409 1176
1739 988
1851 146
1624 335
1897 1586
1334 974
1819 478
1695 839
1794 1350
1536 159
1860 468
1790 988
1105 1940
1767 1204
1405 1557
1709 1781
1831 1553
1766 86
1424 266
1568 1069
1993 1269
1627 803
1623 715
1158 998
1976 1933
1407 638
1482 1401
1414 930
1137 1435
1057 1979
1258 1589
1493 1096
1647 1921
1219 548
1378 902
1905 1861
1820 1434
1347 342
1856 679
1250 1560
1316 1313
1700 1124
1960 518
1835 1813
1963 1255
1954 788
1746 295
1078 467
1377 913
1554 1501
1215 895
1541 30
1453 216
1975 1503
1976 1961
1066 501
1703 552
1182 1275
1591 516
1232 605
1709 49
1171 919
1035 435
1143 668
1279 489
1617 1291
1096 492
1387 655
1003 776
1990 1414
1325 954
1174 469
1761 970
1549 890
1861 1963
1554 1570
1168 1489
1347 1340
1878 1410
1984 381
1343 864
1954 245
1533 582
1204 722
1549 1297
1497 1652
1832 1297
1758 1872
1850 1680
1193 521
1842 66
1835 108
1940 1806
1818 1467
1915 492
1906 1581
1067 1279
1804 1139
1926 229
1295 1742
1908 524
1295 239
1849 199
1547 1023
1066 50
1667 1168
1960 1442
1882 915
1360 1184
1616 1468
1138 1896
1755 1076
1145 1229
1568 429
1490 368
1740 1595
1400 1152
1344 1184
1775 1812
1044 1992
1776 1239
1986 279
1757 882
1351 1520
1966 1905
1934 1191
1426 175
1998 41
1314 771
1804 555
1098 1343
1236 992
1849 1974
1836 1711
1668 159
1601 1524
1782 663
1791 1286
1202 283
1675 1049
1332 966
1123 1701
1013 824
1104 1718
1509 1448
1539 1941
1510 908
1718 1479
1279 502
1588 1493
1470 672
1347 124
1690 764
1953 837
1543 1717
1597 232
1235 1930
1767 1276
1481 748
1091 1410
1476 598
1954 1923
1534 1916
1202 199
1753 807
1111 648
1942 960
1953 662
1077 1003
1504 493
1452 1895
1637 1859
1491 611
1307 182
1303 723
1822 1557
1621 578
1699 1358
1170 938
1552 360
1305 450
1613 1282
1732 1735
1171 1612
1486 639
1636 1332
1721 938
1932 324
1347 1081
1950 825
1839 164
1938 1896
1393 774
1045 1244
1234 1644
1337 3
1701 1550
1231 1945
1376 1117
1298 1509
1503 1182
1774 1347
1957 1605
1625 82
1861 1973
1760 1903
1265 1895
1389 529
1976 58
1728 102
1429 1882
1044 766
1214 484
1260 407
1994 1400
1941 488
1142 1168
1197 51
1962 1297
1404 1956
1287 943
1266 1023
1412 917
1674 857
1290 1397
1413 1365
1580 1373
1634 658
1619 651
1692 1651
1361 1523
1020 751
1228 158
1185 330
1582 821
1574 68
1386 366
1923 1776
1233 102
1598 648
1990 1712
1459 1983
1863 13
1145 215
1430 476
1680 1109
1838 1524
1232 865
1785 1504
1411 130
1553 394
1909 1673
1654 1947
1347 1436
1496 193
1051 1271
1470 482
1850 1822
1342 1569
1931 1574
1357 639
1838 196
1905 1923
1584 1462
1341 1277
1242 1537
1269 871
1572 555
1323 1645
1619 26
1393 415
1160 1852
1160 1444
1571 1961
1664 1218
1656 1237
1921 379
1177 10
1162 41
1164 774
1392 1646
1206 625
1937 1749
1728 402
1897 445
1977 18
1236 791
1437 961
1925 894
1461 695
1903 1543
1990 1774
1074 1193
1398 862
1097 446
1604 329
1473 266
1760 1913
1652 1164
1859 1430
1847 355
1824 332
1384 1826
1403 924
1901 1847
1128 306
1177 1769
1991 1815
1576 832
1671 1048
1549 1273
1313 1559
1089 282
1823 1904
1399 195
1988 1455
1150 1638
1021 1104
1391 360
1121 1671
1959 648
1269 753
1031 527
1187 1130
1618 1609
1019 1312
1479 1603
1546 424
1712 933
1475 1552
1210 259
1988 1893
1750 350
1594 1686
1391 176
1503 1496
1477 360
1810 1212
1593 1090
1720 782
1666 555
1699 1615
1199 1155
1568 484
1086 948
1956 1024
1845 483
1505 992
1863 340
1262 1878
1873 1699
1237 1993
1565 608
1610 843
1111 1370
1512 666
1150 799
1893 1595
1141 290
1257 1668
1459 543
1971 168
1807 1100
1197 1833
1440 176
1905 1465
1749 456
1556 353
1536 1271
1450 1254
1720 1918
1794 1816
1543 1420
1715 413
1393 8
1735 1198
1046 1261
1383 352
1562 981
1872 326
1403 1753
1100 1909
1978 456
1772 136
1278 1254
1508 501
1909 998
1575 559
1517 59
1669 141
1090 1484
1738 1900
1032 903
1985 624
1924 711
1576 1985
1942 456
1582 1427
1946 1274
1739 198
1111 20
1959 1856
1286 1676
1478 1287
1247 1380
1489 68
1562 535
1240 1428
1410 292
1496 1712
1758 441
1671 1616
1218 228
1784 1916
1851 663
1627 227
1090 1754
1603 1807
1811 261
1135 1528
1647 1070
1305 1464
1951 848
1067 1040
1369 509
1100 1097
1888 36
1061 701
1663 966
1064 486
1318 1318
1379 1511
1312 1200
1937 58
1332 636
1722 874
1131 1074
1709 51
1290 1055
1587 822
1072 425
1605 1473
1953 1232
1264 942
1445 1430
1480 1467
1019 272
1787 1706
1842 589
1384 1530
1585 1623
1032 517
1620 1127
1683 763
1730 126
1246 928
1486 1937
1284 449
1715 404
1274 717
1931 1099
1712 1633
1817 733
1188 996
1710 714
1297 821
1353 686
1096 178
1466 1990
1909 218
1009 1507
1734 1108
1778 1964
1336 1154
1820 1337
1931 1697
1762 478
1670 1746
1394 1780
1925 1934
1220 622
1722 1284
1613 1162
1795 247
1597 1911
1763 551
1517 214
1354 1484
1853 916
1121 394
1501 454
1385 1921
1850 1094
1196 1013
1548 206
1959 1902
1646 386
1869 1952
1389 99
1015 1645
1140 464
1779 41
1767 208
1187 703
1119 526
1232 1427
1646 356
1334 1959
1307 1036
1521 1090
1736 1138
1024 1885
1298 1101
1874 1072
1897 112
1262 893
1193 1948
1423 1258
1855 89
1392 1781
1488 20
1116 259
1727 1515
1017 1514
1749 1879
1110 1616
1230 1113
1170 164
1689 888
1567 107
1168 762
1048 109
1122 1985
1854 145
1765 1864
1137 566
1840 414
1453 580
1103 1810
1755 1122
1296 1456
1050 1449
1958 842
1221 153
1067 1659
1710 1739
1356 1784
1195 1479
1800 920
1161 934
1833 1413
1439 506
1326 1747
1084 525
1256 1761
1875 151
1035 926
1661 356
1199 1678
1615 566
1952 813
1222 1863
1499 483
1841 17
1835 424
1823 1
1282 794
1856 1113
1067 1548
1544 982
1248 1297
1321 1265
1559 938
1887 1625
1587 845
1034 1713
1600 311
1488 822
1222 642
1202 1109
1034 122
1320 474
1457 1932
1494 731
1687 1905
1761 518
1800 986
1277 1033
1732 1164
1673 225
1408 1742
1006 1508
1234 832
1283 1410
1573 382
1500 969
1246 501
1988 697
1286 934
1769 73
1546 697
1895 919
1983 1571
1312 549
1850 299
1818 1106
1535 1177
1601 1926
1351 1152
1847 402
1416 767
1041 343
1056 1234
1628 1463
1353 1774
1640 1913
1740 1756
1731 1952
1991 133
1465 46
1249 832
1355 133
1727 296
1669 1775
1416 769
1813 1790
1734 732
1672 646
1014 1321
1735 1242
1826 604
1915 1092
1868 243
1284 1065
1366 231
1392 284
1232 1506
1474 1922
1330 720
1905 230
1394 201
1507 1246
1168 621
1322 1822
1944 785
1965 27
1760 1449
1642 1587
1267 342
1731 1690
1309 1762
1758 1160
1376 90
1529 306
1342 1180
1550 533
1760 528
1724 427
1942 188
1926 1415
1640 1138
1903 723
1333 1741
1950 1900
1777 492
1639 940
1068 30
1074 632
1225 1375
1104 1563
1117 1810
1619 1987
1953 1087
1877 971
1632 1822
1036 1801
1397 453
1060 216
1071 1087
1814 441
1974 926
1576 1909
1083 1282
1628 1494
1291 1946
1173 1655
1125 618
1208 1800
1916 702
1848 663
1238 1790
1444 188
1246 1058
1645 612
1623 200
1682 912
1402 1363
1502 910
1378 1335
1253 904
1126 1875
1874 60
1190 1325
1957 941
1098 292
1444 807
1576 530
1791 920
1956 1536
1024 461
1525 1199
1387 1083
1645 1316
1770 1472
1328 1252
1396 552
1249 1025
1343 1940
1258 1219
1587 744
1683 730
1633 1156
1349 658
1028 101
1335 1800
1263 1533
1128 381
1768 1089
1486 857
1731 801
1199 897
1977 1261
1686 1052
1802 901
1928 67
1593 914
1055 1447
1080 1908
1382 359
1116 204
1854 1714
1585 43
1977 681
1745 665
1214 9
1897 90
1373 1848
1533 687
1195 1869
1245 537
1615 1205
1784 915
1405 900
1376 481
1851 1065
1861 1299
1795 469
1679 958
1665 140
1246 845
1621 893
1405 980
1355 319
1375 1782
1273 1644
1519 887
1624 451
1510 884
1895 1800
1273 1505
1052 1775
1849 1059
1636 1513
1624 1392
1438 510
1584 260
1235 348
1158 1094
1232 398
1127 1865
1151 336
1705 1975
1147 1186
1973 715
1651 652
1756 1294
1168 434
1744 917
1130 1319
1196 744
1896 1414
1542 1910
1319 238
1684 503
1750 350
1725 1858
1567 1698
1042 737
1191 509
1613 1442
1074 984
1200 447
1737 89
1984 975
1997 1383
1100 558
1529 349
1521 1323
1875 525
1672 961
1235 311
1650 1977
1527 970
1698 861
1190 618
1484 927
1300 1811
1373 939
1413 269
1859 635
1461 1456
1734 362
1407 1754
1928 1163
1173 1583
1809 1739
1672 592
1925 804
1704 1183
1770 1251
1158 657
1652 332
1432 1477
1811 1500
1205 533
1665 128
1250 1851
1892 1668
1492 1174
1787 158
1454 1884
1407 1789
1629 145
1423 1756
1346 1161
1048 1723
1464 107
1260 1952
1616 1816
1907 73
1009 458
1776 1285
1827 1599
1598 1668
1630 1864
1594 637
1694 925
1474 1743
1794 564
1022 1545
1901 1682
1718 381
1900 928
1997 1378
1194 449
1749 282
1841 1188
1114 772
1857 1829
1499 307
1718 649
1462 222
1141 922
1947 1752
1510 79
1917 1555
1553 1151
1196 705
1074 647
1630 572
1247 1723
1887 503
1300 810
1910 84
1812 389
1939 1671
1611 64
1814 1674
1242 186
1689 1651
1171 1098
1145 1395
1989 394
1289 464
1482 505
1935 1557
1895 844
1035 792
1643 516
1941 1549
1364 1382
1494 1369
1447 518
1314 1050
1718 981
1261 485
1359 670
1220 111
1402 331
1733 1568
1971 77
1537 1957
1225 972
1296 421
1478 444
1062 1095
1689 1008
1597 690
1784 1059
1243 1540
1793 133
1382 1751
1475 1714
1805 513
1720 138
1960 683
1278 652
1835 228
1295 1828
1006 646
1765 1831
1673 1482
1466 188
1143 136
1535 910
1424 866
1659 255
1468 929
1039 1327
1804 543
1839 1246
1099 1687
1491 622
1541 1658
1431 620
1662 404
1120 1632
1182 302
1112 98
1956 965
1732 1168
1689 1114
1476 686
1327 1179
1226 13
1434 211
1159 879
1669 1374
1586 554
1447 1599
1698 1883
1455 1845
1975 1133
1382 1979
1244 9
1789 575
1991 336
1255 1974
1211 88
1000 414
1798 147
1989 1587
1351 518
1654 822
1123 888
1354 1307
1896 106
1202 338
1417 1030
1072 1769
1051 1146
1321 352
1119 1559
1577 1661
1034 613
1686 224
1865 746
1544 1881
1057 1435
1663 489
1549 241
1909 1031
1329 1872
1485 4
1887 964
1365 528
1392 61
1928 1663
1206 156
1191 294
1847 206
1977 1419
1964 1769
1480 364
1651 1157
1070 1118
1434 1101
1304 1689
1269 1254
1978 337
1945 1679
1915 1945
1162 1257
1379 1091
1762 88
1178 1291
1059 1835
1466 789
1679 281
1031 372
1014 1005
1342 1596
1696 131
1508 1498
1259 579
1585 355
1039 558
1692 538
1456 102
1673 1366
1884 419
1929 1667
1582 723
1136 40
1786 1522
1900 1609
1993 554
1940 333
1144 1100
1568 739
1812 1968
1904 289
1432 698
1744 429
1179 1917
1434 271
1092 1924
1148 1270
1063 1119
1363 394
1340 603
1408 1075
1478 1173
1954 648
1705 1488
1844 826
1944 1332
1161 50
1814 762
1893 1032
1899 1814
1750 966
1185 484
1851 780
1120 1830
1524 1989
1359 812
1186 1674
1555 485
1471 1845
1125 1878
1241 473
1175 841
1811 768
1687 359
1277 1669
1992 1464
1638 131
1925 154
1063 477
1407 385
1385 944
1905 78
1106 1302
1585 1139
1668 444
1570 262
1438 1990
1225 1684
1703 1554
1212 504
1576 1418
1033 1260
1273 126
1350 863
1655 705
1013 871
1413 595
1931 969
1656 1295
1128 343
1488 181
1793 1273
1731 1291
1621 1311
1148 1968
1901 86
1780 497
1872 153
1296 527
1693 714
1812 1409
1066 401
1461 726
1508 1460
1869 1981
1016 1256
1731 473
1202 1719
1193 351
1324 962
1850 18
1618 1401
1963 1185
1555 1352
1737 126
1002 1684
1724 1363
1429 343
1851 1569
1598 1400
1320 1593
1353 367
1197 718
1789 279
1903 746
1566 1669
1209 928
1650 1384
1972 1362
1171 1089
1326 932
1213 1925
1433 944
1168 320
1598 108
1975 348
1129 425
1906 1187
1543 765
1898 274
1325 884
1547 1182
1322 1906
1334 1147
1968 1740
1776 619
1487 167
1613 1460
1523 593
1153 53
1343 1007
1840 1433
1729 70
1020 717
1424 1215
1296 1967
1932 4
1507 1352
1444 1840
1894 908
1886 1863
1929 1758
1803 1968
1147 1721
1352 1580
1457 445
1724 914
1209 1495
1631 25
1472 516
1120 810
1568 727
1506 180
1117 745
1760 1602
1442 1824
1278 107
1392 1508
1018 1992
1343 317
1898 315
1656 1729
1472 1389
1522 477
1123 312
1307 401
1376 1815
1418 1329
1145 1084
1859 953
1917 512
1210 930
1705 448
1731 498
1876 341
1849 1192
1377 964
1294 1160
1848 1512
1267 500
1038 93
1544 1212
1863 1407
1206 726
1489 450
1875 1362
1187 1107
1014 1896
1805 926
1715 1315
1210 1569
1665 1
1083 1601
1954 1483
1974 1276
1123 1091
1055 1823
1237 1580
1645 281
1876 1742
1489 1151
1118 377
1306 1137
1789 1338
1996 1181
1616 1564
1082 675
1215 273
1626 825
1654 2
1897 191
1820 882
1630 325
1876 857
1019 1276
1491 1072
1641 1819
1275 665
1939 35
1896 209
1774 453
1210 184
1255 1410
1970 176
1925 1139
1984 1508
1897 1147
1740 1451
1764 1721
1219 493
1672 1986
1236 1893
1521 222
1468 1447
1677 754
1975 1173
1178 47
1472 829
1878 440
1059 1285
1445 1577
1433 121
1415 86
1388 244
1536 498
1531 1885
1988 450
1183 180
1250 1729
1623 670
1808 389
1858 461
1560 865
1652 179
1801 1180
1730 584
1425 2
1297 1914
1514 1098
1619 885
1338 1976
1812 532
1279 692
1988 390
1723 234
1406 1604
1245 1555
1960 1553
1816 1876
1268 243
1799 1494
1583 162
1953 182
1839 1055
1026 254
1179 1335
1802 307
1261 648
1786 416
1963 82
1916 1539
1679 241
1131 550
1051 1499
1155 1649
1273 981
1577 1694
1338 587
1662 1645
1061 431
1408 841
1626 34
1713 1707
1655 1473
1444 1310
1236 225
1886 1970
1578 1902
1538 117
1553 289
1096 351
1658 1680
1766 1308
1834 1994
1726 287
1001 1955
1042 1829
1945 1757
1326 1528
1667 808
1582 742
1590 427
1928 1457
1977 627
1698 983
1475 1787
1935 213
1385 1885
1926 1848
1032 232
1867 1604
1364 867
1011 1705
1472 224
1746 418
1543 709
1223 832
1162 1239
1954 1063
1250 1783
1772 326
1713 498
1048 1069
1148 627
1313 506
1244 716
1653 1157
1894 1126
1856 1101
1127 261
1388 1858
1963 1487
1855 612
1208 782
1653 1611
1511 1459
1615 73
1283 638
1124 1582
1917 1035
1344 458
1438 111
1659 1336
1838 1716
1979 1401
1253 1633
1908 1694
1881 1246
1590 634
1872 1655
1024 1831
1838 302
1244 296
1784 1222
1395 1247
1626 189
1130 561
1398 649
1541 902
1414 182
1243 1205
1780 1215
1114 1839
1983 348
1005 363
1881 794
1611 210
1584 1985
1138 1819
1473 514
1867 394
1947 496
1712 421
1795 1505
1499 1912
1572 1556
1977 25
1986 821
1519 1038
1463 1710
1603 1245
1085 81
1270 1908
1604 1668
1401 1915
1190 1115
1398 182
1058 1852
1520 559
1959 495
1046 788
1769 1429
1131 1661
1808 1371
1786 401
1479 511
1816 1945
1986 1266
1170 1845
1188 1070
1137 1838
1431 265
1387 907
1405 1947
1988 1784
1496 541
1237 20
1733 882
1891 57
1766 1194
1819 1570
1695 1413
1237 808
1905 741
1022 77
1430 167
1307 1757
1044 916
1011 625
1870 722
1404 1510
1975 1040
1208 926
1856 18
1297 1142
1499 1562
1067 87
1281 1640
1921 160
1050 1843
1851 1492
1627 728
1870 128
1693 355
1292 529
1371 684
1286 211
1779 1731
1872 1964
1105 1502
1156 58
1305 82
1593 26
1372 1441
1316 1547
1516 244
1224 274
1347 9
1410 16
1001 814
1800 1873
1797 1055
1316 502
1414 523
1452 1349
1882 1486
1900 1166
1294 1307
1237 1826
1375 88
1335 1728
1753 1327
1789 1744
1126 1057
1208 307
1641 862
1111 1514
1539 851
1101 1750
1270 1203
1484 432
1625 1913
1657 1275
1235 1660
1615 1991
1899 340
1049 1142
1791 813
1970 516
1771 1481
1239 499
1405 1547
1184 1140
1727 417
1178 1773
1324 497
1816 1399
1975 984
1716 1639
1480 974
1424 160
1592 286
1458 215
1087 1365
1736 1575
1524 841
1407 374
1509 252
1451 1272
1223 1280
1546 66
1440 1469
1073 1265
1843 690
1828 268
1269 1721
1672 1735
1070 1501
1491 586
1681 288
1670 1970
1431 792
1777 630
1984 537
1960 28
1164 1066
1061 413
1370 897
1958 1110
1879 1279
1905 849
1961 548
1909 19
1684 586
1538 1575
1733 757
1596 1579
1509 942
1340 1946
1216 1836
1536 826
1118 884
1348 1974
1450 658
1720 382
1465 1561
1787 1517
1270 1207
1001 1612
1292 1933
1386 1254
1522 893
1419 652
1510 228
1552 1449
1011 1291
1314 216
1461 104
1885 661
1135 42
1686 1361
1955 1062
1243 1162
1794 1627
1355 714
1484 1421
1744 1375
1450 1920
1354 1499
1689 1842
1030 1021
1762 1614
1742 48
1537 190
1619 1602
1770 513
1424 1623
1507 1870
1737 351
1486 1912
1691 358
1589 258
1022 1674
1035 1237
1161 498
1272 1999
1781 685
1981 462
1812 537
1425 1790
1419 373
1051 639
1886 1881
1946 330
1659 1636
1649 1733
1274 1174
1206 1141
1323 1567
1918 884
1145 1160
1985 1940
1813 1217
1300 130
1829 730
1174 878
1855 1766
1026 1931
1033 141
1903 1810
1795 1249
1245 11
1447 1091
1905 1022
1143 1223
1322 310
1456 1525
1597 1928
1758 609
1702 324
1641 973
1640 457
1118 1022
1167 1773
1368 1548
1212 237
1160 1406
1584 1233
1331 1174
1221 1412
1675 488
1897 67
1257 1537
1772 484
1713 533
1828 1385
1406 745
1111 1013
1400 131
1994 1422
1243 543
1207 1027
1163 1539
1563 64
1356 1781
1729 848
1038 427
1105 1187
1017 900
1750 1920
1933 645
1135 1531
1598 1590
1379 827
1518 1230
1682 1846
1555 396
1497 1086
1906 760
1734 1344
1036 1641
1742 1353
1817 553
1300 268
1290 1222
1738 1571
1371 585
1732 690
1464 1884
1507 738
1751 1976
1760 1116
1207 1981
1122 179
1191 934
1769 248
1891 315
1772 744
1450 1896
1184 857
1403 1407
1913 1797
1369 906
1086 358
1101 835
1528 306
1539 471
1644 713
1719 1768
1162 29
1210 1603
1924 432
1287 658
1602 1397
1379 866
1885 1136
1765 1959
1724 1983
1506 1374
1780 509
1611 19
1210 117
1019 501
1334 1524
1620 1063
1664 914
1850 1528
1342 1890
1370 661
1290 871
1435 157
1581 1929
1326 1446
1584 1001
1515 510
1517 690
1717 309
1593 81
1254 1833
1485 310
1285 1697
1181 602
1695 686
1057 19
1363 382
1322 359
1147 1379
1335 1470
1584 1572
1416 1818
1526 515
1122 923
1376 175
1917 62
1700 218
1338 6
1098 941
1770 654
1489 1035
1915 1630
1267 1940
1691 236
1202 1355
1330 628
1347 570
1411 1355
1898 1571
1003 801
1630 458
1694 21
1046 322
1022 957
1292 1061
1453 422
1905 1449
1421 1705
1161 591
1197 207
1752 125
1407 918
1734 1038
1424 1092
1919 776
1760 395
1598 527
1171 638
1371 792
1783 611
1874 1456
1758 281
1310 1550
1198 1564
1669 887
1536 231
1342 481
1454 25
1409 1177
1656 1532
1502 1977
1505 113
1640 116
1333 384
1987 260
1453 591
1164 1590
1951 1328
1000 644
1224 1472
1728 1748
1979 525
1211 1358
1015 280
1116 1716
1203 1435
1789 237
1077 1773
1269 1795
1668 755
1062 1038
1522 1929
1026 527
1798 1986
1431 18
1825 333
1048 622
1232 1096
1295 1678
1753 1881
1840 53
1737 586
1855 302
1829 1365
1700 1730
1168 1505
1997 654
1828 1531
1173 163
1037 168
1524 175
1218 1690
1192 1629
1269 1745
1922 1113
1685 1972
1715 582
1594 1329
1929 1667
1841 753
1765 155
1256 943
1351 620
1565 474
1324 1994
1674 1113
1823 1301
1739 1263
1725 1881
1803 1760
1885 1477
1948 34
1352 1598
1149 727
1173 1508
1705 1210
1073 132
1166 872
1613 1360
1579 481
1744 813
1453 14
1102 331
1076 1110
1833 1162
1282 220
1903 1339
1563 27
1436 1460
1515 405
1442 1449
1437 1415
1078 1863
1096 1650
1733 818
1535 1910
1079 1778
1088 1391
1067 1113
1572 1764
1171 1016
1657 462
1089 483
1909 710
1737 1362
1308 1010
1753 1098
1172 690
1479 1307
1983 357
1290 1850
1520 1761
1683 882
1562 19
1813 247
1621 100
1547 892
1618 381
1785 373
1945 92
1030 95
1344 679
1585 47
1631 992
1585 1560
1267 1402
1321 1297
1672 1211
1524 1718
1826 163
1133 13
1805 1164
1474 1532
1587 1362
1729 1226
1822 516
1940 1747
1479 107
1042 800
1191 459
1718 550
1123 681
1796 1213
1317 76
1880 404
1105 182
1513 211
1757 1412
1847 1282
1261 1812
1585 168
1741 503
1634 310
1768 247
1228 613
1577 1563
1277 1037
1465 1881
1842 104
1600 1275
1041 1734
1591 1157
1371 1250
1533 1637
1338 1780
1768 700
1247 1849
1790 1677
1824 304
1309 1075
1104 422
1104 1256
1207 1845
1939 947
1051 456
1553 209
1143 258
1443 1191
1283 1360
1772 1879
1164 572
1043 1714
1469 291
1945 1373
1766 1849
1628 1126
1629 380
1507 824
1763 166
1234 382
1176 1671
1328 613
1096 898
1399 949
1519 150
1004 977
1620 497
1224 1869
1235 576
1534 31
1797 665
1062 889
1619 1853
1105 502
1513 1256
1238 1411
1128 667
1660 1632
1126 1405
1089 1815
1746 749
1339 252
1010 1994
1949 437
1919 695
1236 268
1796 1305
1379 179
1659 194
1339 1624
1801 1972
1807 1817
1051 1278
1711 585
1768 1899
1186 500
1393 427
1546 127
1255 801
1363 1411
1131 1087
1621 572
1188 383
1386 1069
1420 1204
1769 1703
1052 1232
1604 409
1945 87
1455 665
1871 1027
1866 1204
1214 746
1513 1667
1281 557
1578 1647
1870 946
1143 838
1475 884
1860 1422
1574 1594
1075 1658
1001 1093
1726 251
1811 590
1757 472
1826 1807
1273 1920
1959 176
1944 879
1099 1430
1978 1952
1297 1143
1307 1139
1707 1857
1314 591
1418 363
1289 281
1392 140
1310 198
1041 1803
1601 13
1801 86
1055 1664
1311 407
1198 108
1258 1956
1914 1695
1803 998
1808 651
1476 1948
1762 1720
1247 1425
1098 542
1354 1323
1690 594
1953 422
1090 401
1580 1312
1827 939
1107 1110
1757 1410
1856 1503
1476 500
1404 583
1160 1956
1916 639
1724 976
1445 675
1007 511
1486 1660
1242 1113
1333 823
1914 459
1956 229
1478 810
1349 1637
1683 1944
1068 1503
1022 1782
1116 418
1761 585
1013 1473
1690 320
1933 1688
1176 1204
1468 1766
1776 144
1356 902
1183 884
1800 1486
1400 1365
1268 555
1465 279
1615 988
1649 445
1812 1471
1132 1632
1527 361
1651 1199
1950 794
1349 1510
1597 624
1138 642
1894 235
1594 243
1761 721
1417 947
1721 418
1174 1158
1759 590
1421 723
1827 1158
1913 674
1992 49
1102 854
1504 768
1694 492
1872 980
1913 581
1980 846
1195 1281
1798 247
1161 1692
1795 993
1468 430
1846 1006
1905 1565
1194 416
1096 390
1330 1344
1740 1548
1227 66
1426 320
1677 1481
1653 657
1877 1511
1690 149
1719 1672
1463 1993
1202 960
1425 118
1996 530
1175 485
1336 1555
1561 869
1932 654
1069 570
1216 1128
1418 103
1404 839
1414 431
1706 1919
1366 873
1340 1437
1429 1266
1654 1751
1710 887
1871 1060
1037 483
1141 1176
1003 838
1039 1219
1256 1463
1726 379
1895 1595
1526 1830
1524 647
1817 508
1632 882
1790 1580
1129 1950
1720 1247
1875 1577
1753 1018
1268 1887
1425 792
1311 434
1202 1111
1047 332
1942 1921
1966 1652
1826 366
1742 1376
1492 168
1552 1018
1508 1743
1372 278
1199 542
1056 1363
1930 734
1452 976
1629 1897
1189 1200
1749 770
1848 769
1742 307
1866 842
1097 887
1870 947
1171 233
1006 1529
1478 92
1237 1506
1052 1949
1813 1133
1232 598
1069 126
1192 437
1229 553
1320 1932
1876 157
1936 1609
1642 835
1746 201
1442 711
1988 1257
1762 998
1765 1469
1542 1608
1165 1460
1753 881
1341 300
1174 434
1714 338
1143 1317
1868 1165
1779 137
1492 44
1765 714
1421 1948
1731 1813
1473 1006
1708 1258
1975 1705
1069 659
1356 588
1910 1540
1177 663
1024 1556
1187 1210
1458 1723
1656 173
1013 908
1072 1346
1060 1733
1154 1368
1976 116
1386 466
1851 941
1495 1304
1107 1449
1369 219
1898 385
1810 1342
1379 1867
1604 644
1663 1412
1492 1957
1466 1391
1038 1397
1703 253
1450 998
1459 1581
1645 1836
1320 1158
1554 1297
1216 1331
1642 299
1454 398
1250 59
1503 1840
1813 1912
1294 1895
1729 347
1297 1833
1374 363
1990 809
1660 508
1658 888
1332 228
1595 1357
1162 1086
1388 1144
1545 1683
1969 435
1424 1365
1860 1434
1124 1805
1007 861
1798 776
1403 1203
1294 558
1337 577
1216 868
1326 508
1990 1042
1044 1163
1406 134
1423 289
1606 906
1885 1993
1733 180
1954 98
1547 1261
1114 1101
1676 277
1184 1797
1176 277
1047 143
1791 644
1183 1169
1556 590
1851 1608
1383 737
1552 421
1279 26
1064 1208
1656 720
1024 607
1249 735
1743 352
1881 1176
1008 1398
1092 1799
1777 729
1672 1238
1453 929
1429 400
1159 1595
1036 1559
1048 221
1486 10
1723 391
1753 337
1511 762
1559 827
1445 990
1247 171
1514 1582
1504 1086
1535 199
1387 416
1864 1794
1401 448
1625 205
1853 1329
1151 624
1306 1346
1198 494
1360 912
1895 315
1035 1657
1357 30
1685 1557
1544 1415
1110 81
1449 594
1849 476
1343 1100
1496 230
1097 1157
1634 1605
1605 1127
1980 1433
1409 1111
1358 1459
1624 649
1864 1794
1967 1128
1348 158
1976 1286
1997 408
1303 1825
1209 849
1627 1672
1363 618
1775 44
1956 1548
1122 714
1211 121
1931 1239
1706 291
1649 1565
1691 252
1419 1350
1003 701
1659 310
1182 1211
1464 1214
1699 263
1884 125
1881 772
1211 1402
1242 382
1685 928
1863 1546
1462 1753
1676 88
1892 1726
1094 1264
1440 397
1962 444
1409 157
1375 1010
1885 718
1863 582
1322 1332
1554 765
1308 1638
1924 468
1248 801
1728 450
1048 1235
1317 1595
1311 1749
1576 1511
1648 152
1314 1778
1850 1523
1219 613
1479 1707
1790 197
1581 725
1887 1883
1628 1800
1515 1924
1033 391
1527 1866
1322 1837
1756 386
1299 809
1033 1655
1777 1597
1993 1623
1037 593
1279 1740
1435 957
1343 1870
1108 1223
1471 1400
1849 346
1070 8
1233 1080
1675 1274
1108 656
1897 1175
1056 1107
1594 810
1916 660
1178 803
1300 111
1053 96
1836 1884
1771 1961
1320 771
1666 1034
1468 1905
1725 1574
1775 204
1517 1834
1277 196
1725 1200
1446 1867
1314 1302
1505 1910
1426 1438
1701 1076
1964 599
1417 1774
1793 892
1601 1872
1457 1723
1636 1448
1161 776
1093 1660
1555 691
1127 832
1767 535
1140 568
1873 1909
1639 251
1307 1713
1273 1513
1132 1850
1497 862
1209 1152
1839 1751
1523 849
1859 1652
1833 1365
1121 1599
1223 203
1000 349
1631 1155
1547 1714
1184 157
1768 1834
1932 1714
1319 469
1070 1202
1517 482
1667 1133
1194 959
1008 1014
1295 1072
1277 1925
1532 734
1185 412
1433 1170
1166 796
1276 371
1086 1720
1690 1147
1493 1290
1649 785
1753 1685
1037 915
1056 988
1025 769
1913 801
1153 130
1342 1407
1734 1265
1959 108
1546 1896
1603 330
1204 320
1579 1789
1862 1320
1727 1426
1501 1556
1317 1549
1737 312
1343 3
1966 1013
1469 1706
1833 962
1418 1293
1103 1183
1299 533
1043 230
1414 692
1718 1908
1823 1236
1788 423
1449 1168
1692 135
1595 1025
1649 1465
1344 1531
1383 546
1836 1977
1783 41
1444 198
1055 737
1349 605
1051 821
1919 884
1401 1733
1211 149
1164 400
1483 1165
1470 434
