8972 17
63 29
65 56
89 28
92 9
84 32
90 8
81 11
89 9
59 45
73 47
89 23
85 34
80 48
93 41
96 54
64 50
90 21
80 55
96 13
96 2
94 13
51 39
61 9
62 56
95 23
63 14
67 6
66 7
58 35
62 45
96 57
84 37
51 43
71 17
88 48
85 54
94 55
71 45
93 11
69 17
67 8
63 50
66 15
89 13
70 43
84 18
71 25
69 37
76 53
50 21
88 37
71 50
56 14
78 33
96 37
79 40
88 53
75 51
52 34
66 29
76 20
61 7
70 36
50 8
59 34
73 13
83 28
66 53
60 26
76 60
96 32
71 52
86 40
58 4
89 39
69 45
87 5
53 18
60 43
89 44
53 2
75 13
67 37
73 4
51 8
98 41
54 22
67 18
51 22
71 50
66 50
51 9
84 24
99 40
61 15
86 37
60 1
69 50
68 1
90 31
62 50
92 37
99 36
51 5
53 20
67 8
54 7
73 9
53 12
84 24
64 38
77 52
84 2
79 28
89 18
93 41
95 26
78 20
81 35
55 50
96 40
57 23
95 7
95 11
62 53
86 23
78 22
86 37
69 59
59 46
79 9
71 31
57 26
91 53
71 10
85 44
96 28
84 39
88 40
83 58
56 23
95 16
83 9
85 51
96 32
70 5
94 31
75 32
57 52
94 16
90 40
79 28
81 22
53 31
60 40
52 60
92 22
81 44
80 29
94 10
61 31
74 16
61 10
65 1
73 22
79 31
98 51
99 17
67 20
91 15
68 5
62 2
87 2
54 39
52 5
71 40
51 53
55 44
57 20
97 33
88 50
96 31
76 26
87 4
60 9
75 25
96 49
97 31
87 56
74 52
57 49
74 50
87 38
80 40
80 47
54 29
69 27
93 47
87 17
65 25
81 8
61 26
70 58
59 47
64 22
61 11
69 25
53 59
96 42
91 25
99 53
68 45
56 13
80 17
69 16
79 59
75 51
63 13
87 42
69 16
60 9
61 57
51 53
70 49
52 6
59 23
51 32
77 36
89 4
56 25
58 15
93 27
89 1
92 7
58 16
86 4
65 46
68 54
52 57
85 40
55 16
52 5
94 6
83 54
95 15
74 16
65 14
91 56
53 10
52 59
70 47
74 3
59 59
84 17
57 1
65 21
75 6
78 44
89 46
65 25
57 8
90 42
83 21
74 11
88 18
77 39
91 41
61 26
92 42
58 19
87 49
73 24
62 2
60 19
82 60
51 10
92 51
76 42
95 36
51 15
98 49
94 51
64 13
85 17
98 26
99 12
66 37
84 48
92 30
50 15
76 8
57 44
87 42
97 12
65 7
66 57
77 60
95 40
95 55
79 51
83 18
81 19
70 33
68 10
75 41
58 19
88 46
65 21
80 22
83 26
85 18
97 49
53 29
93 2
87 19
88 8
91 8
68 56
50 1
91 33
91 14
91 60
92 14
69 53
67 3
86 30
61 18
93 34
75 33
56 56
85 57
89 38
96 55
89 24
89 26
60 38
74 31
85 42
65 16
88 25
95 26
91 32
86 37
76 40
75 60
70 31
59 21
61 38
66 59
66 35
55 54
81 48
59 11
52 48
69 20
87 9
77 13
76 53
74 33
82 21
61 59
54 58
50 20
71 43
52 12
51 36
91 59
52 48
87 58
65 30
55 27
93 20
85 49
81 8
73 36
57 6
56 48
74 30
66 40
74 7
75 46
54 32
72 19
66 58
83 32
62 34
74 19
96 58
92 7
57 10
73 28
56 6
53 37
53 23
54 2
57 42
58 5
82 34
94 28
97 13
59 37
88 29
99 41
60 57
55 54
65 55
95 39
86 55
68 52
61 8
61 23
83 49
61 29
88 59
74 57
60 14
81 9
71 58
70 26
98 2
72 1
81 34
83 51
91 9
68 43
62 57
73 45
78 16
66 6
68 3
65 33
83 52
52 53
79 34
51 40
82 12
56 18
57 60
81 43
65 21
72 45
67 28
61 58
78 42
56 48
62 5
73 6
90 60
59 59
95 12
56 17
62 33
76 52
57 44
89 11
62 11
86 22
94 2
68 12
65 8
84 43
58 50
89 15
64 33
94 12
95 38
85 32
51 5
70 47
89 35
60 3
95 22
88 17
77 38
54 33
80 9
58 36
69 17
75 4
69 28
86 53
98 48
62 24
89 1
80 2
72 9
65 7
75 39
57 56
76 33
50 12
98 58
69 5
54 30
82 29
78 1
98 8
74 36
92 19
79 25
85 43
71 25
61 35
90 5
60 2
62 50
91 29
81 22
96 48
51 43
57 26
77 3
99 3
65 7
88 24
83 56
62 13
62 11
62 31
56 13
66 31
52 51
97 36
59 30
73 31
74 54
76 7
94 2
91 60
92 11
63 3
91 19
66 53
51 32
98 43
85 26
96 60
74 56
59 60
86 22
85 8
85 35
78 28
74 3
66 21
91 16
83 40
92 33
82 49
52 28
70 47
81 29
76 23
50 42
85 11
79 17
55 26
85 51
73 58
85 30
85 20
56 22
85 47
66 35
68 38
76 6
83 31
79 42
68 33
99 25
58 29
67 19
89 32
94 18
78 39
91 46
61 35
60 60
59 48
89 29
64 44
62 23
59 40
90 52
71 42
83 44
75 36
57 2
84 16
72 3
74 60
69 12
77 37
73 6
65 23
64 14
55 43
92 55
95 16
88 39
68 35
58 8
76 1
80 39
71 45
90 54
50 22
91 24
85 2
55 25
99 20
56 6
70 16
96 33
52 49
75 5
65 38
77 36
96 36
87 33
68 11
84 5
62 11
53 1
92 22
99 5
62 11
94 10
97 49
98 57
99 53
80 35
55 52
86 25
63 5
67 18
79 50
97 41
86 57
50 27
74 21
90 53
86 45
63 46
75 12
79 20
86 50
95 32
61 30
61 39
58 5
87 26
95 38
73 1
69 15
54 35
62 55
92 18
95 56
82 17
63 23
70 26
55 38
54 26
83 3
53 9
76 50
80 30
59 15
60 59
62 48
82 1
85 48
81 55
66 42
62 60
89 56
96 30
65 31
72 49
90 34
78 55
69 58
70 30
70 1
89 19
66 22
96 56
63 48
77 33
76 49
74 30
86 58
90 13
61 36
59 18
81 45
78 39
96 27
95 37
60 13
52 2
85 32
50 37
85 4
94 51
55 31
87 16
89 25
53 10
60 29
66 29
82 55
92 38
62 43
85 12
65 25
84 48
66 10
97 36
91 30
74 42
58 50
79 50
52 16
90 14
96 2
79 17
70 44
65 55
61 28
83 38
95 18
67 56
66 16
99 27
94 15
59 6
86 52
74 51
83 37
72 4
60 15
86 14
73 48
61 43
76 16
94 20
55 29
91 19
71 42
96 41
91 32
78 42
97 56
74 12
77 51
98 37
56 8
96 22
92 55
66 9
90 6
68 45
77 36
79 12
79 36
91 56
84 19
76 51
87 14
58 28
99 54
92 37
84 33
73 31
62 33
99 39
57 22
97 30
75 17
79 32
63 50
63 45
76 6
76 24
69 14
85 28
66 10
76 19
72 54
95 45
55 38
68 21
83 28
55 15
53 42
51 46
82 48
54 7
90 15
62 38
92 8
92 15
97 8
84 24
89 3
67 53
62 10
83 4
99 48
57 31
66 29
98 3
63 30
52 39
72 60
94 44
95 40
58 42
84 2
57 19
71 32
75 10
97 57
58 52
64 54
66 19
90 33
55 11
68 21
87 32
51 60
79 55
67 10
60 40
69 29
86 49
60 30
79 54
93 59
90 36
63 18
54 6
67 2
83 57
83 35
85 19
76 35
70 19
50 22
85 38
99 1
69 33
51 11
52 6
81 29
86 33
81 48
75 5
65 59
51 22
62 37
99 23
51 25
64 43
74 44
98 24
91 7
70 20
89 17
97 60
52 17
83 54
92 48
89 47
99 34
82 49
77 60
62 29
66 14
81 19
72 16
76 21
63 33
93 2
90 10
76 16
94 45
58 44
72 15
56 37
94 50
85 51
56 6
70 5
62 34
77 44
63 35
73 38
74 57
57 38
59 16
97 2
53 15
56 27
82 55
91 18
87 11
99 11
95 37
75 6
86 25
82 30
69 31
57 42
63 13
92 49
69 21
64 52
95 45
94 26
55 45
61 19
56 58
95 50
58 4
79 56
55 27
70 17
65 57
55 54
92 15
54 2
78 7
73 17
66 53
69 1
59 34
74 28
65 33
51 11
51 15
93 37
84 40
62 39
80 54
57 45
96 42
96 2
83 5
82 3
56 1
60 50
83 24
84 8
65 17
75 19
61 57
72 7
97 60
58 31
78 29
63 32
76 58
63 4
98 19
97 35
88 40
85 14
84 21
86 44
59 42
55 14
65 60
52 14
86 28
98 39
80 49
68 15
84 42
51 21
62 29
81 44
55 26
78 4
90 36
78 35
69 25
68 55
58 11
61 55
94 14
56 7
53 48
98 13
80 12
92 20
60 39
61 6
70 43
80 37
68 12
60 54
90 12
78 19
70 34
73 33
70 11
95 33
89 57
52 14
75 31
87 2
52 45
58 3
97 31
83 4
99 31
67 28
83 25
67 37
55 13
75 53
82 56
97 18
51 23
78 7
50 3
94 7
83 43
56 48
58 22
51 55
71 44
75 42
64 6
53 58
66 4
95 23
67 27
62 4
84 32
84 44
74 60
69 54
84 53
98 56
58 60
63 6
74 27
56 12
86 1
64 45
78 20
93 6
64 14
95 19
72 47
55 49
64 47
76 8
71 19
58 1
54 29
91 38
87 52
95 41
86 4
69 3
70 19
88 35
53 32
71 3
69 32
75 24
96 42
76 4
84 5
52 31
77 49
86 23
89 43
85 58
74 9
67 36
88 6
93 57
79 5
98 47
64 19
66 36
96 18
58 47
63 48
91 23
73 41
78 24
63 28
68 42
79 19
71 23
66 10
70 57
56 8
96 35
68 57
67 31
77 3
54 28
84 38
67 1
96 27
73 54
60 35
78 54
64 34
87 13
74 49
55 54
93 19
74 56
60 48
61 1
72 46
62 32
79 5
64 24
66 56
74 52
56 5
77 17
97 6
97 33
86 32
65 21
75 25
60 14
54 49
90 44
51 53
52 15
98 35
62 17
74 41
77 43
57 24
73 12
50 3
98 8
96 48
76 58
96 2
72 8
88 32
92 33
53 14
59 48
91 46
68 35
79 36
89 39
94 33
51 18
64 45
80 29
84 20
92 28
51 6
90 59
68 10
69 10
87 31
97 11
86 4
51 23
66 15
82 7
66 17
76 60
82 36
77 25
80 35
99 36
91 13
55 46
51 13
97 35
99 42
56 26
89 23
61 41
64 49
86 23
89 42
72 10
85 48
88 40
56 27
56 17
82 28
72 54
83 3
97 40
86 46
55 18
78 18
54 28
97 49
60 9
54 42
77 31
55 53
51 21
83 31
88 4
80 49
89 18
94 18
56 36
51 30
55 26
73 41
68 4
87 45
92 42
52 15
70 52
64 28
87 8
72 47
61 20
61 5
66 35
52 28
52 11
66 56
86 48
89 24
50 35
76 8
96 57
77 39
97 52
68 55
60 14
66 59
87 50
86 41
57 53
82 20
59 50
71 31
82 48
67 19
64 30
78 42
52 15
76 9
78 48
76 60
96 23
65 15
60 46
85 31
95 59
88 29
79 33
61 59
56 31
80 34
76 44
76 59
61 35
67 45
78 24
66 29
82 6
86 27
61 3
92 53
92 6
64 53
73 55
83 48
54 33
58 1
55 14
73 51
92 31
89 58
75 50
56 52
98 20
67 51
74 5
63 57
50 5
92 59
68 53
90 14
62 25
97 48
78 7
55 58
89 11
63 6
75 5
64 19
58 33
84 19
71 2
87 17
90 21
71 23
82 14
51 45
96 31
68 11
53 9
85 20
76 16
85 32
93 39
63 28
79 44
81 15
73 19
60 3
71 41
90 17
97 59
54 30
83 29
88 27
76 36
88 53
84 58
50 56
60 25
61 22
65 33
71 56
78 11
76 57
67 42
70 17
73 7
63 3
78 8
99 42
96 29
98 38
63 8
75 43
80 50
68 60
56 13
56 36
61 7
69 18
64 40
89 7
62 51
71 5
65 55
64 29
67 24
82 29
67 55
94 31
89 15
52 28
61 28
54 41
77 42
92 46
91 50
73 24
97 7
81 13
90 52
60 13
61 8
94 36
65 30
52 9
83 11
60 45
77 33
58 41
77 30
86 5
88 48
59 42
87 26
93 49
57 27
71 8
69 22
61 17
55 22
86 17
54 55
67 19
88 25
93 2
69 59
58 55
75 3
98 2
72 41
98 55
85 5
52 12
71 21
90 42
79 23
94 52
85 11
96 18
64 31
55 30
73 59
56 52
66 59
76 1
84 35
71 9
86 18
90 40
99 50
65 17
54 12
91 32
57 34
89 2
91 52
79 23
93 15
60 60
68 40
90 37
68 13
56 33
52 25
79 27
70 53
85 4
80 1
95 15
64 44
78 48
99 52
81 44
71 33
73 11
70 16
97 60
96 22
88 46
68 19
66 7
56 41
87 54
65 36
95 19
74 22
96 10
60 50
70 4
99 53
68 22
54 58
65 60
86 11
68 3
79 23
98 35
97 22
95 2
96 10
66 26
68 28
64 41
82 22
69 29
75 3
52 31
78 24
61 47
83 32
98 14
81 34
79 39
56 57
83 58
56 42
86 54
76 37
54 42
73 46
76 38
64 6
51 43
80 30
56 27
77 52
56 34
56 28
79 15
94 2
84 37
89 37
85 5
98 2
75 7
97 47
70 35
71 18
67 7
59 10
74 18
71 7
67 7
55 4
75 27
99 48
79 19
83 42
64 54
69 23
92 33
72 48
88 16
68 24
82 1
60 37
60 35
95 51
98 9
54 2
76 11
87 48
87 8
87 43
79 49
83 11
85 41
81 39
66 53
65 52
66 43
89 33
76 42
89 1
82 60
73 43
67 31
52 18
65 32
97 36
50 18
94 54
75 22
99 8
83 39
71 53
61 23
96 34
59 3
56 32
72 56
94 43
79 55
83 1
53 43
85 14
57 41
69 25
81 31
98 4
78 28
58 52
60 35
93 24
74 54
62 18
76 26
78 33
50 20
82 25
81 26
53 45
79 26
55 24
99 10
62 2
51 49
90 56
94 38
86 42
83 3
64 15
52 60
64 2
56 4
75 19
98 43
60 48
99 17
90 30
54 6
68 28
51 3
90 58
78 12
60 32
75 2
68 48
67 7
53 38
72 44
87 15
69 35
52 52
53 42
76 60
95 35
72 51
84 28
66 53
50 53
60 39
82 31
54 41
50 20
86 20
63 25
52 12
86 15
75 56
97 25
93 21
90 49
92 42
73 42
64 54
99 13
96 55
85 3
83 21
89 29
58 56
61 57
67 47
70 49
79 25
59 11
81 46
93 48
72 50
77 55
97 9
84 4
86 31
55 40
61 60
91 16
68 15
55 42
74 11
52 39
56 31
64 50
57 19
63 44
85 34
58 1
51 37
83 58
77 24
95 3
86 4
79 15
59 17
98 15
57 13
92 51
75 33
98 15
72 7
93 17
68 4
85 34
93 47
96 55
95 41
65 9
70 47
67 32
60 17
68 19
99 60
77 55
81 47
59 27
82 10
96 31
83 48
59 12
71 50
92 51
92 47
59 52
84 45
70 6
53 56
78 32
56 34
92 22
87 3
88 16
75 5
72 58
72 55
52 54
71 11
92 46
85 45
61 26
65 19
73 36
86 49
58 1
83 4
77 32
63 38
94 52
98 48
76 15
71 5
56 8
78 21
72 29
66 4
69 46
73 24
98 20
68 49
81 22
80 44
77 4
73 19
85 22
79 50
79 52
77 37
52 2
72 49
59 14
88 52
91 3
50 17
67 21
50 19
80 27
71 6
71 28
78 35
93 53
88 36
93 26
65 16
53 36
92 2
68 14
87 56
98 39
80 58
79 47
85 48
85 32
79 1
89 39
50 25
71 51
90 42
95 46
89 25
62 42
76 49
83 30
89 29
87 45
92 54
77 58
77 28
89 21
86 22
87 5
55 23
54 31
63 27
67 26
83 1
82 36
86 42
75 36
81 22
87 33
63 18
50 2
66 58
89 18
70 20
68 50
88 21
85 9
62 47
82 16
71 31
73 10
97 40
85 34
83 60
98 47
61 41
63 19
52 43
53 23
68 44
77 39
55 24
71 17
73 59
74 23
92 4
93 48
61 12
55 59
55 18
73 31
50 20
94 30
61 18
69 53
51 50
57 26
73 28
94 19
88 11
54 35
96 12
93 47
62 29
50 15
54 45
86 45
58 7
99 45
99 28
79 2
78 37
56 12
56 24
52 3
98 50
67 51
77 6
88 29
57 12
69 49
66 29
81 41
86 13
79 53
98 44
75 15
91 34
94 1
76 45
50 45
71 9
77 17
58 39
82 4
52 37
66 31
85 9
70 11
84 26
97 23
86 11
87 5
72 36
75 54
52 10
93 30
71 47
85 60
55 6
82 18
77 35
63 48
70 49
84 51
80 35
57 45
55 25
67 46
87 24
55 17
82 16
58 48
85 53
80 12
81 16
81 21
61 26
69 28
73 22
61 34
93 24
82 1
56 33
67 8
76 13
80 20
71 3
71 36
53 27
85 17
60 36
93 7
74 7
81 7
57 12
73 10
91 28
97 49
66 16
59 34
92 32
98 14
93 10
68 43
53 40
78 19
60 7
67 10
85 10
98 57
50 7
77 33
51 8
64 55
94 53
55 51
98 56
73 22
76 49
81 55
62 28
87 59
60 28
88 1
54 42
71 27
70 33
52 41
80 56
82 29
92 9
81 41
53 6
95 14
81 38
50 34
98 25
99 27
86 36
80 36
69 20
88 55
50 33
80 36
63 14
70 17
74 43
87 51
96 34
87 21
94 58
99 26
60 36
99 24
89 15
83 50
85 7
91 14
98 37
64 24
60 49
98 22
79 16
94 17
89 3
74 11
81 48
56 53
74 32
59 26
85 48
62 25
94 60
59 29
69 57
89 15
61 7
90 60
65 31
55 55
94 26
69 23
52 17
85 50
62 30
74 58
98 56
96 16
56 7
55 46
97 19
79 24
54 57
61 15
76 37
95 41
65 30
90 43
78 44
56 45
73 13
73 58
67 6
90 43
54 35
97 27
92 56
64 7
84 6
56 15
57 58
60 39
51 12
69 50
94 23
52 49
83 55
86 8
88 11
95 35
87 36
90 38
75 38
73 40
74 27
58 28
77 1
98 53
63 31
83 37
78 34
68 32
81 28
52 3
72 42
55 10
95 16
91 49
82 45
89 27
63 43
74 10
88 23
92 35
75 20
71 58
84 46
77 21
87 21
58 54
59 44
62 25
82 12
76 14
57 17
85 8
63 15
90 41
82 35
97 58
85 7
64 38
64 23
77 36
59 38
78 35
97 53
65 56
80 35
76 31
73 45
98 7
85 26
86 42
81 18
71 28
90 31
91 49
81 4
86 1
54 42
59 53
63 16
81 48
63 59
92 11
82 13
54 56
99 5
75 39
51 15
57 18
96 21
72 24
58 18
71 5
92 50
82 12
81 42
80 35
86 44
90 42
80 18
85 23
53 40
54 5
73 19
52 57
55 20
59 41
97 56
57 38
67 38
97 20
83 38
85 39
66 31
80 44
74 16
54 60
90 2
79 45
66 2
56 51
97 13
63 42
94 31
69 25
54 16
76 49
67 41
91 26
61 52
69 9
67 54
50 52
84 52
71 25
68 43
90 38
79 11
61 45
93 7
67 3
73 35
60 43
88 30
60 42
61 46
70 37
73 25
75 37
83 57
89 43
57 58
75 53
70 55
81 8
95 11
53 38
86 5
92 18
65 2
57 54
66 33
84 52
50 48
92 4
81 26
79 34
90 12
71 11
84 48
59 9
98 59
79 3
68 31
71 2
60 37
87 1
71 27
59 58
54 20
92 26
85 54
56 5
53 5
91 26
99 27
64 30
94 21
97 11
75 28
62 27
83 46
54 33
97 57
69 56
81 20
91 38
78 42
55 58
76 5
52 21
99 36
72 22
72 26
51 17
86 60
85 1
70 53
51 21
96 30
90 32
73 9
58 51
74 38
98 20
50 10
70 48
99 54
57 25
95 1
85 28
79 41
96 17
82 19
56 25
66 32
83 11
54 55
80 3
79 13
58 23
81 3
67 39
94 10
65 23
59 51
61 46
56 45
74 49
98 48
86 45
61 31
60 42
71 25
65 33
95 19
81 15
97 30
54 2
88 15
97 48
68 31
83 26
68 48
78 19
87 51
90 21
52 24
73 35
69 60
74 40
83 26
82 8
77 24
92 49
81 2
88 24
55 59
54 60
93 19
76 45
80 17
74 5
69 27
61 56
71 15
86 46
88 43
60 18
57 60
78 16
83 34
93 7
82 59
81 36
68 5
87 41
90 42
79 21
52 55
97 7
61 51
69 18
78 45
69 13
52 50
95 31
68 48
72 49
55 20
75 54
61 40
82 14
52 5
99 18
54 9
91 30
99 27
93 36
67 45
50 9
74 24
83 51
83 60
53 18
74 22
64 18
50 45
87 3
67 6
67 2
58 20
89 44
92 48
99 16
97 30
63 43
61 39
98 22
59 9
51 42
86 40
64 12
58 6
96 26
78 50
98 6
74 17
60 9
75 54
78 55
73 26
87 17
98 2
85 38
54 35
51 58
81 47
98 32
71 55
58 26
93 9
79 47
86 7
71 25
95 24
61 7
77 21
89 36
77 35
89 1
50 24
57 20
93 30
53 50
99 44
74 3
96 18
50 35
63 51
81 16
76 30
96 45
51 41
55 21
73 46
62 57
78 21
78 54
52 26
56 46
69 48
65 29
96 14
89 4
97 33
97 14
70 49
87 25
68 31
58 14
54 52
73 4
64 21
57 54
52 35
51 17
81 51
72 60
53 24
91 36
94 24
99 11
75 1
56 8
77 30
91 57
64 33
77 4
58 14
92 34
96 36
70 17
67 30
55 4
85 41
91 9
88 57
85 3
97 38
94 44
90 31
80 29
62 8
86 19
59 20
82 33
95 25
85 36
86 25
78 57
53 37
56 6
54 3
58 34
93 22
95 7
79 33
60 45
68 30
60 47
75 36
50 2
60 4
96 16
56 15
74 8
83 31
92 23
51 27
73 48
77 8
59 31
62 50
64 39
60 54
66 15
59 10
66 35
95 38
81 23
76 1
64 7
94 51
76 56
98 20
55 38
75 26
70 50
67 6
98 14
63 33
90 39
95 9
58 47
84 14
85 8
58 18
88 23
52 3
85 25
52 31
80 22
75 36
83 19
84 50
87 38
99 39
86 39
91 10
91 18
68 1
53 34
52 11
87 45
63 52
85 54
76 8
82 9
76 8
72 13
83 58
89 55
98 35
64 27
86 8
79 36
53 2
56 3
93 43
76 47
84 41
94 27
53 18
79 56
56 31
65 42
76 53
57 29
87 53
51 7
96 60
56 45
89 55
60 46
93 55
85 19
93 20
51 8
62 21
55 22
69 19
74 9
89 52
70 32
68 46
77 43
97 45
64 13
87 44
60 19
87 47
85 11
70 29
63 53
80 22
52 30
84 8
68 6
90 38
84 28
76 58
79 20
64 8
78 12
69 6
97 54
63 38
63 13
52 5
91 18
93 45
50 46
62 50
66 57
78 8
56 37
71 60
76 16
95 45
74 18
54 25
51 15
79 40
79 16
54 51
99 19
65 53
91 45
93 56
91 14
60 18
62 40
57 33
77 52
70 15
87 52
72 12
90 42
60 11
62 32
89 49
71 25
55 7
61 50
79 30
87 29
92 23
83 47
53 21
90 29
96 18
68 44
93 4
81 59
58 24
57 1
79 52
95 54
52 3
79 47
65 9
50 23
72 23
52 55
85 7
65 25
56 56
69 59
56 52
67 50
67 6
68 46
56 14
59 24
87 20
52 7
75 17
61 42
61 39
53 41
76 39
66 18
50 34
83 54
89 1
86 60
62 27
63 13
52 55
75 13
88 22
71 34
81 25
91 15
79 23
61 43
96 2
97 42
98 35
55 47
67 35
55 19
81 15
87 25
89 11
73 7
91 10
50 56
77 2
78 51
92 58
67 47
55 8
82 7
56 37
63 48
94 17
69 33
50 47
97 39
50 5
83 33
66 4
53 5
90 51
81 16
97 33
67 48
96 56
81 16
86 56
94 24
50 7
98 40
80 11
60 29
69 13
77 30
89 15
67 58
57 33
95 44
82 59
76 37
87 39
86 52
98 17
83 58
62 55
65 42
59 38
73 20
84 44
76 28
68 24
63 25
58 55
50 9
63 37
79 20
76 20
67 49
78 24
52 8
50 58
75 45
98 29
74 40
99 18
73 26
53 38
99 23
89 42
83 29
55 59
98 56
68 8
89 50
77 56
64 17
96 11
58 59
61 15
69 54
61 14
97 8
89 50
88 17
68 2
81 10
96 44
92 37
87 34
61 55
84 33
80 9
94 55
79 23
50 5
51 60
96 9
62 42
83 4
91 1
96 34
52 10
55 45
85 15
79 43
56 4
90 25
66 24
99 9
71 28
98 42
51 24
74 34
70 8
73 31
96 45
67 31
89 56
96 29
96 26
69 19
86 25
59 58
92 46
76 19
88 24
65 35
65 56
94 26
76 26
53 20
88 55
69 44
88 48
93 9
88 18
97 29
97 58
54 48
79 55
55 49
87 34
74 16
98 26
97 4
71 52
66 46
58 49
87 38
70 6
83 16
51 3
78 54
60 52
97 20
54 59
92 4
60 30
75 32
53 53
93 53
68 27
82 17
84 54
66 16
52 18
62 15
58 21
56 9
78 21
88 5
78 47
55 32
92 36
96 7
74 4
60 9
93 33
99 59
63 33
62 59
58 60
58 33
69 41
51 59
57 50
72 5
99 17
87 40
60 24
78 47
55 1
95 11
69 35
92 38
76 16
93 55
97 48
90 47
63 17
66 55
92 36
89 37
87 26
63 9
88 43
71 26
77 55
52 51
61 50
99 22
77 42
88 51
99 18
58 45
75 2
61 54
96 1
93 47
78 39
69 46
63 55
71 52
59 54
51 19
63 48
86 12
57 27
73 43
97 15
86 50
55 37
75 40
53 47
94 7
96 50
53 8
61 5
69 22
72 2
51 29
99 3
96 20
90 19
50 24
60 29
65 19
62 36
94 12
50 8
83 60
87 25
71 59
79 1
69 39
89 43
94 49
68 58
85 49
91 2
83 18
61 45
94 23
53 49
80 27
92 2
81 55
81 34
58 14
82 24
99 4
88 9
98 20
83 28
68 11
55 24
79 20
72 4
67 31
90 14
74 36
73 52
68 12
78 43
50 57
88 8
86 41
65 52
60 33
50 59
59 28
54 17
59 51
75 16
74 14
72 41
78 15
54 33
52 54
64 19
51 54
68 27
98 45
89 12
70 41
57 34
96 13
75 54
73 51
66 31
83 57
68 9
56 14
86 47
73 9
98 53
52 10
65 24
52 41
77 34
97 12
78 53
62 41
92 57
79 59
81 56
54 23
66 42
65 11
51 29
58 7
73 55
82 60
89 54
74 40
56 48
75 37
93 44
89 38
52 39
65 19
58 30
95 2
91 20
77 42
91 27
55 13
66 4
71 25
89 19
68 19
64 28
60 29
99 19
82 20
86 17
80 36
52 39
76 47
51 23
72 4
97 53
82 42
95 4
89 44
64 50
65 1
51 60
73 31
51 26
95 48
76 53
69 6
94 30
91 12
99 51
59 41
64 43
55 11
79 27
53 19
52 47
95 11
65 30
96 20
67 25
74 22
77 45
70 36
97 27
84 25
82 20
94 60
55 1
88 43
56 21
73 14
62 30
61 49
56 40
73 35
89 4
92 5
64 20
69 35
59 2
73 53
88 58
90 38
73 8
52 24
86 18
75 22
66 27
65 14
50 20
91 13
63 51
89 30
63 1
92 55
85 31
89 5
56 13
61 50
70 6
96 18
81 35
57 43
50 14
51 23
70 29
84 58
68 59
61 44
55 10
63 7
97 34
57 33
98 37
61 49
72 16
99 22
88 50
82 12
60 19
76 55
77 2
80 5
72 46
68 32
55 18
67 23
91 43
83 48
77 39
55 46
72 7
53 16
59 28
74 10
51 26
92 51
88 17
82 7
95 41
79 5
51 9
99 12
77 38
97 34
58 57
73 58
67 57
74 51
82 18
69 28
77 3
93 2
85 9
93 31
60 57
61 20
81 15
69 50
56 7
60 20
79 9
71 49
57 16
59 52
50 42
95 47
80 10
72 25
90 2
77 10
62 24
58 33
56 20
95 4
96 51
78 18
61 1
84 30
63 46
50 22
54 46
62 55
59 24
81 3
94 60
70 27
95 24
74 43
53 12
56 7
85 44
99 51
63 27
89 45
56 49
99 10
76 60
89 35
77 43
82 21
58 27
60 27
78 32
94 11
73 35
96 6
50 44
84 16
81 5
96 51
96 16
53 24
67 38
57 3
68 9
68 3
95 52
75 30
93 48
62 16
51 33
85 18
86 45
75 17
98 49
91 36
63 50
72 3
80 3
93 53
91 40
77 36
56 37
57 59
83 47
50 31
73 6
54 46
73 45
70 57
81 58
68 36
72 17
58 35
87 59
99 22
51 10
70 21
93 3
76 34
55 15
61 11
83 3
95 59
80 54
98 20
84 16
55 33
74 28
76 49
50 41
93 33
92 53
79 41
80 7
79 20
55 11
89 45
76 38
65 13
62 26
51 51
84 55
87 10
78 15
71 25
82 3
82 47
97 7
70 45
60 59
57 9
82 35
92 57
81 56
96 15
59 32
62 14
73 3
95 29
89 46
97 22
80 36
92 55
67 59
62 24
78 45
83 24
53 19
87 18
68 14
96 10
99 24
63 4
52 52
89 6
69 1
86 25
83 4
85 39
88 45
97 59
84 59
87 10
57 39
57 28
90 51
74 49
63 22
78 42
84 46
91 27
82 8
66 46
78 15
92 59
66 57
98 18
97 39
78 47
50 36
77 20
70 54
64 45
50 2
76 23
59 13
80 1
81 8
92 12
57 18
51 44
64 59
65 44
56 27
98 22
62 32
96 30
86 1
58 37
81 36
71 40
50 13
72 19
87 31
68 7
98 43
79 58
77 23
94 18
51 21
93 27
90 28
51 18
84 35
81 18
95 56
91 8
67 46
51 10
89 18
68 24
52 47
58 40
90 33
90 35
94 28
92 23
99 57
81 6
65 3
69 40
70 22
87 8
57 1
52 9
97 2
51 31
68 35
92 59
70 17
71 48
52 52
67 46
79 13
89 21
65 7
98 22
50 38
77 44
69 40
71 10
77 5
85 23
50 57
68 58
73 7
51 20
76 41
70 59
69 49
94 45
90 22
63 36
86 28
85 3
89 25
80 57
95 1
65 57
93 22
98 58
93 60
53 44
51 7
79 59
62 18
88 54
50 36
80 7
79 37
84 30
58 6
62 39
85 20
85 56
54 59
91 15
59 34
99 43
54 18
83 5
54 11
77 29
56 33
98 19
69 3
91 24
65 25
82 48
73 36
77 21
81 59
85 20
86 46
81 31
59 42
85 18
80 7
77 10
75 54
59 7
81 31
50 58
58 4
80 51
66 28
76 32
77 1
58 17
74 41
94 9
66 35
81 18
89 48
99 56
89 53
99 52
76 2
83 59
86 17
58 33
79 43
72 8
75 11
71 59
66 6
91 11
58 33
79 60
73 1
66 32
92 11
51 34
86 43
57 44
82 47
62 25
77 19
50 33
85 16
60 34
65 12
70 37
70 1
99 16
90 34
64 10
72 56
73 60
64 41
70 49
52 46
86 16
60 47
62 4
82 36
77 5
85 5
57 2
61 33
54 16
69 23
53 28
73 13
70 6
95 58
94 57
71 14
81 50
53 19
66 53
60 59
78 45
57 56
92 31
87 50
53 53
75 32
75 45
61 8
76 29
71 49
65 48
65 23
80 58
62 51
51 11
90 53
88 42
98 56
71 8
98 37
52 30
59 49
99 59
72 3
83 41
87 30
78 12
69 29
59 36
50 19
65 47
87 22
88 27
60 35
89 52
74 32
97 56
94 26
71 31
90 56
98 29
56 24
59 58
62 44
88 41
80 4
70 49
93 54
74 12
87 4
85 43
51 29
82 46
52 35
51 32
57 33
71 6
62 5
94 53
50 40
99 5
72 60
55 60
65 33
68 26
54 59
93 2
51 15
63 2
79 20
72 27
85 1
64 32
91 40
95 59
58 29
71 19
95 28
53 40
97 19
72 25
90 48
57 1
65 58
53 28
56 2
51 23
84 47
82 26
50 5
58 20
94 51
57 4
57 48
61 54
74 60
63 4
82 59
84 55
58 25
83 6
50 59
82 5
90 25
63 44
82 37
86 5
89 7
93 48
69 21
83 6
79 45
50 36
95 8
76 1
57 54
59 41
63 41
83 52
54 38
85 11
84 2
60 14
58 11
55 46
60 33
89 23
83 36
85 60
87 8
95 2
66 28
63 35
72 26
71 33
51 58
87 55
70 9
91 6
89 25
85 22
80 54
93 6
76 59
96 49
50 41
98 11
72 15
56 48
50 44
72 24
90 9
90 43
78 38
99 45
53 35
64 49
68 58
51 34
88 48
77 7
97 32
73 16
99 35
50 36
95 25
76 24
81 59
76 56
96 26
86 53
77 43
59 43
77 15
82 36
83 45
79 21
59 34
64 40
57 44
57 2
90 51
83 2
74 20
85 25
81 19
77 35
71 27
91 35
85 28
68 27
91 52
68 47
56 37
64 7
62 3
62 34
54 53
70 29
56 60
87 35
96 23
82 30
54 41
79 6
55 21
51 44
54 43
86 6
75 59
60 22
79 10
53 29
59 22
77 18
98 60
82 37
74 32
81 56
57 36
88 43
50 45
51 11
57 45
86 46
93 30
52 21
60 26
83 27
66 56
72 44
91 30
77 52
98 60
71 49
88 4
77 27
58 34
83 43
81 38
67 22
68 20
96 43
97 31
52 39
67 34
99 24
63 15
79 36
72 58
94 26
70 17
63 41
51 39
57 37
87 50
75 27
83 44
66 45
65 2
50 50
97 8
68 53
78 44
70 28
72 29
83 39
63 22
95 38
86 60
61 16
73 9
96 13
70 50
92 55
95 37
64 39
87 54
64 44
56 3
76 49
74 55
52 19
50 26
51 54
74 45
78 17
77 19
63 51
54 10
71 48
83 2
78 39
97 44
82 37
97 26
56 30
92 43
93 15
98 6
85 52
66 47
67 43
70 8
88 37
88 51
72 4
52 12
66 33
64 47
97 31
95 16
90 48
93 5
57 6
61 19
95 5
76 36
54 31
61 28
95 12
68 27
81 16
87 50
67 30
50 17
65 3
77 52
92 38
98 45
94 9
94 45
90 52
61 5
53 5
97 15
84 56
89 29
58 16
82 2
98 2
70 39
98 8
72 48
51 37
96 3
78 16
93 52
61 22
60 54
77 8
72 22
66 24
86 38
94 47
81 55
70 12
57 2
71 43
79 39
84 53
97 35
64 38
69 13
74 50
69 12
84 17
92 59
67 1
75 16
89 54
83 17
88 52
65 56
58 56
52 49
92 57
63 6
83 11
57 22
75 29
65 21
74 35
61 23
53 50
83 12
75 8
90 24
53 28
69 39
57 30
64 2
77 1
95 18
80 20
76 52
86 47
50 55
61 35
68 23
72 20
83 14
89 54
52 28
78 37
76 49
93 1
57 6
77 50
94 4
74 13
96 44
90 59
93 32
50 24
75 29
50 23
55 11
71 56
81 45
52 58
68 8
89 18
96 45
90 56
82 1
50 25
63 29
53 37
85 46
80 47
94 3
90 46
64 49
81 41
86 35
60 29
94 58
63 53
58 47
72 58
52 15
53 1
70 6
63 11
84 8
99 11
95 12
71 25
78 6
96 57
81 14
66 34
89 17
76 45
83 12
80 33
65 32
70 48
84 25
73 22
86 34
79 17
63 31
86 21
54 12
51 18
99 26
78 34
59 44
99 39
58 48
79 33
53 6
54 55
56 33
96 37
58 51
78 29
58 34
75 50
99 57
98 49
61 19
80 5
81 7
51 46
57 44
74 37
83 7
67 14
56 26
92 58
85 49
73 46
84 48
50 31
73 39
59 1
72 46
89 14
82 30
96 55
77 54
92 57
62 26
99 12
95 11
79 53
88 15
93 45
93 45
56 1
74 24
92 11
92 17
79 58
78 33
71 14
63 44
95 10
60 34
50 54
82 54
90 23
92 21
94 37
80 17
99 12
89 39
61 2
67 38
54 44
87 28
98 42
51 24
79 32
76 41
69 35
81 6
51 24
93 3
56 47
50 12
61 35
70 20
92 48
81 27
78 17
98 19
55 47
78 56
66 58
86 10
63 32
60 44
50 51
71 34
59 38
91 58
53 22
55 11
59 21
66 38
97 16
50 18
51 35
51 54
89 41
95 17
85 12
56 18
51 37
95 56
57 55
64 47
65 18
74 24
79 10
98 6
80 38
89 37
58 27
96 44
59 57
68 42
66 4
94 17
97 5
52 30
85 6
60 31
98 31
74 43
97 19
50 50
62 7
64 21
54 34
80 37
52 53
99 49
99 47
82 5
63 12
83 28
86 58
65 59
82 40
52 28
84 11
51 40
52 42
88 4
66 45
82 29
84 49
95 18
87 30
51 19
99 17
96 19
70 55
94 33
73 22
80 23
78 3
82 51
74 28
86 60
66 15
58 31
68 22
70 41
61 29
84 21
81 29
91 21
71 7
85 2
88 28
96 12
73 30
61 35
78 28
60 35
50 50
78 33
96 40
73 55
50 55
84 12
83 20
68 4
50 15
99 43
77 23
60 40
76 45
93 44
93 35
90 35
99 46
71 26
54 30
57 38
92 53
55 17
72 1
95 10
67 18
77 55
79 11
51 29
56 44
84 54
59 20
56 18
99 13
82 42
54 21
61 47
85 2
91 34
80 16
96 9
56 2
51 53
66 27
51 40
64 42
63 13
78 48
56 30
67 28
76 22
73 48
59 3
58 23
55 1
79 22
80 36
50 43
54 7
82 27
76 6
54 39
75 9
63 18
76 54
65 45
88 12
80 32
63 44
85 47
94 13
70 7
60 31
55 22
57 44
90 44
85 45
96 57
56 7
88 16
55 14
65 44
72 13
91 28
89 32
64 27
61 30
68 59
85 22
94 19
82 35
92 54
50 47
58 45
57 41
88 3
86 21
52 25
72 37
66 21
53 46
92 11
92 35
67 48
57 16
81 21
73 58
88 32
68 11
64 46
52 24
81 9
98 9
56 47
83 9
59 3
95 37
93 30
64 50
65 17
81 7
58 17
61 44
72 3
50 12
70 57
84 53
57 18
55 37
99 54
66 15
85 21
54 11
50 16
88 14
65 20
97 46
66 6
61 17
63 39
50 8
74 13
66 46
85 53
91 45
84 51
59 5
56 44
77 47
63 58
76 7
91 41
88 30
51 25
58 37
62 47
71 22
86 44
80 49
99 51
97 34
58 2
97 41
78 47
75 45
70 48
80 53
65 46
97 9
77 33
75 32
99 35
70 2
96 34
95 4
59 40
96 10
63 26
89 45
50 55
66 25
94 18
71 37
67 4
78 60
63 19
54 38
94 36
72 56
55 1
50 9
50 27
83 58
51 40
77 28
99 11
52 31
63 42
90 57
60 58
84 27
63 51
73 8
51 10
77 12
56 2
53 7
76 44
70 6
88 47
58 21
53 12
92 23
87 55
61 14
81 33
71 31
87 16
65 60
95 60
65 38
90 15
99 6
63 44
93 59
82 28
66 54
76 42
95 37
71 59
99 8
64 8
70 42
76 2
97 3
69 31
91 38
75 44
52 54
66 19
56 51
54 6
72 46
83 36
56 49
78 6
71 8
55 45
58 33
79 7
73 42
91 46
60 17
57 9
99 54
68 36
63 16
87 26
95 33
64 58
92 59
70 42
96 60
76 60
69 21
62 8
70 59
59 58
81 57
59 52
93 12
67 32
60 44
91 48
81 55
89 41
55 36
69 36
62 30
78 10
58 45
65 16
81 4
97 23
84 35
84 32
74 3
69 42
93 57
54 7
59 52
72 9
99 38
57 35
79 8
91 55
62 24
92 13
68 31
90 32
51 8
81 43
69 48
92 51
76 18
78 4
60 56
70 53
53 7
62 40
58 12
89 18
57 52
71 11
84 22
88 29
50 30
56 6
60 49
66 47
65 42
88 38
84 15
54 46
92 45
89 34
84 13
89 28
76 56
78 15
98 20
81 15
85 39
95 20
80 35
99 25
97 51
75 26
57 38
56 32
98 50
73 39
72 27
72 48
80 32
69 41
66 48
92 50
98 45
50 17
64 30
59 29
81 32
75 39
85 11
52 50
74 12
94 39
78 41
66 59
91 19
57 28
67 24
68 17
53 46
61 51
89 19
62 25
80 41
98 58
63 59
80 52
91 17
74 11
95 13
71 53
79 15
69 13
78 39
71 57
60 1
68 4
93 32
68 50
92 22
86 54
55 11
89 23
55 4
99 55
64 14
71 21
53 23
94 51
99 17
71 50
89 42
67 36
58 55
77 15
67 31
90 13
79 57
74 23
60 5
82 30
53 52
71 11
58 56
80 11
66 58
53 27
77 8
70 52
68 14
58 21
62 4
92 20
72 43
91 3
89 28
80 5
76 19
80 28
93 40
70 28
52 34
77 60
65 41
51 44
87 15
50 59
84 29
98 13
58 40
72 28
89 45
99 15
56 16
79 12
74 56
74 27
82 2
83 6
62 48
59 39
59 53
79 55
94 43
63 40
66 11
79 46
83 12
83 5
64 45
93 30
73 56
72 19
51 12
55 53
98 5
71 25
89 7
75 53
56 4
50 32
73 46
54 27
94 37
76 38
80 27
98 19
80 9
61 18
91 9
70 16
73 52
94 52
92 55
51 11
55 53
53 42
65 4
96 30
62 32
50 3
99 58
74 15
72 37
97 37
70 45
74 28
58 2
80 49
63 16
95 26
76 39
58 22
93 33
86 37
69 37
68 12
86 43
83 16
97 5
50 18
76 21
63 44
56 17
59 11
70 30
75 52
61 40
82 19
64 53
80 5
64 24
73 40
80 32
83 49
87 46
64 13
99 3
69 13
96 6
70 8
86 45
85 37
51 34
69 57
87 48
50 25
50 50
89 24
67 7
91 20
63 31
64 18
51 57
52 59
88 30
50 28
99 13
66 57
94 55
73 9
58 6
57 14
97 49
82 3
91 10
86 18
63 39
69 19
64 41
81 53
66 19
64 36
56 10
87 46
90 29
62 39
59 39
95 23
82 2
77 46
65 39
93 6
82 56
79 35
86 13
51 55
64 26
52 24
52 12
78 51
74 43
95 14
59 7
66 9
50 42
84 8
86 25
62 33
97 13
82 56
87 20
57 46
70 60
66 19
55 35
95 10
86 29
97 51
79 46
69 35
81 44
51 30
57 23
59 6
60 6
52 43
92 22
87 46
92 60
74 26
84 48
92 24
84 39
52 21
78 25
64 18
80 19
75 40
64 43
75 38
86 35
68 7
78 59
55 54
60 25
50 24
63 37
84 60
96 13
72 45
84 18
73 34
80 25
62 9
52 28
79 40
66 39
75 24
56 30
54 35
86 41
68 30
67 32
78 35
89 55
65 15
61 31
75 54
93 29
81 49
96 54
88 25
59 13
78 52
60 1
92 37
56 55
90 11
77 19
78 32
98 53
66 38
61 18
85 39
76 43
78 10
94 5
92 29
73 14
56 4
92 59
99 43
55 31
94 4
57 36
68 48
75 7
55 34
70 53
57 40
62 26
95 21
80 17
63 7
76 59
76 23
91 21
88 45
76 53
56 57
94 17
90 58
65 1
90 57
96 30
57 14
51 60
51 57
75 6
51 60
85 36
89 27
98 57
97 40
94 17
72 5
77 24
65 3
59 27
74 28
67 47
99 24
95 60
78 20
52 49
82 35
71 13
96 32
78 36
61 40
55 15
56 36
96 36
61 43
73 57
72 58
77 7
54 39
85 46
67 58
90 44
62 37
73 15
78 47
94 34
94 28
61 35
96 60
64 8
86 1
90 40
62 29
78 58
76 6
80 11
90 28
97 40
91 45
87 56
89 40
96 40
68 21
81 33
61 26
77 58
81 49
64 6
78 1
73 59
59 27
61 49
61 38
61 6
79 56
75 50
83 58
74 60
84 22
70 13
96 37
90 21
98 25
52 41
54 27
85 48
94 43
76 17
75 59
68 48
86 46
71 27
55 30
69 56
58 60
55 8
95 39
88 21
96 42
79 3
84 15
89 4
69 40
61 19
68 23
70 16
77 30
95 5
63 23
74 42
63 7
80 4
90 32
79 14
85 3
77 30
88 20
97 39
61 50
88 4
76 36
95 32
65 40
69 38
75 22
87 24
69 38
63 58
81 29
90 28
97 26
63 49
70 6
75 22
66 60
65 6
91 40
91 22
91 38
54 40
58 47
93 40
58 21
54 55
91 26
86 12
97 31
85 47
86 43
76 3
84 31
88 35
86 23
68 41
57 13
79 58
84 17
92 44
87 25
57 41
91 2
65 8
93 23
88 14
64 52
55 39
66 39
57 37
96 54
98 28
77 52
91 12
92 24
79 15
96 50
82 22
62 10
65 33
86 46
59 41
52 40
86 26
70 39
86 6
83 12
68 41
58 37
94 26
98 10
93 33
65 23
74 17
81 25
94 12
60 47
64 20
78 53
98 13
51 59
99 17
55 30
71 27
90 48
77 20
60 60
82 26
90 49
96 29
69 16
58 43
71 23
82 59
54 47
54 22
93 8
70 18
62 60
66 6
67 42
96 6
67 1
95 38
56 60
65 12
74 6
71 44
90 53
50 50
95 15
72 51
70 22
91 40
67 57
67 46
52 51
81 40
67 6
69 49
66 19
87 45
58 20
85 53
67 10
55 41
98 53
57 10
75 44
78 33
95 38
92 39
96 34
80 14
90 10
75 43
80 58
67 36
61 58
64 12
78 53
87 52
72 36
84 33
72 19
64 20
84 38
64 17
83 36
60 60
89 11
71 16
70 42
50 5
96 19
84 35
92 59
92 36
53 57
93 23
59 15
86 33
64 10
86 53
91 20
59 2
84 29
87 28
56 39
98 48
61 20
69 48
96 4
69 55
91 3
51 15
55 2
84 44
93 2
71 5
92 27
67 49
69 1
54 7
97 36
61 21
96 40
63 54
98 23
81 34
59 39
73 35
84 47
51 33
92 29
97 22
84 40
63 39
83 11
91 30
52 2
60 12
50 28
82 1
72 37
52 30
97 4
61 58
70 56
98 33
95 31
64 17
80 60
58 54
96 58
68 39
91 48
84 14
70 11
75 21
86 13
87 33
51 51
90 4
56 2
93 30
60 29
60 40
85 50
70 8
51 7
78 52
74 19
57 53
66 18
83 2
66 48
63 57
84 40
68 29
95 28
71 13
58 35
71 5
69 32
70 51
94 41
80 3
63 47
60 26
54 28
94 16
71 9
60 25
68 22
57 17
51 51
88 31
91 12
59 22
60 47
79 37
91 29
88 54
73 39
74 22
81 14
55 27
52 57
93 40
84 26
75 4
82 54
85 18
52 37
84 21
83 45
57 12
57 47
71 28
74 11
51 47
75 20
93 3
57 3
67 12
62 55
71 46
76 10
75 24
96 26
62 9
56 30
67 27
84 18
64 24
54 4
64 43
70 21
94 20
92 21
86 60
74 30
85 32
79 42
88 7
60 6
95 25
59 13
57 50
59 38
57 12
52 38
68 8
82 22
59 47
93 28
92 48
55 26
75 8
70 59
61 25
88 9
72 27
51 55
64 29
64 36
94 23
67 44
61 12
54 54
62 10
75 2
98 28
67 20
86 43
84 9
63 29
86 24
66 18
70 8
75 16
91 52
88 25
59 47
72 10
73 14
64 6
63 23
85 60
67 40
65 30
57 59
84 38
58 27
56 6
94 3
66 11
63 33
55 14
82 51
52 9
89 5
60 8
62 18
56 16
75 5
96 43
97 42
89 50
65 53
72 3
52 16
66 14
62 8
63 18
55 23
55 43
62 40
64 14
85 28
82 40
53 15
68 44
95 9
70 48
50 3
98 25
80 57
54 25
98 5
52 41
54 23
56 59
66 3
99 58
95 29
69 4
94 11
54 40
99 37
98 44
64 12
55 40
61 59
66 8
62 55
81 7
53 48
97 29
98 21
50 27
95 28
79 44
50 21
64 58
91 17
58 6
57 53
66 13
89 37
72 39
53 18
78 32
52 34
59 45
72 51
93 29
50 57
77 5
69 56
95 12
56 22
74 30
52 41
60 22
52 48
64 59
84 51
58 5
80 40
91 27
94 60
91 11
57 1
96 13
94 29
82 49
83 15
87 32
57 5
63 48
85 59
84 46
61 10
56 40
95 31
63 60
65 53
90 31
70 40
90 49
63 32
75 29
51 22
95 56
50 45
95 16
98 12
81 10
52 18
76 26
81 54
98 10
80 9
95 36
91 1
66 2
74 40
64 40
66 52
81 11
76 20
74 8
80 3
54 57
55 56
95 28
68 18
54 38
83 13
55 54
97 1
67 30
88 21
94 26
80 47
96 23
57 51
88 18
85 41
72 33
74 3
70 16
50 51
60 28
56 40
82 17
80 7
57 55
93 32
58 7
77 15
81 9
75 45
97 32
57 54
92 28
66 32
67 56
94 4
67 13
66 59
67 29
90 20
67 48
72 45
91 55
95 11
58 22
76 23
81 44
69 45
58 32
93 35
71 51
65 9
57 11
85 6
75 31
92 4
50 49
89 59
75 34
74 4
91 8
65 16
86 41
77 23
96 32
63 7
83 36
56 51
55 4
53 32
72 5
76 38
80 53
96 51
69 60
76 46
94 37
91 49
66 30
91 55
92 60
66 24
95 29
71 34
50 3
84 10
96 36
61 46
98 42
80 48
62 30
63 12
85 32
70 46
76 17
86 34
95 60
79 35
82 13
76 57
70 11
51 51
87 32
63 30
66 19
87 15
98 50
89 10
70 24
74 34
73 53
52 48
80 28
50 8
57 20
62 37
82 50
79 40
69 42
88 43
67 32
91 44
94 18
52 33
54 15
53 9
84 38
83 36
54 20
65 14
88 34
71 18
67 3
66 16
74 48
93 48
84 25
93 6
82 4
66 29
68 28
56 5
91 48
92 38
77 40
55 18
57 35
67 55
63 18
56 4
82 24
74 42
57 2
56 42
85 26
67 53
89 11
90 19
94 35
81 15
65 32
99 51
91 15
79 16
60 55
71 56
79 37
93 60
75 36
56 43
74 42
56 14
69 4
57 46
98 23
81 3
69 8
71 30
79 30
79 6
87 22
60 19
73 58
87 44
84 17
97 34
61 26
94 24
76 31
91 19
60 32
74 33
76 48
87 35
84 13
86 41
55 7
53 2
70 45
72 22
65 18
75 22
76 57
57 45
53 4
64 57
89 43
78 34
62 37
90 9
70 18
94 48
83 38
90 52
64 53
94 11
85 60
68 52
54 47
61 32
75 15
65 2
63 22
62 33
52 9
58 37
91 54
95 48
72 47
88 42
89 14
56 59
96 49
95 23
79 31
69 27
89 44
78 27
86 54
52 39
93 46
89 6
99 6
56 40
94 2
58 31
62 8
61 5
57 14
55 44
73 51
73 31
60 20
75 23
92 20
89 16
85 2
63 57
52 8
59 49
77 15
96 16
70 43
87 22
77 44
60 11
98 30
91 39
56 49
99 10
85 10
57 51
67 19
55 37
62 6
93 19
98 11
82 53
88 19
74 6
68 46
64 43
99 9
53 4
83 52
79 22
77 10
70 45
92 11
52 39
75 38
80 45
74 48
67 45
60 12
91 27
99 11
85 56
90 46
86 37
68 34
97 4
96 23
67 29
88 40
50 18
93 42
82 23
89 60
57 44
98 42
50 56
53 37
82 48
58 18
59 59
88 49
73 47
90 32
52 52
68 13
59 35
68 5
94 46
66 45
58 19
87 21
61 39
88 55
62 56
56 29
88 57
91 43
91 13
61 43
87 13
95 42
81 50
57 6
86 22
78 13
50 34
64 46
74 17
61 41
77 39
79 31
83 16
96 18
81 46
80 55
63 41
57 59
81 6
55 11
90 54
87 23
58 16
67 11
72 9
69 3
89 39
69 25
80 56
90 48
99 7
56 12
86 39
90 56
54 48
73 19
50 3
58 30
55 18
75 37
63 8
76 53
56 8
58 21
80 36
81 16
81 60
50 50
52 12
73 41
54 3
77 46
53 29
74 52
73 40
65 29
67 21
84 3
95 11
80 37
59 53
79 10
73 16
92 9
72 56
81 6
81 36
88 40
50 55
57 44
72 33
69 37
51 53
98 57
72 12
89 15
91 14
83 50
67 44
66 9
82 14
79 27
95 38
74 33
85 21
95 38
76 53
92 59
88 19
91 27
77 2
93 57
75 4
92 36
65 3
61 18
97 55
86 52
52 50
83 25
64 36
69 42
82 57
87 26
88 32
94 57
95 26
70 54
56 34
59 56
82 30
82 8
97 10
56 30
67 44
89 5
55 52
88 44
72 1
80 37
79 20
51 28
59 27
96 29
58 13
59 26
59 57
90 8
52 52
95 51
89 11
77 39
87 52
55 16
84 16
66 58
58 46
80 38
97 46
91 20
99 52
66 34
86 35
97 40
97 32
98 4
90 40
79 12
67 1
87 42
69 3
60 16
97 42
53 44
75 38
90 6
58 21
60 12
77 20
87 29
92 23
78 42
70 6
67 45
81 14
58 58
72 1
96 47
98 18
92 3
80 4
52 23
61 41
92 56
73 45
64 8
76 45
51 7
60 18
50 36
59 60
94 45
87 27
94 43
71 35
75 22
86 8
66 59
92 54
95 31
50 42
98 27
53 53
72 1
86 7
71 47
75 19
74 41
64 5
65 20
73 56
80 12
99 53
62 30
83 8
77 47
54 2
99 8
67 35
64 55
98 34
60 52
64 50
63 60
84 22
82 50
89 19
57 59
53 60
88 44
91 26
63 54
98 34
65 10
59 57
67 28
77 58
70 9
94 45
79 20
73 6
78 37
51 24
76 38
59 20
83 50
69 1
64 26
72 13
56 28
81 56
96 30
67 52
52 57
87 41
61 55
67 50
69 26
81 8
92 56
72 38
98 42
85 9
94 49
58 8
62 48
97 7
65 48
53 56
98 48
84 10
84 31
80 34
75 23
67 23
64 35
96 5
61 13
97 13
56 45
87 19
52 29
83 8
63 18
69 1
82 25
96 51
76 38
89 1
54 13
54 16
55 30
73 22
65 35
93 25
71 48
81 57
51 23
90 43
57 40
55 44
69 14
89 5
68 11
83 24
62 37
87 36
95 45
81 53
91 57
54 30
95 49
57 15
54 50
51 53
75 6
68 8
90 58
97 8
59 29
92 23
81 17
68 58
88 24
85 29
58 21
61 44
91 20
67 36
75 58
74 18
62 40
74 2
50 25
87 23
55 54
96 13
77 55
79 59
87 15
85 38
68 21
66 46
54 36
97 1
64 7
83 17
81 18
67 25
70 27
55 54
96 45
81 46
50 21
82 26
99 39
69 25
63 8
55 13
86 3
86 13
76 41
73 26
84 20
68 10
58 45
91 26
75 38
82 31
58 25
78 8
71 46
78 14
86 13
90 5
55 12
64 33
50 60
58 19
75 59
79 37
76 25
61 7
89 45
79 32
93 14
55 49
81 49
72 13
86 50
59 36
86 36
57 32
99 29
92 42
80 33
62 49
91 16
78 52
89 58
76 20
63 36
69 52
99 17
96 12
60 46
97 1
72 37
68 35
97 58
58 55
71 15
56 2
86 35
66 2
76 45
76 56
52 47
95 42
77 28
71 26
78 21
85 54
60 12
81 42
66 44
68 15
84 50
80 34
81 24
75 28
72 51
72 3
95 42
51 46
71 44
64 41
65 31
97 40
96 53
72 20
58 40
78 13
83 20
98 42
87 52
87 43
55 58
92 54
79 47
80 57
93 39
81 13
61 44
69 50
68 28
94 26
59 16
73 3
54 47
66 49
63 12
94 43
70 59
70 25
61 14
57 46
73 59
80 12
97 56
80 45
82 2
66 31
81 34
98 10
71 30
54 41
73 47
65 11
66 47
53 59
53 17
69 10
73 2
63 3
88 51
74 24
62 5
98 60
52 21
95 8
76 4
92 18
68 56
63 23
77 12
83 12
99 25
76 36
83 50
70 44
68 25
53 20
70 59
78 12
52 28
82 45
65 31
90 49
51 13
65 44
76 16
80 58
70 54
52 13
92 6
95 3
94 38
98 20
72 30
94 44
69 1
57 20
72 34
84 34
62 57
59 50
54 13
92 10
99 28
53 49
57 26
70 60
74 35
55 1
84 52
54 23
56 51
94 54
80 57
57 28
78 40
77 24
55 57
80 23
78 32
76 35
75 58
90 34
85 14
60 39
96 16
50 19
90 18
96 59
80 40
84 4
77 6
94 59
94 51
63 42
82 56
94 24
60 34
98 57
92 49
78 53
98 46
68 45
96 22
62 38
95 43
88 29
78 2
86 23
71 55
91 10
74 6
62 31
97 14
78 58
97 34
70 4
84 49
86 3
72 23
84 35
69 6
83 28
98 59
97 19
75 49
92 49
54 60
96 1
74 58
60 9
85 43
94 47
50 39
64 25
70 29
52 8
70 5
64 4
59 50
76 39
77 40
54 35
91 28
55 14
99 10
69 37
83 30
98 43
81 43
54 22
93 8
77 46
97 40
89 14
88 36
79 20
73 54
60 53
88 13
95 25
52 50
93 43
65 25
96 39
98 29
71 11
82 52
57 8
53 8
54 14
95 5
87 26
76 11
74 51
89 18
80 58
60 15
62 38
96 59
59 4
89 25
88 44
80 2
80 55
98 43
76 3
81 17
82 48
85 1
84 48
89 45
57 14
75 47
51 11
93 40
73 5
81 23
63 12
99 8
77 42
59 58
91 1
95 17
86 51
52 57
91 5
67 29
98 57
69 60
84 37
74 8
50 24
87 44
74 31
73 47
80 31
63 10
53 14
60 3
86 22
85 47
90 13
61 54
69 22
63 60
55 33
79 58
99 10
73 18
84 15
56 48
75 58
80 49
58 27
82 5
94 58
60 11
93 37
73 4
84 26
68 37
79 35
85 44
54 9
90 50
65 13
68 45
99 4
79 29
79 35
57 21
69 39
54 58
82 53
78 7
96 28
80 13
76 30
71 34
96 45
96 21
81 11
87 28
63 45
65 49
69 36
65 21
63 56
51 10
88 28
53 31
94 37
65 30
79 59
86 58
53 45
98 33
59 13
57 48
76 4
82 28
94 34
88 19
58 9
51 29
69 19
95 40
74 25
78 15
66 53
81 57
75 38
75 28
93 7
60 48
87 10
77 16
94 34
66 45
79 55
93 5
97 49
70 2
76 55
89 16
61 5
94 35
95 32
91 4
97 60
50 14
81 2
97 44
73 52
86 10
66 38
52 4
86 14
84 2
70 43
90 12
97 30
85 44
89 50
81 39
66 52
78 17
97 1
60 4
80 27
77 2
81 57
56 28
95 4
91 14
69 22
79 9
88 13
97 37
62 44
84 20
76 4
73 57
72 35
90 56
58 47
84 1
52 29
53 23
95 29
52 28
82 24
85 54
57 13
79 20
98 7
56 6
76 24
76 34
53 43
96 32
96 6
89 51
68 14
76 16
52 9
61 10
65 17
77 39
90 39
99 7
89 59
60 31
82 39
51 16
84 57
87 40
57 2
96 20
96 43
81 27
60 29
52 10
82 59
77 13
65 51
76 4
74 15
72 42
84 42
52 15
53 46
62 40
56 51
60 4
96 52
56 60
59 20
77 26
59 57
60 2
77 44
85 49
71 24
65 19
53 24
80 3
60 54
56 36
96 10
56 59
58 34
63 47
98 4
57 40
52 21
51 3
76 59
70 45
92 17
54 38
51 42
60 52
94 28
57 49
62 34
65 5
66 57
81 60
89 50
70 59
92 39
68 44
80 43
94 3
92 27
65 11
72 31
51 30
66 41
69 29
65 45
97 27
65 48
61 15
72 4
92 19
92 8
92 26
94 41
89 25
59 6
91 46
51 16
67 10
72 44
57 57
61 20
92 55
64 36
53 16
63 46
71 39
90 28
93 19
76 5
78 26
85 33
92 47
90 41
90 38
60 54
82 50
88 21
52 50
97 4
99 39
62 56
92 13
54 6
98 1
90 42
96 46
81 21
71 3
97 21
58 32
68 43
94 26
89 24
68 13
78 53
59 9
90 29
60 16
63 55
80 58
63 56
73 9
96 9
95 28
61 13
75 38
81 6
64 23
92 32
86 22
83 59
76 44
50 21
82 60
89 11
69 56
67 48
86 15
98 10
53 43
65 48
85 42
95 4
81 8
95 34
84 35
77 5
50 9
89 57
84 41
52 56
84 22
51 46
68 4
77 23
69 53
69 23
66 30
50 44
87 40
99 46
80 11
80 11
65 17
67 9
64 48
97 57
76 59
63 53
53 25
53 13
91 44
97 41
66 12
65 3
62 29
96 59
79 49
98 6
62 22
86 24
57 51
84 4
99 33
71 42
97 8
58 43
67 30
50 55
87 27
87 20
89 34
87 41
53 43
52 18
63 10
94 55
82 3
80 6
81 3
64 36
94 34
85 30
95 6
56 1
50 31
92 36
70 31
72 50
62 32
91 22
65 4
52 13
77 21
85 22
99 13
68 12
51 28
87 34
83 51
89 6
82 28
50 22
75 28
79 47
52 60
61 51
79 3
79 27
53 11
71 28
70 3
59 50
52 8
50 50
70 51
51 26
76 26
74 43
80 25
77 59
74 39
62 41
59 33
93 20
73 15
79 6
79 33
54 25
63 51
82 23
67 33
71 23
62 45
74 15
64 14
66 43
95 21
99 27
58 49
86 13
69 15
89 54
79 51
50 21
73 50
56 4
89 1
59 6
92 25
90 21
91 11
92 30
55 46
80 17
51 7
82 2
78 17
61 28
94 13
58 48
54 20
56 26
68 59
99 18
69 10
52 42
96 24
74 58
81 54
79 52
95 59
96 10
53 55
66 57
54 32
77 3
69 48
78 8
74 39
55 57
66 8
69 29
50 10
66 39
98 33
64 24
72 5
59 29
70 15
71 53
88 18
58 37
61 48
93 3
66 45
71 3
62 55
50 59
92 43
78 10
90 52
96 44
98 41
58 45
74 16
55 27
97 48
76 52
50 47
54 54
67 45
52 49
51 12
93 19
50 20
51 15
92 45
51 1
60 35
62 59
80 10
88 23
85 27
52 4
89 25
58 38
76 23
77 11
85 17
94 34
72 42
85 49
90 29
95 26
63 28
84 46
90 49
72 7
59 45
83 14
65 10
61 11
92 24
59 40
82 60
75 36
74 3
61 33
61 9
58 20
52 6
83 28
56 41
69 24
62 60
83 33
89 50
65 32
81 22
84 16
98 3
87 16
58 5
87 34
98 59
84 51
85 10
74 57
71 54
85 45
90 6
54 15
73 17
86 58
69 26
70 29
75 24
60 22
82 27
99 29
63 21
58 30
80 45
74 18
62 40
73 8
78 21
66 33
65 19
80 16
95 21
76 29
93 37
68 16
72 32
92 46
77 38
77 29
73 37
91 51
76 39
61 5
75 48
76 38
86 48
55 55
56 5
60 4
66 40
64 39
72 26
78 12
91 9
52 25
82 52
79 43
61 11
93 49
55 59
93 3
55 41
87 3
66 40
90 31
80 48
75 6
50 48
92 11
79 28
69 50
53 32
84 11
74 41
53 56
94 42
85 11
83 4
56 3
78 20
75 33
90 41
97 31
73 26
50 36
83 18
94 31
96 43
51 50
52 43
72 33
71 60
80 32
78 54
66 15
77 59
59 39
53 43
80 22
98 16
78 11
68 55
86 49
89 36
83 45
55 6
60 53
51 51
70 38
92 28
65 16
55 8
91 45
64 58
57 56
64 22
97 59
65 19
69 44
70 39
96 43
80 19
53 51
85 11
88 22
89 56
67 22
74 47
87 14
55 42
54 37
85 48
91 33
79 10
75 47
90 47
52 1
75 25
66 44
78 2
66 4
75 36
90 20
63 36
69 31
90 7
59 52
91 38
54 9
63 4
97 10
76 46
55 39
93 51
92 47
88 37
96 47
56 46
71 39
73 43
90 55
60 37
54 9
51 56
57 46
75 13
61 30
69 47
72 56
88 51
89 13
75 16
79 4
94 60
85 10
91 40
84 55
86 32
82 10
52 11
51 20
63 22
82 3
99 34
82 56
87 8
69 38
88 3
64 2
67 29
94 26
90 7
91 11
63 32
50 41
66 25
83 12
58 33
58 36
66 28
60 5
51 45
63 9
94 19
95 26
93 53
60 39
96 28
64 50
87 6
72 10
90 16
74 38
93 47
59 22
73 3
69 28
78 52
91 35
95 30
58 27
91 48
50 24
55 31
54 8
90 44
96 30
53 54
61 37
74 9
74 36
77 20
60 60
53 40
89 15
50 6
52 2
86 54
70 42
84 56
86 18
60 4
78 36
87 57
55 54
94 1
99 27
71 47
72 43
63 9
50 2
50 41
89 27
51 55
74 28
50 40
99 24
51 8
99 17
81 59
99 40
94 29
91 7
65 25
72 33
83 39
68 19
93 37
55 41
50 31
92 3
77 13
94 5
57 26
77 25
88 30
94 20
88 47
54 11
75 56
93 47
71 34
91 3
80 45
86 13
97 34
97 18
74 49
96 30
74 52
98 23
54 21
72 34
95 25
50 55
71 22
77 17
61 15
50 57
94 48
73 6
79 8
94 46
68 14
80 15
64 28
99 52
74 59
57 5
68 54
92 52
73 49
76 46
84 4
87 2
75 24
59 9
67 57
99 14
57 42
79 38
97 1
77 19
79 34
55 13
97 33
82 30
89 3
55 3
77 38
87 6
66 24
61 13
69 14
72 35
60 7
89 38
80 47
76 45
89 41
95 55
91 4
52 32
67 34
74 47
64 29
82 12
77 40
74 27
98 49
99 41
82 43
84 29
68 50
80 42
76 20
55 59
65 54
64 31
83 16
71 23
88 14
80 21
93 20
55 54
51 11
63 19
63 41
98 12
58 9
70 13
97 31
73 16
99 51
69 23
91 32
79 18
94 39
68 40
63 16
75 32
94 21
76 50
64 29
78 22
62 7
92 54
99 22
82 23
63 39
54 35
94 38
90 1
82 22
62 22
93 36
61 42
66 37
76 57
82 10
65 56
64 5
96 3
79 53
91 48
96 6
63 23
99 6
78 20
53 26
72 55
74 28
56 34
58 25
80 13
99 30
64 41
53 16
52 33
70 21
76 10
75 5
52 20
67 4
76 38
64 26
69 10
82 9
98 44
62 56
83 17
71 32
86 38
52 4
83 30
94 52
51 53
61 30
71 46
94 20
61 56
73 36
85 55
68 45
99 7
93 50
77 2
71 9
94 54
54 5
80 54
93 43
79 50
84 22
81 24
96 18
59 57
57 47
50 23
97 41
70 32
50 42
94 19
58 55
71 26
89 52
77 17
58 27
50 29
82 53
93 39
60 46
52 30
99 3
51 10
56 22
80 15
87 50
81 49
95 19
86 26
73 51
52 42
88 18
82 53
73 48
89 18
59 8
54 30
83 40
71 39
67 18
98 7
58 5
96 52
80 5
80 9
60 51
59 37
99 58
89 35
67 41
67 6
83 29
57 6
79 42
76 39
76 55
82 20
58 15
59 55
67 5
75 44
70 37
85 19
96 49
94 50
74 34
87 55
65 19
76 9
62 25
54 45
78 44
52 7
98 48
66 39
96 12
89 46
81 48
60 28
98 33
50 15
92 53
98 16
84 43
96 60
77 17
91 50
58 32
62 44
95 56
92 43
71 24
63 20
73 23
54 15
85 41
55 17
85 48
50 37
95 38
89 35
53 26
81 34
65 1
72 26
82 24
58 44
92 27
91 5
56 20
56 41
99 16
85 37
61 2
69 19
98 58
77 25
75 36
50 60
73 50
70 50
83 6
96 34
55 27
87 26
88 22
80 9
93 52
76 55
57 51
60 2
71 57
91 23
61 4
84 44
59 3
76 59
54 3
64 52
78 34
82 15
52 49
65 28
85 16
59 46
52 58
52 25
59 30
57 20
51 32
81 3
50 12
51 42
60 28
86 50
99 55
98 43
77 40
82 14
93 40
95 3
73 49
57 57
93 48
79 21
72 41
51 1
62 37
68 23
78 27
75 57
92 46
52 54
72 1
64 42
81 52
72 41
88 15
81 30
72 21
74 5
53 60
62 41
95 6
81 45
62 6
94 45
85 22
96 29
83 15
53 16
90 56
56 29
97 56
73 51
84 12
68 57
60 23
97 4
56 43
86 33
81 55
64 1
58 1
66 20
64 27
51 17
68 4
91 26
59 45
61 48
70 57
51 49
96 44
99 50
52 40
74 26
60 60
86 58
62 14
51 11
66 15
60 29
52 21
98 33
63 28
85 22
57 48
72 8
66 50
90 54
94 9
67 12
75 59
71 35
66 25
81 12
64 44
72 23
61 5
65 10
58 6
61 33
75 29
60 43
76 40
86 52
78 31
61 53
57 6
60 33
60 6
82 14
85 42
77 40
54 29
50 4
55 35
52 8
88 28
89 21
90 12
64 53
56 4
65 11
89 8
88 56
73 57
57 31
75 30
59 55
71 2
60 48
74 4
50 36
53 29
93 3
91 33
98 53
66 1
69 26
73 25
82 11
80 31
89 3
67 54
76 9
80 2
83 21
85 35
55 56
73 1
84 24
60 55
88 11
96 7
69 27
65 45
70 35
67 34
88 20
64 15
72 54
95 7
94 28
81 17
81 17
58 54
70 45
88 18
96 24
90 40
60 30
94 52
52 3
69 55
92 15
88 38
96 21
70 43
89 4
89 31
70 7
53 1
54 1
64 10
77 11
96 18
64 34
69 26
75 40
56 23
85 23
97 46
59 23
61 20
84 6
55 32
91 45
93 15
65 22
64 47
86 29
94 36
80 15
59 19
83 25
73 52
79 57
90 18
72 59
96 57
76 49
98 47
93 27
76 26
63 45
86 29
85 46
56 26
88 39
62 35
78 51
97 28
59 44
96 16
85 14
67 9
61 58
52 34
99 54
75 36
50 48
83 41
80 17
85 31
92 7
53 59
91 53
76 57
62 54
67 51
96 19
76 34
54 9
78 28
83 34
99 59
91 27
88 57
93 43
60 37
95 6
87 33
68 8
97 41
52 15
60 46
78 31
74 19
91 9
99 1
59 2
92 29
82 13
57 58
53 23
74 35
91 18
96 34
77 44
61 43
99 20
80 15
54 5
84 16
64 31
79 49
70 59
69 21
89 31
87 13
53 53
59 33
55 3
91 59
51 20
76 14
91 1
74 33
87 14
96 17
60 22
51 32
88 21
63 59
99 5
87 28
97 39
99 23
57 18
92 10
69 17
89 36
89 45
54 44
53 34
57 38
79 35
50 2
97 27
78 30
86 58
75 29
51 43
85 13
91 19
52 13
53 26
78 8
52 45
54 20
88 20
96 11
67 5
67 59
92 41
57 20
92 22
52 54
57 33
72 12
50 5
62 46
87 4
78 10
84 32
81 26
96 21
99 13
75 49
58 23
61 36
88 8
64 26
57 1
68 10
73 34
54 29
64 55
81 6
74 10
81 31
72 40
99 56
87 58
93 3
69 2
71 24
74 2
65 10
80 21
88 14
50 28
51 18
90 11
60 9
90 52
53 9
56 23
89 58
98 51
95 54
83 4
54 56
60 58
85 17
70 10
75 56
89 18
67 29
73 18
92 20
71 44
87 12
78 7
98 50
63 1
90 35
67 26
64 29
52 13
92 52
56 24
52 60
94 37
55 9
66 32
71 12
93 22
65 9
88 37
87 45
77 6
77 17
93 14
88 6
87 49
50 34
72 18
53 52
69 39
98 3
92 53
74 5
75 31
97 42
72 23
63 19
56 24
90 32
52 42
56 8
59 11
97 40
56 6
91 9
92 58
74 47
76 45
53 34
50 1
88 51
53 19
62 23
55 33
65 30
87 12
59 43
79 24
88 46
83 56
72 30
95 13
71 8
98 8
53 4
77 45
70 3
56 55
60 1
61 7
60 1
96 50
67 30
98 14
68 35
80 6
64 53
56 3
54 39
88 50
70 22
78 36
56 39
61 29
84 19
86 53
85 17
64 6
94 33
66 38
63 39
62 9
64 42
99 2
87 27
85 43
54 5
99 24
68 10
98 32
68 14
59 38
66 7
60 22
65 37
72 33
77 47
92 25
80 18
62 13
58 9
58 43
88 13
90 27
74 1
88 12
94 5
77 56
91 3
90 9
70 58
73 10
73 59
60 26
63 17
51 8
68 56
68 51
98 17
83 36
51 56
51 32
51 54
76 50
58 56
82 3
89 39
65 32
81 42
88 49
65 54
64 43
81 29
73 17
71 29
66 6
57 22
77 42
79 1
80 8
61 15
65 44
50 53
79 53
69 9
53 4
56 50
66 10
53 12
89 2
59 26
66 7
77 16
96 45
72 51
62 54
54 19
71 40
56 40
82 24
86 16
66 57
61 40
58 17
85 56
84 27
54 24
92 2
59 9
89 49
93 48
67 12
86 41
70 47
60 39
94 33
94 10
93 22
76 17
62 8
58 1
78 54
95 10
57 15
93 9
89 30
93 11
94 6
68 36
68 49
54 54
73 32
65 43
55 5
95 4
84 3
99 48
95 29
68 21
63 2
82 54
98 57
92 52
77 49
56 49
72 42
96 2
62 49
98 32
89 45
55 14
56 58
91 33
97 43
81 40
78 55
74 34
94 36
96 1
53 39
84 48
62 18
52 19
58 60
90 25
87 37
75 15
71 22
69 23
62 4
93 48
77 26
76 49
67 60
81 40
63 41
81 20
87 42
85 40
94 33
79 53
77 31
64 22
97 33
56 11
90 3
56 41
53 7
62 12
82 37
95 9
51 24
53 49
98 52
86 10
57 12
67 13
92 42
61 32
72 52
57 9
68 18
98 10
85 38
62 35
87 8
83 37
64 14
52 25
97 53
89 4
51 33
84 8
99 6
51 40
87 48
71 4
53 20
94 8
88 56
87 25
52 7
50 43
84 49
58 49
63 2
76 39
86 28
70 35
85 59
63 55
83 56
92 12
54 1
62 38
66 31
57 31
66 24
84 24
50 27
60 60
87 37
87 59
93 34
78 46
75 33
52 48
58 43
74 42
81 9
67 45
57 20
74 48
56 41
95 40
83 54
63 52
83 48
91 39
85 57
87 40
95 20
87 60
95 47
53 2
52 20
52 36
52 12
82 9
50 48
90 30
75 45
63 33
52 2
54 47
64 23
57 25
93 32
66 22
62 59
88 7
86 47
86 36
82 17
84 17
80 52
73 59
74 44
70 56
65 42
68 20
53 58
58 31
86 41
63 47
66 54
86 46
86 12
83 40
59 33
85 41
97 41
56 18
95 42
86 29
62 18
54 30
93 44
87 59
61 16
96 11
82 34
81 7
78 48
72 25
70 2
77 60
91 14
66 36
57 41
94 7
52 21
93 60
78 48
72 32
57 55
80 37
88 50
53 52
75 28
70 59
52 58
70 48
68 53
55 17
65 16
71 31
64 35
63 23
73 25
83 7
50 8
59 6
51 26
92 32
56 30
81 1
95 24
80 46
74 29
87 40
60 43
54 32
82 40
86 43
61 53
53 39
52 41
67 45
88 46
65 37
56 12
63 60
77 56
72 40
56 30
73 5
54 54
58 3
90 20
77 19
64 19
92 18
99 20
70 47
87 34
74 56
61 36
89 31
79 38
69 34
81 12
67 57
79 58
64 15
81 23
98 27
88 15
55 8
89 51
80 24
57 7
55 20
97 16
61 59
68 58
93 59
85 47
66 4
52 17
91 49
92 33
73 40
60 5
60 26
96 16
50 50
57 39
97 18
73 30
71 27
97 32
72 20
94 48
50 45
94 44
58 9
56 2
52 26
61 13
85 12
77 30
63 48
53 27
97 9
54 44
76 24
55 40
52 5
68 41
89 53
62 59
60 14
67 35
96 20
58 27
71 1
81 25
98 20
60 48
83 34
71 33
97 57
70 14
66 57
52 7
68 52
66 11
69 32
81 30
99 47
68 11
50 6
69 12
59 11
68 4
57 32
96 37
95 47
54 34
50 28
96 27
65 53
72 50
89 60
66 41
59 42
65 21
54 58
75 53
98 44
98 49
52 12
84 24
94 50
90 40
60 19
86 35
51 16
78 22
97 18
64 18
56 34
75 30
88 54
73 55
60 48
61 25
78 54
59 42
96 13
97 9
55 22
95 1
80 26
54 17
87 34
53 47
52 31
77 24
74 46
52 18
69 58
53 34
91 25
72 15
67 57
79 59
99 28
66 47
96 3
90 25
59 38
81 18
82 4
54 9
90 45
89 22
93 59
59 46
75 17
82 59
63 5
97 56
87 26
75 31
90 26
61 17
62 37
62 25
57 25
88 31
95 3
67 40
61 39
78 59
55 40
97 46
74 6
94 6
58 12
74 24
82 12
82 33
54 25
86 19
74 11
54 36
61 6
99 38
81 53
84 44
91 8
68 33
62 60
70 31
65 1
80 9
68 60
50 8
88 35
76 31
51 54
59 26
83 43
57 41
90 33
53 57
99 1
55 18
71 18
92 9
50 37
99 52
55 39
83 52
66 50
57 47
72 13
63 15
73 49
81 18
86 48
64 34
89 52
69 14
73 12
81 26
71 29
53 48
51 52
56 40
92 54
60 38
78 37
83 58
67 17
80 23
93 26
64 31
73 4
91 30
84 19
61 13
98 33
90 1
82 32
57 36
59 53
99 40
61 14
68 2
82 14
83 26
82 54
90 44
84 38
71 8
64 3
95 2
62 20
87 39
93 19
85 36
65 24
79 41
67 19
88 49
62 38
74 13
85 5
79 25
51 46
50 34
53 3
78 8
50 59
81 10
72 40
85 45
86 46
88 25
93 12
51 30
78 29
70 38
96 31
71 38
51 47
81 14
66 56
76 57
51 5
74 50
50 4
91 21
79 33
50 56
61 38
68 41
50 9
94 35
52 15
94 35
52 58
76 18
82 25
61 60
63 51
58 8
91 10
76 37
96 21
63 7
72 29
68 50
86 47
70 58
87 53
65 37
54 34
66 13
77 11
90 50
93 4
91 26
63 31
62 53
63 51
74 44
56 56
84 33
61 49
62 42
61 34
97 54
98 20
84 47
99 10
88 57
65 1
56 29
67 58
78 22
87 43
67 12
51 12
52 27
59 23
99 3
63 14
64 4
56 28
64 28
79 5
52 2
91 42
65 34
83 8
53 38
88 56
98 20
78 60
97 6
60 5
84 5
78 56
71 25
92 45
98 48
91 13
64 53
82 26
74 39
98 57
87 3
77 7
74 22
83 9
58 23
53 13
54 56
52 49
95 27
51 35
61 31
71 21
76 11
94 26
72 10
50 28
69 11
63 19
72 40
74 35
99 2
94 46
66 56
89 60
98 52
54 59
66 33
85 33
94 50
93 5
50 13
81 26
84 48
83 21
56 28
70 53
87 4
77 50
82 21
95 50
81 18
53 25
96 38
70 59
60 47
73 40
86 30
84 6
78 29
99 37
95 16
86 3
70 19
77 26
64 31
80 31
63 12
75 56
68 42
67 53
86 51
73 54
98 60
95 9
64 58
86 42
74 19
66 10
57 41
50 9
79 6
50 34
98 42
57 13
54 45
74 27
88 20
94 60
87 38
94 10
55 58
67 12
83 5
62 18
71 25
75 55
82 27
97 24
64 23
70 23
62 36
65 10
64 4
50 46
57 26
54 10
89 31
88 5
66 21
74 18
88 38
98 26
94 4
63 12
56 17
76 11
87 37
98 18
72 22
79 43
50 35
99 32
52 20
77 50
68 29
78 35
77 30
53 56
59 50
60 58
56 15
96 57
94 53
52 22
84 26
83 35
76 5
89 29
55 33
71 38
90 24
79 21
84 8
91 53
57 10
58 8
96 25
54 44
67 25
57 42
94 27
59 16
50 24
53 37
91 11
70 54
85 42
78 55
66 4
90 54
