6041 9
19 72
18 28
8 80
20 6
20 33
4 34
18 1
7 16
20 55
9 83
3 70
9 93
3 2
13 60
13 16
4 45
3 81
8 42
8 4
3 6
16 21
4 11
9 100
14 54
15 46
8 26
13 93
16 76
1 58
13 90
17 16
18 6
6 32
6 48
13 36
4 14
4 83
19 15
7 88
17 35
8 98
3 29
11 36
2 90
14 18
12 74
12 23
1 68
19 31
11 22
3 24
12 33
13 89
3 13
5 95
14 45
19 7
2 97
20 79
10 44
8 20
20 92
10 76
1 40
3 4
17 29
11 48
19 16
10 50
5 66
10 12
7 12
9 57
4 22
17 2
5 58
10 21
14 82
4 87
6 69
17 86
2 57
12 88
5 50
7 65
9 22
6 99
17 9
17 77
18 55
12 18
8 91
20 26
2 70
8 28
20 16
5 1
19 53
3 89
1 64
17 12
3 20
18 44
4 12
8 77
12 4
12 5
16 44
15 21
16 8
17 39
14 44
4 85
12 54
18 61
5 62
10 54
3 25
20 39
8 72
12 23
18 70
1 4
12 88
18 75
3 41
8 28
17 90
16 58
1 55
19 81
3 55
17 67
16 24
3 4
17 14
3 53
4 41
16 27
11 8
17 9
5 32
19 31
13 66
20 52
17 73
14 58
12 95
19 43
19 30
4 27
14 69
1 65
1 32
4 15
8 56
17 22
12 75
5 52
18 27
13 87
6 52
10 30
15 40
10 27
5 10
13 28
16 14
8 29
18 12
13 74
20 63
13 29
13 15
6 95
16 98
13 95
10 55
3 74
6 24
5 41
3 25
13 28
11 93
2 39
19 44
4 10
7 97
9 64
7 90
19 92
14 46
19 56
10 42
17 27
7 51
8 90
20 26
4 73
11 61
14 66
12 45
4 61
13 35
2 74
12 32
19 48
1 80
7 3
2 27
8 60
19 70
20 98
19 87
7 84
8 46
13 34
9 94
13 33
10 97
7 55
2 93
2 57
9 15
2 14
9 79
9 76
18 36
12 2
3 37
13 74
13 17
10 43
1 88
4 93
1 6
16 19
15 79
13 89
10 8
3 51
9 29
4 45
16 78
8 88
9 34
2 93
7 18
9 49
2 87
8 45
19 95
13 25
17 97
15 38
20 86
14 24
20 94
7 2
17 64
1 26
17 58
3 19
18 32
10 20
2 70
9 20
4 36
15 88
16 1
4 2
14 22
8 95
3 53
20 79
12 69
14 66
19 44
3 66
2 16
10 40
6 78
12 20
20 44
13 97
10 8
13 8
2 60
4 70
10 72
2 76
11 14
7 10
14 21
14 12
7 1
16 9
5 38
15 44
11 3
8 93
6 89
13 51
14 83
2 75
16 75
2 57
4 86
13 5
11 5
9 68
5 60
13 75
5 3
1 56
4 78
14 100
15 76
20 93
15 20
15 17
11 12
15 54
20 54
11 82
15 7
19 42
11 73
8 70
4 52
11 84
13 37
9 58
10 23
3 57
8 2
18 83
17 88
13 95
10 53
13 91
12 23
20 42
14 91
13 75
4 18
7 93
4 87
17 88
7 40
13 35
19 70
11 47
3 65
16 8
12 32
4 91
18 14
16 76
6 43
8 16
11 61
4 9
10 81
9 60
9 95
6 83
10 72
6 60
5 99
5 89
12 11
11 30
3 56
4 84
7 96
10 7
13 28
6 93
10 74
1 28
10 49
6 25
10 26
8 58
19 66
15 31
7 49
6 32
1 24
19 70
4 27
6 74
16 59
18 37
10 31
1 58
8 17
14 81
7 99
4 61
4 1
10 56
1 83
9 9
2 43
18 6
11 15
12 27
6 52
19 66
8 92
14 36
4 9
5 71
17 25
3 33
18 64
15 26
14 88
9 53
12 69
19 28
14 53
5 56
5 60
1 2
17 68
2 60
18 18
12 47
16 81
20 95
19 36
5 59
9 45
1 36
20 8
13 4
10 36
7 35
19 30
17 71
9 43
16 48
10 2
1 98
7 50
11 73
4 25
12 49
20 45
1 83
13 63
17 71
15 37
17 55
17 28
2 91
16 82
13 95
12 73
18 70
12 57
20 16
12 62
9 46
9 53
10 64
13 56
5 59
4 100
8 88
2 82
16 52
14 17
19 81
7 67
15 81
1 69
4 88
13 68
11 40
5 73
7 68
14 4
12 2
7 76
2 18
4 41
4 73
14 55
17 2
4 42
18 45
6 23
14 2
17 54
18 14
8 16
1 32
13 78
6 98
18 26
10 85
9 13
9 38
9 81
20 2
7 53
17 44
13 67
10 48
2 25
19 87
17 2
14 6
2 75
20 9
18 49
13 5
2 61
7 98
3 82
15 41
16 6
4 56
13 20
9 40
10 72
1 45
10 25
12 60
5 14
13 65
11 22
6 46
3 10
11 3
4 23
10 95
7 65
5 95
17 78
14 1
18 80
20 67
17 82
7 76
1 40
5 96
1 88
9 92
8 3
15 68
12 40
9 56
11 56
6 4
18 42
1 38
9 25
16 69
7 52
13 88
4 20
4 93
19 8
10 75
8 45
14 9
2 80
17 96
2 88
10 26
4 88
11 77
13 2
10 31
12 80
12 11
20 47
3 84
11 41
6 43
1 95
17 70
12 60
13 71
2 4
10 71
7 99
11 89
12 35
1 1
20 57
15 5
14 37
10 24
19 25
4 93
13 38
18 32
16 39
13 54
7 25
1 14
18 64
17 94
7 6
6 56
10 45
15 54
6 29
15 7
20 69
8 35
5 49
20 5
19 50
18 63
11 42
15 59
7 83
13 96
10 48
3 6
8 80
11 82
19 88
16 56
6 27
7 66
9 62
19 66
8 68
7 36
9 29
1 14
4 59
4 15
13 92
2 28
12 75
11 69
3 33
12 92
4 23
16 63
20 98
8 91
1 42
13 91
4 50
5 15
18 4
17 19
19 88
15 31
15 46
11 7
12 77
11 1
12 88
15 85
12 3
10 89
20 23
6 62
1 66
5 34
13 39
1 24
10 44
13 89
16 20
16 4
19 23
14 4
20 63
13 71
3 17
1 30
18 44
16 64
8 89
13 8
4 56
11 30
20 29
8 8
1 62
5 84
8 64
20 85
17 28
1 15
6 67
18 92
7 41
2 96
1 58
20 35
9 90
11 85
2 31
16 26
20 80
19 87
10 83
14 32
19 6
15 88
1 6
4 41
19 89
13 8
3 2
10 52
14 82
1 54
19 97
13 49
7 53
20 70
3 53
2 58
13 21
12 46
8 42
3 19
10 41
16 27
4 40
7 24
16 79
10 15
5 100
4 79
4 69
10 67
5 42
10 81
17 46
2 24
10 42
4 61
19 20
11 65
6 49
20 81
11 6
17 97
6 35
9 54
15 25
5 67
5 37
6 47
5 89
8 44
1 30
14 67
3 59
15 18
10 97
12 57
6 59
2 45
16 87
6 73
14 89
19 7
7 51
16 70
18 33
7 73
7 56
17 4
10 97
18 62
4 75
3 46
11 41
2 17
9 67
13 36
15 4
18 1
7 87
10 64
12 3
17 32
9 89
10 74
4 15
18 89
3 31
14 78
20 96
16 91
9 8
5 11
4 87
2 19
16 6
12 72
15 31
17 83
2 60
11 76
1 1
11 7
5 7
3 12
18 9
20 22
18 70
15 94
3 29
17 8
4 60
20 38
6 20
8 43
16 54
11 38
20 82
16 72
12 64
1 44
17 76
3 17
3 32
18 17
17 63
13 68
5 56
8 5
7 50
20 44
9 50
3 60
15 27
9 93
17 57
13 30
1 92
15 66
7 67
10 8
13 60
13 42
8 94
3 15
12 10
19 99
10 14
17 35
4 11
10 88
16 95
13 29
6 66
11 8
3 6
19 31
17 33
18 64
5 99
18 7
2 92
13 70
19 38
20 93
16 50
4 62
1 17
4 99
3 46
16 27
11 2
6 10
3 70
19 77
7 83
8 57
8 31
12 2
4 39
4 91
14 38
6 68
7 45
15 27
1 19
12 59
3 66
6 42
8 98
4 41
20 17
1 1
20 36
10 56
17 89
6 57
12 37
16 40
20 31
1 2
12 81
10 92
2 99
3 81
8 50
9 100
10 30
1 43
16 54
3 38
13 19
5 84
16 19
7 64
14 16
18 78
4 1
15 22
1 28
2 21
3 37
15 78
6 41
9 88
2 10
9 78
10 82
1 58
3 29
2 39
6 96
2 40
20 91
5 1
13 34
18 84
17 8
17 16
8 27
4 70
4 35
2 79
2 57
7 5
5 23
1 44
20 26
10 72
2 66
11 62
12 93
15 60
17 86
20 4
12 88
2 90
14 98
5 65
13 45
2 79
2 24
1 13
3 87
5 95
8 19
18 15
10 100
2 35
4 68
14 47
17 47
12 49
6 79
7 7
5 74
2 34
18 69
8 25
20 46
7 87
3 13
20 25
13 44
6 31
14 25
9 66
12 53
13 77
19 29
19 95
9 27
12 89
16 65
17 8
12 32
5 66
7 57
8 5
15 36
7 31
15 70
17 31
9 45
17 8
8 9
9 96
16 8
15 96
9 29
17 74
1 61
10 78
16 95
14 13
10 81
18 23
7 55
16 28
4 19
13 36
14 50
10 62
19 86
11 38
5 48
18 83
8 76
2 5
17 82
11 95
12 71
18 86
17 7
4 23
9 29
16 27
1 29
16 29
2 49
9 1
4 55
19 43
8 73
18 89
8 78
10 73
17 57
7 74
18 59
1 2
16 85
2 40
20 25
1 46
17 40
3 32
2 86
13 46
3 78
13 76
19 20
7 25
11 11
17 98
6 18
5 95
12 55
20 2
9 95
17 11
15 64
12 11
2 84
10 32
15 68
11 77
7 16
18 38
13 34
17 42
5 1
2 52
10 32
1 7
6 3
15 5
14 48
9 86
2 37
16 90
9 82
4 32
11 82
12 20
2 82
6 83
11 96
8 36
2 64
13 46
20 48
11 92
4 77
12 2
16 71
15 58
1 81
9 17
13 8
13 22
11 34
9 67
7 65
13 59
8 58
13 75
3 10
1 53
2 59
12 37
1 83
5 58
11 84
6 4
19 93
15 18
4 27
20 3
15 47
19 17
12 10
7 86
11 75
6 78
8 93
9 100
20 84
20 24
6 33
13 33
10 7
12 59
9 88
1 35
13 84
13 86
13 78
5 99
8 64
1 49
13 68
12 35
15 52
20 42
19 60
20 8
10 30
11 13
1 70
20 40
6 29
20 58
8 4
11 2
17 48
2 88
7 31
4 51
16 11
15 78
19 90
2 33
3 47
5 65
13 81
16 56
14 73
14 77
5 56
4 15
19 29
18 73
20 87
13 18
4 54
3 18
7 71
19 44
5 86
12 45
18 20
1 25
8 49
5 67
20 31
4 23
18 23
20 59
13 31
16 78
7 21
20 57
14 74
8 10
3 46
2 2
17 11
11 17
13 64
5 33
17 76
7 44
10 83
12 86
6 80
4 69
1 87
16 78
3 28
20 97
14 36
3 100
17 35
14 6
2 99
9 97
7 100
10 95
11 5
2 41
3 45
1 61
14 68
5 43
9 20
15 38
14 71
13 88
9 64
19 58
5 42
9 64
8 35
16 57
16 92
3 30
11 59
8 25
5 26
14 31
1 59
18 98
11 8
11 24
20 25
14 79
18 20
1 55
2 68
13 12
19 84
6 72
15 46
12 61
11 91
8 38
15 13
20 75
1 43
2 54
3 7
1 36
3 69
6 36
2 80
2 42
10 67
16 3
20 21
17 68
4 35
14 72
19 41
9 99
4 79
16 4
7 50
2 29
7 35
19 93
7 74
10 90
2 98
4 39
3 89
7 84
20 7
12 25
13 55
18 97
15 60
3 16
9 89
8 90
13 99
16 92
19 11
17 67
10 8
10 48
11 45
3 4
11 26
2 73
8 33
6 64
3 8
14 80
12 48
4 83
14 20
13 51
16 75
20 19
16 3
18 11
7 10
4 60
4 54
1 73
2 100
1 26
20 76
2 6
18 44
9 40
6 95
11 33
3 9
2 89
14 95
17 26
2 27
15 16
13 92
16 63
5 15
12 10
2 3
1 13
17 81
11 57
4 31
18 86
16 77
19 17
17 37
18 74
13 97
15 33
16 18
11 32
2 83
10 40
16 58
14 73
11 22
14 62
6 74
12 70
3 4
7 11
5 25
9 16
20 80
20 73
14 48
15 17
16 79
7 72
7 92
10 6
1 56
15 83
6 76
19 33
20 70
7 43
14 90
11 98
3 23
6 61
6 37
7 36
5 57
11 62
12 91
16 16
10 58
5 45
9 34
18 67
2 14
6 85
8 45
19 46
2 66
6 25
18 86
3 27
11 69
15 98
13 83
4 19
8 65
20 74
15 48
14 48
2 29
5 9
14 1
5 34
16 75
19 90
20 31
20 4
19 56
18 100
6 41
10 15
13 69
1 28
8 93
13 36
12 34
6 51
5 51
14 92
6 99
5 78
2 87
9 1
17 82
17 89
17 73
3 56
2 85
11 61
16 18
14 3
4 74
20 79
13 59
13 23
12 89
1 79
18 70
10 69
9 34
18 47
16 62
2 38
3 53
14 99
6 15
6 41
14 49
4 62
6 60
18 82
6 43
10 79
20 10
20 67
10 93
15 27
13 1
4 10
8 39
19 92
7 47
3 87
13 82
20 98
8 66
18 79
20 21
4 4
2 40
6 13
10 26
4 10
10 21
11 34
13 96
5 98
7 50
16 63
19 21
3 89
10 66
4 97
6 8
4 69
18 3
12 34
3 62
15 78
12 95
5 88
17 3
8 100
14 73
13 70
2 40
5 29
13 16
16 8
3 44
5 26
10 12
18 74
6 85
2 81
6 3
6 66
9 98
1 50
16 32
7 97
11 32
3 52
13 51
2 96
16 92
15 94
20 58
13 61
19 70
17 61
10 32
12 46
13 37
19 63
4 54
1 10
5 88
20 16
2 44
19 29
5 8
14 55
16 39
16 35
6 13
14 100
14 43
9 18
5 41
18 57
15 8
19 59
18 50
16 87
20 78
2 23
6 74
7 92
12 23
20 89
6 39
3 41
11 3
17 24
1 81
6 47
1 33
6 43
8 18
19 24
15 42
12 79
10 55
9 53
11 23
8 29
20 96
11 59
17 56
18 55
4 27
20 45
10 78
1 10
5 85
2 51
18 96
19 75
15 50
1 82
8 59
20 12
4 51
7 100
16 20
2 14
4 96
3 100
14 66
16 23
3 35
8 96
2 79
9 76
7 73
14 28
20 54
16 74
18 69
2 35
19 49
4 91
15 38
4 86
13 58
15 96
10 39
6 47
15 68
10 95
19 32
12 33
3 77
1 72
2 66
8 72
16 7
1 89
2 89
13 84
6 94
7 24
12 29
7 28
1 14
4 58
7 28
3 74
13 67
6 72
3 85
5 83
17 35
20 60
16 77
16 2
18 49
11 83
19 59
3 27
11 73
1 11
2 85
16 28
13 73
7 28
15 26
2 40
19 76
5 72
15 53
9 17
17 76
4 1
5 6
10 32
7 83
1 76
6 14
18 69
4 83
13 6
4 46
14 48
18 84
12 9
13 25
10 67
7 98
5 50
20 9
1 63
19 78
10 67
17 20
1 70
3 92
19 24
3 61
10 73
17 52
18 72
19 62
13 94
19 84
18 91
20 26
3 72
16 42
2 3
8 98
6 72
16 36
1 45
20 6
5 84
18 14
14 7
5 52
14 36
19 5
19 94
7 5
13 44
14 60
1 91
7 1
4 78
19 60
11 17
10 46
15 49
3 78
13 11
15 42
7 31
5 10
1 16
16 91
17 93
8 64
5 21
9 37
7 59
2 16
2 3
11 32
20 69
9 28
1 64
1 5
18 82
2 86
3 94
10 12
9 4
16 53
12 96
12 73
8 53
3 59
1 17
9 9
9 6
16 82
20 63
10 68
19 24
14 62
9 14
14 27
9 90
16 4
9 68
2 33
14 27
20 58
5 18
1 45
17 94
8 7
10 50
15 52
4 27
4 74
20 46
12 45
11 65
5 68
1 41
8 66
5 81
3 17
9 50
15 63
4 60
4 5
5 19
4 100
15 22
18 65
3 8
20 5
9 43
3 2
2 31
14 76
1 82
20 51
13 6
6 11
19 31
13 89
15 13
17 45
3 45
18 84
6 66
1 68
11 67
14 37
11 6
12 26
19 96
1 44
17 60
16 98
12 73
12 42
19 87
14 11
5 24
9 58
10 34
5 17
3 81
9 78
17 47
18 37
10 54
17 61
10 1
11 20
2 9
10 56
2 83
18 49
4 91
7 84
18 14
14 29
19 60
6 72
10 52
11 85
19 53
7 70
7 69
20 28
6 99
18 33
15 56
19 95
16 74
16 34
10 17
9 4
14 14
15 40
9 66
8 37
1 87
20 78
1 21
3 71
18 67
3 79
14 10
19 15
9 37
3 87
10 7
9 29
17 50
17 74
14 22
13 17
8 17
20 38
2 91
16 81
9 37
4 74
16 33
7 95
4 41
13 31
7 60
20 53
15 40
8 9
6 94
2 78
20 71
7 5
20 32
2 85
20 97
2 7
20 93
10 43
8 76
15 27
12 72
1 79
4 56
19 86
20 44
15 24
14 42
20 12
3 81
10 31
6 3
9 74
6 42
6 32
1 35
10 11
6 51
15 72
20 71
4 56
20 14
11 18
1 52
4 63
1 21
1 28
11 7
13 10
2 80
13 85
12 43
9 54
16 57
7 47
4 19
9 8
7 98
15 81
17 94
20 37
12 83
12 8
11 29
18 91
5 23
8 51
4 22
11 77
18 30
17 17
3 1
7 6
20 66
11 92
7 57
10 86
11 53
18 90
7 21
19 71
14 71
19 6
9 30
7 67
8 58
12 14
5 21
2 21
7 76
7 20
10 96
14 39
11 58
18 55
6 100
5 3
17 69
6 45
20 85
10 89
7 50
14 61
7 12
1 29
12 67
19 24
14 62
2 96
3 14
15 38
4 16
12 58
7 47
9 57
4 9
8 15
6 24
17 42
12 4
18 19
8 59
14 53
12 45
20 32
3 13
18 100
6 83
16 38
15 50
15 21
17 53
17 56
9 18
14 63
16 63
15 15
19 88
18 83
7 96
6 64
12 3
11 25
15 15
17 23
1 7
13 6
12 37
9 64
5 82
13 49
4 19
17 84
19 6
17 77
19 63
2 11
20 8
6 20
19 26
18 34
2 92
7 71
4 40
19 33
13 54
6 59
15 2
12 35
6 13
12 92
8 65
13 74
2 72
19 85
7 26
13 35
13 67
13 1
9 84
8 96
17 80
20 67
1 39
8 16
3 61
18 71
7 84
2 89
15 51
5 9
14 61
16 89
18 3
15 4
15 12
9 96
6 62
1 9
7 89
16 46
14 14
5 19
3 99
15 99
9 21
6 72
12 42
20 77
18 91
20 11
11 8
15 78
15 15
3 42
16 82
2 57
8 21
11 63
5 27
18 25
7 2
20 45
5 9
16 78
12 37
14 79
16 17
13 1
20 35
15 18
4 73
16 86
12 44
6 88
4 42
16 58
5 3
4 89
18 70
2 17
4 96
15 19
11 17
2 59
10 66
13 8
19 54
7 9
11 28
8 2
16 25
5 31
20 38
9 56
2 65
12 25
19 4
16 36
18 17
1 56
7 39
20 8
10 81
6 77
19 38
5 4
17 20
1 87
7 49
13 21
18 2
12 75
19 81
8 25
19 29
11 38
10 64
10 44
12 42
11 83
6 80
19 82
20 100
19 71
6 18
18 84
1 49
4 43
7 27
17 3
2 62
16 86
12 33
13 89
2 57
4 58
11 48
20 86
8 75
17 6
18 79
13 2
19 78
16 84
16 26
1 13
5 54
8 62
7 56
14 82
7 82
7 11
3 85
18 49
13 18
1 21
10 82
18 91
12 25
14 22
16 78
17 89
14 15
6 66
18 54
17 49
19 34
10 85
13 46
3 38
8 70
20 20
14 93
5 54
13 59
12 63
6 32
5 84
1 47
16 2
1 3
1 38
2 63
9 5
5 5
16 35
4 34
1 46
7 59
6 20
9 78
8 8
10 50
13 48
16 24
8 53
17 23
16 26
17 86
6 31
20 17
12 84
13 13
2 48
20 8
20 44
16 83
8 12
17 13
1 21
17 81
7 71
17 87
20 77
11 88
4 98
13 86
17 50
4 45
9 21
17 56
20 67
11 39
1 93
2 82
16 94
12 53
5 53
5 13
2 46
8 47
2 83
12 32
17 93
8 65
16 94
18 27
18 25
5 44
2 83
9 35
11 56
3 10
17 35
10 39
14 14
5 77
5 69
17 55
13 92
5 41
17 42
16 65
18 9
14 60
1 19
3 98
2 51
12 51
17 92
3 79
4 48
1 93
5 13
5 75
9 20
3 36
13 78
14 98
8 67
11 50
16 45
3 13
13 10
10 76
19 77
16 3
4 13
4 2
5 14
11 56
5 40
11 20
11 90
1 98
7 72
19 74
12 80
17 6
12 25
14 49
8 77
6 26
1 56
3 86
19 45
12 82
16 37
8 88
17 37
3 89
12 88
2 91
1 49
2 80
10 13
7 34
8 61
12 43
12 22
1 84
1 18
14 18
16 22
11 37
5 24
18 11
3 34
9 95
3 19
9 95
20 78
5 59
7 100
14 40
1 75
10 40
4 84
20 42
19 96
15 29
8 58
18 53
20 23
3 77
13 63
10 50
3 83
8 56
16 39
1 8
16 74
14 26
16 39
19 51
18 86
8 25
18 56
6 17
19 91
16 25
13 28
17 71
8 17
13 82
16 34
7 95
16 64
6 50
5 84
9 90
9 6
6 53
3 9
18 89
3 61
16 31
13 3
3 57
2 55
19 99
20 44
3 93
3 16
17 48
15 95
17 85
3 61
14 38
18 82
2 71
18 17
12 47
14 84
7 28
16 66
18 64
6 38
10 46
11 59
16 60
13 88
7 78
2 49
19 70
13 46
2 81
18 100
19 61
16 74
18 49
9 78
3 2
18 23
10 78
1 80
17 22
20 49
19 96
4 26
1 42
18 14
11 86
12 42
10 94
18 13
19 38
18 70
5 3
18 84
14 30
9 20
10 35
8 13
14 10
2 35
17 75
18 38
9 65
20 62
3 28
14 91
18 24
7 18
20 21
20 76
10 92
15 15
3 1
9 82
8 46
4 45
10 92
5 13
2 84
13 9
12 48
2 93
19 23
16 20
5 46
13 64
7 37
14 20
7 53
15 100
7 39
14 16
12 44
2 72
8 90
17 82
9 71
19 90
19 64
13 61
3 96
5 19
16 17
3 83
18 56
5 89
13 45
3 63
4 53
3 90
10 11
6 78
20 11
13 84
9 93
17 56
14 58
16 86
6 37
3 14
16 8
13 6
17 68
13 94
13 70
10 84
1 91
9 13
7 82
8 55
5 36
9 6
19 16
2 53
19 15
19 70
10 75
13 86
8 24
6 43
3 47
8 9
8 90
14 62
10 30
15 92
20 3
9 6
13 54
2 75
1 53
6 42
3 15
6 34
13 81
15 95
18 63
1 62
7 52
16 89
3 69
19 55
5 20
17 38
20 87
10 57
19 34
3 71
3 26
15 69
4 91
11 64
11 72
12 15
14 33
9 19
8 74
12 47
4 61
5 10
4 97
20 38
18 89
1 28
18 35
14 9
13 50
20 54
17 85
19 43
14 73
3 32
12 57
10 41
10 16
8 87
6 32
5 67
9 68
17 3
13 34
17 18
1 42
16 25
17 51
4 66
14 97
3 63
12 25
5 56
18 24
15 61
1 70
4 100
8 2
19 44
11 47
9 1
15 28
8 60
2 80
16 46
2 7
13 41
11 20
1 81
16 73
2 75
10 56
19 32
16 67
3 29
1 66
14 66
19 22
16 35
16 49
7 12
7 24
9 86
9 49
13 47
20 67
5 34
19 2
20 99
16 27
17 83
10 79
8 32
10 18
12 83
7 38
17 75
12 53
2 5
10 84
6 27
19 90
4 65
18 16
8 14
4 26
4 64
6 10
3 92
15 58
12 60
16 20
9 13
17 76
9 98
7 98
8 97
16 78
11 21
19 75
15 29
4 56
5 48
13 79
6 9
14 4
7 45
6 5
1 82
3 95
19 90
19 25
19 12
16 15
17 10
4 85
5 67
13 25
20 75
20 38
2 92
16 62
19 43
1 98
19 79
17 61
10 61
7 2
11 65
18 65
11 99
15 20
5 97
18 57
1 100
10 39
7 20
12 58
18 49
14 40
12 40
3 69
2 50
10 65
15 23
10 12
1 9
8 18
13 22
12 60
12 7
16 3
1 82
14 63
12 16
4 70
8 40
14 69
1 86
20 47
20 27
16 53
3 91
17 85
19 59
9 55
8 73
16 76
16 6
15 65
7 52
15 55
14 99
13 24
5 20
1 46
2 92
17 66
20 45
8 56
16 28
15 80
3 62
12 75
19 59
1 36
14 92
4 1
8 75
8 46
15 65
6 63
9 75
16 81
18 5
5 34
20 92
2 21
11 61
16 49
11 86
19 28
12 24
14 43
8 66
3 95
15 89
2 27
17 71
9 8
19 21
18 53
10 51
20 12
5 19
2 77
8 2
10 45
6 97
5 81
15 12
3 83
9 79
13 37
17 53
1 41
20 69
13 48
16 51
7 75
12 3
12 70
6 100
8 35
8 19
13 47
17 26
3 66
5 87
11 16
3 65
7 86
17 18
9 51
8 73
11 72
6 10
6 10
5 43
20 98
10 81
7 40
13 95
8 88
10 86
9 98
5 22
19 37
14 24
11 26
11 12
2 89
5 55
18 4
5 4
14 86
15 8
10 27
13 49
9 6
6 4
3 6
12 21
2 33
6 70
18 69
1 61
14 89
2 83
14 96
1 95
15 27
9 39
3 69
19 21
2 90
7 64
19 32
3 57
18 29
2 28
18 80
6 31
6 20
17 58
17 61
14 3
14 2
14 79
5 27
8 21
15 29
14 75
11 36
8 75
2 63
14 28
7 83
5 32
15 9
14 71
20 5
4 88
4 41
15 84
16 97
16 33
5 96
6 41
14 6
13 18
19 90
6 23
10 43
12 84
16 70
1 35
14 3
11 20
19 54
16 37
16 7
19 49
19 73
13 52
13 98
3 11
19 10
10 92
6 82
17 17
1 62
1 21
3 27
2 4
9 67
20 79
14 82
20 95
13 98
5 59
18 100
14 82
5 43
14 69
7 61
9 28
2 30
19 58
3 46
3 59
6 26
17 37
17 44
13 14
20 53
11 4
12 100
10 66
2 89
5 46
18 5
3 63
16 64
8 65
11 30
20 7
12 85
17 68
13 86
16 84
7 40
3 16
20 50
11 8
16 97
4 40
6 100
9 38
10 37
5 51
6 48
6 44
5 22
9 83
19 65
14 57
18 38
13 50
12 34
16 23
1 65
7 23
19 40
13 41
9 41
13 52
12 100
1 75
4 24
9 83
2 68
11 63
5 46
9 19
7 5
19 72
1 74
6 94
14 7
5 71
11 80
19 55
18 23
8 80
14 95
13 95
18 14
6 99
13 78
14 58
9 9
10 18
7 52
4 42
6 27
11 96
10 75
10 44
3 11
9 42
18 91
16 68
4 25
5 76
6 61
9 64
7 64
1 34
15 48
7 42
11 15
7 33
2 96
19 24
19 66
6 21
4 48
7 78
11 84
2 7
14 7
18 16
8 48
6 67
1 52
9 67
14 23
7 98
1 97
10 59
7 82
12 19
4 50
11 56
19 43
18 51
7 76
1 28
16 43
8 70
6 10
3 8
6 35
5 50
13 76
11 68
10 57
7 42
11 33
9 55
16 86
1 2
20 76
2 93
16 28
18 39
1 45
9 50
15 67
15 58
6 19
5 28
12 18
19 38
12 13
16 22
11 25
2 100
1 99
4 37
3 78
1 41
14 32
19 1
1 67
15 97
18 57
17 75
18 92
7 96
8 54
3 62
15 44
19 22
11 54
20 40
13 71
9 53
1 29
20 24
9 15
14 80
19 37
8 32
15 5
9 79
18 72
5 66
1 23
6 20
1 59
14 37
14 50
10 22
3 75
17 12
2 91
11 62
20 25
16 83
19 48
15 56
10 64
15 87
8 38
8 85
20 55
10 25
7 87
3 41
16 22
10 8
9 39
12 76
6 100
5 69
10 13
2 7
8 40
9 33
20 37
1 54
10 63
12 55
19 58
6 73
14 42
11 17
12 71
11 90
16 22
9 86
17 56
14 79
9 97
19 35
17 28
1 30
9 17
3 36
3 35
1 91
11 87
20 66
13 63
5 15
6 3
14 21
3 65
18 1
8 12
1 17
20 88
3 98
9 71
1 36
2 54
17 39
14 25
4 8
20 56
2 36
12 35
10 87
5 28
16 36
9 44
10 93
12 23
17 10
16 55
20 42
4 87
18 36
11 40
13 50
3 92
6 12
11 26
15 20
14 30
6 25
17 32
11 100
5 43
17 97
20 91
5 39
13 70
19 11
11 32
9 93
4 77
9 8
10 68
14 79
18 25
13 48
6 70
20 33
12 50
4 27
5 6
12 62
18 4
18 95
13 81
17 61
19 49
2 99
10 34
18 80
13 62
5 60
19 61
5 77
4 86
10 45
13 16
16 8
6 23
9 65
2 52
13 65
14 14
10 30
5 10
5 64
8 94
5 89
13 29
18 43
5 53
18 3
18 84
15 96
17 93
1 68
12 91
16 14
11 75
13 24
6 37
5 99
2 99
15 4
10 77
11 29
12 89
6 56
15 56
15 71
4 44
10 61
13 59
4 67
6 99
19 10
18 100
15 4
19 63
17 81
13 91
15 60
4 93
8 73
13 91
5 32
18 78
11 39
1 69
19 77
1 56
16 24
7 1
19 60
4 28
4 3
7 42
3 51
5 1
9 58
3 69
9 72
7 53
18 76
14 11
10 55
18 13
3 73
8 26
13 2
16 44
20 95
3 11
11 38
11 13
13 26
1 46
18 7
4 67
5 13
6 63
17 34
8 2
1 78
17 74
8 27
15 53
5 20
9 100
15 55
11 93
3 61
3 99
18 40
12 47
9 36
5 48
11 6
8 87
18 26
18 92
6 50
10 33
6 87
13 22
14 83
4 5
9 28
10 50
19 4
11 20
2 37
13 73
14 86
13 32
6 86
12 82
9 48
11 27
13 72
20 45
18 37
7 81
17 63
5 4
6 50
6 44
12 51
8 60
4 79
15 1
13 94
11 55
6 53
17 11
4 30
1 46
13 83
15 81
12 5
12 17
3 59
16 10
7 83
9 48
6 48
18 54
2 97
1 75
1 88
13 89
20 54
16 55
12 45
8 1
2 39
12 94
6 30
5 42
6 81
5 89
8 14
15 88
11 83
4 18
1 2
9 37
20 79
6 17
11 8
10 33
11 88
4 85
14 92
9 96
2 100
15 19
18 88
9 25
14 77
7 80
4 30
20 59
14 14
14 93
13 76
14 6
18 53
4 60
20 93
9 60
3 68
3 22
3 71
20 26
20 51
7 37
20 69
11 59
4 6
16 57
16 12
11 74
5 2
9 69
13 40
20 54
1 22
9 34
9 91
13 16
5 44
14 81
2 70
4 73
8 48
13 35
2 73
9 63
14 50
18 46
11 30
3 63
16 6
18 3
6 27
15 49
16 73
6 84
2 78
5 6
20 67
4 34
8 34
5 95
18 13
11 6
6 86
8 73
19 35
5 94
11 87
14 83
18 61
15 70
15 24
6 88
16 36
5 10
10 100
2 92
1 56
9 45
12 53
17 1
11 70
19 21
16 4
7 4
16 73
12 80
15 70
18 88
14 67
13 34
15 63
12 40
2 11
7 43
7 34
14 96
4 74
10 13
4 30
9 34
20 13
17 32
16 25
17 71
13 11
11 28
9 38
8 93
19 53
5 63
4 90
5 40
2 88
4 83
1 12
16 56
2 60
18 64
11 31
11 35
16 29
7 95
10 33
13 70
10 31
19 83
7 36
20 15
5 24
17 57
1 19
13 90
12 98
12 94
16 52
9 78
4 20
13 19
3 81
3 55
4 68
6 30
16 49
11 31
8 37
19 13
9 11
2 84
9 89
10 56
7 39
17 95
1 25
2 68
20 2
14 96
5 61
13 45
3 29
20 2
13 19
4 41
1 39
10 90
8 98
12 68
7 5
2 13
11 91
1 27
13 43
15 9
4 46
5 86
3 95
1 39
2 39
16 51
8 75
18 88
14 36
19 64
2 50
1 94
17 75
11 58
6 73
5 42
19 70
4 94
10 96
1 18
20 9
13 98
4 20
8 58
3 80
17 55
10 65
8 97
12 41
10 78
14 88
13 75
12 50
1 57
14 3
5 15
10 76
5 54
19 30
7 80
18 57
9 73
16 66
18 46
20 56
16 15
6 34
10 20
12 45
5 16
4 9
8 37
18 97
11 74
14 16
12 98
1 61
8 97
8 62
8 33
17 64
17 18
2 26
20 89
3 56
10 21
7 33
10 58
18 72
12 96
1 83
13 92
18 28
4 57
9 49
9 46
7 18
3 45
14 58
3 90
1 22
3 9
17 52
3 17
15 36
3 71
12 58
4 3
14 72
4 28
1 14
13 41
6 42
16 42
18 55
16 36
14 60
12 1
20 98
12 19
13 1
20 35
18 94
17 73
9 74
17 70
6 70
8 6
17 3
16 99
5 96
14 97
17 89
18 28
17 94
4 66
20 56
3 5
5 99
14 75
7 28
1 60
9 85
15 93
17 6
17 94
16 54
5 83
7 74
20 73
12 57
12 63
20 93
9 11
15 40
13 86
8 34
11 52
2 85
1 54
14 67
17 82
3 88
14 32
20 51
10 70
1 22
14 42
20 79
17 38
9 37
18 40
3 64
4 87
9 21
3 10
20 5
15 3
14 19
16 18
8 95
12 98
8 54
1 40
5 23
3 14
3 76
15 79
9 33
18 21
1 35
19 39
7 80
4 44
13 54
3 7
6 91
19 89
12 4
10 87
4 72
4 20
20 58
6 70
18 61
8 27
15 56
19 27
6 66
19 11
19 30
12 73
4 98
18 19
18 17
3 17
10 83
15 50
6 46
7 16
10 45
14 87
7 75
7 88
11 100
16 23
18 67
6 15
8 49
6 16
6 60
15 60
6 20
13 18
3 93
20 19
13 53
9 39
17 5
17 68
4 36
20 48
20 16
5 69
7 47
14 92
8 90
10 78
7 86
8 46
20 42
7 46
10 28
12 1
13 13
19 45
14 98
9 38
18 14
17 67
13 9
18 71
8 91
4 33
20 57
2 12
17 95
19 29
2 55
15 39
11 64
4 33
20 82
17 25
11 24
19 41
14 55
14 29
9 2
14 87
6 86
2 38
13 40
13 100
9 89
3 36
6 5
17 75
12 63
8 94
1 99
2 55
1 44
3 54
4 52
12 67
1 1
17 2
14 94
15 55
3 99
11 23
11 49
13 47
8 49
9 71
2 82
11 73
11 81
20 54
5 28
20 97
17 65
6 55
6 97
16 90
20 20
3 14
6 92
16 89
5 65
8 73
16 42
13 23
8 73
18 50
8 75
4 69
9 87
1 69
14 44
9 69
16 1
19 4
7 25
15 76
15 3
9 29
13 71
16 1
20 5
15 44
9 28
7 39
3 47
15 100
18 56
12 17
14 62
4 73
10 97
9 82
6 30
9 49
17 84
16 99
11 32
13 58
8 48
6 63
1 100
2 48
10 45
20 28
15 62
9 13
2 75
14 79
10 55
15 27
14 53
6 10
1 87
8 58
4 83
19 29
20 74
17 97
13 9
17 27
11 38
19 68
12 24
10 1
6 61
19 5
18 44
13 92
1 41
14 30
18 8
1 57
16 6
13 51
1 11
20 71
2 97
17 62
16 95
14 89
15 5
14 9
7 74
1 3
12 7
5 72
10 52
17 67
12 40
12 22
4 65
12 50
15 24
3 71
14 65
13 75
17 14
19 46
15 26
3 29
10 5
8 66
12 38
5 12
10 27
1 10
19 12
17 54
16 6
17 16
14 1
3 28
16 97
10 71
7 66
14 96
15 94
4 11
3 11
16 6
20 56
4 64
6 15
16 70
15 8
16 3
3 60
1 82
12 30
3 58
2 86
14 22
10 43
8 19
9 42
14 66
15 94
10 78
12 63
4 17
17 69
15 53
3 58
10 34
4 64
3 58
14 71
16 93
1 59
12 86
4 56
16 9
15 46
6 98
10 67
1 49
2 34
6 3
12 66
6 17
1 28
17 43
13 61
15 96
18 59
9 88
9 4
1 13
15 28
4 50
17 32
20 49
9 55
10 71
19 81
14 61
20 53
6 97
12 87
19 79
6 30
17 21
20 63
1 60
5 23
1 12
3 49
3 1
8 91
2 27
15 22
17 28
6 48
5 88
3 5
8 94
1 5
14 25
12 29
13 93
11 27
12 42
9 3
17 89
17 79
2 18
10 34
19 13
2 60
10 32
2 61
7 89
15 20
4 92
7 93
12 91
14 10
9 14
14 34
3 93
17 22
11 43
14 53
13 76
3 46
9 62
8 25
19 12
15 86
10 62
19 36
10 64
18 45
5 87
12 9
15 93
16 5
12 20
20 34
6 8
8 34
15 92
7 89
17 75
14 55
12 60
13 25
3 55
19 51
7 96
13 48
4 37
6 84
13 44
8 61
18 71
18 95
15 51
13 6
12 58
8 89
18 20
1 25
4 36
20 49
11 99
6 1
15 1
6 86
2 95
18 43
5 88
1 37
13 88
19 15
16 37
5 17
5 31
19 51
4 83
15 6
13 31
7 33
2 97
9 15
12 33
6 8
16 47
17 82
14 93
9 86
9 92
1 50
8 30
10 16
4 32
10 92
14 44
4 11
3 2
4 84
2 2
19 11
18 36
17 51
9 80
10 72
12 64
20 66
15 99
20 84
11 91
18 51
13 42
4 49
6 90
4 77
5 30
6 97
4 79
19 47
14 7
16 87
16 59
17 89
19 76
3 78
9 28
19 72
11 73
5 91
17 2
12 85
4 57
3 69
5 93
9 40
18 48
13 71
9 55
5 80
15 76
4 83
2 80
12 47
19 70
5 2
10 79
19 41
11 75
18 20
1 64
20 78
16 62
14 15
8 54
16 43
19 62
10 66
11 81
11 43
13 15
1 74
13 91
16 52
6 56
3 66
16 9
12 82
8 52
19 40
16 62
2 21
4 84
19 24
3 32
18 69
13 5
12 86
8 44
8 99
14 57
1 82
3 81
9 48
15 76
12 22
17 17
6 99
20 37
5 12
6 66
10 40
20 20
12 11
13 9
7 38
2 80
18 33
17 58
18 43
16 37
20 28
20 21
2 68
18 33
14 71
5 81
15 77
9 89
3 76
16 86
17 60
10 46
16 74
2 58
8 11
15 55
1 14
12 77
12 93
11 68
8 36
19 75
1 80
4 54
11 2
15 42
2 37
11 92
20 17
15 59
15 70
4 30
13 62
17 85
1 81
5 50
15 32
20 10
3 16
18 77
10 64
20 15
5 47
20 33
9 36
3 43
19 9
8 50
9 77
19 77
17 13
3 39
13 75
17 16
2 29
2 65
5 63
2 100
11 3
5 36
13 53
10 17
16 27
6 11
12 89
11 53
16 8
2 43
4 4
1 52
15 9
4 9
3 91
10 97
5 68
19 87
10 56
9 28
5 62
11 97
8 18
12 45
1 96
12 86
10 48
20 13
12 9
9 51
18 63
14 70
20 67
5 13
18 86
18 18
16 94
1 73
15 8
15 13
1 42
7 73
5 62
3 57
9 100
20 46
20 84
13 15
15 79
19 29
18 43
16 62
7 8
18 85
14 58
7 89
17 92
11 58
2 23
16 75
8 19
1 30
10 17
4 61
13 46
10 33
13 82
16 100
7 68
2 95
13 60
20 65
18 62
14 14
16 34
2 91
19 17
16 91
12 83
5 66
1 56
12 68
6 51
4 72
8 73
19 13
20 31
14 37
19 44
6 58
13 20
10 93
19 12
18 65
6 93
7 91
4 71
12 94
4 56
19 50
17 64
19 36
19 11
6 62
19 64
3 92
15 65
6 37
12 100
10 36
3 48
10 28
2 56
15 55
17 91
10 38
8 24
14 37
5 63
3 66
9 33
19 34
19 8
9 44
6 86
13 72
8 7
19 70
7 57
11 44
11 40
3 72
19 78
14 43
4 40
17 39
2 93
8 51
13 14
3 64
13 46
10 21
6 87
9 3
18 54
19 31
14 48
4 89
11 22
9 25
2 89
13 3
10 64
10 22
9 38
1 82
12 63
17 83
19 60
4 85
5 39
19 9
16 14
5 55
8 59
19 9
11 43
6 48
5 76
11 81
15 93
2 18
16 30
10 70
15 25
17 3
2 75
16 50
16 31
5 3
17 33
6 98
13 97
4 92
3 26
9 39
14 14
19 53
9 43
14 47
8 71
11 44
10 98
17 7
9 79
20 34
16 1
16 80
11 1
12 57
3 25
15 60
7 30
18 1
19 76
12 24
4 73
6 26
5 57
2 50
20 29
10 10
11 19
4 91
4 60
13 26
2 86
2 20
10 88
1 44
2 76
12 63
5 36
15 68
18 68
4 65
5 14
4 97
19 86
15 83
17 40
15 19
12 36
1 47
11 33
20 29
9 97
11 6
9 87
8 54
19 26
18 86
16 17
16 22
12 47
19 24
2 97
10 16
9 1
4 49
6 29
17 67
14 32
16 47
4 43
16 32
14 32
4 31
20 51
5 48
2 13
7 30
3 42
3 1
17 53
19 50
14 99
14 68
19 84
7 25
16 44
8 50
4 57
11 31
15 84
8 1
12 9
16 33
19 80
17 54
19 37
19 59
20 24
10 11
17 93
9 63
4 89
6 56
9 86
6 1
3 39
7 8
20 95
16 82
8 70
1 55
20 73
3 30
20 71
18 36
16 13
16 35
7 35
17 62
1 6
1 71
13 68
9 93
4 42
6 71
12 97
10 84
9 52
11 100
6 5
5 19
15 98
7 28
18 93
18 80
7 82
9 88
20 76
19 80
13 95
10 49
16 37
8 17
19 7
8 94
2 77
19 32
3 12
7 78
9 36
11 54
12 50
13 80
10 95
20 93
10 37
13 9
4 53
19 66
17 45
17 10
4 28
4 47
13 60
6 5
12 55
18 29
17 53
17 91
5 44
16 20
13 93
6 93
11 70
8 40
10 15
10 2
15 94
5 4
19 89
15 45
10 71
19 43
20 44
17 45
7 36
19 81
12 30
5 31
11 35
6 45
13 73
8 36
12 62
9 39
9 85
3 46
12 92
12 5
5 14
10 54
18 74
2 96
17 21
19 94
10 85
9 91
3 46
18 30
19 49
5 20
9 5
12 8
19 17
7 24
14 96
3 38
3 83
16 17
2 13
11 41
5 47
6 80
20 70
12 15
4 90
7 51
1 19
9 48
17 70
4 2
9 97
16 42
13 47
14 97
15 59
5 10
12 42
8 54
20 90
7 38
18 17
1 65
19 3
3 60
14 32
17 45
15 98
6 16
14 41
6 50
10 23
9 92
15 45
11 15
11 58
2 29
15 84
19 60
1 37
4 25
12 7
20 24
12 86
20 33
8 29
10 94
18 4
12 55
13 89
12 33
20 29
5 67
5 65
8 2
12 76
7 72
5 90
5 39
8 90
19 14
12 1
2 7
2 15
10 87
11 66
10 11
16 72
12 80
9 28
16 89
3 84
16 11
18 70
6 25
11 46
9 25
10 34
4 39
11 71
5 88
2 55
17 81
11 59
8 44
3 98
7 83
16 66
8 4
20 87
17 84
8 97
4 88
6 35
18 68
5 29
11 78
3 97
1 43
1 69
16 19
6 59
5 47
17 66
10 89
20 8
17 47
5 60
20 65
15 30
15 4
20 88
3 89
13 19
19 97
18 22
17 77
4 14
19 8
15 67
18 60
17 93
3 14
4 26
15 10
15 35
8 94
3 53
1 69
3 10
14 39
17 15
14 79
7 28
9 92
10 98
12 56
5 23
1 13
10 60
15 18
8 27
16 78
7 71
18 51
4 45
19 1
16 48
15 95
20 20
1 58
18 22
13 33
14 70
2 8
10 2
19 69
15 38
7 64
1 28
9 13
5 93
1 43
9 32
12 78
19 71
5 98
10 16
5 26
6 65
19 28
10 63
12 27
20 59
6 28
18 17
3 52
6 46
8 93
17 16
18 37
8 80
8 36
8 91
2 61
10 93
10 99
12 31
13 36
10 2
15 42
5 40
6 13
15 51
16 47
15 23
12 18
18 40
7 92
18 36
6 69
13 33
10 14
17 67
10 24
11 41
17 10
9 73
8 54
4 16
18 62
1 86
18 95
7 3
20 22
1 83
12 2
13 86
15 66
9 39
15 67
5 1
1 72
1 63
9 53
8 70
13 96
9 9
5 82
9 40
10 46
1 63
9 97
16 80
18 45
16 22
17 89
5 5
1 28
2 35
3 69
12 69
1 7
20 39
20 81
1 83
14 84
13 56
19 100
3 94
6 40
5 33
3 98
3 59
12 82
12 53
8 5
16 57
7 17
6 92
15 39
14 22
18 53
3 80
12 76
10 36
19 76
14 95
18 18
2 31
18 3
3 52
3 55
12 68
18 80
11 33
10 20
2 98
5 71
1 24
12 73
17 72
2 72
9 37
20 54
8 46
8 21
15 12
1 90
8 97
10 18
7 94
18 71
15 86
7 87
8 87
6 88
12 87
10 47
19 67
11 92
15 52
9 37
3 86
17 94
20 94
12 85
17 50
14 54
15 44
13 18
8 43
2 31
6 64
19 55
12 60
19 69
4 20
17 16
9 34
19 7
15 63
3 96
14 18
19 80
4 88
2 42
1 4
20 32
16 100
14 47
19 4
6 74
15 83
17 53
11 87
7 45
10 74
11 71
14 18
4 9
2 27
14 73
10 91
9 65
14 94
17 7
6 25
10 70
8 56
8 79
18 54
6 44
5 76
20 26
1 48
13 49
15 29
18 90
12 32
15 24
8 60
7 83
15 56
19 76
3 20
10 88
9 83
3 20
4 88
3 9
7 47
10 61
13 13
9 37
15 94
9 47
14 38
1 91
15 40
11 58
11 42
20 39
10 97
19 5
10 7
15 68
19 25
12 15
14 60
19 89
15 22
12 28
15 30
17 11
14 22
16 63
1 47
13 27
3 56
20 79
17 32
17 83
3 67
18 68
16 9
20 24
8 95
14 70
1 89
14 55
4 29
13 22
9 19
1 42
13 65
9 75
15 45
8 66
13 100
13 92
8 85
9 49
6 74
18 61
6 29
5 35
16 19
19 81
11 29
4 43
4 68
7 3
5 54
4 61
14 57
15 76
9 43
17 4
12 54
5 5
7 22
8 63
12 32
1 35
2 10
11 18
12 16
20 25
7 24
13 12
1 77
10 18
1 24
5 61
15 8
10 54
11 60
1 48
10 46
19 28
4 13
5 55
1 2
7 83
16 15
4 96
16 9
18 40
10 60
8 24
7 48
17 44
16 62
8 64
3 42
5 84
11 87
15 11
6 89
8 39
10 70
12 19
9 8
17 41
9 10
2 65
16 25
10 91
20 36
7 52
2 82
16 15
12 31
8 36
4 86
8 31
11 62
13 23
13 71
5 4
18 54
19 53
6 67
10 27
20 83
4 53
13 66
3 10
3 74
16 51
11 72
13 21
16 18
16 46
20 66
9 95
5 98
4 22
4 76
16 100
16 59
3 6
14 98
3 7
8 32
15 4
11 36
6 44
1 23
20 94
2 4
10 61
6 35
8 5
15 57
9 11
16 11
10 14
3 61
14 63
18 12
10 16
4 6
4 92
1 89
13 69
15 2
11 66
20 56
15 71
7 29
11 2
20 80
19 15
6 7
10 51
18 78
4 65
5 49
17 65
18 47
20 77
18 19
16 53
8 99
14 14
8 78
16 2
15 57
2 44
11 1
15 53
17 56
17 69
11 10
12 19
2 89
20 17
8 88
6 20
2 68
20 36
6 68
20 24
2 31
5 68
12 43
15 75
12 55
10 38
11 4
10 22
6 28
9 57
5 80
3 74
18 88
1 31
16 4
5 27
1 9
18 21
11 44
4 99
14 14
6 22
10 24
2 90
14 4
11 65
9 8
10 76
4 7
18 61
8 30
1 18
12 96
4 38
6 89
6 27
6 59
9 96
11 65
20 91
6 12
3 37
8 96
16 32
15 64
10 21
8 97
16 23
7 80
16 15
7 33
11 73
15 74
4 71
9 36
8 41
18 73
20 73
13 3
19 67
4 56
17 71
9 98
16 81
5 44
12 48
11 9
5 71
14 36
17 57
3 49
11 36
1 31
3 1
14 98
14 85
16 2
16 34
14 32
15 15
8 92
15 69
13 88
15 32
3 44
11 61
2 55
4 25
12 84
11 85
1 56
13 11
12 83
17 4
9 40
4 63
18 90
6 71
11 19
18 52
14 88
3 59
18 82
3 2
11 95
12 85
7 62
1 11
11 66
7 4
8 69
12 44
16 55
11 16
7 54
1 11
11 81
15 55
19 100
1 45
18 42
10 30
7 39
13 75
4 44
11 22
5 40
6 62
13 34
1 29
2 20
4 69
13 62
10 57
4 14
1 48
13 34
10 42
11 52
5 1
6 65
11 47
18 17
10 33
15 61
4 71
8 54
12 34
5 24
13 65
15 43
7 53
3 34
19 14
13 4
6 43
2 72
6 65
19 35
20 93
12 28
9 96
13 95
7 66
19 22
6 20
14 8
12 86
13 95
17 39
10 44
7 31
20 93
4 29
6 70
13 91
17 84
11 29
17 60
19 5
7 30
7 88
18 8
15 53
11 96
13 35
2 56
4 83
4 54
14 23
13 8
8 57
6 5
2 59
15 40
4 76
5 16
16 70
11 13
12 77
9 74
10 60
13 35
10 62
9 28
15 100
2 39
14 72
19 18
3 41
4 100
9 13
4 5
3 35
5 99
8 98
7 52
16 1
15 82
16 80
5 58
12 6
11 27
1 32
4 48
9 26
4 75
18 41
2 45
7 45
11 24
17 68
20 83
16 9
11 4
10 1
6 98
11 26
17 81
3 18
12 38
12 36
3 78
15 97
17 7
13 34
10 41
10 23
6 7
5 38
6 50
20 1
17 36
2 5
7 44
8 88
20 25
1 86
1 97
17 63
2 88
2 96
6 21
4 83
19 19
19 71
12 11
19 8
10 13
9 58
19 73
6 20
20 100
10 96
5 55
19 77
4 7
11 97
15 69
5 48
12 12
18 92
5 48
10 62
20 93
2 28
3 28
19 5
12 84
10 46
4 21
17 53
5 9
4 63
5 36
20 2
9 29
11 81
9 69
10 91
17 99
15 29
4 76
2 50
16 17
14 84
18 70
3 25
15 29
19 56
11 8
17 77
9 7
17 54
19 81
9 99
7 80
7 68
14 94
16 81
3 30
12 26
11 83
14 8
15 92
10 67
19 49
9 21
9 41
1 91
1 72
1 10
11 3
19 21
9 65
8 1
15 12
15 16
7 48
2 30
17 82
4 88
11 96
3 63
14 80
2 36
17 100
14 97
5 65
10 64
20 46
6 66
2 42
3 34
1 96
1 7
1 2
6 43
12 25
12 49
6 68
16 1
16 66
11 10
1 49
8 69
5 68
15 12
9 93
5 56
3 63
1 31
3 53
7 88
18 55
2 40
9 36
7 31
13 77
8 87
6 68
5 8
18 68
14 91
3 56
8 27
3 26
17 14
18 86
11 79
12 11
11 81
1 72
12 100
6 47
5 46
14 18
18 53
4 26
15 39
2 52
9 85
6 5
10 48
7 82
2 36
20 24
11 31
12 94
18 49
9 96
14 89
11 58
10 76
7 61
14 40
4 88
14 76
8 91
18 9
6 8
13 79
20 35
16 29
12 35
13 87
11 57
20 30
10 68
18 9
14 34
20 58
6 65
9 34
16 17
4 53
11 93
3 29
5 91
12 69
15 94
18 84
20 98
11 3
18 54
8 24
15 44
12 9
8 7
18 37
11 22
9 88
6 53
9 100
11 14
10 54
18 53
4 14
20 94
5 87
13 77
2 54
20 100
14 57
18 25
7 51
18 87
7 3
6 27
5 9
17 97
11 8
4 88
11 80
3 66
8 14
1 92
16 29
18 17
15 83
16 60
10 82
15 36
13 100
1 15
5 41
1 10
14 34
15 68
12 17
16 37
15 60
16 41
12 19
9 84
10 45
9 39
18 33
10 60
11 100
9 38
1 42
5 29
11 18
13 17
14 95
16 72
15 21
8 24
16 82
9 32
3 25
18 83
20 3
5 63
10 72
11 12
7 26
2 37
19 63
19 82
1 81
15 78
19 41
1 2
4 20
13 30
11 45
3 68
3 94
15 91
9 34
7 37
13 72
8 59
16 86
17 99
17 75
9 68
3 44
17 87
14 92
2 90
9 51
4 93
11 5
11 89
4 20
8 7
10 23
11 26
16 53
11 70
3 9
10 98
11 38
11 54
4 25
12 31
17 66
13 50
9 100
14 20
8 45
3 9
15 93
18 11
11 13
12 9
18 79
17 27
8 47
14 32
6 81
15 78
12 61
9 56
11 43
12 45
12 73
5 17
3 57
11 26
8 98
14 96
19 17
20 23
13 12
11 76
18 51
19 62
5 94
1 15
4 98
16 7
16 51
4 95
14 87
8 90
19 20
11 32
9 51
9 99
2 19
14 95
6 27
12 60
8 36
18 22
5 58
8 48
16 9
20 5
1 27
6 63
4 44
8 40
12 9
5 35
8 5
10 60
9 97
13 51
14 7
5 34
4 85
6 24
1 26
19 88
18 49
8 51
12 44
1 5
16 52
19 23
6 23
1 28
8 85
3 56
5 43
17 26
8 72
7 97
18 62
11 18
16 57
12 55
18 50
9 99
10 70
13 93
4 75
5 19
9 79
2 7
8 60
17 35
9 44
15 64
12 25
18 91
16 23
20 98
18 36
