1000
1 2
2 3
3 4
1 5
1 6
6 7
7 8
8 9
1 10
1 11
11 12
1 13
13 14
14 15
15 16
1 17
1 18
1 19
19 20
1 21
1 22
22 23
1 24
1 25
25 26
26 27
1 28
1 29
1 30
30 31
31 32
32 33
1 34
34 35
35 36
36 37
1 38
38 39
1 40
1 41
41 42
1 43
43 44
44 45
1 46
46 47
47 48
48 49
49 50
1 51
51 52
52 53
53 54
1 55
55 56
1 57
1 58
1 59
1 60
1 61
61 62
62 63
63 64
64 65
65 66
1 67
1 68
68 69
69 70
1 71
1 72
72 73
73 74
1 75
75 76
1 77
77 78
1 79
79 80
1 81
1 82
1 83
83 84
1 85
85 86
86 87
1 88
1 89
89 90
1 91
1 92
92 93
1 94
1 95
1 96
96 97
97 98
1 99
1 100
1 101
1 102
1 103
103 104
104 105
1 106
106 107
107 108
1 109
1 110
110 111
1 112
112 113
113 114
1 115
1 116
116 117
117 118
1 119
1 120
120 121
1 122
1 123
123 124
1 125
1 126
126 127
127 128
128 129
1 130
130 131
1 132
1 133
133 134
134 135
1 136
1 137
1 138
138 139
1 140
140 141
141 142
1 143
1 144
144 145
145 146
1 147
147 148
148 149
149 150
150 151
151 152
1 153
1 154
154 155
1 156
1 157
157 158
1 159
159 160
1 161
161 162
162 163
1 164
1 165
1 166
166 167
1 168
168 169
169 170
170 171
1 172
172 173
1 174
174 175
1 176
1 177
1 178
1 179
179 180
180 181
181 182
182 183
1 184
184 185
185 186
186 187
1 188
188 189
1 190
1 191
1 192
192 193
1 194
194 195
195 196
196 197
197 198
1 199
1 200
1 201
1 202
202 203
203 204
204 205
205 206
206 207
207 208
208 209
209 210
210 211
211 212
212 213
213 214
214 215
215 216
216 217
1 218
1 219
1 220
220 221
221 222
222 223
223 224
1 225
1 226
226 227
227 228
1 229
1 230
230 231
231 232
1 233
233 234
234 235
1 236
1 237
237 238
1 239
1 240
240 241
1 242
1 243
1 244
1 245
245 246
246 247
1 248
248 249
249 250
1 251
1 252
252 253
253 254
254 255
1 256
1 257
1 258
258 259
1 260
1 261
261 262
1 263
263 264
1 265
1 266
1 267
1 268
1 269
1 270
1 271
1 272
1 273
1 274
274 275
1 276
276 277
277 278
278 279
1 280
280 281
281 282
1 283
283 284
1 285
1 286
286 287
1 288
1 289
1 290
1 291
291 292
292 293
293 294
294 295
295 296
1 297
297 298
1 299
299 300
1 301
1 302
1 303
303 304
304 305
305 306
1 307
1 308
1 309
1 310
310 311
1 312
312 313
1 314
1 315
1 316
1 317
1 318
318 319
319 320
1 321
1 322
322 323
323 324
324 325
1 326
1 327
1 328
328 329
1 330
1 331
331 332
332 333
333 334
1 335
1 336
336 337
1 338
1 339
1 340
1 341
1 342
342 343
1 344
1 345
345 346
1 347
1 348
1 349
349 350
350 351
351 352
352 353
353 354
1 355
1 356
356 357
357 358
1 359
359 360
1 361
1 362
1 363
363 364
364 365
365 366
1 367
367 368
1 369
369 370
370 371
1 372
372 373
1 374
1 375
1 376
376 377
1 378
378 379
1 380
380 381
381 382
382 383
1 384
1 385
1 386
386 387
1 388
1 389
389 390
390 391
391 392
392 393
1 394
1 395
395 396
396 397
397 398
398 399
399 400
400 401
401 402
402 403
403 404
1 405
405 406
406 407
407 408
408 409
1 410
1 411
411 412
412 413
413 414
1 415
415 416
416 417
417 418
418 419
1 420
1 421
1 422
422 423
423 424
424 425
1 426
426 427
1 428
1 429
1 430
1 431
1 432
432 433
1 434
434 435
1 436
1 437
437 438
1 439
439 440
1 441
441 442
442 443
1 444
444 445
445 446
446 447
1 448
448 449
449 450
1 451
1 452
1 453
1 454
1 455
1 456
1 457
457 458
458 459
459 460
1 461
1 462
462 463
463 464
1 465
465 466
466 467
1 468
468 469
1 470
470 471
471 472
1 473
1 474
1 475
475 476
476 477
1 478
1 479
479 480
480 481
1 482
1 483
483 484
484 485
485 486
1 487
487 488
488 489
489 490
1 491
491 492
1 493
1 494
1 495
495 496
496 497
1 498
498 499
1 500
1 501
501 502
502 503
1 504
504 505
505 506
1 507
507 508
1 509
1 510
510 511
511 512
512 513
1 514
514 515
1 516
516 517
517 518
1 519
519 520
520 521
1 522
1 523
523 524
1 525
1 526
526 527
527 528
1 529
529 530
1 531
1 532
1 533
533 534
1 535
535 536
536 537
1 538
538 539
539 540
540 541
1 542
1 543
1 544
544 545
545 546
1 547
1 548
548 549
549 550
550 551
1 552
1 553
1 554
1 555
555 556
556 557
1 558
558 559
1 560
1 561
1 562
1 563
563 564
564 565
1 566
1 567
567 568
1 569
569 570
570 571
1 572
1 573
1 574
1 575
575 576
1 577
577 578
1 579
1 580
1 581
1 582
1 583
583 584
584 585
585 586
586 587
1 588
1 589
1 590
1 591
1 592
1 593
593 594
1 595
1 596
1 597
597 598
1 599
599 600
1 601
1 602
602 603
603 604
1 605
1 606
1 607
607 608
608 609
1 610
610 611
611 612
1 613
1 614
614 615
615 616
616 617
617 618
618 619
1 620
620 621
1 622
1 623
1 624
1 625
1 626
1 627
1 628
628 629
1 630
1 631
1 632
632 633
1 634
634 635
635 636
1 637
637 638
1 639
639 640
640 641
1 642
642 643
1 644
644 645
1 646
1 647
647 648
1 649
1 650
1 651
1 652
652 653
1 654
1 655
655 656
1 657
657 658
1 659
1 660
660 661
661 662
1 663
1 664
664 665
1 666
666 667
667 668
1 669
669 670
1 671
1 672
1 673
1 674
1 675
675 676
1 677
1 678
1 679
1 680
1 681
681 682
682 683
1 684
1 685
685 686
1 687
1 688
688 689
689 690
690 691
691 692
692 693
1 694
694 695
1 696
696 697
1 698
1 699
1 700
1 701
701 702
1 703
1 704
1 705
1 706
706 707
707 708
1 709
1 710
710 711
711 712
712 713
1 714
1 715
715 716
716 717
717 718
718 719
1 720
720 721
1 722
722 723
1 724
724 725
725 726
1 727
1 728
1 729
729 730
1 731
731 732
1 733
733 734
734 735
1 736
736 737
1 738
738 739
739 740
1 741
1 742
742 743
743 744
744 745
745 746
746 747
1 748
748 749
749 750
750 751
1 752
1 753
1 754
1 755
1 756
1 757
1 758
758 759
1 760
760 761
761 762
1 763
1 764
1 765
1 766
766 767
767 768
768 769
1 770
770 771
1 772
772 773
1 774
774 775
775 776
1 777
1 778
778 779
1 780
780 781
1 782
1 783
783 784
1 785
785 786
786 787
1 788
1 789
789 790
1 791
791 792
1 793
1 794
1 795
1 796
1 797
1 798
1 799
1 800
1 801
1 802
1 803
803 804
804 805
805 806
806 807
1 808
1 809
809 810
1 811
1 812
812 813
1 814
814 815
1 816
1 817
817 818
818 819
1 820
1 821
1 822
822 823
1 824
824 825
1 826
1 827
1 828
1 829
829 830
830 831
831 832
1 833
1 834
834 835
835 836
1 837
837 838
1 839
1 840
840 841
1 842
1 843
1 844
844 845
845 846
1 847
1 848
1 849
1 850
850 851
851 852
852 853
1 854
1 855
855 856
856 857
857 858
858 859
859 860
1 861
861 862
862 863
1 864
864 865
1 866
866 867
867 868
868 869
869 870
1 871
1 872
872 873
873 874
1 875
875 876
876 877
877 878
1 879
879 880
880 881
1 882
882 883
1 884
1 885
885 886
1 887
1 888
888 889
1 890
890 891
1 892
1 893
1 894
1 895
895 896
896 897
1 898
898 899
1 900
900 901
1 902
902 903
903 904
1 905
905 906
906 907
1 908
908 909
1 910
910 911
1 912
1 913
1 914
914 915
1 916
916 917
1 918
1 919
1 920
1 921
921 922
1 923
923 924
1 925
925 926
1 927
1 928
928 929
1 930
1 931
1 932
1 933
1 934
1 935
1 936
1 937
937 938
938 939
1 940
940 941
941 942
942 943
1 944
1 945
1 946
946 947
1 948
1 949
1 950
1 951
951 952
1 953
953 954
954 955
1 956
1 957
957 958
1 959
1 960
1 961
961 962
1 963
1 964
964 965
965 966
966 967
1 968
968 969
969 970
1 971
1 972
1 973
1 974
974 975
1 976
976 977
977 978
978 979
979 980
980 981
1 982
1 983
1 984
984 985
985 986
1 987
1 988
1 989
1 990
1 991
991 992
992 993
993 994
994 995
1 996
996 997
997 998
1 999
999 1000
4876203697187506176 2000 0
758174 631979 607 3
831873 663823 376 5
607812 623738 665 5
893429 558599 169 4
659156 640811 593 1
189311 667461 919 1
285913 536931 553 5
242871 574289 341 1
692360 580622 928 2
879829 608135 265 1
186582 615953 766 3
965269 596591 194 1
449266 677646 616 2
294246 594662 761 3
844592 513153 299 3
150496 611501 657 2
353299 687249 413 4
87128 674010 23 4
913256 604768 81 1
302520 553584 313 4
213227 635214 605 1
497101 513391 986 1
650401 549922 281 5
79057 502174 373 1
915078 667691 896 1
418821 582333 985 3
266766 542189 665 3
924905 696689 681 3
464147 575233 641 4
302434 525630 961 4
856294 581320 225 4
873235 607361 568 3
478888 575507 329 3
705725 519196 721 4
425923 537621 489 2
167423 567493 476 1
235348 550475 543 3
910211 525752 807 4
824146 586089 797 4
382240 575333 191 2
672316 681075 164 1
355705 537083 677 1
364774 695831 935 4
497094 699688 645 5
575298 573268 717 4
897869 534395 631 1
461180 632777 765 1
520127 649225 376 1
835104 687128 921 4
374626 608718 692 1
960428 553783 818 3
620311 656903 513 4
544946 644526 659 5
889504 511741 243 1
831829 583016 207 3
562337 600845 537 4
993768 505089 949 5
864725 574517 816 3
978271 526353 829 2
153760 607148 141 2
673028 513528 708 3
795594 597349 746 5
334722 611285 633 2
478914 533870 778 1
317445 565634 826 4
189712 605428 906 1
703608 514904 517 1
64472 668078 844 2
213715 591956 696 3
341732 631780 367 2
714904 538928 591 1
963295 641245 181 1
538751 530597 736 4
557414 698207 729 1
925343 682286 580 3
203381 592961 583 5
239356 530464 641 3
771655 618788 361 4
571109 510348 989 5
459894 649907 51 5
753678 592375 641 1
389118 694274 249 4
78654 593807 443 4
58791 638534 193 2
175528 566495 950 3
923742 608951 465 3
762855 584606 693 1
812696 655049 526 2
93772 612179 103 1
247790 535928 919 4
7084 598452 601 1
727104 681640 451 4
831792 589108 710 1
621625 621214 270 3
927776 583635 45 5
591503 622538 241 5
336913 645627 861 1
975839 655985 876 5
529635 591626 256 1
231142 621073 965 4
319993 670790 305 2
654532 534305 502 3
842474 591223 207 2
493156 581861 195 5
300721 664133 316 4
488917 624872 334 4
55984 551342 521 1
719188 625458 533 4
455255 541614 27 1
966169 567588 77 4
167492 530342 969 3
127148 688247 422 4
596182 589052 908 1
606264 666508 889 3
995589 530469 836 4
923943 554851 881 1
218331 662183 3 1
395130 584104 480 1
457856 559235 1 3
212451 546451 388 1
568659 675038 669 3
573260 613132 26 1
917996 694127 753 5
390922 604313 655 5
573444 532132 521 2
570696 682358 743 4
398433 637936 241 5
113670 641630 541 1
943669 525386 906 4
325824 566449 141 2
879697 653135 549 3
842135 550337 131 1
862799 572489 321 1
412256 662051 569 1
414855 668977 968 1
134426 646413 89 5
913182 673793 101 1
617558 697060 649 5
64253 529039 25 5
908130 680665 985 2
172664 662804 171 3
218437 544322 620 3
635355 511441 348 2
833434 647957 583 3
272634 689243 121 2
649399 605340 575 3
780889 565319 681 1
940454 686468 585 5
469234 595923 57 4
48001 573888 301 3
245943 585712 110 5
702624 564265 831 4
485952 621100 951 1
847076 621902 401 1
257682 514288 521 5
622506 683282 353 1
249231 626660 661 4
794610 552941 672 2
560160 574011 889 2
914364 521743 101 1
674010 561350 241 5
771208 673437 886 1
332780 512246 822 4
947121 554680 69 3
387882 513905 225 5
191045 608546 537 4
887441 579696 849 4
433923 580339 265 1
306354 689792 1 4
260210 592074 241 1
353810 506968 756 2
144848 631306 51 4
380306 585589 265 5
103171 617940 164 1
497536 562816 751 2
161790 654893 717 5
15154 506456 776 4
348765 566004 353 1
48422 503300 201 3
564695 522857 119 2
109877 677384 505 3
595247 603244 745 1
895658 685856 335 1
790422 661292 33 1
558148 610589 661 1
741498 597615 889 2
284084 689861 257 3
521605 519798 409 1
605474 656954 61 1
412697 567922 684 3
31184 666683 721 5
144812 572582 306 1
885403 686234 749 4
867161 659731 787 2
585046 504155 161 3
808072 679316 483 2
473009 652625 84 4
803476 530408 305 2
871389 547787 717 4
444235 601436 783 5
647456 599068 713 1
229812 502577 451 3
685576 633205 655 5
947276 641165 443 1
345187 698825 646 2
482703 593641 611 2
59668 620466 445 5
764694 674507 241 3
166435 596637 901 5
649981 542429 957 4
991436 654101 305 1
272822 507474 815 5
179071 506087 987 1
102671 675851 159 3
896995 586929 691 1
303199 666632 235 2
78408 697307 678 2
88240 576494 911 5
620584 661250 321 1
609856 624208 559 3
71829 513886 430 2
701921 608254 601 3
24218 616227 478 3
507847 515488 997 2
399828 599756 516 1
64781 529224 45 4
508109 678707 839 5
562853 697460 501 2
774065 692452 563 1
676281 633698 629 2
436626 629115 211 1
132881 590003 926 1
723076 640969 13 3
17229 598394 941 1
17268 562397 807 2
662085 578400 457 4
760725 618500 272 1
992838 663906 758 5
846596 593396 682 3
747740 567886 22 1
880235 651609 73 5
195555 500479 801 3
503112 554231 559 1
520413 691817 91 1
894800 580673 154 5
672835 595275 753 1
351339 593850 31 1
985473 683553 1 1
832601 615297 946 1
518161 592422 665 2
303387 539778 457 1
677008 535761 874 4
941706 657554 89 4
922831 550997 809 2
146208 678773 258 1
788831 614223 380 1
60351 580656 329 4
252071 657928 426 3
546938 695897 21 3
662721 558866 675 1
703148 625728 381 5
442230 619612 914 3
63355 602551 995 1
142796 529298 633 2
263816 606224 729 2
155244 592079 907 1
223159 618288 708 1
412041 531191 776 5
777807 633008 985 3
105340 594686 2 1
992333 624206 422 5
551690 670685 688 4
277441 621084 918 2
344287 665263 665 1
478627 681721 366 2
879729 539321 851 1
641900 610721 297 4
668456 581900 52 1
381191 656041 7 3
351567 563219 184 3
813834 546437 766 3
780259 560726 764 2
981566 524153 505 4
423078 647771 961 1
849688 573503 736 2
507175 585145 589 5
272265 648819 37 3
771438 509402 399 3
566179 552158 376 3
906126 508589 531 5
692339 538823 751 3
475900 650171 566 5
258447 654743 417 1
771165 640892 821 1
489952 535139 644 1
745034 600622 605 4
294668 663448 501 5
160953 546559 173 2
708777 589199 361 3
219814 595503 193 3
999031 583355 737 1
86329 623043 985 4
964203 602484 977 4
644234 670696 409 1
610953 659766 13 2
453363 635416 761 3
888861 526308 449 4
302729 566187 206 4
778050 650915 421 2
486828 510626 921 2
426994 669861 266 5
181185 560309 723 3
733964 678349 786 5
83212 571805 663 1
193769 611675 929 2
885840 588482 682 3
355218 693324 815 1
211431 584396 633 1
871454 589890 360 1
740791 631942 473 1
422115 544319 121 4
259440 629140 409 1
479270 594617 236 3
674018 543269 946 1
175123 630952 789 2
597192 688391 791 2
26430 548195 985 1
193060 551147 447 1
732039 515728 737 1
485568 638832 178 2
320213 697028 601 5
788432 699677 804 5
186739 669091 273 3
311761 628279 193 3
509283 691340 801 4
546378 699773 801 2
25207 519910 366 1
567296 691937 623 2
430558 581736 875 5
240311 525839 162 4
204986 585103 407 1
633309 531059 797 1
49300 551222 801 4
749071 697386 585 5
96070 501197 46 5
256448 619040 581 5
885868 650058 469 5
267179 640941 621 1
331277 570422 881 5
383862 595946 761 4
632464 635672 460 2
318135 535694 869 2
296382 561314 756 4
210961 649340 991 1
484493 590103 377 5
775847 581910 910 1
631133 645509 376 1
635242 674965 97 3
198814 661642 145 1
856061 603458 469 3
806214 689107 977 2
336271 568599 451 2
980471 630290 623 1
877843 636604 915 1
646360 571560 116 1
746280 538877 453 2
584837 510947 155 5
53840 500278 13 1
597269 517316 785 3
488652 601838 1 4
339597 679324 989 3
568277 643989 831 2
114242 576209 829 2
30730 570778 567 5
821642 535949 681 3
447832 609860 391 1
390215 596833 783 1
344248 590495 385 5
832195 681101 65 2
830916 633083 871 1
642248 632879 277 1
415815 640805 917 3
775897 574670 829 1
756758 556293 280 5
554695 653203 127 5
853187 578861 901 2
425024 548246 399 3
146056 652727 970 2
265805 623149 837 4
328587 667198 751 1
291788 518012 387 1
997472 563594 871 5
271473 605285 301 1
785264 600185 197 1
259518 545426 33 1
408189 619364 599 1
867804 670228 871 1
97246 674326 943 4
410620 609156 361 1
462280 613738 233 2
922309 535583 85 4
433987 591634 883 5
69683 536550 555 1
961576 618016 771 1
636456 607580 971 3
639700 597595 511 2
244742 693326 573 2
407234 616778 36 1
857910 671308 101 5
594868 669425 965 3
219590 637903 929 3
197344 681998 961 5
744408 612659 565 1
278956 647319 46 3
629840 686199 141 3
360682 561332 534 3
219244 617923 771 2
520593 582213 857 1
884058 607705 985 4
855652 598294 518 3
213879 586163 1 3
795840 514829 294 5
795413 592055 275 4
498030 630178 941 1
199750 521896 501 1
129718 508113 97 1
718417 525026 485 1
931691 555006 750 2
177225 626531 314 5
100187 549851 801 1
9456 680231 421 5
63350 646022 955 4
816889 588940 31 1
34518 676314 321 3
820869 500184 461 2
785401 549149 651 3
114261 567579 769 1
341197 507311 776 4
718276 629843 921 1
328913 522850 673 1
96474 664294 943 2
782717 578749 333 1
248409 687308 589 3
313500 586849 41 1
726111 591498 490 1
196019 505457 153 1
398096 574499 15 2
396800 577697 189 4
457918 534062 669 5
368234 536933 831 5
353088 546135 323 1
728701 682078 529 3
676307 572105 995 1
786827 689783 809 3
109700 616077 977 3
950482 682819 33 5
119539 517999 297 1
264759 607685 9 1
245598 522920 737 1
542022 688375 817 1
392625 635512 856 1
518872 528407 115 3
158232 615914 521 1
945305 552395 898 5
351158 623264 919 2
262446 556652 361 1
688695 503765 398 4
39217 619506 551 1
761325 535812 401 2
780493 607824 497 1
524459 512462 558 4
52466 525152 779 1
927035 620733 589 2
875479 535842 280 1
547788 584579 161 3
888912 623518 276 2
587326 654874 653 1
11401 531080 501 3
535359 694652 967 5
932566 673600 121 5
56590 559986 277 1
486124 510671 461 2
605098 664334 341 1
867197 574142 823 1
610064 695678 377 1
455892 639059 513 3
351201 633651 593 2
792275 645371 576 1
677878 694262 905 1
844547 592737 465 2
800821 648730 569 2
809557 649988 270 3
110654 565370 613 4
976152 679255 976 1
160694 681584 928 3
384494 604996 520 3
895686 686482 869 1
506470 594032 185 1
598996 509285 923 1
387361 641075 111 5
221571 621834 516 5
886197 662014 997 1
44739 664604 261 2
983188 515457 701 4
9048 657373 321 1
196756 535903 417 4
588346 603412 993 5
87390 569238 649 1
838054 646505 181 3
607661 597974 608 3
827598 522520 113 4
408301 586090 483 3
930261 562262 907 1
981061 621656 73 1
645737 510081 376 3
640180 508454 289 1
156058 551930 981 3
237432 601858 511 4
728366 671823 737 1
369735 641123 930 5
181188 674903 401 5
285146 528464 770 2
7072 692138 601 1
733839 647211 221 3
159545 608460 129 4
682355 679159 869 2
570369 517041 951 1
95242 575144 645 1
135396 693937 89 1
458418 500525 151 3
342218 560366 821 1
44351 605883 51 1
170380 692594 430 1
950003 530861 611 1
620130 645221 475 1
575026 600482 499 4
914789 582611 743 2
766251 546183 86 3
833898 685514 105 3
602272 596462 192 1
747386 691451 647 2
599358 635454 556 5
917717 578000 1 5
75839 515849 89 2
860653 627159 790 3
103677 691486 427 1
524986 625679 51 5
323129 513418 543 3
977252 585697 871 1
175630 599215 781 5
972134 627502 611 1
670017 620729 705 3
577092 573597 9 4
428820 507950 789 4
228225 534844 207 5
264667 534463 126 4
531582 610888 995 1
79757 665038 251 1
990360 596615 585 1
996174 659071 401 3
900173 561531 225 5
246248 516532 99 1
421116 554882 1 5
112006 612915 656 4
700250 558790 673 1
672968 521060 451 2
522247 623778 925 1
264245 514424 232 1
875848 655571 261 5
883006 570974 513 3
208010 580708 145 1
104624 555863 9 5
633083 698519 641 5
55697 671040 541 1
383148 591951 386 2
509891 619046 949 1
585492 545399 561 3
843603 677533 349 4
436284 527380 682 1
622708 633445 201 2
79875 521989 321 1
407596 592732 578 1
168283 569645 343 4
382716 507499 871 2
337449 570881 73 1
885076 559459 752 4
264111 568950 601 2
870212 507500 753 5
782812 606311 276 1
124652 557772 410 5
286874 682587 166 1
850509 563125 143 1
964138 612169 312 1
44415 568544 568 1
874947 686486 17 3
38383 654663 452 3
925079 690444 727 1
726073 559580 148 1
697460 641081 151 1
315610 550480 749 2
687917 618029 791 2
981017 546799 385 4
311631 566897 781 5
772985 611336 981 5
659829 580714 541 1
540091 662231 19 3
556570 606887 566 1
19893 662091 700 2
33458 511757 270 5
262668 686057 171 4
156591 688334 241 2
900818 674515 401 3
536099 523201 246 1
808749 668338 437 1
528498 516739 717 5
140323 527945 651 4
131717 618158 953 5
133739 675155 235 1
737792 667439 629 4
765887 619442 265 3
699067 622660 641 2
182355 693185 222 2
453492 691623 538 1
975975 611152 431 1
297420 596981 233 4
767898 569698 678 1
198836 521953 617 2
982728 661919 304 4
666569 553655 375 2
585558 534489 921 1
23693 637929 762 1
199497 505835 761 1
715871 672138 661 5
320972 670677 641 1
998145 519137 672 1
506936 562083 947 3
284324 684397 32 2
633712 500189 551 2
434291 574357 871 3
643238 664664 82 1
254262 531782 189 3
440976 627822 363 1
6709 609798 497 2
25887 649612 367 3
357693 566450 144 2
967726 568718 831 4
961106 566372 857 1
413221 534460 785 3
359951 670466 461 1
571897 505697 781 5
338194 568704 113 1
147792 520064 507 1
832297 580088 366 5
938228 519675 561 4
190015 569812 881 5
568931 580170 541 1
806075 661249 580 5
912624 629216 329 3
590310 564833 230 5
77173 667118 316 1
367564 606718 861 4
957009 551144 369 3
164631 597897 521 1
484833 513185 701 5
390420 679682 519 1
800029 677588 283 2
749433 680996 281 2
631578 560393 535 1
195295 582328 854 1
130783 570369 657 1
407717 579059 16 3
825281 683297 9 3
531027 546596 143 1
839255 629252 197 5
954680 512921 541 2
216493 610028 105 1
737043 540854 161 1
79206 533669 889 5
907747 662843 840 2
898885 654605 486 1
779796 646752 781 1
9199 564381 603 2
421918 615146 585 5
970532 628438 651 5
232688 554237 433 2
809447 684282 763 3
905939 541788 481 5
11758 665081 406 5
79707 658536 81 1
927674 664227 808 1
233964 582535 629 3
327818 532305 72 3
329689 562413 2 1
228888 681968 117 5
983169 653641 449 1
389039 664241 916 4
141150 508070 505 1
875594 596310 748 2
233862 541143 10 5
160440 535385 161 3
992318 680786 549 2
234506 606776 737 3
816532 554291 396 2
720212 559912 265 5
823219 641194 196 4
865054 595216 171 4
76864 501922 148 5
337162 518415 15 4
743510 696125 963 1
422820 684464 391 5
561987 642104 71 5
60447 506583 901 3
607233 647550 825 2
375600 558596 661 1
166648 597026 873 2
206503 506066 689 2
553831 600822 953 2
298338 659222 861 4
176568 544481 503 2
533057 607560 640 1
904380 505117 193 3
919893 674807 610 2
14649 557473 780 4
400529 690399 201 2
583832 584046 605 2
642825 605644 651 1
563169 601017 783 2
273347 617669 415 5
917664 699646 421 1
835178 611871 821 4
747906 615188 36 1
629481 645043 593 5
358321 542043 713 1
519814 550301 142 2
205548 661817 833 1
5501 531351 387 3
509354 571691 241 5
83970 538916 271 1
738998 541635 557 1
574475 635668 201 5
947870 662204 1 3
380593 699548 205 5
448915 592073 207 1
464192 591380 481 5
987071 510029 426 1
957980 689124 54 3
853443 671189 159 3
440784 669828 613 5
364803 615552 561 1
894607 526246 701 1
588770 684773 361 1
122450 645400 977 2
450500 546545 386 5
24555 669397 531 1
109266 505238 541 1
673739 671570 177 4
141073 542835 569 4
868810 597953 696 1
130777 505697 313 5
26168 653267 473 5
948247 536213 497 4
994158 676757 987 1
91216 531461 541 4
97548 566272 887 5
619557 683481 451 4
40651 690231 738 2
124815 566549 745 2
339252 575798 157 4
700742 684419 992 4
468942 651809 851 5
239752 610676 466 1
212600 608017 791 5
640183 515539 591 1
593750 633344 481 4
886899 508787 365 2
107407 502159 812 1
576353 674771 465 1
517127 578651 163 2
146514 546865 601 2
538081 679076 703 1
147316 566374 281 3
203524 549565 169 1
492861 600665 741 1
395408 637698 801 1
347720 688388 501 5
634207 549436 216 1
689918 676544 103 4
519631 507514 501 3
103253 503726 481 2
75956 693137 761 4
294082 519569 371 2
250135 668038 891 5
707625 643982 413 3
852907 554097 121 1
232452 566762 686 1
618087 549588 798 3
540207 698454 281 5
884722 657625 591 1
178570 693361 813 5
476609 619279 671 5
204340 595745 209 2
752434 523018 790 4
147851 511392 921 1
30378 689639 393 4
185330 537256 228 3
474378 594548 417 5
896039 508789 721 1
539720 658820 518 5
421281 531365 941 1
172988 579141 21 1
374290 625763 931 5
442694 657654 728 1
173407 675872 476 2
193776 650933 260 5
786358 591428 316 5
206955 586298 685 1
950642 614690 586 5
467013 697040 885 2
908600 511376 417 4
963613 615056 293 3
40698 505094 231 4
422932 503083 201 1
266551 596770 653 1
705892 578426 1 1
524293 517754 321 1
247560 621685 95 5
337847 579608 896 1
93521 563975 841 5
317860 594700 901 1
485844 660092 132 1
119141 633084 689 1
952230 608403 984 4
620824 607446 500 2
987207 588416 868 3
218892 627818 591 3
574916 516965 253 2
932588 653462 325 5
893559 544435 815 1
890526 523706 108 2
858585 640060 493 1
363177 572456 277 2
577550 571960 801 1
998643 611690 121 1
786738 509102 553 5
297125 524805 39 5
573970 630860 516 2
609143 628532 556 4
135041 541445 836 5
73402 659408 961 1
815732 517155 849 1
836055 670482 286 2
544469 566171 681 2
524697 555266 121 3
480834 650822 147 3
887884 680808 750 2
900389 659642 944 5
551876 522261 579 1
472648 589955 945 4
851724 508321 197 5
367480 572801 542 5
855433 651443 956 2
393962 596165 560 2
926611 502982 217 1
907672 626465 806 2
809776 553947 893 4
920153 583427 531 1
656994 575132 705 1
972392 511960 521 2
292829 610712 521 1
404564 516744 973 1
294506 516779 303 1
91450 522928 851 3
723226 515825 241 1
368260 698166 281 3
510362 537195 105 3
954504 572006 236 1
972260 625887 701 1
87055 587592 341 1
309883 650987 643 5
748747 542516 371 1
497520 671255 849 1
21015 525800 736 5
478269 621905 626 2
170886 513906 505 2
840654 673592 711 4
303328 662564 751 4
606400 605569 725 5
732057 517068 211 3
598921 571600 221 3
39851 501776 768 1
610843 628217 2 5
509595 561810 405 3
525181 651331 898 5
517766 608830 177 3
891938 668099 33 5
972006 523469 385 2
117552 618531 53 5
678821 665693 386 3
411000 676529 771 5
98898 662734 541 1
444165 602895 469 3
685998 571476 799 4
573644 560360 591 5
979054 673549 19 5
723293 687492 841 4
571401 650901 41 1
881923 562120 1 4
168305 681617 221 3
536346 683081 191 1
651000 538079 290 1
100814 562749 569 3
294488 675416 161 1
744457 582056 523 1
476922 648647 495 1
481878 565041 455 4
412443 625173 25 4
42579 515135 773 3
492581 569821 308 4
259553 503123 549 3
759634 673289 233 1
995692 516644 515 5
55073 628190 463 2
458155 697401 628 1
570332 634313 211 1
441397 543093 289 2
953845 542741 113 1
801763 592735 398 1
239720 566131 113 2
995140 553129 739 5
86497 526766 568 1
982561 622144 672 3
855637 611151 401 5
677899 649460 171 4
180558 516702 309 4
263766 513326 521 4
909878 582898 377 5
338739 672544 216 1
718848 644568 734 1
846330 551866 695 4
116608 550311 949 1
353006 521606 829 4
944922 678163 206 1
961098 623595 898 4
633504 677867 51 5
354593 640905 11 4
481313 670202 859 3
892009 575134 177 1
276055 547058 229 1
893775 642520 481 1
804788 638678 801 5
420956 589034 237 4
614802 520766 863 1
763134 698741 301 3
761953 674952 666 2
61771 634800 857 1
306651 671953 621 4
98936 561056 353 1
316430 598368 357 5
744938 699368 209 2
522692 662552 671 3
697199 633232 535 5
184889 534634 663 4
18826 529173 941 2
360472 602852 741 5
853650 660559 43 5
167218 602763 626 1
80297 559088 357 1
167771 580930 850 1
348303 648599 476 4
312960 667450 53 3
238614 547140 723 1
689147 552558 338 4
330700 541147 545 4
675206 587501 33 1
910964 560584 14 1
762519 672554 53 5
157073 624590 417 4
53849 563220 456 1
639147 606501 881 2
522056 670258 309 1
884016 545873 286 1
511263 586913 757 1
151677 528044 1 1
965364 565001 796 4
118136 564764 172 4
645330 668235 505 4
616596 500327 686 5
597960 601880 625 2
856399 620084 555 4
694877 543306 637 1
775336 534614 573 3
795328 554273 894 1
514026 653632 233 3
928484 668306 22 2
376587 504161 835 2
897807 562211 977 5
547116 640669 429 2
818136 680309 401 1
127944 686232 792 2
