322
185
95
24
21
198
116
149
191
59
49
177
195
114
133
137
81
161
51
118
171
186
130
182
108
36
158
96
168
53
129
53
84
162
128
154
40
183
84
162
87
198
110
55
69
70
90
143
102
179
169
102
114
144
96
114
187
22
198
161
47
93
68
177
180
48
190
136
68
20
42
48
79
158
82
33
153
123
93
149
120
187
39
182
146
31
156
170
120
27
139
91
151
139
78
162
126
143
47
168
179
134
38
107
170
180
176
101
153
81
171
88
46
117
86
35
53
144
102
199
103
175
151
90
31
145
71
196
100
194
107
121
44
24
37
138
121
51
85
151
184
74
81
143
173
151
113
25
129
24
20
145
88
170
186
44
109
120
148
81
29
132
117
126
164
189
172
200
64
68
105
32
178
181
119
179
38
190
176
198
167
182
162
172
181
21
54
197
73
159
136
48
41
96
140
60
50
101
106
117
194
96
63
62
90
176
30
91
56
41
60
158
32
194
42
58
57
98
181
200
78
141
136
41
127
65
185
58
173
198
54
44
135
138
68
129
20
102
44
157
105
200
147
135
166
46
53
185
60
124
93
122
48
98
188
165
180
132
98
86
107
29
37
36
67
142
84
178
82
162
131
22
76
138
127
100
52
147
146
87
187
67
81
21
36
90
33
54
106
138
132
81
157
199
199
95
45
76
148
142
96
97
197
103
30
69
50
191
153
63
110
191
135
39
157
33
63
181
188
152
62
121
92
