401
188
103
45
137
58
177
188
32
57
151
21
93
197
107
72
190
124
54
81
116
34
157
182
199
94
77
72
108
26
144
36
44
43
52
34
94
55
46
134
127
84
48
162
141
46
79
89
82
79
189
125
75
192
195
90
127
49
50
99
157
86
110
182
85
118
91
154
46
76
157
182
64
67
104
41
170
104
109
164
54
21
78
87
125
67
193
179
74
39
181
111
51
88
172
175
98
84
99
192
28
113
155
169
166
72
164
59
42
97
69
166
189
87
164
125
135
30
188
101
188
48
37
24
37
130
57
140
195
182
161
185
82
108
99
124
75
118
153
145
83
133
181
95
87
29
129
65
190
78
24
185
195
105
62
170
48
56
148
63
112
128
110
141
38
113
179
32
149
68
39
159
70
185
54
173
75
105
178
27
187
41
159
190
91
99
78
34
137
158
125
143
27
60
184
102
31
80
116
185
110
109
136
85
31
133
200
68
54
39
93
145
116
171
54
20
47
123
87
180
57
182
73
191
97
142
104
33
110
46
45
128
52
148
48
97
65
68
115
192
139
117
96
103
107
80
191
81
65
123
120
134
174
106
104
105
184
187
77
52
157
91
144
82
51
21
109
130
126
112
160
198
21
35
193
25
28
47
135
194
144
64
95
128
32
22
198
95
199
190
185
75
77
55
108
152
78
194
155
89
195
120
58
151
87
187
27
70
156
23
101
165
98
167
80
84
84
73
109
31
93
138
64
172
90
58
55
145
100
98
81
67
171
53
183
140
160
28
189
38
95
149
115
186
131
38
153
193
134
31
197
60
59
78
68
175
76
58
190
33
151
85
113
97
122
27
193
42
92
61
144
90
137
145
91
180
81
106
133
84
118
73
142
59
151
128
114
171
115
180
41
45
127
107
31
199
138
70
114
191
183
130
