183
136 134
77 2
120 51
60 16
133 108
118 29
86 4
86 27
66 42
91 63
132 121
127 125
73 22
148 34
79 21
142 73
73 3
93 19
90 68
78 4
128 108
122 18
127 91
127 46
88 87
111 89
122 55
107 73
94 8
58 24
110 94
80 25
108 83
591626 420684
556974 451395
570420 6270
518779 75588
463896 296710
574846 429424
558042 232577
517394 271403
720561 252152
693412 50516
302299 156339
254868 88409
380837 296949
273543 10239
475869 27764
650406 633091
282045 209769
679882 324997
328127 26593
712872 612703
637568 211605
542010 236211
580925 446138
419167 365275
473373 304090
531245 76607
453857 153382
676670 623819
641707 342665
684227 682622
329364 23581
722082 25558
335865 314936
161669465 20289144
170297376 68964053
183884082 115661371
195529372 152246503
189113262 112399018
150883733 105759367
157087532 11090068
170228416 128627804
189401417 176784035
171569832 41053139
168653889 100472927
179430247 157770987
157284553 135385364
158267894 147958344
195954130 77555828
188858265 185264231
165598116 872310
189373054 129030530
181189563 118494293
195093387 84350278
189610567 87403342
190576888 76164627
186298502 182729056
182462277 138787604
188658692 158386957
179703350 105855782
161187767 1545004
162132630 122597307
164402483 143086338
170248848 168810758
181396468 163471804
188081034 105628091
169800171 11589026
180276000 118274747
155323438 143774485
179825479 113447805
156264240 31152071
169167426 47096250
197992583 130703820
167836144 6380595
176349687 119704738
193584697 82228599
196954777 7887846
167213745 113644886
159546930 52827772
184764075 14172897
153421489 119273689
170182444 1282652
179494381 137148439
185615732 152087132
194053807 175703536
182790893 12661238
174227834 111708740
181502164 127400510
188591785 32126931
173641274 110548656
192684224 79010864
177212143 21951413
184653326 132403012
169065194 47494273
163882449 145283204
198119241 154838398
170649285 57607911
175351420 104601339
156145586 30986492
166345886 59409294
192882678 113464969
196112619 130305389
190748930 60546738
194112192 110758725
179523680 40922214
193185019 139870222
163202476 21722530
185325888 101782113
170005998 158894009
158860529 126123660
194404283 70270049
186445966 149107703
156568657 20268114
198928523 162420650
153151155 40221188
165035171 127797732
190975698 189844437
163492735 43743479
195204408 116496210
169453168 52529351
165483248 20286829
182435320 70671112
155014913 117114653
197687941 149854463
158457230 40753895
169251671 26140439
179154721 131750185
187859682 162898545
185667453 40009757
188889309 118679989
151085298 145383162
191128976 120359047
193689833 152877151
165173303 29211904
193442962 78115936
160961044 151453725
169867702 29023015
197904036 186592485
197373597 153932652
187579624 10938597
169222872 114043108
159424662 151927395
164511834 27189377
185248441 104373819
195033119 192896624
179497128 112118538
180032418 144192270
179229630 148476644
151979959 34997911
151353780 132466962
167773989 103645117
