957 888
0
1
5
6
14
25
27
29
30
36
49
51
52
53
54
58
59
75
77
84
85
86
87
97
99
104
110
127
137
139
145
148
150
159
166
171
186
188
192
202
203
204
220
230
238
266
267
271
274
281
283
286
288
295
300
304
305
310
314
318
325
329
346
349
353
368
388
394
397
404
419
426
427
428
429
432
434
436
455
456
457
460
465
468
482
504
511
517
524
525
527
532
542
543
544
548
550
556
580
593
611
612
641
649
652
661
682
693
694
695
699
700
703
705
708
714
719
722
734
737
743
749
755
767
770
780
793
813
814
829
832
849
855
857
874
882
890
915
927
932
938
944
947
948
969
970
988
993
999
1004
1009
1016
1037
1064
1067
1072
1078
1086
1093
1104
1105
1109
1126
1129
1130
1142
1179
1180
1181
1186
1187
1189
1198
1206
1214
1220
1252
1259
1263
1267
1288
1292
1312
1316
1327
1328
1362
1368
1386
1402
1429
1446
1450
1463
1487
1493
1511
1532
1544
1547
1548
1592
1604
1621
1625
1632
1637
1638
1640
1645
1648
1653
1656
1657
1667
1670
1676
1680
1683
1687
1688
1689
1692
1700
1701
1705
1711
1714
1733
1748
1754
1772
1776
1780
1783
1784
1790
1803
1820
1848
1861
1867
1868
1883
1885
1893
1900
1901
1936
1937
1948
1957
1968
1980
1991
2013
2019
2020
2021
2045
2047
2052
2087
2097
2104
2126
2147
2150
2151
2152
2158
2166
2173
2188
2211
2222
2233
2238
2242
2254
2257
2258
2263
2282
2284
2293
2299
2301
2302
2306
2308
2313
2321
2324
2333
2334
2336
2345
2349
2363
2370
2375
2387
2398
2407
2408
2409
2454
2465
2486
2489
2510
2514
2528
2554
2563
2565
2572
2600
2611
2614
2616
2662
2666
2670
2672
2678
2699
2704
2705
2723
2727
2733
2754
2757
2763
2785
2796
2802
2805
2843
2857
2866
2901
2909
2914
2916
2923
2953
2960
2965
3000
3025
3027
3049
3052
3058
3079
3080
3093
3099
3105
3113
3130
3134
3135
3138
3142
3149
3161
3166
3167
3168
3186
3193
3211
3217
3231
3234
3240
3273
3305
3310
3336
3341
3352
3354
3387
3400
3407
3445
3462
3464
3467
3484
3503
3505
3512
3513
3522
3526
3547
3569
3572
3576
3601
3610
3611
3615
3619
3635
3650
3655
3658
3691
3695
3703
3715
3730
3736
3741
3744
3746
3763
3771
3796
3820
3841
3845
3847
3854
3857
3860
3867
3892
3901
3926
3931
3935
3936
3937
3941
3952
3954
3961
3978
3981
3991
4006
4008
4011
4027
4032
4037
4040
4045
4066
4087
4094
4103
4104
4105
4109
4111
4112
4114
4116
4119
4123
4129
4146
4148
4155
4162
4176
4189
4193
4217
4221
4225
4228
4243
4244
4259
4270
4285
4290
4295
4298
4302
4306
4308
4313
4323
4345
4355
4361
4362
4365
4384
4387
4393
4399
4400
4431
4433
4481
4488
4494
4503
4519
4522
4523
4530
4533
4540
4549
4559
4569
4570
4595
4598
4607
4611
4618
4644
4649
4675
4678
4679
4693
4695
4697
4698
4708
4715
4719
4735
4779
4784
4814
4819
4855
4870
4871
4877
4883
4888
4892
4898
4902
4906
4910
4919
4921
4923
4934
4941
4951
4988
4990
4997
5013
5014
5019
5033
5043
5064
5070
5073
5102
5114
5121
5150
5153
5156
5171
5175
5176
5180
5184
5192
5197
5205
5210
5214
5225
5226
5230
5239
5244
5245
5249
5265
5270
5281
5285
5293
5302
5306
5315
5317
5321
5331
5333
5352
5362
5366
5380
5381
5389
5398
5408
5410
5440
5442
5454
5461
5468
5474
5476
5482
5496
5516
5526
5537
5540
5608
5613
5617
5620
5627
5629
5639
5643
5646
5663
5664
5696
5705
5716
5724
5725
5727
5732
5746
5755
5778
5784
5786
5804
5805
5812
5813
5826
5831
5833
5841
5859
5865
5888
5891
5894
5927
5940
5949
5969
5988
5994
6016
6019
6028
6043
6044
6050
6057
6059
6063
6105
6113
6119
6145
6164
6166
6175
6176
6178
6185
6201
6208
6224
6245
6249
6260
6264
6278
6295
6297
6316
6331
6356
6361
6370
6371
6373
6377
6434
6440
6442
6466
6468
6479
6481
6484
6486
6487
6490
6493
6496
6498
6538
6541
6573
6596
6627
6665
6669
6671
6687
6698
6700
6703
6724
6727
6728
6734
6743
6750
6754
6763
6764
6767
6772
6777
6778
6805
6824
6825
6826
6843
6850
6854
6856
6884
6887
6895
6900
6910
6912
6918
6920
6932
6934
6950
6954
6985
6997
7012
7029
7044
7045
7047
7049
7056
7073
7094
7099
7110
7114
7116
7158
7187
7258
7264
7268
7282
7296
7305
7310
7316
7319
7324
7329
7354
7359
7363
7366
7368
7370
7379
7386
7389
7390
7393
7404
7434
7437
7455
7460
7494
7506
7515
7522
7530
7540
7546
7552
7559
7571
7574
7589
7596
7622
7628
7666
7672
7678
7679
7681
7688
7692
7704
7733
7734
7745
7750
7754
7758
7759
7779
7783
7792
7836
7857
7858
7859
7866
7870
7874
7895
7900
7910
7923
7935
7936
7966
7998
8004
8007
8011
8018
8030
8035
8055
8059
8078
8089
8116
8131
8132
8139
8167
8178
8181
8187
8197
8201
8206
8229
8261
8294
8295
8300
8309
8313
8327
8328
8329
8330
8353
8364
8365
8378
8393
8395
8401
8409
8416
8419
8423
8431
8438
8462
8470
8486
8488
8489
8494
8510
8533
8547
8556
8561
8567
8576
8587
8588
8595
8621
8622
8624
8630
8643
8666
8707
8712
8721
8742
8755
8784
8791
8794
8807
8812
8815
8824
8836
8837
8838
8841
8843
8844
8850
8862
8866
8874
8893
8902
8938
8940
8951
8952
8954
8957
8966
8996
8998
