4000
0 174
0 221
0 372
0 443
0 529
0 653
0 736
0 893
0 942
0 1061
0 1115
0 1214
0 1380
0 1478
0 1558
0 1608
0 1759
0 1897
0 1957
0 2097
0 2111
0 2271
0 2325
0 2485
0 2596
0 2635
0 2703
0 2862
0 2990
0 3033
0 3187
0 3207
0 3334
0 3414
0 3520
0 3616
0 3720
0 3840
0 3985
0 4044
0 4142
0 4297
0 4303
0 4442
0 4542
0 4620
0 4710
0 4842
0 4938
0 5071
0 5176
0 5293
0 5303
0 5425
0 5591
0 5676
0 5730
0 5854
0 5920
0 6044
0 6116
0 6219
0 6317
0 6453
0 6538
0 6605
0 6737
0 6899
0 6901
0 7066
0 7190
0 7268
0 7398
0 7448
0 7538
0 7656
0 7797
0 7829
0 7907
0 8030
0 8147
0 8288
0 8376
0 8428
0 8571
0 8672
0 8775
0 8826
0 8989
0 9051
0 9191
0 9214
0 9392
0 9467
0 9558
0 9657
0 9743
0 9815
0 9904
0 10040
0 10100
0 10214
0 10353
0 10421
0 10571
0 10658
0 10729
0 10841
0 10949
0 11058
0 11197
0 11255
0 11389
0 11405
0 11530
0 11607
0 11729
0 11820
0 11910
0 12034
0 12157
0 12283
0 12391
0 12489
0 12579
0 12631
0 12765
0 12825
0 12951
0 13088
0 13136
0 13253
0 13368
0 13469
0 13586
0 13697
0 13719
0 13849
0 13968
0 14092
0 14170
0 14211
0 14388
0 14491
0 14515
0 14605
0 14744
0 14800
0 14913
0 15082
0 15137
0 15239
0 15313
0 15485
0 15578
0 15698
0 15711
0 15815
0 15947
0 16047
0 16109
0 16297
0 16382
0 16413
0 16573
0 16618
0 16708
0 16828
0 16993
0 17018
0 17130
0 17221
0 17304
0 17443
0 17544
0 17698
0 17718
0 17899
0 17958
0 18040
0 18178
0 18268
0 18302
0 18418
0 18533
0 18668
0 18794
0 18882
0 18991
0 19075
0 19174
0 19204
0 19308
0 19439
0 19522
0 19660
0 19706
0 19848
0 19947
0 20087
0 20141
0 20239
0 20372
0 20453
0 20566
0 20662
0 20789
0 20826
0 20939
0 21025
0 21143
0 21225
0 21398
0 21492
0 21563
0 21687
0 21785
0 21818
0 21963
0 22000
0 22195
0 22220
0 22372
0 22467
0 22587
0 22641
0 22770
0 22801
0 22977
0 23048
0 23136
0 23284
0 23305
0 23463
0 23534
0 23628
0 23738
0 23825
0 23902
0 24016
0 24163
0 24244
0 24305
0 24416
0 24569
0 24670
0 24782
0 24802
0 24936
0 25099
0 25191
0 25224
0 25365
0 25408
0 25525
0 25694
0 25728
0 25854
0 25971
0 26002
0 26117
0 26211
0 26318
0 26469
0 26523
0 26616
0 26741
0 26800
0 26976
0 27044
0 27121
0 27296
0 27319
0 27448
0 27581
0 27639
0 27707
0 27818
0 27931
0 28058
0 28145
0 28253
0 28367
0 28438
0 28518
0 28651
0 28775
0 28834
0 28960
0 29056
0 29105
0 29297
0 29378
0 29428
0 29544
0 29632
0 29729
0 29802
0 29997
0 30035
0 30105
0 30279
0 30343
0 30483
0 30585
0 30653
0 30742
0 30883
0 30948
0 31055
0 31189
0 31288
0 31369
0 31496
0 31566
0 31642
0 31738
0 31810
0 31923
0 32023
0 32156
0 32253
0 32384
0 32483
0 32529
0 32693
0 32771
0 32801
0 32950
0 33002
0 33192
0 33214
0 33320
0 33445
0 33522
0 33685
0 33781
0 33802
0 33990
0 34003
0 34148
0 34201
0 34343
0 34465
0 34560
0 34621
0 34740
0 34850
0 34979
0 35001
0 35126
0 35289
0 35334
0 35475
0 35552
0 35620
0 35764
0 35802
0 35966
0 36043
0 36111
0 36273
0 36396
0 36435
0 36586
0 36605
0 36769
0 36896
0 36973
0 37065
0 37162
0 37217
0 37385
0 37476
0 37588
0 37602
0 37762
0 37898
0 37930
0 38089
0 38169
0 38288
0 38300
0 38446
0 38559
0 38681
0 38786
0 38833
0 38993
0 39053
0 39103
0 39264
0 39331
0 39447
0 39566
0 39606
0 39738
0 39876
0 39953
0 40003
0 40174
0 40238
0 40327
0 40406
0 40556
0 40605
0 40727
0 40847
0 40919
0 41075
0 41155
0 41201
0 41302
0 41489
0 41517
0 41699
0 41740
0 41855
0 41998
0 42012
0 42150
0 42244
0 42363
0 42410
0 42525
0 42636
0 42738
0 42851
0 42984
0 43027
0 43103
0 43278
0 43340
0 43444
0 43587
0 43616
0 43777
0 43812
0 43970
0 44093
0 44167
0 44275
0 44319
0 44442
0 44545
0 44672
0 44710
0 44841
0 44932
0 45008
0 45129
0 45209
0 45386
0 45475
0 45534
0 45665
0 45702
0 45824
0 45931
0 46008
0 46100
0 46277
0 46302
0 46485
0 46573
0 46632
0 46775
0 46857
0 46987
0 47022
0 47136
0 47267
0 47340
0 47496
0 47508
0 47681
0 47735
0 47858
0 47967
0 48054
0 48135
0 48278
0 48357
0 48441
0 48575
0 48650
0 48716
0 48854
0 48967
0 49076
0 49149
0 49229
0 49331
0 49496
0 49594
0 49677
0 49723
0 49879
0 49960
0 50004
0 50144
0 50264
0 50350
0 50438
0 50563
0 50617
0 50792
0 50802
0 50978
0 51019
0 51136
0 51211
0 51395
0 51430
0 51590
0 51690
0 51710
0 51870
0 51912
0 52037
0 52121
0 52231
0 52378
0 52479
0 52596
0 52607
0 52780
0 52893
0 52981
0 53086
0 53141
0 53294
0 53326
0 53466
0 53547
0 53613
0 53762
0 53889
0 53923
0 54004
0 54152
0 54279
0 54320
0 54472
0 54501
0 54653
0 54768
0 54801
0 54904
0 55041
0 55136
0 55218
0 55359
0 55406
0 55586
0 55639
0 55781
0 55886
0 55918
0 56064
0 56185
0 56283
0 56352
0 56430
0 56531
0 56661
0 56768
0 56838
0 56954
0 57041
0 57136
0 57299
0 57304
0 57411
0 57582
0 57687
0 57790
0 57866
0 57968
0 58082
0 58191
0 58270
0 58307
0 58436
0 58573
0 58692
0 58724
0 58802
0 58945
0 59057
0 59125
0 59209
0 59320
0 59426
0 59557
0 59679
0 59780
0 59879
0 59963
0 60098
0 60152
0 60281
0 60349
0 60411
0 60552
0 60643
0 60742
0 60893
0 60944
0 61013
0 61195
0 61208
0 61326
0 61464
0 61555
0 61672
0 61749
0 61859
0 61927
0 62077
0 62115
0 62297
0 62374
0 62437
0 62514
0 62697
0 62757
0 62869
0 62910
0 63056
0 63189
0 63217
0 63367
0 63491
0 63561
0 63682
0 63784
0 63852
0 63979
0 64020
0 64188
0 64263
0 64390
0 64415
0 64582
0 64635
0 64716
0 64844
0 64969
0 65054
0 65111
0 65286
0 65389
0 65436
0 65598
0 65646
0 65742
0 65804
0 65981
0 66097
0 66182
0 66226
0 66311
0 66460
0 66501
0 66629
0 66757
0 66866
0 66959
0 67069
0 67128
0 67284
0 67395
0 67414
0 67526
0 67606
0 67755
0 67892
0 67934
0 68011
0 68109
0 68298
0 68376
0 68465
0 68537
0 68655
0 68787
0 68820
0 68924
0 69083
0 69195
0 69220
0 69375
0 69427
0 69503
0 69628
0 69756
0 69833
0 69903
0 70031
0 70104
0 70275
0 70383
0 70491
0 70582
0 70689
0 70708
0 70845
0 70959
0 71050
0 71161
0 71269
0 71342
0 71491
0 71504
0 71664
0 71796
0 71884
0 71987
0 72036
0 72123
0 72296
0 72395
0 72461
0 72590
0 72698
0 72745
0 72863
0 72925
0 73012
0 73147
0 73259
0 73320
0 73402
0 73596
0 73636
0 73712
0 73840
0 73974
0 74063
0 74131
0 74221
0 74356
0 74454
0 74536
0 74608
0 74762
0 74848
0 74977
0 75009
0 75105
0 75259
0 75350
0 75431
0 75512
0 75606
0 75747
0 75878
0 75926
0 76045
0 76100
0 76258
0 76321
0 76446
0 76576
0 76635
0 76775
0 76804
0 76992
0 77042
0 77196
0 77252
0 77325
0 77423
0 77587
0 77641
0 77753
0 77802
0 77997
0 78095
0 78158
0 78263
0 78304
0 78442
0 78562
0 78603
0 78707
0 78807
0 78988
0 79009
0 79142
0 79294
0 79365
0 79435
0 79540
0 79604
0 79711
0 79810
0 79989
0 80066
0 80175
0 80298
0 80379
0 80471
0 80518
0 80673
0 80730
0 80845
0 80952
0 81001
0 81140
0 81298
0 81390
0 81433
0 81504
0 81628
0 81757
0 81855
0 81976
0 82078
0 82173
0 82235
0 82397
0 82469
0 82501
0 82685
0 82701
0 82857
0 82935
0 83014
0 83161
0 83286
0 83361
0 83439
0 83557
0 83641
0 83706
0 83890
0 83966
0 84018
0 84186
0 84209
0 84305
0 84462
0 84592
0 84659
0 84784
0 84848
0 84984
0 85053
0 85147
0 85297
0 85383
0 85401
0 85504
0 85667
0 85786
0 85826
0 85985
0 86042
0 86129
0 86287
0 86375
0 86414
0 86592
0 86622
0 86703
0 86848
0 86905
0 87094
0 87189
0 87254
0 87304
0 87411
0 87589
0 87610
0 87756
0 87829
0 87982
0 88023
0 88133
0 88293
0 88383
0 88408
0 88522
0 88653
0 88782
0 88826
0 88989
0 89055
0 89154
0 89213
0 89343
0 89418
0 89571
0 89691
0 89758
0 89828
0 89917
0 90043
0 90153
0 90209
0 90395
0 90483
0 90551
0 90662
0 90771
0 90875
0 90942
0 91085
0 91192
0 91263
0 91340
0 91496
0 91575
0 91617
0 91710
0 91839
0 91959
0 92020
0 92179
0 92241
0 92355
0 92437
0 92599
0 92651
0 92748
0 92847
0 92993
0 93068
0 93135
0 93238
0 93307
0 93457
0 93592
0 93675
0 93765
0 93899
0 93913
0 94005
0 94180
0 94220
0 94366
0 94467
0 94589
0 94610
0 94752
0 94896
0 94990
0 95008
0 95171
0 95266
0 95317
0 95435
0 95515
0 95694
0 95787
0 95878
0 95962
0 96000
0 96178
0 96278
0 96326
0 96412
0 96545
0 96664
0 96795
0 96841
0 96982
0 97033
0 97160
0 97265
0 97374
0 97479
0 97513
0 97623
0 97706
0 97809
0 97972
0 98080
0 98124
0 98213
0 98360
0 98417
0 98561
0 98660
0 98747
0 98878
0 98969
0 99045
0 99126
0 99257
0 99336
0 99420
0 99590
0 99608
0 99763
0 99857
0 99925
0 100028
1 100131
1 100252
1 100341
1 100430
1 100593
1 100657
1 100703
1 100808
1 100964
1 101095
1 101129
1 101267
1 101397
1 101405
1 101578
1 101666
1 101763
1 101817
1 101945
1 102000
1 102177
1 102250
1 102313
1 102414
1 102539
1 102684
1 102760
1 102831
1 102982
1 103065
1 103112
1 103224
1 103339
1 103421
1 103566
1 103692
1 103781
1 103803
1 103960
1 104088
1 104181
1 104294
1 104346
1 104421
1 104511
1 104640
1 104784
1 104845
1 104972
1 105086
1 105185
1 105282
1 105313
1 105439
1 105552
1 105659
1 105702
1 105885
1 105905
1 106051
1 106138
1 106218
1 106394
1 106457
1 106525
1 106681
1 106728
1 106856
1 106949
1 107015
1 107168
1 107218
1 107321
1 107461
1 107582
1 107669
1 107790
1 107872
1 107945
1 108025
1 108131
1 108219
1 108329
1 108460
1 108549
1 108615
1 108730
1 108864
1 108986
1 109066
1 109121
1 109203
1 109391
1 109447
1 109517
1 109691
1 109707
1 109849
1 109903
1 110040
1 110180
1 110244
1 110369
1 110443
1 110591
1 110677
1 110729
1 110802
1 110978
1 111059
1 111135
1 111217
1 111378
1 111449
1 111517
1 111686
1 111729
1 111827
1 111994
1 112095
1 112197
1 112296
1 112343
1 112485
1 112520
1 112685
1 112735
1 112831
1 112994
1 113021
1 113152
1 113278
1 113327
1 113493
1 113562
1 113696
1 113747
1 113848
1 113908
1 114076
1 114139
1 114260
1 114336
1 114470
1 114548
1 114683
1 114777
1 114825
1 114966
1 115079
1 115146
1 115203
1 115387
1 115471
1 115535
1 115659
1 115725
1 115868
1 115908
1 116022
1 116195
1 116266
1 116315
1 116416
1 116514
1 116616
1 116703
1 116898
1 116986
1 117009
1 117177
1 117211
1 117358
1 117436
1 117539
1 117672
1 117771
1 117805
1 117916
1 118057
1 118142
1 118226
1 118346
1 118431
1 118553
1 118611
1 118795
1 118852
1 118925
1 119031
1 119106
1 119246
1 119311
1 119433
1 119518
1 119617
1 119734
1 119817
1 119908
1 120062
1 120155
1 120220
1 120326
1 120489
1 120540
1 120649
1 120741
1 120851
1 120970
1 121075
1 121125
1 121274
1 121312
1 121474
1 121514
1 121610
1 121737
1 121867
1 121953
1 122055
1 122160
1 122213
1 122305
1 122425
1 122539
1 122644
1 122768
1 122855
1 122951
1 123054
1 123149
1 123289
1 123342
1 123467
1 123575
1 123658
1 123709
1 123862
1 123949
1 124073
1 124165
1 124232
1 124379
1 124483
1 124500
1 124681
1 124726
1 124859
1 124927
1 125012
1 125173
1 125221
1 125391
1 125452
1 125590
1 125620
1 125771
1 125802
1 125955
1 126019
1 126199
1 126236
1 126356
1 126466
1 126583
1 126665
1 126780
1 126829
1 126912
1 127041
1 127176
1 127244
1 127373
1 127488
1 127533
1 127607
1 127700
1 127856
1 127916
1 128088
1 128155
1 128250
1 128350
1 128470
1 128599
1 128690
1 128755
1 128831
1 128997
1 129083
1 129153
1 129214
1 129383
1 129423
1 129518
1 129674
1 129758
1 129852
1 129928
1 130080
1 130115
1 130253
1 130344
1 130409
1 130503
1 130635
1 130729
1 130880
1 130977
1 131060
1 131177
1 131295
1 131399
1 131408
1 131515
1 131685
1 131783
1 131870
1 131998
1 132097
1 132198
1 132241
1 132318
1 132456
1 132577
1 132625
1 132781
1 132880
1 132993
1 133097
1 133140
1 133248
1 133303
1 133465
1 133581
1 133650
1 133761
1 133839
1 133988
1 134052
1 134165
1 134205
1 134358
1 134466
1 134584
1 134641
1 134729
1 134811
1 134967
1 135035
1 135129
1 135297
1 135354
1 135405
1 135588
1 135678
1 135727
1 135808
1 135948
1 136040
1 136160
1 136292
1 136370
1 136438
1 136583
1 136648
1 136724
1 136891
1 136949
1 137044
1 137115
1 137287
1 137371
1 137457
1 137567
1 137679
1 137777
1 137830
1 137986
1 138061
1 138191
1 138232
1 138363
1 138448
1 138539
1 138684
1 138784
1 138824
1 138948
1 139085
1 139181
1 139200
1 139375
1 139456
1 139502
1 139619
1 139782
1 139873
1 139920
1 140094
1 140163
1 140270
1 140398
1 140463
1 140569
1 140629
1 140770
1 140899
1 140994
1 141084
1 141114
1 141208
1 141317
1 141406
1 141523
1 141606
1 141721
1 141859
1 141913
1 142054
1 142126
1 142223
1 142300
1 142496
1 142599
1 142636
1 142757
1 142821
1 142946
1 143013
1 143120
1 143259
1 143395
1 143413
1 143509
1 143670
1 143706
1 143890
1 143991
1 144080
1 144193
1 144237
1 144373
1 144492
1 144527
1 144609
1 144743
1 144867
1 144966
1 145092
1 145160
1 145243
1 145317
1 145439
1 145583
1 145651
1 145739
1 145805
1 145985
1 146040
1 146144
1 146243
1 146384
1 146427
1 146532
1 146648
1 146701
1 146814
1 146998
1 147058
1 147109
1 147265
1 147379
1 147450
1 147557
1 147615
1 147725
1 147889
1 147960
1 148065
1 148132
1 148218
1 148396
1 148477
1 148547
1 148604
1 148763
1 148877
1 148949
1 149062
1 149171
1 149238
1 149363
1 149439
1 149581
1 149676
1 149757
1 149823
1 149909
1 150017
1 150132
1 150203
1 150365
1 150487
1 150502
1 150611
1 150792
1 150846
1 150933
1 151098
1 151122
1 151273
1 151375
1 151452
1 151573
1 151659
1 151714
1 151839
1 151934
1 152078
1 152125
1 152234
1 152334
1 152437
1 152512
1 152679
1 152788
1 152825
1 152947
1 153065
1 153155
1 153210
1 153364
1 153448
1 153555
1 153667
1 153757
1 153834
1 153935
1 154014
1 154194
1 154291
1 154385
1 154404
1 154546
1 154681
1 154728
1 154804
1 154983
1 155015
1 155147
1 155244
1 155311
1 155472
1 155522
1 155627
1 155717
1 155841
1 155988
1 156030
1 156175
1 156276
1 156339
1 156443
1 156521
1 156665
1 156733
1 156817
1 156986
1 157060
1 157179
1 157216
1 157372
1 157422
1 157510
1 157610
1 157790
1 157873
1 157979
1 158044
1 158194
1 158258
1 158310
1 158456
1 158594
1 158656
1 158718
1 158859
1 158929
1 159008
1 159172
1 159288
1 159311
1 159438
1 159547
1 159678
1 159702
1 159880
1 159913
1 160035
1 160174
1 160256
1 160348
1 160410
1 160551
1 160648
1 160770
1 160882
1 160948
1 161071
1 161126
1 161220
1 161352
1 161443
1 161589
1 161682
1 161710
1 161891
1 161939
1 162049
1 162116
1 162260
1 162341
1 162434
1 162517
1 162604
1 162746
1 162889
1 162973
1 163070
1 163164
1 163212
1 163352
1 163416
1 163598
1 163620
1 163734
1 163827
1 163941
1 164049
1 164157
1 164293
1 164355
1 164492
1 164536
1 164697
1 164710
1 164880
1 164936
1 165010
1 165133
1 165278
1 165367
1 165483
1 165502
1 165642
1 165752
1 165809
1 165987
1 166069
1 166173
1 166261
1 166315
1 166423
1 166597
1 166662
1 166722
1 166833
1 166947
1 167018
1 167110
1 167280
1 167348
1 167436
1 167532
1 167633
1 167795
1 167899
1 167953
1 168099
1 168196
1 168271
1 168382
1 168491
1 168593
1 168662
1 168770
1 168826
1 168971
1 169061
1 169103
1 169219
1 169311
1 169435
1 169551
1 169637
1 169732
1 169839
1 169939
1 170001
1 170133
1 170284
1 170372
1 170483
1 170548
1 170671
1 170707
1 170827
1 170947
1 171080
1 171158
1 171275
1 171361
1 171460
1 171599
1 171696
1 171722
1 171883
1 171967
1 172038
1 172124
1 172246
1 172311
1 172460
1 172565
1 172622
1 172716
1 172809
1 172922
1 173021
1 173108
1 173238
1 173358
1 173486
1 173529
1 173605
1 173780
1 173849
1 173913
1 174075
1 174181
1 174222
1 174324
1 174433
1 174546
1 174689
1 174731
1 174865
1 174905
1 175036
1 175125
1 175269
1 175355
1 175426
1 175509
1 175623
1 175784
1 175806
1 175911
1 176084
1 176181
1 176209
1 176315
1 176426
1 176508
1 176690
1 176789
1 176831
1 176961
1 177094
1 177164
1 177293
1 177356
1 177458
1 177505
1 177687
1 177709
1 177896
1 177959
1 178035
1 178114
1 178211
1 178383
1 178451
1 178505
1 178640
1 178779
1 178855
1 178988
1 179019
1 179197
1 179297
1 179366
1 179429
1 179583
1 179607
1 179788
1 179862
1 179971
1 180088
1 180105
1 180209
1 180359
1 180407
1 180501
1 180674
1 180715
1 180842
1 180958
1 181046
1 181195
1 181206
1 181337
1 181499
1 181586
1 181652
1 181709
1 181804
1 181985
1 182015
1 182165
1 182249
1 182389
1 182470
1 182582
1 182635
1 182764
1 182889
1 182924
1 183068
1 183100
1 183239
1 183318
1 183473
1 183579
1 183661
1 183717
1 183806
1 183924
1 184090
1 184143
1 184231
1 184385
1 184444
1 184588
1 184694
1 184789
1 184882
1 184999
1 185009
1 185176
1 185280
1 185378
1 185433
1 185564
1 185616
1 185775
1 185806
1 185947
1 186043
1 186163
1 186279
1 186308
1 186488
1 186506
1 186640
1 186788
1 186811
1 186974
1 187042
1 187162
1 187212
1 187359
1 187468
1 187506
1 187678
1 187797
1 187891
1 187955
1 188088
1 188100
1 188224
1 188380
1 188436
1 188554
1 188660
1 188753
1 188835
1 188940
1 189049
1 189150
1 189207
1 189370
1 189464
1 189538
1 189676
1 189766
1 189842
1 189933
1 190027
1 190111
1 190223
1 190316
1 190479
1 190548
1 190603
1 190770
1 190899
1 190915
1 191086
1 191152
1 191257
1 191334
1 191494
1 191513
1 191687
1 191796
1 191870
1 191947
1 192019
1 192116
1 192298
1 192327
1 192478
1 192534
1 192697
1 192738
1 192886
1 192993
1 193089
1 193142
1 193295
1 193341
1 193439
1 193529
1 193652
1 193798
1 193808
1 193921
1 194065
1 194116
1 194278
1 194358
1 194415
1 194517
1 194641
1 194768
1 194850
1 194974
1 195056
1 195195
1 195246
1 195388
1 195410
1 195562
1 195623
1 195761
1 195850
1 195963
1 196036
1 196177
1 196264
1 196329
1 196413
1 196543
1 196634
1 196704
1 196880
1 196940
1 197079
1 197135
1 197298
1 197391
1 197465
1 197560
1 197626
1 197763
1 197863
1 197925
1 198054
1 198130
1 198262
1 198303
1 198486
1 198585
1 198674
1 198774
1 198868
1 198978
1 199099
1 199180
1 199288
1 199302
1 199430
1 199587
1 199694
1 199770
1 199802
1 199901
1 200099
1 200151
1 200241
1 200323
1 200481
1 200554
1 200649
1 200750
1 200896
1 200978
1 201035
1 201145
1 201246
1 201374
1 201482
1 201534
1 201695
1 201782
1 201800
1 201913
1 202005
1 202135
1 202222
1 202359
1 202439
1 202549
1 202624
1 202796
1 202864
1 202943
1 203089
1 203138
1 203237
1 203355
1 203445
1 203525
1 203665
1 203737
1 203833
1 203929
1 204066
1 204165
1 204208
1 204373
1 204484
1 204590
1 204664
1 204711
1 204820
1 204900
1 205029
1 205163
1 205291
1 205398
1 205496
1 205582
1 205627
1 205792
1 205861
1 205915
1 206065
1 206154
1 206293
1 206391
1 206411
1 206519
1 206668
1 206718
1 206862
1 206994
1 207021
1 207107
1 207219
1 207323
1 207410
1 207535
1 207640
1 207728
1 207806
1 207914
1 208097
1 208104
1 208227
1 208341
1 208446
1 208557
1 208602
1 208735
1 208829
1 208902
1 209032
1 209188
1 209252
1 209366
1 209464
1 209593
1 209625
1 209756
1 209816
1 209909
1 210049
1 210198
1 210219
1 210300
1 210476
1 210544
1 210646
1 210742
1 210802
1 210912
1 211058
1 211179
1 211250
1 211305
1 211485
1 211596
1 211654
1 211720
1 211822
1 211914
1 212060
1 212147
1 212206
1 212342
1 212493
1 212511
1 212601
1 212735
1 212874
1 212926
1 213018
1 213139
1 213268
1 213343
1 213434
1 213533
1 213698
1 213717
1 213896
1 213986
1 214071
1 214134
1 214221
1 214302
1 214494
1 214560
1 214623
1 214710
1 214864
1 214917
1 215038
1 215124
1 215275
1 215386
1 215426
1 215586
1 215672
1 215792
1 215857
1 215968
1 216041
1 216132
1 216231
1 216382
1 216425
1 216544
1 216675
1 216737
1 216883
1 216927
1 217019
1 217143
1 217262
1 217357
1 217449
1 217536
1 217630
1 217770
1 217886
1 217999
1 218088
1 218197
1 218235
1 218374
1 218468
1 218577
1 218613
1 218711
1 218885
1 218982
1 219036
1 219197
1 219299
1 219323
1 219440
1 219544
1 219688
1 219735
1 219853
1 219954
1 220070
1 220153
1 220248
1 220371
1 220404
1 220515
1 220647
1 220792
1 220852
1 220981
1 221046
1 221110
1 221202
1 221329
1 221401
1 221585
1 221672
1 221771
1 221864
1 221993
1 222045
1 222125
1 222294
1 222387
1 222408
1 222594
1 222654
1 222764
1 222891
1 222972
1 223080
1 223131
1 223237
1 223369
1 223494
1 223511
1 223641
1 223712
1 223870
1 223939
1 224039
1 224187
1 224202
1 224323
1 224447
1 224504
1 224621
1 224782
1 224858
1 224917
1 225055
1 225188
1 225276
1 225335
1 225438
1 225562
1 225619
1 225785
1 225811
1 225915
1 226032
1 226128
1 226270
1 226324
1 226400
1 226545
1 226644
1 226787
1 226829
1 226922
1 227026
1 227102
1 227263
1 227325
1 227479
1 227552
1 227627
1 227732
1 227887
1 227902
1 228039
1 228156
1 228234
1 228338
1 228418
1 228596
1 228625
1 228701
1 228872
1 228981
1 229074
1 229100
1 229272
1 229301
1 229437
1 229596
1 229614
1 229747
1 229863
1 229906
1 230041
1 230189
1 230276
1 230367
1 230481
1 230577
1 230629
1 230744
1 230811
1 230944
1 231088
1 231186
1 231264
1 231326
1 231430
1 231565
1 231623
1 231763
1 231867
1 231943
1 232096
1 232112
1 232233
1 232358
1 232437
1 232505
1 232699
1 232720
1 232874
1 232935
1 233090
1 233158
1 233261
1 233327
1 233429
1 233576
1 233642
1 233772
1 233830
1 233977
1 234032
1 234190
1 234218
1 234384
1 234421
1 234561
1 234646
1 234775
1 234861
1 234960
1 235025
1 235184
1 235207
1 235355
1 235405
1 235560
1 235617
1 235778
1 235874
1 235973
1 236014
1 236165
1 236243
1 236315
1 236489
1 236522
1 236648
1 236728
1 236883
1 236984
1 237086
1 237163
1 237287
1 237343
1 237471
1 237555
1 237640
1 237790
1 237863
1 237958
1 238011
1 238182
1 238212
1 238377
1 238413
1 238530
1 238633
1 238707
1 238865
1 238975
1 239082
1 239144
1 239207
1 239388
1 239416
1 239532
1 239638
1 239730
1 239847
1 239981
1 240031
1 240130
1 240230
1 240347
1 240436
1 240594
1 240642
1 240765
1 240888
1 240935
1 241037
1 241184
1 241270
1 241396
1 241493
1 241535
1 241610
1 241704
1 241886
1 241938
1 242099
1 242173
1 242244
1 242327
1 242464
1 242551
1 242677
1 242747
1 242837
1 242974
1 243092
1 243151
1 243201
1 243376
1 243420
1 243506
1 243605
1 243754
1 243829
1 243988
1 244070
1 244117
1 244201
1 244309
1 244447
1 244537
1 244684
1 244726
1 244882
1 244989
1 245061
1 245119
1 245202
1 245369
1 245483
1 245525
1 245636
1 245796
1 245875
1 245981
1 246027
1 246153
1 246200
1 246311
1 246497
1 246530
1 246639
1 246751
1 246881
1 246956
1 247030
1 247105
1 247233
1 247350
1 247466
1 247569
1 247666
1 247710
1 247855
1 247979
1 248004
1 248142
1 248280
1 248354
1 248419
1 248581
1 248624
1 248748
1 248814
1 248959
1 249032
1 249138
1 249263
1 249331
1 249440
1 249593
1 249613
1 249747
1 249800
1 249925
1 250019
1 250153
1 250246
1 250305
1 250460
1 250543
1 250617
1 250784
1 250866
1 250993
1 251023
1 251177
1 251237
1 251364
1 251494
1 251576
1 251660
1 251747
1 251893
1 251915
1 252025
1 252174
1 252247
1 252304
1 252416
1 252546
1 252632
1 252784
1 252831
1 252928
1 253039
1 253103
1 253235
1 253318
1 253478
1 253585
1 253676
1 253702
1 253819
1 253958
1 254096
1 254132
1 254260
1 254365
1 254435
1 254505
1 254678
1 254753
1 254800
1 254924
1 255018
1 255152
1 255239
1 255368
1 255498
1 255548
1 255669
1 255704
1 255848
1 255933
1 256023
1 256117
1 256221
1 256395
1 256411
1 256543
1 256631
1 256752
1 256842
1 256927
1 257011
1 257177
1 257225
1 257344
1 257488
1 257542
1 257639
1 257756
1 257834
1 257985
1 258076
1 258191
1 258229
1 258392
1 258462
1 258564
1 258638
1 258723
1 258821
1 258982
1 259011
1 259144
1 259249
1 259305
1 259437
1 259541
1 259691
1 259742
1 259810
1 259917
1 260061
1 260114
1 260208
1 260308
1 260431
1 260516
1 260683
1 260767
1 260878
1 260957
1 261092
1 261105
1 261291
1 261347
1 261455
1 261578
1 261640
1 261780
1 261895
1 261963
1 262083
1 262129
1 262297
1 262379
1 262459
1 262529
1 262604
1 262717
1 262886
1 262949
1 263020
1 263101
1 263274
1 263353
1 263405
1 263502
1 263608
1 263707
1 263869
1 263957
1 264072
1 264190
1 264207
1 264379
1 264411
1 264510
1 264629
1 264758
1 264859
1 264930
1 265076
1 265186
1 265281
1 265361
1 265431
1 265558
1 265692
1 265770
1 265866
1 265929
1 266067
1 266119
1 266270
1 266333
1 266459
1 266533
1 266669
1 266795
1 266865
1 266943
1 267024
1 267186
1 267229
1 267385
1 267462
1 267505
1 267666
1 267720
1 267886
1 267991
1 268044
1 268124
1 268263
1 268393
1 268456
1 268567
1 268693
1 268760
1 268875
1 268953
1 269093
1 269118
1 269273
1 269325
1 269470
1 269549
1 269636
1 269733
1 269847
1 269903
1 270024
1 270124
1 270277
1 270386
1 270446
1 270516
1 270665
1 270715
1 270851
1 270936
1 271060
1 271141
1 271256
1 271365
1 271416
1 271567
1 271661
1 271705
1 271811
1 271921
1 272026
1 272152
1 272284
1 272355
1 272405
1 272562
1 272631
1 272792
1 272863
1 272931
1 273062
1 273125
1 273221
1 273318
1 273409
1 273546
1 273611
1 273702
1 273852
1 273973
1 274025
1 274139
1 274290
1 274382
1 274400
1 274554
1 274670
1 274774
1 274865
1 274905
1 275067
1 275133
1 275251
1 275383
1 275460
1 275548
1 275629
1 275746
1 275867
1 275916
1 276037
1 276199
1 276212
1 276345
1 276406
1 276564
1 276651
1 276714
1 276897
1 276909
1 277084
1 277175
1 277210
1 277328
1 277413
1 277594
1 277615
1 277785
1 277838
1 277964
1 278051
1 278164
1 278293
1 278349
1 278444
1 278509
1 278673
1 278733
1 278874
1 278912
1 279091
1 279179
1 279293
1 279305
1 279472
1 279527
1 279644
1 279770
1 279886
1 279996
1 280071
1 280146
1 280250
1 280353
1 280492
1 280525
1 280670
1 280766
1 280884
1 280948
1 281008
1 281167
1 281214
1 281354
1 281475
1 281578
1 281689
1 281737
1 281899
1 281984
1 282034
1 282115
1 282219
1 282349
1 282407
1 282512
1 282696
1 282720
1 282813
1 282917
1 283051
1 283154
1 283285
1 283370
1 283465
1 283567
1 283622
1 283769
1 283802
1 283994
1 284025
1 284129
1 284246
1 284398
1 284465
1 284512
1 284648
1 284787
1 284861
1 284922
1 285042
1 285102
1 285266
1 285332
1 285470
1 285502
1 285693
1 285778
1 285812
1 285955
1 286006
1 286155
1 286232
1 286311
1 286482
1 286580
1 286671
1 286715
1 286815
1 286923
1 287054
1 287182
1 287297
1 287309
1 287494
1 287555
1 287629
1 287749
1 287899
1 287901
1 288020
1 288161
1 288231
1 288326
1 288493
1 288558
1 288662
1 288720
1 288804
1 288957
1 289025
1 289145
1 289228
1 289303
1 289466
1 289544
1 289694
1 289724
1 289835
1 289923
1 290050
1 290167
1 290269
1 290343
1 290499
1 290564
1 290670
1 290719
1 290844
1 290946
1 291068
1 291103
1 291218
1 291397
1 291423
1 291525
1 291600
1 291711
1 291815
1 291994
1 292032
1 292197
1 292216
1 292388
1 292402
1 292552
1 292645
1 292790
1 292842
1 292992
1 293053
1 293154
1 293269
1 293304
1 293495
1 293597
1 293665
1 293765
1 293870
1 293951
1 294062
1 294154
1 294244
1 294333
1 294496
1 294521
1 294600
1 294702
1 294837
1 294928
1 295053
1 295124
1 295210
1 295342
1 295445
1 295562
1 295660
1 295763
1 295809
1 295944
1 296035
1 296121
1 296246
1 296300
1 296480
1 296555
1 296679
1 296770
1 296874
1 296980
1 297064
1 297199
1 297251
1 297392
1 297472
1 297589
1 297682
1 297767
1 297873
1 297991
1 298018
1 298165
1 298299
1 298316
1 298406
1 298533
1 298646
1 298730
1 298853
1 298967
1 299051
1 299158
1 299273
1 299394
1 299461
1 299590
1 299653
1 299763
1 299871
1 299900
1 300039
0 300171
0 300203
0 300390
0 300491
0 300552
0 300643
0 300729
0 300896
0 300914
0 301077
0 301161
0 301220
0 301301
0 301478
0 301584
0 301631
0 301704
0 301831
0 301938
0 302042
0 302165
0 302216
0 302342
0 302443
0 302537
0 302673
0 302781
0 302824
0 302991
0 303022
0 303128
0 303214
0 303395
0 303409
0 303536
0 303677
0 303797
0 303803
0 303965
0 304045
0 304188
0 304276
0 304313
0 304487
0 304532
0 304618
0 304751
0 304834
0 304984
0 305088
0 305112
0 305205
0 305329
0 305499
0 305564
0 305622
0 305724
0 305883
0 305967
0 306092
0 306122
0 306285
0 306306
0 306493
0 306505
0 306685
0 306731
0 306818
0 306957
0 307050
0 307170
0 307225
0 307358
0 307458
0 307580
0 307624
0 307779
0 307846
0 307946
0 308001
0 308101
0 308281
0 308363
0 308433
0 308502
0 308649
0 308750
0 308877
0 308972
0 309019
0 309173
0 309219
0 309359
0 309415
0 309593
0 309608
0 309748
0 309808
0 309953
0 310037
0 310135
0 310232
0 310373
0 310422
0 310540
0 310639
0 310729
0 310802
0 310978
0 311093
0 311107
0 311259
0 311373
0 311451
0 311586
0 311630
0 311794
0 311865
0 311983
0 312063
0 312145
0 312234
0 312357
0 312433
0 312525
0 312666
0 312755
0 312830
0 312969
0 313034
0 313161
0 313270
0 313303
0 313448
0 313563
0 313611
0 313796
0 313862
0 313960
0 314054
0 314188
0 314291
0 314380
0 314474
0 314518
0 314617
0 314755
0 314816
0 314990
0 315098
0 315105
0 315224
0 315351
0 315410
0 315508
0 315626
0 315766
0 315896
0 315968
0 316068
0 316106
0 316292
0 316398
0 316469
0 316505
0 316650
0 316783
0 316855
0 316932
0 317095
0 317104
0 317279
0 317390
0 317472
0 317519
0 317652
0 317746
0 317873
0 317932
0 318023
0 318141
0 318249
0 318315
0 318493
0 318545
0 318653
0 318752
0 318852
0 318944
0 319065
0 319114
0 319273
0 319393
0 319491
0 319589
0 319600
0 319753
0 319841
0 319937
0 320007
0 320199
0 320234
0 320327
0 320439
0 320582
0 320672
0 320784
0 320835
0 320965
0 321089
0 321156
0 321299
0 321372
0 321472
0 321569
0 321692
0 321725
0 321897
0 321944
0 322032
0 322145
0 322233
0 322382
0 322433
0 322559
0 322615
0 322743
0 322840
0 322931
0 323077
0 323186
0 323210
0 323394
0 323401
0 323526
0 323662
0 323784
0 323826
0 323945
0 324006
0 324176
0 324213
0 324354
0 324405
0 324576
0 324674
0 324783
0 324834
0 324936
0 325003
0 325174
0 325248
0 325374
0 325462
0 325571
0 325675
0 325730
0 325824
0 325952
0 326084
0 326192
0 326263
0 326349
0 326493
0 326559
0 326645
0 326733
0 326836
0 326936
0 327074
0 327179
0 327289
0 327376
0 327470
0 327532
0 327617
0 327717
0 327811
0 327929
0 328018
0 328168
0 328257
0 328363
0 328448
0 328555
0 328615
0 328786
0 328866
0 328924
0 329055
0 329188
0 329239
0 329361
0 329456
0 329501
0 329678
0 329783
0 329841
0 329909
0 330018
0 330198
0 330253
0 330370
0 330442
0 330559
0 330659
0 330781
0 330823
0 330928
0 331092
0 331138
0 331234
0 331356
0 331473
0 331566
0 331644
0 331735
0 331859
0 331941
0 332011
0 332158
0 332224
0 332309
0 332425
0 332532
0 332667
0 332779
0 332873
0 332997
0 333090
0 333152
0 333225
0 333352
0 333405
0 333511
0 333668
0 333712
0 333857
0 333975
0 334027
0 334115
0 334277
0 334397
0 334460
0 334582
0 334691
0 334772
0 334811
0 334979
0 335059
0 335158
0 335255
0 335341
0 335419
0 335555
0 335679
0 335770
0 335857
0 335972
0 336076
0 336180
0 336222
0 336391
0 336441
0 336598
0 336673
0 336702
0 336804
0 336918
0 337019
0 337169
0 337247
0 337353
0 337477
0 337554
0 337665
0 337769
0 337877
0 337900
0 338089
0 338173
0 338284
0 338366
0 338481
0 338581
0 338609
0 338747
0 338851
0 338909
0 339037
0 339133
0 339275
0 339355
0 339490
0 339587
0 339611
0 339758
0 339801
0 339951
0 340029
0 340156
0 340275
0 340301
0 340413
0 340586
0 340656
0 340711
0 340805
0 340990
0 341025
0 341104
0 341283
0 341324
0 341404
0 341502
0 341613
0 341777
0 341836
0 341991
0 342002
0 342155
0 342272
0 342367
0 342445
0 342592
0 342676
0 342735
0 342847
0 342973
0 343034
0 343175
0 343261
0 343300
0 343432
0 343595
0 343673
0 343730
0 343829
0 343930
0 344025
0 344162
0 344255
0 344369
0 344459
0 344559
0 344690
0 344710
0 344811
0 344926
0 345021
0 345176
0 345212
0 345384
0 345477
0 345542
0 345653
0 345704
0 345889
0 345963
0 346025
0 346105
0 346220
0 346397
0 346455
0 346519
0 346672
0 346753
0 346885
0 346970
0 347062
0 347131
0 347261
0 347345
0 347412
0 347515
0 347650
0 347724
0 347816
0 347944
0 348078
0 348121
0 348260
0 348371
0 348472
0 348541
0 348620
0 348779
0 348852
0 348951
0 349062
0 349131
0 349281
0 349337
0 349407
0 349548
0 349607
0 349777
0 349856
0 349964
0 350022
0 350164
0 350273
0 350391
0 350437
0 350547
0 350670
0 350794
0 350851
0 350988
0 351056
0 351163
0 351252
0 351349
0 351427
0 351530
0 351688
0 351743
0 351820
0 351961
0 352086
0 352137
0 352257
0 352332
0 352421
0 352570
0 352647
0 352769
0 352852
0 352935
0 353021
0 353197
0 353274
0 353337
0 353432
0 353545
0 353665
0 353720
0 353828
0 353989
0 354024
0 354138
0 354286
0 354337
0 354414
0 354591
0 354671
0 354791
0 354879
0 354977
0 355046
0 355126
0 355287
0 355312
0 355462
0 355591
0 355610
0 355729
0 355890
0 355905
0 356062
0 356147
0 356279
0 356305
0 356441
0 356586
0 356659
0 356786
0 356848
0 356963
0 357011
0 357118
0 357291
0 357381
0 357484
0 357541
0 357680
0 357726
0 357818
0 357971
0 358079
0 358198
0 358220
0 358372
0 358477
0 358573
0 358691
0 358769
0 358881
0 358955
0 359090
0 359113
0 359252
0 359364
0 359420
0 359524
0 359640
0 359778
0 359827
0 359965
0 360077
0 360117
0 360273
0 360332
0 360441
0 360547
0 360629
0 360759
0 360808
0 360927
0 361073
0 361174
0 361237
0 361335
0 361417
0 361552
0 361667
0 361759
0 361884
0 361955
0 362027
0 362113
0 362203
0 362355
0 362471
0 362531
0 362611
0 362773
0 362800
0 362950
0 363061
0 363191
0 363231
0 363372
0 363493
0 363513
0 363627
0 363784
0 363802
0 363983
0 364095
0 364161
0 364213
0 364384
0 364414
0 364585
0 364660
0 364780
0 364856
0 364956
0 365009
0 365176
0 365209
0 365387
0 365485
0 365502
0 365612
0 365790
0 365893
0 365952
0 366066
0 366110
0 366236
0 366329
0 366480
0 366560
0 366675
0 366777
0 366864
0 366961
0 367085
0 367113
0 367275
0 367394
0 367496
0 367569
0 367686
0 367716
0 367827
0 367925
0 368033
0 368196
0 368260
0 368386
0 368449
0 368580
0 368695
0 368732
0 368803
0 368977
0 369087
0 369146
0 369295
0 369336
0 369480
0 369504
0 369683
0 369762
0 369853
0 369973
0 370033
0 370167
0 370263
0 370355
0 370423
0 370584
0 370653
0 370780
0 370844
0 370965
0 371046
0 371116
0 371277
0 371356
0 371458
0 371578
0 371636
0 371717
0 371891
0 371931
0 372014
0 372123
0 372288
0 372322
0 372460
0 372576
0 372671
0 372797
0 372886
0 372900
0 373086
0 373182
0 373278
0 373312
0 373421
0 373526
0 373652
0 373785
0 373894
0 373949
0 374091
0 374142
0 374296
0 374338
0 374452
0 374557
0 374649
0 374773
0 374820
0 374943
0 375036
0 375194
0 375252
0 375356
0 375469
0 375529
0 375647
0 375750
0 375841
0 375950
0 376027
0 376146
0 376257
0 376318
0 376409
0 376526
0 376646
0 376747
0 376814
0 376946
0 377005
0 377193
0 377247
0 377324
0 377408
0 377535
0 377617
0 377766
0 377807
0 377927
0 378018
0 378123
0 378291
0 378322
0 378465
0 378599
0 378679
0 378701
0 378857
0 378944
0 379070
0 379158
0 379230
0 379312
0 379480
0 379528
0 379696
0 379759
0 379827
0 379950
0 380002
0 380114
0 380248
0 380311
0 380442
0 380562
0 380665
0 380709
0 380815
0 380996
0 381033
0 381129
0 381208
0 381342
0 381423
0 381525
0 381638
0 381767
0 381843
0 381951
0 382003
0 382120
0 382293
0 382378
0 382410
0 382561
0 382693
0 382792
0 382878
0 382981
0 383054
0 383174
0 383245
0 383327
0 383462
0 383585
0 383624
0 383774
0 383803
0 383919
0 384081
0 384105
0 384252
0 384399
0 384434
0 384506
0 384696
0 384721
0 384896
0 384975
0 385063
0 385180
0 385214
0 385307
0 385494
0 385523
0 385671
0 385797
0 385861
0 385923
0 386054
0 386184
0 386218
0 386364
0 386413
0 386523
0 386662
0 386779
0 386853
0 386950
0 387006
0 387182
0 387238
0 387396
0 387419
0 387592
0 387605
0 387741
0 387878
0 387935
0 388005
0 388131
0 388219
0 388367
0 388433
0 388503
0 388611
0 388763
0 388805
0 388971
0 389075
0 389165
0 389290
0 389378
0 389414
0 389575
0 389615
0 389731
0 389840
0 389940
0 390004
0 390151
0 390212
0 390373
0 390498
0 390518
0 390613
0 390795
0 390891
0 390993
0 391038
0 391100
0 391266
0 391338
0 391465
0 391576
0 391616
0 391781
0 391831
0 391928
0 392095
0 392179
0 392254
0 392399
0 392413
0 392595
0 392635
0 392770
0 392899
0 392977
0 393064
0 393100
0 393264
0 393305
0 393410
0 393525
0 393663
0 393764
0 393841
0 393927
0 394029
0 394129
0 394248
0 394357
0 394422
0 394595
0 394633
0 394755
0 394833
0 394979
0 395095
0 395105
0 395210
0 395363
0 395442
0 395533
0 395618
0 395788
0 395879
0 395918
0 396052
0 396184
0 396281
0 396370
0 396438
0 396515
0 396641
0 396728
0 396822
0 396973
0 397036
0 397141
0 397218
0 397336
0 397479
0 397555
0 397655
0 397797
0 397832
0 397931
0 398070
0 398109
0 398294
0 398337
0 398411
0 398510
0 398611
0 398713
0 398861
0 398927
0 399043
0 399196
0 399298
0 399368
0 399411
0 399547
0 399641
0 399751
0 399896
0 399931
0 400055
