954
102828 4 316 697 832 681
692505 3 325 781 495
1213951 2 404 352
3029205 2 674 520
3138055 3 375 868 319
5356834 5 483 2 100 117 835
5398565 4 1 881 245 478
5919167 1 525
6012193 7 277 81 747 868 165 622 642
6394701 4 494 21 750 888
8066755 4 165 566 360 484
8690765 1 463
9347604 2 74 327
9536422 7 373 113 325 105 867 427 739
10838372 3 839 897 315
17231716 2 44 524
17898951 3 46 728 985
18560549 3 831 52 24
19345596 4 813 153 736 261
19692662 3 184 182 267
20857320 4 478 166 122 263
20970566 4 46 615 165 602
23358406 1 615
27397000 6 85 735 306 168 266 762
27586815 3 387 261 63
29270556 2 884 312
29440094 1 466
29532649 2 265 533
29604541 4 901 525 833 439
29740355 2 613 512
30356335 3 824 829 71
31346925 3 885 359 842
33230332 5 122 195 276 466 908
35359775 3 584 501 327
37113199 4 638 941 935 512
37590763 5 264 794 864 941 260
37852292 3 166 729 737
39104390 4 350 14 183 191
39477720 2 821 726
40125205 1 226
41884347 2 868 330
43708902 4 985 209 330 889
44363427 4 887 108 539 184
44488578 2 654 333
44505073 5 195 739 338 392 261
44664427 3 900 696 847
44793198 9 88 790 188 599 858 404 685 259 743
47764682 3 746 542 746
48837830 2 218 135
49636972 6 438 249 780 339 401 947
49670532 4 423 538 305 878
49766127 1 825
50783714 2 762 168
51062747 4 184 656 813 912
51451749 3 62 156 849
54398937 1 667
55085308 4 660 556 240 109
55227323 3 571 61 259
56280209 4 996 24 375 350
56738920 4 578 148 887 658
56852130 2 216 483
57828150 2 333 372
57977681 4 350 506 62 293
61861950 3 527 488 744
62960678 1 66
67164822 5 969 169 572 372 213
70194085 6 495 99 551 637 806 264
70571950 3 863 135 673
71660584 1 408
74268705 4 236 871 501 175
74274490 2 806 162
75070844 6 984 27 562 728 153 164
79071252 8 941 864 253 437 27 298 253 892
79193305 3 351 383 824
83717975 4 105 403 180 299
84300180 1 338
86009981 1 601
86200122 2 983 580
86271397 3 844 157 891
86338711 7 210 305 518 512 928 867 205
86385220 2 376 756
88997667 1 350
90343664 4 913 712 210 295
94777195 5 387 639 165 935 335
95181862 2 505 535
99521417 2 62 825
100653514 2 734 739
103535427 2 987 804
104430760 2 198 263
105648443 4 741 552 421 734
106727633 4 508 967 298 936
111692517 3 14 425 993
112081411 2 161 421
112949885 1 905
112974499 4 900 447 62 633
112980431 5 655 333 916 827 182
113128187 2 450 493
114448437 2 304 461
115684114 2 163 284
116367131 6 372 634 599 111 584 16
119182458 2 15 577
120222835 2 704 339
120758073 6 465 232 200 935 650 55
121398184 4 358 829 268 713
121684704 2 443 763
123922485 2 768 15
124024885 4 162 473 23 102
124171426 2 49 698
124944194 3 551 494 46
125019484 1 838
126552668 2 15 209
127003086 3 664 77 615
127535986 5 687 518 622 246 713
127975922 2 989 692
128990278 4 451 6 54 470
134421924 1 182
134469951 3 238 920 550
136326005 2 670 804
136784403 4 18 205 198 901
136819418 2 390 581
142446092 2 595 971
144856303 5 84 68 182 571 478
145170987 4 972 585 595 642
146781098 5 482 64 900 786 590
147597298 3 377 179 520
147793060 4 639 648 741 726
148918825 4 457 82 840 731
149367985 2 782 659
149384188 3 351 990 613
149637138 2 346 735
149711259 3 716 833 264
149845496 5 627 911 371 985 239
151887224 6 326 585 128 252 918 245
152256212 4 760 389 775 220
154992150 2 943 960
155936179 6 81 739 596 133 428 869
156627977 4 438 961 352 132
157111699 2 777 609
158269320 3 181 632 70
158353586 2 694 215
158794229 1 456
159161074 2 686 8
161130758 4 958 881 942 351
161750556 1 583
165122122 4 77 483 639 683
165432352 5 512 979 768 38 750
165920114 6 504 339 734 527 932 222
166286747 1 313
166510456 3 155 274 95
167197082 1 206
168378352 2 259 622
169196983 2 301 737
169300559 2 629 99
169703719 2 371 520
171498719 3 305 860 351
172357341 4 825 56 345 864
172501792 6 466 382 87 73 269 916
173153883 4 995 346 774 346
175897502 3 395 520 556
177144037 3 781 525 478
177425285 3 648 553 990
179899938 3 650 649 358
180069243 3 563 206 453
180370569 3 146 634 536
180755908 6 239 493 404 648 633 444
181415117 1 556
181435048 3 634 350 844
184875597 5 804 945 472 579 215
185873819 3 313 913 132
185940389 3 257 490 346
186144501 4 194 299 195 618
186194406 2 737 75
186286245 4 70 408 841 218
186783264 2 568 337
187068629 5 321 264 357 897 28
187250180 2 495 905
187756411 4 966 984 841 353
188404388 3 53 111 775
188499529 2 822 510
190042713 5 84 205 333 102 213
190211322 5 244 890 994 284 191
192992441 1 542
193058637 2 252 51
194727713 5 527 375 622 943 239
199919032 4 524 669 205 440
201201255 3 637 12 449
202514007 5 806 394 206 15 792
204863053 1 595
205719404 3 32 945 692
205899784 2 621 146
205917592 2 540 647
206676954 1 559
208825723 2 333 336
208860755 3 219 433 312
210581384 1 340
211067062 4 54 613 542 357
211574410 2 982 54
211658678 5 944 244 596 934 305
212249524 1 18
212366001 2 376 612
214541982 4 68 373 427 790
215846060 4 790 332 838 894
216381097 3 94 84 248
221655745 5 340 195 659 357 545
223081153 5 261 148 339 664 700
223756518 2 239 930
224725248 4 635 889 215 26
225346029 1 27
227114059 2 338 941
228169611 3 159 882 841
231333170 5 305 397 78 264 18
231479310 1 321
233331319 4 803 985 118 263
233832969 3 495 502 41
234980719 5 756 170 729 986 180
237585274 3 60 972 247
241007352 6 887 527 466 354 984 444
241027616 4 220 284 56 891
242003868 4 513 955 955 440
242509681 3 348 659 963
242983348 5 306 527 992 145 108
244382760 4 148 85 339 476
253133875 1 9
254953836 3 194 840 836
256311462 6 42 106 323 108 984 345
256714355 3 447 168 277
257137184 2 195 18
257174583 1 631
257485261 4 210 182 185 658
258684490 4 376 867 80 210
258733437 6 478 415 366 990 956 502
258970244 4 761 18 148 970
260619346 3 664 390 822
261045271 7 949 734 991 587 636 36 404
261161741 4 342 739 456 617
263890179 6 132 350 198 135 177 929
263894420 6 501 801 552 324 252 824
265388684 2 483 268
266222001 2 882 148
266977404 2 66 805
267019168 3 462 174 54
267119676 4 716 734 327 10
267726113 1 605
270341180 3 483 449 198
272271474 3 606 281 45
272665535 3 884 111 721
273284192 1 843
273689454 2 876 713
273941325 2 546 643
275469838 2 441 249
276909751 6 203 472 502 350 701 41
277764390 3 26 438 487
278355687 3 850 431 170
279222462 2 825 739
279832158 4 907 881 37 990
280102946 3 401 946 763
280791631 1 858
283119655 2 195 252
284936168 1 676
285418747 3 618 790 652
285709171 3 886 423 298
288780081 3 781 586 556
292410400 3 134 755 268
292873288 4 910 74 375 726
294150837 1 806
294858500 1 50
294898107 1 231
295373539 4 457 671 215 527
296181092 2 188 90
297489205 2 142 232
300757587 5 929 313 289 622 63
302560134 3 431 929 992
304100998 5 929 399 500 841 969
304252102 4 483 853 601 298
305904435 2 827 397
308639432 2 492 804
308804118 2 636 46
310820642 6 875 804 630 13 669 842
310852959 4 136 337 106 263
311870373 3 474 586 544
313541461 4 293 90 782 132
313680515 6 379 284 766 122 665 18
313709497 2 425 576
313838885 5 968 979 351 166 734
314656795 4 452 825 516 843
315069753 2 56 542
315308129 5 184 499 926 761 572
316693387 4 566 426 863 859
316783002 3 224 23 846
317495713 6 27 233 567 353 551 729
318350393 2 478 533
318352286 4 445 198 711 340
319232734 2 675 586
319505995 5 895 474 713 994 896
320654376 2 828 195
320709439 3 956 289 325
322686207 2 305 750
322782084 1 806
323083978 1 313
325770304 4 268 584 879 325
326473184 2 122 446
327405663 2 986 121
328322157 2 976 435
329299001 3 951 376 24
330967691 3 869 981 72
332152485 3 353 947 377
333840278 6 68 876 583 325 397 943
334756261 5 387 746 495 761 907
335819526 3 527 209 12
336136741 4 885 283 772 672
336821524 4 94 964 518 108
337357124 1 414
337572635 5 551 676 46 253 624
338112112 3 253 695 755
338276469 1 50
338747036 5 205 30 972 824 338
339597714 5 111 576 313 26 572
340639459 1 517
340989180 2 267 954
342041644 1 686
343934534 2 506 410
344867914 2 929 802
344896506 1 495
345042246 2 908 149
348839848 1 636
349528375 2 994 712
350892078 4 455 264 463 520
352200848 7 145 884 375 118 269 88 868
353841263 4 825 474 197 653
353992376 6 37 488 703 66 560 504
356716389 5 108 187 986 466 408
358044814 4 729 606 438 998
358229542 2 889 737
359889894 3 218 210 785
360318269 3 622 245 265
360686499 1 261
361181301 3 737 452 589
366373344 6 246 449 235 14 196 102
366393407 3 579 192 658
367005296 2 507 946
367404165 1 116
367680505 6 120 527 592 710 639 575
368899869 4 15 723 555 629
371790719 4 108 267 533 293
372109116 3 5 733 395
372402875 1 122
372515492 5 342 465 602 126 512
376159595 3 959 790 350
376234427 2 926 894
376243020 4 983 250 379 424
376274549 1 501
377351154 1 192
379052440 2 164 555
379277031 2 431 232
379997477 3 312 844 73
381381564 2 666 587
382182492 2 983 398
384122778 1 102
385644508 8 601 263 927 53 412 311 821 253
386443074 4 144 252 784 632
389091143 3 377 816 696
389216615 5 369 816 265 619 430
391444087 1 400
392643048 4 157 838 327 876
394487521 12 423 970 575 346 576 579 839 295 762 579 524 824
395019288 4 198 766 553 457
397135973 3 350 909 750
397333142 1 214
397559362 5 181 746 525 363 14
402028492 3 34 321 250
402117251 3 111 553 425
403777305 1 901
404338315 2 730 455
405171266 4 812 352 970 804
406122450 2 335 468
406331796 3 579 339 72
406953295 5 943 459 622 873 134
406957489 4 214 133 718 361
407603922 2 598 14
409967935 1 170
411278563 2 880 901
411999511 4 208 821 869 693
412166988 3 14 929 861
414245340 2 122 710
415547012 3 313 995 654
416685893 4 756 111 40 584
417974964 3 327 376 376
418459123 3 583 757 711
419564778 5 99 210 366 790 885
419587950 5 711 859 793 325 279
419870755 2 219 134
422198939 3 926 218 727
423908465 1 217
424686438 2 471 613
427653804 4 800 264 788 495
428757710 1 14
430181768 6 328 355 854 778 850 986
431293651 6 64 703 519 897 24 53
431508199 4 935 299 149 235
432134675 1 206
432307835 2 284 325
432352154 1 55
432773781 1 628
433658300 3 531 952 244
434644206 4 596 54 205 601
437718579 3 312 659 520
438303049 3 644 215 185
440520344 2 331 14
441739817 4 117 334 556 632
441820690 1 649
443859701 1 622
444350481 5 976 421 332 755 745
444901821 5 399 30 431 661 12
445408332 2 616 694
445516424 1 649
445551640 1 192
446690026 2 692 825
450381670 1 142
450817652 4 331 169 395 882
451046894 4 823 761 869 995
452246058 1 318
452734407 3 971 680 253
453750122 4 52 361 454 415
454500940 5 26 726 480 569 82
455616135 5 55 635 344 636 810
456278533 5 72 88 322 894 134
458630183 3 984 806 267
459293214 3 308 734 330
459870752 4 148 729 53 90
461475630 1 636
463733532 5 656 664 624 377 366
464046076 3 511 971 852
464074865 5 554 27 871 525 7
464543294 5 289 701 351 28 835
464544758 4 465 583 665 423
464712818 7 835 989 544 14 494 546 753
464905542 2 608 489
466900236 1 658
467169081 1 333
467516925 2 655 36
468753861 3 844 908 457
468826889 3 934 13 874
469158909 1 884
474634597 1 624
476544400 1 33
476669999 2 140 925
479822419 2 302 64
480350204 2 657 390
480751558 3 189 146 206
481266520 3 414 746 526
482853954 4 842 88 990 14
483246097 3 935 294 841
483401065 2 162 379
485094770 3 177 750 117
485526563 3 494 533 468
485767411 3 86 869 910
486360082 3 571 514 102
490715838 6 339 887 151 165 852 55
490753310 1 310
491718427 5 959 15 259 311 624
491886888 1 868
492560705 5 859 146 311 908 269
494673416 4 246 980 103 940
496631798 2 471 832
498130470 6 911 46 312 167 213 454
499138655 2 268 862
500194985 3 726 689 266
500196789 3 252 379 822
500462407 1 787
500651033 6 340 821 983 232 146 876
501948763 3 183 883 762
503333022 1 239
503593804 5 895 945 18 833 259
505084212 2 793 52
507403699 5 909 423 313 626 293
509412181 6 456 912 695 800 977 24
510239923 2 40 658
510260614 6 2 816 822 358 372 781
510294502 3 468 215 198
510744618 3 162 250 263
511548981 2 379 578
512145978 2 468 214
514330561 3 134 412 216
514372797 2 643 138
514672802 3 321 548 870
514947827 5 298 246 821 68 888
515637635 3 552 135 478
517451757 5 214 108 410 989 185
518320466 4 672 620 995 468
518518660 3 530 333 970
518975543 2 971 780
519715130 2 986 481
520471413 5 640 350 102 849 26
523903913 2 681 111
524232831 5 45 745 736 296 509
524779178 1 374
525560765 5 395 319 297 54 717
525914610 2 323 694
527982086 8 261 816 620 84 316 599 750 637
530749300 2 421 178
533024999 7 520 45 897 318 895 844 90
533207107 3 335 54 252
535458178 5 62 927 734 842 900
536738807 3 821 220 358
537430903 1 622
538496688 1 728
539048140 2 956 859
539705570 2 821 482
541722490 1 533
543082301 2 783 979
543505652 2 311 488
544204964 3 818 331 23
544338216 3 221 84 760
547632163 7 495 484 114 362 750 338 542
547707518 4 658 106 737 319
552083971 2 337 913
554448057 1 780
554807841 1 133
555856267 9 117 135 212 697 619 881 291 482 553
557347128 4 790 379 105 553
558753852 3 252 764 234
559391110 4 705 396 347 473
559964581 6 215 490 431 139 986 888
560811891 5 495 989 321 271 248
561497715 4 52 407 639 389
563365759 3 447 279 440
564020725 2 104 756
564178602 2 124 174
565198788 1 26
565295915 5 859 12 664 237 868
565569610 3 118 734 916
566587827 6 468 610 681 192 512 636
566614549 2 461 266
569326177 2 219 707
569389627 3 882 988 737
569548199 2 270 935
569772875 1 219
569794799 2 113 318
572832456 2 121 869
573352131 1 13
573485168 4 445 43 41 895
574279248 4 542 456 456 834
574882675 2 934 868
575591801 3 825 323 599
576781559 4 849 111 621 192
577229109 3 295 525 667
578451787 4 686 211 317 32
583836256 9 639 498 729 46 563 802 658 299 950
583953570 3 960 29 423
585971507 4 934 762 293 737
587854613 2 102 390
588254190 5 272 578 310 733 107
589722019 2 72 915
590412588 2 346 335
590512668 3 521 218 384
590547934 2 306 361
590825899 1 428
594185518 2 268 495
597177029 2 901 174
597236602 3 264 697 286
597610264 3 583 253 159
598068683 3 54 676 98
598800762 6 7 943 880 41 466 82
598945690 3 859 634 276
601395423 3 298 333 377
603197061 3 551 663 224
606473761 1 482
606531810 2 960 608
607033986 3 2 562 486
608672074 3 652 610 851
608839206 3 306 739 468
610505018 3 195 746 869
610929453 6 900 693 516 71 88 352
611077033 6 404 35 49 901 767 7
612052366 2 551 532
614083504 4 520 821 149 790
614998093 3 618 815 745
616939074 3 613 584 589
619239349 3 964 596 585
620832605 5 868 941 970 841 99
621684792 2 512 941
622815696 2 864 268
623862961 1 813
623931309 1 945
625519100 6 829 453 739 897 333 9
625958410 2 594 261
628153333 5 299 776 745 946 238
628650749 1 935
630401915 4 45 518 599 23
632440816 2 181 489
634101118 3 905 192 541
638065658 2 746 849
641512187 1 443
642144104 3 377 3 222
642939174 1 105
643555082 4 135 311 780 27
643715290 5 624 259 78 26 108
645000362 6 15 475 518 935 157 116
646138399 1 838
647567277 5 390 893 623 804 362
647592694 5 532 671 732 2 796
647702428 4 14 545 576 971
647789799 7 945 267 757 536 128 460 900
648251711 1 175
649418667 1 567
650911881 1 912
651850333 2 339 18
651981621 4 187 620 330 652
653983586 4 165 981 366 758
657245322 3 200 305 613
657589954 4 868 647 925 611
657873104 3 170 357 146
657877927 5 253 835 84 893 129
658639442 1 822
660017797 2 462 693
661917795 1 792
662134760 3 599 379 34
664695109 2 283 994
665028207 5 50 867 340 426 132
665535150 4 931 880 956 8
666549342 2 790 23
671347938 3 790 416 135
675415147 4 947 345 729 525
676012940 5 984 489 950 701 568
676874604 1 813
676967886 4 155 339 835 272
677909047 3 198 602 648
678247932 2 657 985
678611524 3 771 250 734
680220514 3 213 641 421
680553182 2 323 838
682059977 3 941 477 210
682282907 5 358 755 689 468 172
683153776 1 106
683324359 2 566 463
684706657 5 334 658 30 182 888
685600317 2 182 183
685668257 3 583 98 694
685687648 3 821 774 397
687090319 2 94 763
687828744 1 488
689358187 2 551 79
690003971 2 916 556
690398113 5 18 985 849 959 428
691225467 1 463
691363460 2 284 453
691392132 1 333
692101599 1 263
693723045 3 72 533 892
693794487 3 198 108 4
694237946 3 921 765 862
695896358 4 979 423 88 404
696020818 2 391 983
696056302 2 82 601
696180652 2 37 420
696284985 3 134 867 481
696836690 5 395 513 960 487 503
697143859 4 204 279 435 843
699068956 1 94
699650815 1 183
702172768 3 121 312 483
702308409 4 195 712 835 468
702539710 5 379 373 657 295 517
702712431 2 623 256
703619045 11 970 316 217 376 831 361 336 619 622 788 403
705266553 3 177 320 41
706139747 1 73
707090995 3 756 560 760
707219839 4 713 356 239 736
707320227 1 842
708373847 1 251
708564916 5 462 496 178 726 311
714879348 3 1000 433 694
717916159 1 258
718432243 4 811 123 504 845
721154805 3 948 872 825
722607491 1 821
722968210 2 173 295
723316622 4 419 80 756 53
725346812 2 44 41
726431640 3 987 75 598
726553680 3 311 782 992
727189287 2 574 268
727245420 1 361
727525430 4 305 188 692 713
729030335 5 782 146 888 245 22
731401033 4 449 493 121 690
732358970 3 23 126 811
732375331 2 311 994
733293120 2 956 119
733341008 6 542 382 803 321 859 781
733681704 3 428 216 530
734584224 4 711 924 486 205
734709840 2 149 106
734741651 1 183
735238058 2 916 323
735350069 3 54 253 428
735518170 4 493 213 118 643
736681735 2 488 509
737566155 5 286 824 510 395 282
737776946 3 971 299 869
737887676 3 329 746 639
738306711 1 916
739155909 3 618 36 534
739539514 3 363 315 542
740537045 3 144 478 117
741655340 3 338 665 711
743399622 1 319
743544648 2 640 455
743684177 4 655 147 899 973
744005311 1 750
744026996 2 15 313
744754577 3 146 924 974
744778651 6 852 575 720 736 944 525
749473536 4 948 625 57 790
750797431 1 802
753781434 4 113 981 690 390
754946076 4 54 639 618 840
755936545 4 106 685 658 480
757635997 2 180 375
759305592 5 892 455 774 516 327
759669153 3 978 64 937
759821980 3 601 266 311
760132246 1 365
761938358 2 856 265
762825020 4 613 836 347 929
764277186 2 717 622
764667936 9 350 613 651 993 473 645 552 116 994
764843401 2 621 821
768877985 2 934 796
769468578 2 875 375
771065193 4 618 383 520 176
771671327 1 822
771770903 1 510
771985503 2 842 489
772680761 2 205 147
777089122 6 922 315 970 112 109 858
777649675 2 283 916
777664277 6 275 203 162 119 250 90
778659470 2 75 403
781602104 3 425 170 827
782849032 2 145 339
784095134 1 111
785729945 4 255 55 305 291
785730099 1 686
787650349 8 900 992 107 463 621 916 454 956
788946674 2 106 468
789368701 2 824 122
789434892 2 552 305
789858904 4 146 971 632 397
790236819 3 616 749 205
790382880 5 174 451 308 935 155
790515316 4 995 989 571 560
791894794 1 586
792690775 2 318 127
793107456 7 196 610 265 253 428 213 15
793704259 3 765 839 607
795266343 1 77
798496998 3 503 30 533
799251675 2 306 90
799607417 2 486 192
799784868 2 635 227
800288933 1 637
800735480 1 238
801352025 1 105
802062009 2 211 182
802298007 2 165 244
803511942 2 268 323
804045997 2 916 421
804943534 1 53
807626712 2 60 443
808454575 2 131 264
808944924 6 395 846 826 779 46 342
810497333 2 620 311
812474587 4 215 762 50 545
815707766 4 824 265 658 28
815969368 5 905 135 318 249 516
816504031 1 66
817745732 6 915 849 583 632 195 945
819866985 5 200 461 770 939 302
819906549 3 462 180 852
820706970 1 14
823809016 1 807
824723252 2 290 72
825127865 9 720 718 501 259 206 253 6 157 103
825924355 1 587
826504026 4 601 143 284 736
827347115 3 285 122 27
827422756 3 503 134 967
827466382 6 989 901 934 734 610 652
828046686 3 945 828 659
828129530 3 790 897 91
829230824 2 91 346
829651012 4 660 583 99 40
830655590 1 944
831447040 3 3 90 335
831588833 2 826 410
831935209 1 350
833856112 4 79 592 282 462
836203931 5 981 24 198 222 912
836929485 2 326 61
837558252 3 740 299 943
838087456 1 992
838102520 5 603 400 620 145 725
838223658 2 999 879
839037653 4 386 431 525 535
841109886 3 335 120 992
841501988 2 443 990
842296405 2 598 284
843860274 3 46 566 462
845929755 6 179 506 68 733 900 117
846301465 1 885
847935019 5 53 55 849 750 183
848072698 3 268 132 571
850498023 5 622 450 952 355 736
853895109 5 357 228 445 621 324
853903084 4 216 895 312 340
854966060 2 604 698
855103357 4 618 118 369 970
856105102 4 427 553 869 597
858163225 1 184
859336225 3 224 325 935
860651158 2 211 525
861090282 3 256 690 9
862135794 6 842 480 119 811 987 810
862668707 10 351 636 220 108 95 195 67 554 454 218
862885160 3 345 94 746
863109173 5 219 338 348 385 492
864088338 2 745 68
864587026 4 838 745 666 995
865507141 7 934 970 552 428 166 340 351
866765577 4 336 386 815 388
868062034 3 683 990 313
869211109 2 641 926
869659878 3 587 379 717
871203963 1 376
871670728 4 406 293 903 921
872972005 1 298
873835754 5 933 963 118 210 746
874497725 2 248 624
874728198 2 943 76
875196902 6 425 277 933 54 497 365
876007602 1 308
876673184 2 245 366
877805999 5 372 846 182 989 927
879126440 2 111 729
880243178 4 907 181 238 941
885827310 1 264
886272634 5 392 71 42 244 546
887781880 4 556 94 325 367
888231486 1 449
890625540 2 66 888
890958025 3 55 739 195
892821541 3 721 71 428
892906153 8 260 327 330 728 318 144 335 170
893082878 3 463 18 295
896586320 4 295 905 519 490
898035915 5 220 404 198 956 50
899314732 2 298 765
899406507 1 281
901481253 4 452 794 627 694
902145796 3 23 346 30
904890437 7 592 221 980 368 602 979 361
905417368 5 371 142 295 457 937
906949730 4 7 215 674 897
907445600 3 657 745 331
908985940 5 495 115 790 567 462
910458031 3 772 968 379
912492089 4 527 844 905 658
912790994 6 244 71 182 277 726 242
913081436 5 210 928 943 30 556
915358548 2 441 658
915726322 2 533 525
916453048 3 41 434 457
917177093 4 375 454 279 157
917592205 3 900 266 440
918098478 5 95 868 804 781 929
918811814 6 556 603 894 868 243 631
918852623 5 214 331 202 722 339
920415601 1 308
920618248 1 323
922625372 2 845 164
922731947 1 52
923534675 3 945 538 384
927226925 2 339 213
928172741 2 542 46
928217085 3 102 41 622
929750371 7 562 616 849 780 117 72 601
930980635 6 556 825 514 774 989 681
933842488 4 514 629 600 583
934562562 7 526 621 784 849 731 180 743
934642045 2 655 195
935043136 2 606 70
936035021 3 867 113 84
936035107 2 995 431
938797506 5 308 145 790 849 906
939838403 6 24 468 404 780 661 421
940594145 2 318 180
941003414 2 102 205
941390192 4 658 737 806 134
942594123 2 86 210
943004376 2 759 333
943758229 3 460 444 146
944400336 2 478 565
944437960 3 299 224 942
945002022 6 147 379 509 376 362 734
945068215 7 107 586 577 488 455 222 657
946664929 5 455 68 726 425 323
949021496 2 493 302
950083294 1 108
950539176 2 46 599
951863646 3 239 482 807
952788518 4 75 306 636 495
952828927 2 438 108
953197343 2 442 153
953252217 2 205 711
954324178 4 486 305 308 241
955052522 2 365 325
958623115 3 623 806 711
960667065 7 781 242 177 854 15 467 907
962261282 4 688 170 361 835
962940723 6 105 99 117 308 723 719
963263736 2 440 46
963409455 2 50 312
964153444 1 754
964351151 4 405 916 407 542
964875797 7 867 148 886 118 15 989 144
967629491 2 684 244
968544214 1 994
969478931 4 92 339 599 486
971897254 4 685 139 66 148
972790130 5 729 478 345 26 346
973311297 5 801 250 342 351 984
974439646 3 773 231 135
975527734 2 212 606
978250423 3 880 58 361
979188242 3 555 825 878
979814200 4 312 102 852 292
980618144 3 326 582 104
982275192 3 965 946 345
986544819 1 357
987074099 2 867 930
988388477 4 266 143 317 839
988547628 2 482 734
989160034 1 123
990065934 2 300 198
990117619 1 994
990244964 7 265 405 121 827 676 323 415
992018051 3 593 664 841
992105823 1 821
992306782 2 869 744
993639872 2 350 289
993847963 6 99 983 454 449 157 952
994419635 4 284 604 968 795
