100
63 96
96 52
96 43
43 97
63 38
63 61
97 49
97 86
49 9
86 37
97 67
52 78
78 88
63 20
37 36
9 1
1 17
20 71
17 53
37 28
9 30
97 22
17 16
36 15
22 93
22 59
30 4
17 27
61 70
88 89
43 18
15 39
18 29
63 34
97 12
88 13
78 0
36 5
29 72
18 40
17 76
17 24
28 3
30 44
43 50
44 46
67 47
38 48
27 54
54 33
38 83
71 2
63 6
4 32
63 45
13 64
52 51
71 69
3 26
63 60
54 66
51 62
63 80
18 81
81 87
40 90
12 11
15 85
63 31
54 82
16 73
85 77
1 65
47 74
90 75
77 57
63 35
22 14
83 79
63 68
89 92
88 58
44 84
61 91
77 8
70 10
68 55
61 25
30 41
67 19
78 56
55 21
31 7
24 94
97 95
75 99
93 23
3 98
41 42
