10000
0 7917
7917 2803
0 5581
0 5286
2803 9953
5581 1576
1576 2789
9953 8613
5286 6020
5286 4029
8613 4896
0 5655
5286 6517
5286 4353
4896 3134
3134 2642
3134 2046
9953 2040
2789 2365
7917 1597
9953 8011
7917 7801
2046 6036
3134 3369
6036 5960
5960 498
6020 2394
0 523
0 8729
8011 5118
2365 6396
498 5127
2046 33
3134 3059
498 3597
33 36
498 37
0 38
38 4772
3134 7473
5960 1436
0 3271
3271 103
6396 44
38 3472
5127 6042
6517 8234
2394 8522
3597 2441
5581 7167
3134 6441
5960 5708
2441 6950
5286 6924
8234 5225
498 4443
4353 1134
7801 5538
3059 2722
5286 9002
3271 4521
5708 62
3134 1943
498 9815
2441 6337
8011 5848
6042 4412
8234 68
5118 69
0 5501
36 4776
0 1801
44 5497
2441 74
3134 663
8613 6095
3597 8883
7801 7207
5286 5916
5960 6127
6950 6911
6095 82
8234 9463
1134 8164
5960 6459
0 6447
5581 7121
6036 5819
33 9278
5848 4429
6911 8742
1597 7509
0 6111
0 722
9278 440
4412 15
74 9104
8742 5868
0 4899
8883 6408
2365 6579
498 102
6911 1500
2441 1979
6036 1367
69 8680
4521 343
9104 9046
6095 4167
69 5751
2441 8415
5868 6577
5286 7179
5497 8328
0 8932
15 6743
6042 2065
0 7947
5868 8098
663 7782
8098 6341
8883 4824
4412 123
37 7954
62 769
6577 9775
6743 6087
8098 6532
38 129
6087 9289
6911 3676
440 8092
5868 5696
5708 5995
7179 18
8098 3477
6532 5427
8613 9513
0 1239
3477 5381
6337 4810
6447 8238
0 143
6095 144
5848 9907
2046 1157
9463 147
7179 8894
5381 1194
5868 185
7782 7317
8742 5983
4412 1998
6087 3569
2441 9875
5868 2740
1194 183
1157 312
6579 7646
6087 2097
6341 4634
1998 3323
1157 4932
5381 6826
7954 6715
6095 263
0 8698
3472 5084
1998 5562
103 8039
6459 6509
1194 4435
5427 9489
8522 3548
6509 2746
102 6546
144 4344
4810 8065
8522 6831
5381 4750
9104 4727
18 4322
5118 8273
5427 184
312 1062
6036 5876
74 7124
5983 4680
2803 1063
5562 2140
5708 9938
15 316
9815 6038
9046 1596
4680 9664
6337 3021
6042 9190
1194 174
1367 1692
5995 9496
2040 631
37 165
8164 6237
5427 1711
6447 3959
3597 8028
8742 2811
7509 4478
0 4650
174 6452
1596 1292
5960 8296
5960 8791
1157 3060
1576 9230
6911 4847
5655 3368
6459 4358
4634 4371
2394 403
1998 8975
6396 186
4634 3919
9190 1126
2046 7938
4750 8902
6038 1116
3477 5565
6036 8642
4478 9286
6517 6514
0 232
2746 2370
8883 458
312 7919
1292 9204
3597 2100
9513 3758
343 9880
5696 9756
4344 6392
0 8135
7167 9302
6392 720
183 9571
498 246
9571 3427
8932 5489
0 7510
3427 4391
0 8683
6911 6070
663 1371
2370 254
4727 3216
74 2215
5501 4844
9204 5955
3427 6405
2046 4151
6452 2792
2215 6513
8791 7073
0 2123
8791 2964
5427 9858
1126 3114
663 6611
147 6540
9002 337
5427 3725
7782 1448
5955 273
7801 8516
2811 5779
8164 5539
4824 9442
6392 4306
0 279
4151 4719
3427 7577
5868 9703
6405 2064
2441 5514
440 2149
0 8818
6042 497
4412 9914
4391 6106
343 8664
2792 7333
2064 784
2040 9478
6743 4169
6459 2155
6579 2615
6405 3609
6540 704
7938 7241
0 3825
4029 823
0 1153
144 7225
5286 9156
103 9277
5655 8272
4429 9952
7577 3448
6452 496
8328 9058
5960 311
3609 1751
3427 2584
6095 1307
5225 2624
8328 30
6106 5035
9858 5082
6396 3581
8234 3491
7124 2221
3059 6181
5819 6819
9875 5412
2215 325
4391 3376
3725 6336
9571 4757
1448 329
246 8611
4391 1605
0 7560
2064 3489
497 6101
8296 335
7917 218
8039 5831
6452 1722
7333 626
7473 4805
6181 3939
6826 4549
5995 1455
5514 3706
9289 345
6070 1748
6405 2511
1751 547
2584 280
2811 2189
8415 351
7167 4769
7333 9916
3725 2475
3569 4567
311 4321
6452 4089
4169 9932
5427 3743
1722 8863
4151 7733
9289 6785
5819 2056
9513 4340
4167 2935
8975 1580
9952 7173
6392 368
6509 2398
2064 4317
5127 3116
3919 4725
4353 9042
3919 9702
4317 9603
498 2421
174 5677
7782 7609
38 9901
1596 5758
4932 592
4169 382
7947 2835
5677 3882
0 5027
4317 7843
2584 2363
5955 3996
2097 6630
38 2932
3939 1402
6405 5638
1194 8290
9571 1128
165 479
7801 5775
273 8915
8613 235
7333 5629
6785 2598
5565 373
0 3612
547 9103
183 7248
5848 3504
30 406
547 6259
2511 1429
0 7806
8065 3213
9103 8988
9489 1351
2140 3520
592 459
6517 5972
1580 8046
2475 1266
6392 3589
4306 7209
3706 9863
8611 8811
2441 9584
5501 9072
5035 3169
3882 2659
6452 1877
8415 8040
9103 2501
273 429
9952 264
5118 4931
9603 432
373 1515
432 8996
5751 2865
4358 1011
3448 1619
2865 2599
9289 8266
6392 7369
7333 6620
2935 7090
3213 9275
9916 4282
129 5190
5955 4527
2398 9661
144 1451
7333 7882
2792 8775
6743 4564
4282 452
7248 5805
9278 4981
4776 8216
2598 8677
6341 8120
9513 582
4412 7354
5629 3343
7248 6089
3504 4083
335 6342
6087 4444
3216 2979
325 8587
9916 9271
1596 674
4435 8813
4564 8840
5868 4362
15 1569
6924 9088
1351 9807
4353 6403
1153 2017
406 6562
4151 518
3477 4607
9603 6695
6342 5382
6447 8940
36 1786
6509 2713
547 485
6532 7653
3548 6140
6441 6142
6095 4529
6441 3544
8040 491
4847 5895
452 9568
6106 9846
4564 6701
6038 9303
7882 2566
8863 2940
8120 8202
6452 3197
6532 961
1266 6581
7248 9297
9661 3924
2964 505
3725 2114
8988 6490
6701 2437
6826 2907
9846 8496
1455 511
1877 4274
6020 8929
3725 2297
6259 8113
9156 6391
0 222
823 6479
3489 2122
8863 7940
6452 365
2599 2132
8883 4608
2740 8696
1194 6948
2740 7720
4429 5371
2501 1321
4391 611
1619 7813
5225 495
4435 3281
4282 533
144 4262
1711 7817
7813 5906
7167 800
6459 8569
8272 9136
8611 9801
5427 6141
4029 517
0 2175
1371 2973
1979 552
9442 5438
432 2945
2155 6149
2835 5044
7609 5933
7843 6790
5906 3250
2792 1653
5779 7800
663 8336
3427 2629
15 487
5225 9327
6405 2605
2122 7588
68 1997
5381 8968
4680 500
3281 1567
6396 8055
1451 2484
4151 8812
9442 7154
8988 9349
6452 4244
8975 2512
33 6803
6237 2219
2475 574
4478 2429
1194 9319
7167 8949
3376 6449
5906 2228
4412 326
2659 4043
8273 7674
440 5370
6790 1148
485 9346
523 6941
4650 9186
9303 5349
4650 589
4931 1766
3589 6477
6087 1498
5955 1015
6259 5026
6630 1389
5035 2302
9297 669
6449 598
9156 2320
2598 2963
1134 5510
5510 9926
2629 5755
1194 1425
2215 5742
458 4173
6392 607
720 1468
5819 3095
5848 8561
5805 543
6715 7072
6259 9877
582 5738
518 615
626 5880
3548 2976
1321 7079
5775 1269
345 4906
4089 9293
403 1937
6826 177
5565 4572
598 9524
6743 428
6790 3212
0 6104
2475 8249
7473 5898
1321 9719
7674 8906
9463 8711
3491 4602
4527 635
102 5430
533 4261
7720 3823
7954 8860
1153 4140
6111 9841
3477 2076
5539 2993
9489 3877
8696 4831
9571 3311
4089 2632
6924 3695
6695 981
6392 145
5898 16
8996 4381
8894 3501
8039 8616
2629 1754
3597 4676
9877 1588
4391 658
7248 2438
4529 5840
5677 2253
8092 1909
2865 3690
5906 1064
7124 5902
373 4974
704 1013
2811 5041
5677 5907
4381 3174
6447 2461
8775 632
6089 5852
8569 7728
3877 9174
2501 2736
8216 6848
9442 9798
2566 829
2736 5554
8729 384
3216 7583
632 618
497 2532
3250 4464
505 2481
8040 6476
2811 734
7248 55
500 690
37 7915
143 4375
2438 898
7173 9542
1351 3714
3114 4758
1588 854
403 7601
3504 5078
2122 3462
0 2944
7653 702
3690 703
3462 2711
8039 633
5677 9628
0 4157
452 3692
2320 1263
0 7205
232 3074
2792 7688
5382 9614
5638 4639
8290 8444
2932 2625
5738 4825
3212 9243
7333 7494
5538 5348
2993 2490
4381 5946
432 8721
7720 83
574 7810
1588 1291
4931 727
5946 1782
5677 9577
2114 814
4464 8735
2475 9601
7509 3746
9756 53
36 7562
1782 736
16 2095
68 7611
36 5014
1748 6576
9463 8142
5852 1832
0 5066
184 3867
6106 2324
9926 1907
6695 9980
2935 3543
9914 2634
144 8559
635 905
9571 752
4527 753
2324 7171
4772 755
6259 281
5026 4161
5742 1510
6479 5160
8011 1255
3581 8022
1754 1144
432 4472
7688 3638
7354 765
4634 766
9577 617
4083 5966
1468 6282
2429 84
5489 475
7813 8993
2532 3016
8775 7652
4472 9654
690 7464
4371 9874
5026 778
598 3180
5638 3731
3477 1466
2599 8617
1782 6641
2940 3623
4169 3436
2632 5354
2065 6001
6441 2493
736 4894
8266 8160
1782 2680
53 6697
2095 6291
4464 1067
6509 795
8098 4328
8968 9414
38 7492
2076 799
9571 1993
799 1337
316 6656
9807 2357
4464 2340
9807 8122
30 5593
8860 476
4776 808
5916 4948
635 9997
1782 5871
8202 1352
1782 8646
1597 6484
3376 9903
6106 816
5758 5024
5078 7506
547 819
1064 3295
4607 670
1997 3173
4894 1408
4894 4428
615 3457
9914 1461
6391 827
1692 828
7609 6612
5225 330
778 8008
0 929
8444 4591
15 7587
7652 9413
8160 8737
5840 4455
5933 5423
3295 4569
0 162
5554 6370
4894 4762
9877 1579
5895 844
1266 4486
4824 3408
3543 9832
6408 1912
6070 4100
1782 7280
4478 1686
147 3379
2973 7990
4762 6369
9542 4012
9478 7077
62 845
6140 7418
8988 859
4769 9123
4282 861
4932 6648
9275 4252
1937 5337
3213 1033
2598 414
7077 9280
5554 6801
9719 4357
2076 8223
440 3728
2461 6687
4529 8200
8735 2696
2722 5058
8113 3133
495 4049
2056 2999
4357 7177
1722 9068
4375 5585
6369 2547
2547 883
7990 1817
2122 885
6259 886
6370 7307
1408 8001
547 4711
82 3225
0 6322
316 892
3169 5057
6695 3400
5225 3231
8001 7202
6447 6649
1510 3600
7202 9991
1067 900
4391 5694
8561 902
9302 8964
9801 9080
2547 2578
16 113
5638 4091
6479 3206
1455 4137
3400 910
9775 943
9756 8768
8696 7014
2835 9011
8444 4893
7072 916
784 6094
8696 8967
4894 4413
6369 920
2746 6404
6790 7664
4757 3463
1588 322
1371 4960
496 300
246 7012
7369 7701
5160 6431
2578 3458
3609 1392
6656 61
920 933
5514 7875
4381 8750
6449 2092
322 8483
4634 8286
1408 9520
4894 940
4049 8461
2547 3626
1510 4917
5562 9996
1619 7627
6641 946
9103 1975
5638 1852
4529 7668
7813 2239
3295 2968
4151 2915
7241 8596
9513 954
9874 2950
3206 5135
3133 9840
3939 3445
9280 2029
6581 1662
1194 3608
3690 306
6490 97
4169 7992
7674 492
0 8790
2046 453
4725 2078
8415 7178
3458 1901
9243 3629
6042 8499
9840 8717
3368 8518
4719 6352
1408 3414
6517 9205
5057 65
8483 4484
9413 7441
6562 7360
8238 5623
6391 6170
3743 984
498 985
3600 4001
2438 5148
2189 9385
7813 4130
7307 4476
7178 49
1588 2425
1754 1492
6641 5910
9302 6214
3016 9428
7800 6640
8011 5448
2736 9987
4894 5007
3609 1808
1455 2912
8022 6419
3114 1004
5135 6257
2441 2588
5946 7710
7202 2328
6801 2869
5014 6731
946 7910
8496 2620
5225 7245
3758 5900
1588 1358
7919 1016
2605 2031
674 6219
7202 9704
8001 1020
2680 1005
452 4101
933 843
592 4827
1157 9009
351 5781
5946 439
883 1028
7910 6203
1389 1030
4274 248
727 1248
1782 7431
102 8857
1748 7766
4894 6192
4725 8191
8993 2714
1128 7759
7012 2880
1269 3483
592 1188
6641 8712
7202 5923
1943 262
2792 8013
37 5804
670 3761
8964 3800
3368 3660
4317 8365
5852 2020
69 200
2696 4372
9877 6227
6369 442
5007 1302
4455 1058
2722 1059
843 7756
8812 9282
1302 8453
1801 7616
7090 2238
8712 3096
9289 8155
9601 1957
816 1390
9286 5090
4847 8693
3463 6740
9991 8000
7173 7265
53 775
7938 1931
7756 4284
9463 6328
8680 6125
1492 3334
4484 2286
6237 6189
4372 794
1408 5221
8988 1084
4906 6862
9080 3533
281 2640
6484 1422
3690 4348
7664 100
8721 9083
9104 3613
6192 3420
5880 3871
5871 4410
4750 1040
4591 3163
1390 2764
1321 4751
1302 7403
4711 748
3714 3669
7720 4714
0 6395
4029 367
3420 1191
5907 3894
5629 8515
6447 4022
6801 1110
7225 5763
1005 9515
7756 2829
1588 6776
920 6133
0 3378
892 86
0 3162
4948 1119
632 1120
582 9038
8272 4445
5995 4148
8996 7457
7756 1125
4340 7853
9568 1154
3163 5119
827 9935
2064 9752
4328 1139
5078 9434
9349 2845
9123 9739
7333 7885
0 7584
6189 1131
5135 287
4917 3409
6125 1309
5221 5622
5221 3880
1901 4674
8813 2554
8028 4559
8993 6498
5871 2045
5221 8441
2302 4013
8857 2355
7668 3689
1291 3750
2045 1260
0 7887
5871 5680
326 6829
4757 853
5354 3497
7079 5812
8642 4426
254 1161
861 8156
1389 9930
4567 3084
479 1336
5381 2677
1125 1785
9346 8186
1785 7489
8113 9179
885 5628
3924 1172
1040 6835
5910 1174
2659 7965
752 1626
4762 9436
1191 776
3714 5635
8499 2884
3626 545
8186 2009
8186 1183
8461 202
3877 2683
8813 2499
177 1246
8559 2265
6405 6438
1260 8896
1125 7734
5489 8410
2547 4552
8234 8462
7734 2413
414 8280
6192 2990
9083 1198
6189 6338
2829 6138
3169 708
843 7387
4650 9813
5779 6429
3295 6984
9987 5184
3445 7974
4472 5456
2441 1209
100 6897
6801 4325
1263 8732
1302 3290
2239 1214
2461 2826
9719 1965
6648 481
5804 6507
0 1861
1191 8117
2696 7246
5758 2592
6036 3598
8883 8795
2065 1225
708 6451
8040 1227
2175 4050
1125 2106
2632 2252
1174 5034
4013 4873
1390 7156
7734 7685
3408 1456
254 3051
920 4418
2944 8628
8444 2387
8441 5723
184 4851
1993 1763
3626 9566
0 4182
5680 3678
4375 3069
3095 7531
4564 1032
4317 1519
611 4170
7853 4533
7728 6639
3323 9258
843 7115
3295 671
82 2509
674 5050
2413 4839
9278 5727
1183 1675
1785 8797
49 3495
8712 1089
1174 1047
734 6539
2394 2004
6697 4670
1033 2457
4839 619
263 3982
3689 2690
5895 5975
9297 8865
885 9069
5371 9325
2114 6277
6630 2388
1785 8252
2696 7873
8813 953
9798 983
7646 3815
892 3991
2413 4300
619 3471
7464 9198
619 408
545 3745
6911 3019
8164 1081
3019 6670
4372 2099
619 1293
765 8221
4974 8532
619 1480
5538 3092
1480 871
281 6578
871 3178
7813 5883
619 1347
8865 944
2413 750
82 699
6517 3318
611 4934
2238 6021
1347 1043
4445 6460
165 8927
9815 1354
3178 2900
4252 4677
7813 1582
8896 4767
3533 8121
5907 1777
9914 7110
5562 9126
6042 8685
699 7758
6192 9241
6111 5244
3178 5731
2100 1326
7756 7262
4674 870
1028 4260
2106 3152
9991 1825
7664 7799
3543 4027
854 464
2045 4407
4300 9940
699 2402
2239 1338
7360 3387
5738 718
7609 4017
4602 4821
5622 6045
4444 6756
4839 1824
3471 1539
8967 1177
2624 1568
7588 1349
8768 2905
3746 3460
7509 4675
6391 7641
9515 34
6911 3957
147 2631
1408 5952
9875 3853
1539 2525
3092 9102
4455 59
2900 1362
2499 8189
8797 199
4552 8035
6170 925
5731 9041
511 3735
4776 433
9302 6955
3250 1535
6227 9180
0 6499
5966 4990
485 6234
1351 1453
8000 1377
2413 139
1777 5247
139 7103
2106 5485
6404 6925
5995 2294
6826 6765
6395 2774
5731 3532
3178 2039
1020 8739
5871 2583
727 9644
7262 4798
7103 1353
1347 1165
6170 8623
408 9340
2584 3785
7734 1857
0 5777
8328 3896
9205 4760
1338 562
7910 1399
900 5315
4750 3590
2912 1006
1722 7
9174 4108
7720 5347
1161 1409
9719 7276
1408 9626
1058 9135
3924 2212
5184 1414
633 9071
2039 2015
3096 5969
940 8152
452 5313
8441 3876
6138 7370
7077 118
8949 7305
1832 7528
139 2391
2438 3985
5805 8287
3745 1814
5731 9575
6452 4133
6020 9621
2219 1432
900 6340
8155 6118
8160 2878
6419 6506
6189 6934
1579 1438
1877 5522
3174 1112
6277 3521
3096 6691
9940 1520
9654 209
408 4799
1785 3288
6042 8744
4767 272
8121 5997
1209 8539
1144 2150
7685 1079
1520 3398
337 5821
2690 9948
1901 2458
248 6190
753 3712
2629 3255
5119 9003
1255 157
5763 7618
9325 3793
2880 1464
8461 3624
8028 8572
5923 1428
954 3145
4260 8921
1580 4301
8441 1471
8252 4983
7627 521
1011 8139
7710 5853
1782 2916
3471 4701
3695 8251
4725 1839
4022 4025
4674 1481
2045 9164
2525 6647
1539 3619
8717 1606
920 5426
5907 9984
8410 1264
246 1433
1183 7722
674 3165
9258 1646
2238 9018
2525 2187
2039 7211
8717 1496
7262 1497
769 2147
1389 1690
408 3873
7115 3012
1520 7242
8266 9602
139 6009
7531 1505
0 2556
1377 1223
3982 684
4407 1956
1347 8895
8113 7818
2106 8757
5680 4744
1134 7266
4413 7472
1110 3346
6641 2008
6785 7463
6125 8612
8249 6997
7012 1521
2900 1522
4767 4442
5349 9358
3758 6674
5057 2198
0 8878
7653 2068
8238 8218
7103 9116
778 6242
4027 1045
3619 9788
5337 7765
4831 5107
2040 7635
4260 4515
9566 5958
1909 8856
345 6775
8272 1942
8940 5885
7245 2923
1808 3086
3288 4720
2677 2813
1481 7559
2302 503
2009 1549
1839 5904
6190 6402
4799 8626
1153 8798
4284 286
3092 3417
4182 3267
3489 4323
414 4401
4442 501
6517 9311
5727 7433
7635 7927
2525 9106
4983 6721
2324 3566
784 7138
4358 8924
4798 4459
8993 7633
2683 5710
4515 257
4896 7425
3991 1728
1161 486
6408 2270
2916 7438
2413 537
6579 1863
7609 3067
0 4065
3873 275
4515 4687
4529 2630
2878 3552
53 3339
1901 2761
2076 3679
1172 3648
8646 1135
8924 3675
6756 4530
7887 3564
273 477
183 7589
1428 1595
4261 5364
3387 8810
6498 3808
9442 3572
6721 1600
6352 4270
2076 5568
6095 1203
9116 7879
1030 3081
7722 3563
6237 2049
2039 7778
9106 1609
6009 1610
2584 9608
4260 7654
1084 8670
6656 6808
7441 28
631 2476
1568 3780
2413 2276
4001 5759
1766 5353
684 9936
2761 5612
794 2354
819 3153
1161 1625
9436 5028
8001 4870
7103 1628
9704 5480
4720 5468
722 1631
7766 339
2525 9663
5480 2148
5456 8787
162 8778
7431 1167
5997 194
5438 6274
9436 7496
2625 5611
7782 5052
1600 5987
4529 7221
1782 913
7333 9883
4362 4149
2764 4192
7014 4780
8040 5908
1408 3859
885 2572
1521 9837
3808 3573
8617 5139
1269 1301
4413 1547
7701 2798
3165 1406
2624 2502
6106 8131
1428 960
5353 2678
485 2166
5057 2372
7245 9143
1824 1405
6546 2285
5612 7870
7072 6098
3197 595
2039 2480
4407 1673
8895 9686
859 3360
4444 1676
5972 2715
7654 4264
4391 1679
2715 1178
6925 7514
7403 3138
3059 5101
4013 3354
795 9122
2221 7258
5539 8972
177 2130
6098 8063
9071 2260
3991 1714
5612 8756
0 5542
9106 5379
2554 1664
1110 4458
2884 4684
5723 357
3609 1624
8921 6003
5480 3047
1471 1916
8975 4707
9663 1704
4418 7985
3533 1706
1067 2081
4137 1779
7843 5234
898 6850
533 112
2940 9553
1089 8183
592 5449
367 4874
2122 2727
4870 1717
8968 6963
9282 2241
9991 2594
727 4538
6647 4593
4824 6015
2297 4051
8189 2063
5958 1345
1456 2204
0 6996
272 9430
3114 6090
2525 1494
6009 9842
37 3931
8896 5467
5677 4557
7589 1736
5819 7516
1610 2141
582 6664
0 6416
5805 1741
275 302
7202 1743
9430 297
5084 2753
511 5798
3463 342
1079 6252
2525 6939
9842 7644
5027 6461
1628 1506
9358 9945
53 2799
7985 7122
7910 1723
4260 7511
5430 2860
3780 9224
4252 7080
8121 3531
1223 9836
8328 8655
9186 3434
2100 8021
4906 5029
9116 9806
3619 6271
7589 2144
4300 7169
7588 2338
143 160
1785 1099
2829 4561
0 7219
9038 1776
481 13
1520 1778
272 39
3931 7324
1188 7175
929 5652
5758 4964
4362 9848
3288 1593
4561 3955
7262 3179
8238 3437
6369 9171
9848 375
34 7153
9571 5494
2391 7452
4442 441
8626 2281
2509 8052
9654 3054
1861 6713
6045 4679
9842 1800
2605 6652
1433 5799
414 3107
670 1162
4707 6437
8756 4939
4013 4793
3047 5892
1214 2385
4260 1207
1778 6068
5731 692
4602 6184
8117 4910
34 3550
1188 2201
1814 2844
100 92
9311 6959
9258 8525
113 8527
4262 1883
7601 4963
5997 187
8252 3184
6271 3658
1817 9377
1112 8489
3163 3727
537 9337
4839 7929
92 1791
2166 9731
7910 2153
8664 1835
8539 1836
5895 2306
1293 1838
8696 7507
1167 2691
7507 2687
335 549
920 3077
1131 1992
6009 1769
6790 5380
3133 4468
4964 3010
1110 9764
2276 6769
4767 5541
503 419
4607 3633
7929 2432
2388 8440
2476 1160
4719 5982
2481 3654
7370 8720
953 4571
458 2970
750 3801
2204 1029
2979 1864
6546 4578
7307 2463
4602 1867
905 2412
5892 3683
1519 8185
5731 2805
7616 3641
2099 4190
1081 8451
4192 4253
365 4254
16 8145
4960 4598
5727 1952
5554 126
4140 869
1852 1150
720 1469
8098 1884
8273 2032
0 1886
1461 9497
4264 6969
8451 4303
1714 5845
4029 9283
4805 8214
6416 7376
0 5199
84 4935
2631 7456
5347 846
3163 9765
8797 5363
1358 377
1857 470
598 6638
1494 4247
3876 9398
4744 2669
1766 5143
8164 8093
6848 3918
6769 8309
517 7395
7177 2548
8000 5170
7179 2877
8273 1987
7514 950
2372 5515
6408 1322
843 7695
9046 3485
3408 6284
9756 7314
8444 2479
9788 8403
4827 4759
2880 7631
177 3932
5363 7727
92 1928
1931 6534
6498 7451
5763 9816
9996 9252
5611 1627
9571 8315
8626 1935
2878 8349
7734 9450
3116 4423
0 7009
4017 8129
0 5807
1935 1870
7654 4658
2811 1944
1134 4665
615 9927
1264 5344
1326 6748
4476 1949
7242 64
7266 6973
2476 6144
2302 1953
0 3740
9940 3194
5880 2743
690 620
3882 5981
6068 3523
9566 1833
9179 9054
7154 5046
342 4404
3619 7807
9553 8703
6095 8976
1777 4405
165 4399
8750 1932
633 7437
3420 1971
7080 2487
7464 9008
1965 4986
3463 5940
501 2361
853 5203
0 3066
4274 6130
1438 1980
9413 740
2683 2730
9991 7912
1901 1716
0 4469
7589 6999
0 6550
3471 3068
9577 5104
7801 1990
2097 4886
3619 1844
4571 5462
8778 1444
3019 1995
1995 5340
9116 3367
4986 9353
1248 1999
1653 596
9568 6229
3068 5303
4608 3091
7756 7897
5969 2052
4091 4541
3152 6780
8735 2075
2905 6378
7472 5466
2361 2011
5315 9705
8696 5482
0 3818
5885 6319
9171 7083
9663 6603
2075 6120
2148 2019
497 8386
5812 2021
6403 9526
4445 9989
3638 1732
2130 9248
2031 85
160 238
784 6290
3153 5486
2204 5002
7727 4697
3409 1885
8120 5016
2865 9006
5002 6932
1777 4336
6509 2037
3531 4898
9327 9077
1965 359
8655 8649
7103 9265
3436 6868
7072 1977
2008 5764
5303 8477
2993 7318
2075 7867
9135 8882
2286 6491
9496 6804
4910 5169
1089 3674
3780 3913
174 2055
6801 6587
3563 3812
4825 1170
1377 2059
0 271
2252 8552
6780 2062
2736 9625
3521 8316
1965 4652
7710 6012
7710 6940
1160 7846
1605 5124
1079 6625
2008 8327
2045 2700
7915 6896
8559 9506
4484 4936
4515 4573
0 5458
9863 968
1549 1281
3387 1955
1539 2939
9664 5063
9478 2791
5002 4945
946 5642
1013 9162
1453 2087
6997 6253
8967 3961
4701 7150
8813 8411
7171 455
235 3006
1405 9787
3955 3461
2354 8253
755 8384
4401 9789
4939 390
4893 9643
1777 9119
533 8140
5541 5111
1610 8610
6001 6267
1778 9490
9174 6071
5143 1542
1058 3536
1942 6627
4650 1970
9353 169
5148 1875
3623 7918
7246 1034
2683 771
3460 5365
9398 7649
5923 9076
5449 6811
1157 9802
6271 5686
8932 9619
9584 3975
9204 5022
708 7185
7954 2454
6068 9146
9069 6927
6391 3305
6140 396
2387 7445
658 1201
3163 6806
4013 5956
5169 7368
1949 2957
1857 2729
2340 9565
5987 3425
403 4335
3184 6225
8152 1820
7457 3303
5119 3110
6337 2072
6959 9192
7631 2850
1034 3864
4598 5709
9136 3685
74 7348
6721 3583
1336 5918
3612 8229
7079 2156
9686 2938
1510 7941
3165 4891
16 7160
1390 9412
8856 8776
823 4217
4839 8364
6369 4417
517 6334
5485 2167
2265 683
5127 2169
6934 4808
4043 6119
1595 524
2302 634
1722 7901
752 730
2032 685
2916 5137
5845 4267
7644 3950
3626 9975
4336 2181
8768 2222
7807 8509
4137 2184
6438 7849
2355 3948
9801 993
8696 7837
9801 4316
9463 4295
5723 2191
6562 2763
7559 2193
7354 1827
8967 1950
4945 1725
5694 7210
9241 3560
8797 8042
1692 462
1084 8748
2075 7313
4149 3430
9863 8070
574 8057
7418 3558
0 2545
7438 4198
2763 3751
4714 1095
3483 7172
5764 6887
8778 2118
1953 9347
2166 8557
5462 8482
870 6613
8856 8405
7654 6615
3408 5671
2228 2026
254 2131
7376 4177
0 3953
3750 6614
4665 2616
1207 555
6267 508
8117 5520
5956 8834
339 7816
2512 6107
3457 7639
7644 9364
2361 4488
3379 7099
1628 6182
3808 163
1178 6998
2525 1733
8216 5021
3472 6047
3626 8180
9106 4555
4267 4618
7992 5846
5090 9043
4564 2248
300 96
373 8831
1223 3904
1754 6787
8135 2733
7333 4995
186 6368
1028 4205
3485 2450
946 741
1191 4018
5611 2256
6484 2261
2556 6557
9815 9304
8117 645
2792 4924
6225 2266
7897 4558
8189 2268
9568 6298
286 4826
9506 6946
3678 6873
4701 1155
4571 5887
2950 1584
4260 2943
1110 9120
0 6230
8483 6256
8516 4058
1135 2129
1409 1621
7248 7852
1664 9723
2729 1813
2413 225
4559 4337
6452 4869
8093 8395
0 4957
9162 4324
2592 608
2669 5793
3152 3373
9069 1310
7587 8803
4371 2608
68 3029
3267 2745
6641 8400
5337 9099
112 3592
8860 480
7280 5073
0 5165
2064 5248
5969 2307
2548 4256
8895 2309
7641 3820
2865 6981
3812 9881
1155 8275
3714 8332
6948 2119
6743 8723
7173 2317
4358 3822
8098 4596
9940 5513
1833 994
4898 5722
3589 7970
7494 6779
9258 7573
7437 5032
3975 2327
1352 2444
3460 5086
0 7977
2153 3097
1733 5657
3180 4396
2052 6385
6999 5517
3367 8601
3725 2337
9654 1959
3427 987
3683 7498
5758 2341
9337 3769
5554 9896
8642 7772
6009 1272
8336 2346
6562 951
3932 4645
6925 4265
8035 3350
7587 2383
4760 2352
816 6278
367 8599
7912 4503
3086 4574
4260 6109
4799 2033
870 471
2212 2399
951 5772
5380 6857
4324 1261
722 5550
5315 494
1949 8016
8028 3567
9103 5062
6581 8627
7813 4523
6106 1298
727 6245
8601 4864
1281 8983
4891 4302
3801 4102
1047 9871
8757 8901
9663 8973
1414 4446
8797 2127
5542 3604
6203 9220
9278 7373
2907 1809
3633 5571
1646 3670
4826 6567
8599 8344
5016 195
8286 6741
3077 2392
9180 8773
6369 8472
2457 4594
1839 4314
0 1601
3343 6455
4381 1516
6068 227
555 687
8013 4781
3932 5934
517 7146
5363 4583
6576 2406
3581 2263
4314 9308
2306 7201
8156 6301
7173 2411
2153 9528
5742 9576
8057 919
5035 9771
5170 9395
4569 9720
4986 3940
3948 1324
4893 5080
7077 1551
1610 1430
4674 2423
3295 4984
8626 6987
7457 9267
8156 6561
7387 3603
8098 6912
2458 2430
4140 7982
9936 5338
82 1373
6301 35
9430 8439
1099 2436
910 877
4924 8228
6850 623
1692 79
552 7040
7766 4706
3955 9933
645 9749
7639 909
7807 7056
6234 2447
33 8690
5199 261
6245 5842
1405 4951
2068 1695
6130 6678
6748 1509
62 2455
1227 2754
3387 7637
5344 6880
9042 3
3641 5498
2156 1873
7110 7151
8744 4978
3213 2464
6020 1091
7452 1642
2153 288
8152 1940
1377 3468
6141 9338
960 8774
1040 3361
771 5600
537 3620
4759 2208
390 4921
6691 6758
2021 742
329 1756
2829 1661
0 6224
6301 6543
0 2483
8698 8192
2940 8835
8365 6749
9907 7673
4634 7415
1980 2489
3624 737
1058 2849
3623 9108
9945 788
3021 8881
4986 9341
3138 7713
7122 5737
6107 2498
1593 7448
9749 3884
0 9821
950 243
1352 5447
518 4540
9749 2284
497 9665
8964 7488
1480 1693
3077 1891
5111 7557
778 4377
7653 9134
6479 6964
2950 5226
225 977
5034 6667
288 3916
1716 2415
5063 976
9289 8148
8561 2115
9337 4589
2268 7035
9704 1163
3940 466
954 2526
9515 5295
1539 151
2361 5300
1642 1752
1884 2531
929 1036
7727 2533
7649 2534
4375 3897
375 9737
7318 2537
4013 7968
9398 9690
5628 2921
4417 4142
8249 2542
7910 9864
174 2544
7837 6972
5892 7147
9243 4562
287 4950
7646 3951
406 4915
7225 8036
64 9315
7473 2539
4357 3779
428 201
545 8094
4049 9401
2029 2558
2307 3075
3566 579
7807 2561
2436 3168
4418 463
3939 9688
194 9917
3497 4568
4583 9257
3318 2568
5510 906
357 2570
2413 9546
5975 4615
7110 956
6449 9494
5622 2575
4825 2103
5831 2577
8750 9913
4101 2579
4762 2264
3178 3756
4089 2173
7954 4366
3491 5909
7816 2830
6252 9016
9080 7458
1741 8707
2729 4222
9171 1026
3387 9970
6640 563
9146 712
5562 6136
2727 7039
2413 8404
1408 3088
9663 839
7266 6093
2402 9044
7577 5754
2099 1848
3669 2603
8717 9861
3255 842
9933 7375
3740 1973
2539 1545
4357 8699
6678 7475
68 3868
3097 2612
4645 8154
1782 4875
6405 1963
4939 9429
3873 899
4573 5857
5997 4520
9395 1663
1931 2418
8496 5736
1873 5188
631 5368
727 3846
4864 8905
4417 1445
1600 8566
2119 6820
5014 1252
8145 1356
414 2693
7637 242
9614 7597
1112 9269
2455 5491
9764 2637
1791 2124
722 509
2099 5931
1252 2641
2004 717
8028 3120
6182 5589
3619 5865
1480 6549
2004 9051
8315 2648
5612 6885
1971 3049
9198 7298
9526 5792
202 5175
9103 3188
2187 2655
7813 5509
6391 3854
8202 7353
1471 380
1785 5606
6499 7590
4844 7604
5562 3496
5759 6623
2286 9201
3619 5835
6546 2278
2140 1137
6449 2731
4458 9074
3081 2671
6578 1622
3950 2435
5050 6365
2352 3287
6340 2676
6577 2335
9490 135
2059 3370
7910 5540
784 5476
7456 9657
4827 9733
1298 6772
7431 296
2252 5825
3563 4329
375 6493
2616 8498
194 8658
3985 3630
8611 2692
6419 5385
2114 2694
794 3861
8451 2477
28 3964
1246 8631
1032 25
8139 9112
5286 8236
9271 3249
9192 1507
5982 2417
2968 6937
7079 5855
1959 7529
950 9023
1588 3834
9940 2311
7375 5196
9848 6382
4772 2225
3194 4909
6015 6823
4571 2894
1272 5726
6437 8824
9143 2788
6550 5559
3801 6528
8717 4912
1751 3102
62 924
1935 5953
8065 2726
1733 8054
1912 154
9450 7454
4571 6597
3281 366
6969 4518
7974 1296
778 6485
1838 1149
4894 9760
6214 8261
7511 7942
6984 2347
2092 6059
5562 3419
4017 8832
2363 438
2900 3584
7641 5546
9358 1262
1693 911
2413 3839
9571 1051
144 975
2791 2987
3168 3753
5955 1518
6369 9259
4362 2755
9917 2756
1506 6366
2641 5977
6543 8873
596 2760
2671 4664
3097 2762
1706 354
750 81
658 4489
4981 2766
6298 7439
6068 9163
3379 1742
3116 2770
7219 2719
403 7252
0 9066
1593 6347
3434 2775
187 3161
5034 5841
6880 3621
5958 6524
4399 988
8016 4395
582 8822
8658 796
6369 2538
3212 1508
1026 5277
8993 2787
6127 4712
9991 3639
8252 1115
7559 9045
9528 5689
7685 2793
983 630
4395 4812
7333 7235
2722 2403
1425 7629
5057 9919
7072 2800
9045 3752
1975 1659
7644 1602
748 2701
4594 1671
6189 7600
3639 290
3756 6261
1194 6496
8840 4975
4043 207
956 706
4381 1546
5689 8615
7151 7794
3675 5936
7695 2817
406 3275
135 4800
432 6339
9842 2821
8349 2822
4328 7889
5955 5643
3477 7967
6613 4238
750 20
1264 3726
6528 5164
975 1275
7489 7168
7685 2832
4264 9555
3560 2834
1445 6537
4869 2836
6224 2837
7588 2838
1481 3774
2803 8802
8976 2841
5365 2842
736 4654
6801 2339
8221 1495
5655 3807
2264 3252
7990 2647
1262 7117
6615 7783
1157 4037
8778 2852
2181 8512
8482 7746
8774 3384
4567 5192
3689 3802
4558 8504
6581 7994
2412 3664
7333 8422
7882 7008
1912 4774
6984 9655
8482 7411
620 7789
704 5932
1260 2868
7685 7932
563 4816
2877 3742
491 1447
8717 1318
2637 5911
199 7894
4983 7322
8135 8181
808 5182
9987 2162
6107 7332
4391 3407
5101 9260
0 2883
2693 3272
491 2885
8266 2886
5628 2887
6649 1538
1716 3454
9257 2890
1510 3324
5541 807
4674 7567
9201 6504
3896 8362
7557 5227
8275 5697
3463 2301
5300 7580
7982 8786
5934 5699
8658 9923
924 5741
1955 9064
9074 2126
464 7819
8214 8358
6009 5094
3769 2909
5295 7745
9068 4928
4634 2540
3675 2528
1438 2000
9120 7536
4468 2810
823 7989
6001 423
7451 2919
162 2920
1508 2809
4348 50
4101 1966
7205 1313
9315 4144
1322 5872
3868 2682
3756 908
7649 1789
4329 5968
9224 2931
2284 603
7456 822
7685 3345
8988 989
543 5297
9046 2937
4274 9285
39 9540
6047 1460
5247 2941
6885 105
7307 2374
3029 3210
2340 4513
8790 5532
1422 4871
2011 2948
8216 6675
8774 4320
7448 2164
7179 2952
4458 4783
956 8048
2498 2955
2631 7905
911 9317
382 9
1628 8592
5347 7767
1886 2961
4824 7325
603 5828
373 7669
4391 2378
1292 6990
497 2967
7947 5729
3188 3355
442 1475
3485 2971
5430 4958
0 4467
7766 7736
8773 2975
3468 4698
440 1757
2605 6222
3138 4164
6790 2980
8364 5144
419 301
9401 4628
4446 2984
3533 6876
7492 3905
8384 8408
4552 7596
7115 9915
1081 1677
3323 2991
4589 5791
4518 5405
9936 8203
1642 5783
7882 9911
1471 8141
3184 9427
5793 8469
8786 8544
7531 1140
7583 3401
4167 7193
5494 9435
28 7244
7927 7316
2144 6650
2691 6489
2306 3009
498 5646
7375 8150
0 5896
4932 9361
2301 9075
8400 3015
7644 6598
5192 3446
1937 6332
4697 4002
6047 4721
3489 5420
9171 8946
330 3023
6620 7822
2499 7787
8623 6335
784 352
7669 3439
6227 8356
1505 3030
2302 9539
9836 9001
1461 7893
7265 3034
2049 1216
4701 5335
1973 9800
9016 9587
750 9783
3439 3040
2081 2482
6342 3042
1015 3043
8802 5914
1481 2001
5887 3607
8451 8944
6130 3048
7368 8914
596 3050
5855 962
7516 3052
4344 9034
905 1818
8901 6832
4650 3208
9842 6609
4002 2271
485 7091
2890 7069
3871 5945
9450 1211
4995 6544
8658 3064
6787 6100
297 7388
7639 1250
5783 193
6801 4736
2153 3070
9180 417
8444 9469
5710 3204
4670 5888
8902 5065
3249 3199
6940 7980
7262 3078
3589 7707
6230 3080
2361 8314
7510 9998
5024 7429
6749 2293
2883 473
9385 2027
859 3087
6701 6423
7611 6427
1971 679
752 8764
2222 4024
9427 7430
8336 3795
9989 4471
3918 9345
6256 9015
3401 8485
4538 7495
5485 3100
1492 3101
2766 4004
2534 67
297 3104
4217 2088
225 6197
9045 863
7510 1504
1091 1972
380 7164
406 9351
9749 1055
28 3886
377 1898
4148 7292
871 1700
3448 9708
8824 7697
9361 2738
7557 6478
1255 9399
1460 3122
64 9178
3815 4095
9349 3125
113 653
312 6205
1480 3128
8039 7975
6611 3130
8914 3131
7822 8301
3801 7277
288 6067
6419 8727
1813 3605
342 3137
5028 3479
5868 8533
0 9441
7668 7958
85 3022
297 3143
4391 5478
6416 8898
1777 8636
4783 3147
2412 5457
9116 6139
1064 6705
9108 3151
4396 833
5348 5208
8670 9853
3420 3155
6138 3643
3573 9736
4591 9131
225 6066
8882 3160
2173 2776
343 5944
8835 1097
4192 7769
2162 9934
7637 2928
8444 3167
1055 8438
4894 9639
1144 5180
1405 5274
8778 2005
6517 407
2144 318
1898 7386
3155 6518
5914 4743
2302 9378
9001 1787
2501 2319
1004 3657
4915 3466
7411 6702
5057 9564
2760 2367
9112 1648
5907 5782
1975 2651
898 3189
2800 4973
1835 5765
3873 3708
5812 4160
3168 7184
440 3195
7873 5053
6282 2536
7929 1561
1972 7394
2271 8012
3654 6407
8065 5271
5883 3203
9576 1726
8631 4742
6504 1122
4151 8445
1296 2157
476 3209
6149 686
2566 3211
6104 995
466 9974
7695 7166
8439 9291
7801 8826
1579 641
4471 3578
7531 3219
4744 1629
6615 3221
2647 3949
4873 8555
1336 3691
4192 957
2266 8880
5754 3227
5955 3228
3913 8311
1966 9049
4262 7682
475 3232
3188 9158
3345 2574
7122 3235
4328 3236
6811 5823
476 8548
5430 270
377 252
626 5287
1561 6483
5876 835
97 3044
7488 2636
7115 1087
7169 2749
7783 565
5885 1440
7307 1488
3859 3923
6225 9455
2347 1196
8744 7165
981 9824
7509 947
1711 1872
2803 7533
2482 4430
4751 3260
296 5716
7722 2503
3066 787
3288 2953
1769 8076
7202 8208
2943 938
2335 2882
3134 2178
4851 3270
7894 2972
335 3141
4736 5676
1726 3274
6625 3426
7418 3276
7918 3277
6385 5323
4552 7828
6937 2393
5277 6974
9315 3073
7177 7716
3609 146
9430 3285
7870 2440
9816 3973
943 9892
6189 4918
5677 7784
7533 939
9286 3422
1965 849
5065 7803
7317 6417
5447 8143
6925 4422
4783 2663
3100 1071
565 8447
8445 3301
2803 2283
6506 1930
1034 3304
1898 8443
5857 6346
1157 4008
8327 4528
8983 3309
3221 5325
9736 3207
8811 2895
9553 5948
1928 2613
7245 1513
6609 3316
5509 2597
6109 9336
5987 8136
6431 6624
4037 3321
5777 2224
634 5856
8658 2891
2493 4332
2374 9868
9840 6238
4573 4111
4569 7650
6749 1654
4725 3331
3339 5212
6290 8371
4050 5990
943 2702
9788 2873
6941 3337
7475 3338
1950 9866
3155 2699
1455 6160
8703 3342
3 6022
9853 3344
8057 2867
6160 5556
4945 9855
4348 8673
521 1145
727 6732
9120 7524
2878 120
8405 522
6407 1988
3343 966
8160 7162
4264 6644
3657 3358
7171 1048
2722 9722
6609 9307
9871 3869
8616 606
6125 3364
162 7508
7496 3366
2252 2407
7077 8242
7167 5056
1839 824
8395 3371
8628 3452
5945 5951
5841 9986
6224 4491
8983 1401
8949 3377
8216 6852
3871 8232
3657 1528
4058 7311
7246 9504
4915 8097
4750 4493
2829 3385
5423 4595
8311 106
2693 3388
55 5222
606 1793
2641 9111
8561 3992
3454 3393
5848 3185
5073 1721
6224 1251
6370 6866
6423 344
2421 7753
3742 2593
4915 3118
2536 3402
5546 4305
3290 3404
2306 6400
5430 3819
9520 826
8539 4987
5765 3098
1191 40
7354 3411
1167 1613
5188 3413
5368 4691
2076 1740
9016 3406
9752 9498
3125 3418
4130 1639
3272 1899
5783 7518
1149 3315
7169 7469
4336 1570
940 6860
766 2997
1507 7288
5904 7426
9412 9268
5737 8372
8673 3431
4348 8041
853 713
7507 9588
2052 6318
8042 1764
3801 7658
4759 3438
5348 3512
1848 8819
2629 1008
5058 4865
5340 4622
9863 3065
5137 958
877 9904
3779 6295
9789 9453
366 3449
1020 1085
985 7670
1676 1868
5448 3453
8750 5579
8512 3926
0 7711
3029 6054
8439 8662
2164 6799
2307 5060
9018 1890
3491 5811
3040 2077
8532 2333
3520 8007
6021 9468
6339 3467
7807 732
2701 6759
2391 6063
7720 1124
9915 229
5486 1169
7682 5795
9143 8170
1059 1724
1196 6566
3048 9924
1659 4346
9903 3480
6341 4119
2554 8686
7901 1041
9280 6174
4167 1070
8280 4134
910 1604
1676 7845
5972 6122
1422 1678
1112 3647
4484 6522
8693 2808
3414 3494
1642 5666
9224 4090
4874 9199
7172 1158
4256 1118
7803 6781
8055 7899
6514 6440
9571 4153
6612 7614
4987 583
2532 9591
5956 3507
9220 3508
312 578
2975 8224
3207 3170
440 7786
3751 1727
7154 9888
7819 237
1453 625
9911 4172
4758 2165
7901 3519
0 9128
8757 8418
2957 5794
8332 3382
699 3524
8148 3762
2937 1744
4596 3527
2039 3528
6639 8820
1087 3530
7974 1319
2078 8573
1045 9531
2208 9681
2939 3535
1263 6878
8120 5392
3169 4245
685 6564
9806 3540
2821 2825
7596 3542
6990 6542
1956 1650
909 8672
4568 3546
7650 3214
3134 6516
4095 2136
6765 1815
3918 1417
2900 5045
4008 3553
7682 3554
1516 9982
5347 3943
1191 4006
8631 2508
794 4647
769 2125
9526 2806
6550 5822
2385 4452
7711 1108
4691 8529
2825 9809
2730 9993
9986 3568
6876 3601
3753 6159
1045 5125
8216 4734
7172 2043
6927 5320
3143 3575
4443 7112
8152 1418
0 4795
2392 3579
9924 2478
5325 779
2000 2377
3859 3127
2868 6843
5783 1856
1417 5536
1733 5270
7370 5618
3540 8520
477 763
2215 230
1813 8741
545 3516
1987 5433
3019 7690
6340 3596
1500 5228
7376 8177
5906 3599
442 7106
8592 1902
2286 1228
4767 9636
8232 6631
1135 478
1198 6470
2909 577
2284 7301
8443 7481
7277 2313
2165 3611
3599 4786
408 1133
1389 8064
7588 1090
6804 3616
6021 8454
3714 3618
2540 5706
3104 1592
4528 8382
9690 9070
2671 9734
4973 5718
6561 3441
9903 942
186 5179
1901 3628
5759 9288
7736 9503
5323 3631
5164 992
4769 1853
5371 7564
3110 3635
7280 3615
977 9799
1367 6719
16 1892
3660 5577
2033 3749
8797 6943
6748 9613
3751 2541
2394 2236
8592 588
9337 1922
8224 5093
6546 7092
3385 8891
5821 5854
2677 5231
8287 215
6611 2074
3301 3655
730 3656
1134 1917
1600 2858
3939 1221
329 7144
9974 3661
2625 3662
5426 3525
2435 7220
263 3665
1800 6694
3598 1397
3151 6146
1177 5837
3138 8577
3015 3831
3010 4755
8757 7047
3859 6324
6252 6659
1901 190
1808 3677
2320 9721
4658 5033
6385 5131
3950 640
7879 4662
458 2879
1079 3684
7205 8144
2584 8837
537 7087
8183 8955
3608 9014
4783 9694
6578 3039
5489 4279
6630 1557
193 3694
9619 6166
7205 4977
2971 3697
3096 9847
7147 9754
322 7259
4725 1374
8786 3702
0 415
0 362
524 3705
9156 9755
6368 4482
6781 8965
4336 1412
6641 3710
4714 7984
521 4449
8411 3713
5476 361
5433 7534
9694 4011
8946 9964
1227 5246
1266 3719
2967 721
9801 3721
3605 6307
5694 1994
3170 7338
6823 12
9837 6979
5646 7363
4190 3556
3075 1114
4371 3730
1058 152
7918 9279
2912 2969
3418 3391
3091 1680
5865 3736
779 1541
5835 1265
7722 7321
900 122
4095 5351
1041 7261
4886 2902
3916 3744
486 5023
1825 9629
4337 8366
7387 449
449 4069
5127 6442
3355 2424
2037 2801
4721 4075
1521 1340
12 7224
2026 7477
5370 7741
4404 9563
778 3759
9018 2913
8572 2254
6341 7135
470 5159
2886 2467
9038 2014
5131 3766
7807 5802
6969 8213
6732 150
9688 3770
0 5601
9629 3772
4975 3773
618 4998
3047 1238
3542 8475
685 8705
2444 6040
7897 6788
9353 4369
1800 2102
4489 7272
6577 3783
2440 9387
4960 121
4960 3617
9412 7855
988 9887
611 2767
6119 7294
8224 2725
658 3792
3054 7328
7528 3794
6614 4892
5448 95
4654 6511
2938 7462
5983 6869
1008 2752
640 5256
9993 980
2201 6665
950 8853
2033 8259
3197 9745
3624 7063
1957 6685
0 9409
5855 6218
2021 9305
7209 5059
3769 5912
1993 6722
7518 2657
3553 6956
2878 1640
2281 3278
6987 8719
7 4506
1377 3821
2499 1982
9871 6270
1163 3824
4198 340
5932 3760
5628 9597
463 5838
4568 3610
2825 3830
2822 2456
428 3072
4851 591
6396 760
9815 3835
5226 4497
7387 4113
7769 3838
9542 7526
9230 1462
287 9082
1813 2250
7202 3843
578 5417
9846 2549
7879 6807
5180 3847
6449 7966
5340 2085
2088 6905
83 8999
7348 9658
9435 4626
6678 2151
5199 10
1727 1858
2355 4843
6578 3878
7069 5359
1026 1247
9877 1007
7870 3862
7609 2718
7035 2553
619 530
1349 1908
2503 3945
4391 1958
9636 5967
5041 6156
7968 2530
4679 2275
4192 1969
2000 7130
3385 982
1126 3172
7301 644
6528 725
8224 3879
2636 935
8504 2552
3203 9456
20 2521
150 8254
1505 5499
8707 9825
8631 4181
4589 2152
9248 3889
4928 3890
6442 8002
2806 6032
6071 3893
6539 1107
9515 3895
1480 1053
3197 2535
543 8127
7629 3899
9204 1100
4864 8960
6271 7271
6054 1904
1293 573
8895 2986
8525 437
9045 4121
2738 5116
2900 777
6987 7617
6020 7341
2852 4752
7047 3614
8615 6882
2033 3915
6301 8841
1247 3183
956 2471
5812 4485
573 5999
7589 4230
5433 5128
9399 6533
6998 4398
7745 5877
5731 584
3448 5329
6271 6800
8316 5194
382 1933
498 1734
8525 6505
160 1052
7322 3934
7454 249
9681 3936
2418 5496
5763 4239
1020 4792
2858 4194
344 8725
2754 3559
9064 1812
3295 3944
7587 1357
902 2048
6924 3505
2131 1533
9205 8644
1422 876
2049 4988
4261 9177
1949 8694
7885 3954
3964 2233
7169 1578
7463 921
3272 3958
3092 3980
8756 2292
2878 5445
2693 2485
480 3963
2320 9028
6391 3965
6542 3966
3044 5211
7087 3928
3213 1765
4541 4682
5412 5590
5320 3186
5175 5043
9146 2818
5635 3754
9398 9569
1858 1179
8699 1316
2338 7380
9880 7723
2275 1388
1227 5705
396 5843
1302 6847
8485 3312
8649 628
3161 3987
39 3827
4662 3269
1055 3990
1347 1985
3743 6374
9116 3993
6943 3994
2228 5011
7106 8340
7650 5701
9278 4542
5539 3999
2037 4000
3613 1540
988 5816
6532 9228
2337 90
5885 1459
4274 3557
79 2843
9940 2557
2430 1330
4530 4627
5221 8645
1399 4703
8238 599
8156 8237
0 4015
7079 1615
9564 2595
8145 774
6197 6361
9453 2093
7646 5714
2441 2707
7272 4023
6374 5905
1440 531
7873 1294
3285 7231
2087 4364
5727 4599
1505 1753
7314 6448
911 4999
5368 7076
8041 244
533 2995
909 5296
8301 8303
238 4038
5933 3296
859 2494
3869 461
6862 391
7769 7703
5758 1799
1246 32
2770 2956
533 6194
3345 4048
7008 9994
9434 4610
2537 9240
4824 6682
2612 7450
4752 4054
3745 3813
9626 4556
1533 4195
3295 6294
2412 7447
7845 320
9901 9589
1506 1566
6956 7951
1099 6388
6843 6168
1686 9160
2700 6961
3601 1226
3495 7421
3611 9595
1118 4071
3553 8096
6656 971
9739 421
8275 9659
8223 3995
3825 2643
0 1300
4675 4079
9861 4080
6897 4813
7887 4840
9752 8398
3360 4084
9555 2876
3689 3322
2648 4087
5078 867
1033 3330
3367 8479
7156 6757
262 9433
8185 4093
3769 9374
6701 5481
9840 593
5287 26
403 4352
9201 2280
2987 5415
2770 5949
2347 520
6142 2759
1917 3883
4177 9897
3581 9660
2008 5938
1183 5200
7765 5790
9587 5316
1099 9541
989 7969
9385 5042
6518 2303
5022 8554
1157 5675
7587 4117
5612 80
1695 6679
685 4120
406 764
112 6275
7305 4868
1504 7793
1226 4125
4270 5388
3221 3942
4413 6475
9602 4747
2975 4074
4442 2504
3614 188
2005 9168
843 9210
4239 7998
1087 5178
6291 2453
3398 8888
183 8061
5606 1271
6613 6663
4518 4954
2830 4143
8924 1235
7184 8010
3615 4146
4556 2590
7177 8197
3274 3734
1007 422
7853 1217
2340 8
8803 3503
971 7865
6271 998
1970 3386
4909 1655
8797 698
816 4159
1663 1563
2726 4313
6665 4162
6887 4163
69 3372
2829 841
337 267
635 9711
1515 8500
6400 6500
9980 1329
2762 514
150 894
3439 2332
9917 4993
9201 9740
1892 381
5467 2611
7989 5333
4957 4179
4874 4394
961 7656
5175 1828
7668 9138
1447 9885
5794 2527
919 8330
6788 4187
1107 8879
7173 696
1041 1276
9338 3245
6972 2712
7246 4193
2663 5721
9070 9251
0 2820
5910 6699
1835 6293
8254 17
3605 1499
2547 5251
9874 4202
9526 7416
237 5115
8483 1343
6769 4206
3068 1552
252 6604
3016 4209
8834 4210
6659 4211
4935 1887
5825 4213
849 4996
5906 4215
3869 4216
2943 3443
845 8133
494 173
9639 4220
3407 1750
1114 1666
1838 2242
2392 7500
2740 820
84 8702
3928 4227
1119 4228
9042 4229
3631 8318
4639 3268
7092 4232
2411 2431
4230 1282
9688 5473
9450 4236
4664 9004
3619 979
1020 3938
80 4879
7668 1164
2413 4242
5090 392
6100 570
1776 8749
2817 2786
8857 8814
2907 4248
1005 568
5179 9510
9755 4487
8572 6594
3034 385
8711 3319
2935 9432
960 5921
5034 6215
968 5121
1296 7303
6346 3627
3556 130
5541 7085
3272 4263
3719 9101
417 9631
2103 4266
4245 3279
1742 4268
2711 1968
7450 9869
9146 4271
6334 4104
0 6706
5819 8558
7800 2847
4999 5356
4503 4277
6489 2083
2984 6717
8976 8159
5007 4943
2540 9647
9787 3921
7219 5533
3626 556
5060 948
2423 4287
9071 5414
8577 1156
7395 7453
5865 394
2736 4292
2636 3771
1520 1524
2572 5609
8094 4296
5046 9354
8901 2856
0 7556
721 9300
523 8481
4742 1185
3676 3176
3078 4439
5244 3403
1663 9408
1898 7371
9952 5005
357 4309
3904 5076
6959 7227
232 2747
2845 1919
1349 8363
8121 567
1209 5213
2837 5849
6438 8668
9755 8508
2570 7841
5131 2515
4023 9973
9269 7872
8702 2781
8533 3062
1497 6951
4843 4327
2825 2783
6431 2158
4015 2312
7169 5815
9734 7097
3558 6409
2858 2744
4242 2255
5065 5339
8441 4315
3793 4338
2538 2028
442 6608
7371 70
5948 8957
6848 1387
1856 7922
4202 5973
8957 1556
4113 7777
9349 4737
9825 6019
8857 7920
1535 4351
5871 5778
8064 4234
3926 6300
1252 3302
1533 9479
396 897
6905 8167
342 9459
2102 1267
1053 5605
6852 6583
2361 4363
9515 4334
9896 693
950 7049
1294 8089
4071 4368
1293 6255
3122 4370
8405 856
6427 1335
9014 4373
9307 789
3051 2036
9702 4376
3613 5254
9568 9187
3864 5850
230 5075
8664 9209
8160 7170
264 6553
6369 2227
8776 8682
1883 4386
8813 4387
5137 9963
3531 4389
2354 4390
2744 3499
6542 6547
9934 4393
1827 1342
5498 5289
1429 3464
9034 2958
3665 5617
417 7417
3051 5549
4572 5265
4357 2086
0 7004
2740 8762
0 9124
9883 4492
3992 895
5248 3747
2760 5240
3766 652
5791 5878
3485 7199
1338 7474
985 4414
6951 3226
5190 6753
8160 3518
9265 8930
1321 4419
826 4420
9945 6593
5353 3297
1112 4585
2141 1534
2423 2334
5062 2732
7951 8407
9945 1586
9398 310
3839 602
6242 8414
8472 3969
5865 4853
3330 2229
4662 974
2663 4436
1417 1421
9663 7094
3751 9728
1428 4440
4048 4441
5714 8743
6516 1442
1133 1790
6346 1826
1857 5595
6047 6
5794 4448
1528 5429
1064 4450
9754 4259
9164 9093
5618 4453
3631 4454
8797 4283
3295 4456
5466 3220
5958 5924
130 3362
4102 6281
496 4291
1440 2295
7918 8987
725 1611
1247 4465
2937 7986
1041 8201
3756 2563
4518 3903
2852 4470
2671 5157
7986 2989
9749 4473
1875 5495
8592 3246
2671 1184
2499 4477
7685 5820
9801 4479
3322 4480
537 1651
7879 278
1901 4483
8061 8276
1666 5834
4363 2602
5184 7399
7135 1638
1115 673
5458 5217
4476 3041
5538 4994
8309 515
4000 4494
0 8299
2332 6842
185 2051
599 4498
7205 7651
8662 8752
8142 5521
537 4502
2832 6512
4022 4504
2572 8090
4780 2452
64 4507
4352 4432
5509 4509
1438 4510
6125 6333
174 4512
9654 8103
3727 4514
2311 743
2761 6906
3578 8080
4113 3510
1622 9121
8454 7752
615 327
6301 2861
6644 5411
7441 5607
4658 7491
4013 4526
3400 2084
8988 8045
9986 1747
6485 8460
977 8497
8366 52
5828 3233
6769 4534
2083 2662
5642 9715
1864 277
5107 4062
7758 2871
3343 2524
486 1113
4095 1531
6419 9582
4958 2446
2775 9273
5533 9309
2490 4547
6192 3020
4252 1049
8251 8295
6842 4551
4477 4741
5593 6976
1508 8661
6963 6283
8287 6383
2736 1911
3772 5110
764 739
1451 7661
7734 489
1654 8502
4935 1918
3527 1278
8915 5604
7235 4566
4720 9423
7765 9884
1750 3768
6547 1554
4266 1860
0 2628
8601 4968
2032 4553
3674 4575
3564 7607
3831 5054
4654 1865
4346 4579
6361 9689
2711 7286
2241 4938
6583 6258
8340 4584
1551 1774
9626 2069
1507 4226
5865 9487
8330 1805
8497 9060
4963 8124
4743 9594
391 7300
6139 7107
2064 6716
7600 3191
796 9406
7600 4646
1853 9548
7506 1821
9319 1117
3367 8868
325 5867
1125 6188
3495 8925
6695 3144
1469 2708
1651 8018
1255 2053
1556 3642
2890 3920
3527 1106
3277 4613
8035 4614
1892 5357
4440 4616
1552 3119
5540 2893
95 8375
3889 5321
9584 1537
7711 6588
3233 9592
5254 8020
588 9226
7313 1452
2483 7930
4921 513
702 4629
4120 8085
4541 4631
1140 4632
3772 2460
1824 3912
4089 214
4321 4636
8140 5576
2352 8014
5944 1804
1013 7045
1148 4116
2031 4642
2293 1511
6337 6552
1629 3803
339 1608
7697 890
7966 7249
6974 2351
6284 6079
8752 4651
2499 7181
3275 7987
4589 4007
9789 7152
3746 6993
1336 4601
2835 2688
3563 6330
1747 6028
4999 627
4757 2010
8644 2259
5741 6016
1957 2071
6969 4666
4337 4667
7073 4866
6197 9692
545 9324
3987 4560
8735 4672
6537 5810
5731 6025
1751 1359
2694 4648
310 7724
3835 6157
1640 4044
1198 444
52 2404
2788 1391
8290 4683
1005 597
5348 1245
4568 2947
1864 7163
2285 4688
8705 9774
2027 4690
7531 879
2803 648
1626 4249
7800 9862
8504 4695
0 371
1528 5608
1227 226
2907 2496
6604 2237
3034 9950
1604 4702
8185 7835
1495 4704
1576 9411
272 3577
982 7309
9288 4708
4182 4709
2286 5625
0 2927
7014 1834
2347 4713
3945 4289
8925 1195
4121 2380
3731 4717
1944 7566
9427 6669
3245 4036
1852 754
1752 6143
4329 4723
1825 4495
5111 3363
9300 1232
2753 5168
899 9527
4450 4729
2931 4730
2544 4731
577 5471
4909 4733
5799 2218
0 383
8152 307
3316 1297
5655 4382
4981 609
4119 3693
0 1709
7242 3444
1891 87
6533 3857
6475 7550
9267 4746
7438 4129
3616 1491
9603 4749
2423 1077
3920 9266
8362 973
4198 4753
2730 3085
4202 3672
8012 9792
7411 6797
4006 1948
4698 1441
7072 2382
778 6526
6706 8789
3010 4763
1539 2331
0 6668
7550 104
632 7396
3519 2658
3364 3737
5110 6163
3236 4771
3219 3014
765 4773
9801 6898
357 4775
4453 9375
4226 4777
1281 4778
4951 1236
3942 7504
9832 650
7272 707
3578 2859
4075 6988
3160 3984
7262 612
139 4787
995 812
9146 1735
2144 7774
4302 5692
5170 7760
6514 1819
1726 1603
8686 8209
8820 4796
2713 6329
3556 4537
442 9579
2712 8526
3494 4801
3318 5712
520 2188
1661 9562
3406 4802
4472 8178
6470 4807
6925 6834
3446 6183
4264 5068
6772 4811
2599 9233
1957 2356
1977 4814
3044 110
3080 1024
8820 4817
4301 7535
0 6700
3830 7362
5846 5258
1722 6690
4742 1458
5075 8551
6542 3474
7353 8984
2984 3947
8150 4828
816 6213
985 4830
1248 3646
6719 3777
459 4833
8000 4834
6613 7111
943 9878
2753 4837
4314 1946
4430 884
5023 9301
7713 862
4786 4842
2319 9650
5184 9534
6697 2111
8136 6413
5082 624
270 2279
7690 8119
7431 4365
6702 3784
5737 2007
5865 8632
3462 9403
0 5269
597 6239
2557 9985
9571 8640
2885 4859
8000 360
2271 9805
9783 8671
3903 9250
5609 2373
0 5930
8529 8281
3275 7775
4521 9637
6270 2288
1356 4086
3120 1381
1552 2645
1156 276
351 7521
7587 5647
0 4876
25 4877
4814 4122
7300 317
9353 4880
5135 7662
4767 205
4759 7502
5349 9649
3525 6794
7843 6082
9702 2192
6511 5298
3285 2096
5213 1855
7386 1061
7777 6226
5898 672
8408 9735
1569 8264
1884 1773
1932 4897
4256 3855
5646 510
6756 8769
264 7021
3868 7188
6691 8697
3354 2290
6020 6592
6451 2704
9204 4907
8826 4908
1452 2771
5274 1467
80 4020
8092 4056
306 8071
9940 4914
4874 2550
742 1720
4146 7466
6022 1938
5815 4919
102 1205
6826 8531
3137 4922
5165 6167
7941 781
2285 4235
4730 7626
6685 4927
8756 2160
306 219
2829 2627
1736 6474
6885 6046
4986 4933
227 7860
7121 5899
1301 7355
7589 7698
4842 7638
193 4724
9985 3253
4369 4941
0 1929
3444 9522
9974 8861
4289 4806
4870 6121
310 77
8208 1173
7597 349
4941 7476
3963 2451
2281 4952
9199 8448
0 4623
1782 1905
1225 1197
8014 6065
980 9812
4120 557
5240 2724
9060 2679
417 4962
2317 1288
1937 8291
2984 2925
3519 4966
1813 4967
17 8424
5365 4969
160 4970
7475 7356
1971 5306
2144 4644
4662 4240
0 8674
2511 9234
8946 4841
2912 7883
4602 4979
8655 5285
6252 2190
2260 210
421 1101
2062 8397
1183 2609
8479 8961
152 3972
6534 6902
8610 347
345 3682
2049 4991
1815 4992
4306 6764
968 5531
4284 3108
6442 8600
8915 4997
4245 7116
5303 3902
942 7290
4690 5001
5491 4911
1952 4693
3934 5077
1552 1796
7341 7581
6705 8678
6166 5008
6222 4789
4217 5010
2883 915
4015 2050
9123 5013
1459 3192
3664 5015
1051 1758
2902 5017
3360 6414
6157 5019
2275 2862
4759 5580
7601 6134
514 4803
765 817
4261 9089
9479 1485
2503 1903
7652 3637
3221 4532
421 1810
618 5844
9401 1376
4551 2329
9639 3983
9735 7215
6059 5036
7775 5475
8599 6971
7249 3229
4410 5040
1117 7243
2493 5766
6790 4402
2455 9238
2578 2449
0 138
4441 2899
4970 7683
9414 3248
7290 6472
215 5873
6271 2202
7849 8298
365 3307
4542 5055
8362 840
3590 1241
4777 1934
3345 6153
4011 3314
6981 1274
2886 805
1324 9918
3993 6931
6507 2773
2374 714
359 1075
8822 3222
3419 5069
4086 5070
2290 5071
1011 149
7653 6872
9401 5074
96 8565
513 4310
2190 6169
5910 2142
8924 2143
3051 2179
4363 4617
3853 6372
4187 9113
4195 3526
0 5085
7816 7043
461 5087
9842 2779
6990 1523
3233 9109
7135 5913
3631 5092
4260 7838
5046 8099
2255 5095
6139 411
487 204
5094 2505
7889 1003
6964 5100
7433 6520
9821 9482
6213 7582
5778 1696
3869 4275
3401 5106
6506 8294
1943 6078
1877 7361
7701 1573
0 7019
845 4580
5412 1082
2637 802
6329 9859
2324 1701
4495 5117
5139 7095
1988 5105
3542 5408
2076 7216
1597 5122
5188 5123
5987 803
4995 809
4561 5126
1576 587
5892 355
1833 1286
7990 5130
4325 7595
5646 5132
743 5133
3406 3595
789 1325
4439 8545
1163 9656
3674 5138
6414 5735
5104 5140
4968 5141
2000 8058
9340 7372
3092 4681
2501 5145
1137 675
3236 5147
1513 952
4170 647
913 5330
4282 4625
5878 972
7688 2546
6539 2012
6987 2983
5320 5156
2637 4587
977 7423
4407 3716
6850 1204
3697 5161
2627 969
5286 4519
1955 5487
4719 9949
4798 3135
9754 5167
3434 3634
7411 8037
9771 9559
7324 9053
187 8347
2328 5173
5251 5174
5046 7232
0 5176
7982 2247
5723 8220
4932 3126
6 7913
5726 8104
8786 6037
8242 8872
883 9891
573 5185
5533 8271
2059 5187
3895 5640
5433 2790
2990 9957
335 9493
6972 7610
9816 8716
2212 148
8720 6796
753 2445
9904 3435
2481 5198
3366 2362
4960 8278
7919 5201
3821 5809
2297 3935
33 2
1428 1762
7399 5206
65 6165
6971 8874
7425 5209
9562 733
2092 8718
6491 2070
0 4293
807 5761
686 8567
5605 7859
5065 114
8314 5919
1997 5219
6277 9679
8063 2949
8757 5288
1520 5223
177 116
9459 3261
1994 1231
3401 4577
9504 8852
4084 5229
4736 2705
5430 9955
2538 6903
7639 5233
7241 8844
5100 8556
8398 5236
828 7239
7298 2518
4245 484
8744 1822
7147 7592
4386 6657
8318 2200
4137 5428
114 5245
1867 6683
4484 6240
428 405
28 5249
653 5334
6987 991
5853 3922
3572 5253
0 1512
5834 4930
3950 9851
8309 5257
9861 2695
7303 2926
1556 181
2302 9845
7156 949
1390 5263
1300 5264
2508 4699
5182 7802
7106 9876
3250 1385
5541 2666
2761 4059
4248 5584
5595 5272
4468 6158
181 1577
9913 5275
0 5276
708 821
9637 7028
8798 3910
5825 2300
4015 5281
8878 945
3494 922
6520 5284
6417 6209
3477 5454
6731 9096
1655 265
3918 8585
494 8816
2264 5304
1309 5292
6104 901
5128 5294
2525 5744
5918 1463
7163 158
7069 7336
5625 4505
9733 7067
8626 168
5019 231
3208 3352
3553 5291
603 9640
5040 6469
3295 7155
7855 6073
5810 5309
5625 7126
5495 5311
6505 4409
5611 363
0 5636
2602 9249
9186 2866
9986 1989
438 2217
8775 677
1024 3390
3883 2710
5916 3397
3222 8206
803 5324
3772 9242
1491 561
5969 8667
6514 5328
7601 1589
8961 8285
3477 3142
6984 5332
6336 4178
5727 2174
9924 3036
3358 5336
4236 2107
7583 3280
0 401
6799 9929
7162 3487
3174 111
6021 5343
7894 2057
7146 3703
0 5346
3752 1841
3994 8956
1373 5151
3877 5707
432 1404
3128 5366
7341 4972
2762 7630
1352 2117
3527 4673
4148 9079
214 3739
7014 4481
3878 9899
9579 1689
5579 4635
5944 1215
9503 1897
8444 9167
2175 3332
9241 2517
2178 8378
4008 6856
9694 4545
1028 4592
0 6326
2071 2079
9109 9030
7975 5756
4266 5376
972 5003
953 5378
1528 4123
8253 1846
4594 5404
5320 2796
3536 5372
1209 1254
2825 1792
2103 5386
985 5387
4990 5195
2156 2213
9271 4499
7475 9638
229 3336
3464 4304
3095 7911
2574 2035
4879 5396
3920 5397
8213 7996
603 5399
7083 5400
4178 5651
3377 5402
8610 5403
8645 9098
2000 3289
9812 4624
0 5407
8975 4349
753 2116
3131 1527
4459 6680
1005 882
4667 5413
2671 4200
5133 3717
2008 8115
2590 7578
3049 7823
5445 5419
6419 1023
3501 5421
3629 5422
7662 2397
2072 5424
9423 5425
3717 4516
3445 137
5353 2778
4749 9583
8561 6818
6470 5431
640 7382
4289 7995
3759 5434
4528 9475
1194 4098
4325 8679
6142 4403
0 5439
0 5440
6500 832
1905 3952
6956 8530
9591 8337
377 941
7028 5446
5609 711
3384 7624
2152 1383
9846 5450
8094 5451
6753 8546
5844 8923
3540 3357
6365 772
2549 4696
2347 3148
7348 7204
0 3055
2921 350
2265 2797
3400 4166
4520 8639
5549 5464
4750 5465
879 6672
2594 7343
6939 3529
6189 3056
1207 6768
7445 3732
9904 3788
2074 1290
6240 5474
734 7230
357 3538
841 6351
5790 7042
8384 5479
7207 1256
4291 4463
6615 4820
3422 2591
5086 5484
9963 3058
3859 6904
628 7642
9282 8713
2441 4257
8683 9272
345 6196
1330 8933
6460 8255
4737 5668
6067 1413
9016 4949
4257 2954
9836 2137
4177 1375
1406 5624
8837 4180
3321 5502
2455 2675
405 250
190 5505
5199 6206
1885 8073
0 8210
4193 6268
3406 601
3414 9910
0 7773
7627 7497
6479 7850
2602 5863
1822 5516
1347 6113
884 7868
4998 881
9068 904
8418 8456
5334 4663
5315 7031
5275 2917
647 5525
279 3273
1020 5527
3042 294
7637 467
1524 5530
1497 5702
7073 6320
7690 3908
2446 5534
2919 8446
257 7444
9877 5693
5809 4872
1116 6002
9915 649
2311 1571
6499 1562
2292 8051
8693 519
2997 1850
0 117
4792 9290
1568 9770
8933 6754
6722 8174
3873 5551
6549 7351
3953 2839
623 8913
1822 8963
4074 2981
1345 5172
1541 5558
8554 7904
2436 9667
4799 2500
3006 1230
6452 6642
4893 797
3281 7606
5756 5566
330 7194
2031 7149
4335 5569
8744 5570
6449 3424
2307 8015
0 3786
8868 858
3334 5575
4484 666
3087 891
6987 1843
0 3681
4074 7608
8104 7226
3370 175
3600 1143
8294 1667
6022 6129
139 4661
8096 5587
3563 9605
3801 3699
0 643
4351 5591
4187 7815
7303 7256
3770 6314
2449 6907
4125 1647
1460 6771
6407 7693
8968 1881
6089 9873
4413 1384
2256 5602
7049 8047
817 101
2129 2723
1049 5384
6104 388
1586 1249
9998 1514
5559 7104
3142 5326
6679 3374
3322 4033
9809 8937
0 1869
4401 3687
2187 4862
199 4946
7103 1431
863 9236
6240 2315
7509 4155
9940 5745
2575 7570
1084 8128
9308 5626
835 8260
2968 6501
5846 6545
9268 8580
6113 8656
1444 5632
9002 5241
9656 5634
5609 1066
5160 665
6452 7851
9771 4531
3678 6080
5722 3686
5772 5641
3614 3757
0 3968
3575 454
5385 2523
5972 4854
4893 1781
1319 5648
4679 6855
4682 5650
7650 1094
853 4878
3987 5653
3345 2214
4964 4281
1401 9682
9880 4606
9723 4298
9179 834
3527 8992
9234 7864
9345 5662
4691 3998
391 9753
3366 1487
3955 5099
5399 662
505 8578
0 4243
794 7013
2940 398
1422 1439
8891 4735
1179 2721
3993 5341
2393 2296
690 7093
4774 5678
8070 5679
246 2414
3323 5681
8901 5049
2092 5683
5510 6918
4413 5685
626 6933
662 5687
7164 566
5225 4171
7641 5690
1034 8319
5002 3814
9411 4088
1119 3002
4442 8023
4631 3914
9308 1019
3910 5528
3647 1760
8076 6938
2591 2495
4171 8300
683 5703
6460 7530
7608 6521
1580 9415
563 5109
9705 8033
7170 3997
6524 159
175 4904
5736 5262
6713 450
7395 2269
1588 6247
4941 2914
8145 5586
4322 7337
8502 837
9591 5720
4240 2784
8228 3970
2825 3007
2445 585
4776 7000
4210 3688
8690 5390
3934 6746
3101 9402
1619 3399
7938 3723
2631 5732
9649 9925
0 2249
2165 7973
5899 5660
788 9330
1464 614
6338 224
5701 5760
7529 3328
9952 3565
8103 5827
7531 1257
3727 5163
8668 825
3597 6570
7630 5748
4825 8111
5359 5750
7014 5030
4452 7675
4287 7406
1430 2601
684 918
8557 3123
1865 5461
1700 3845
4658 7334
3684 4421
4121 2109
3987 7547
9887 4359
9387 5518
8097 9371
6869 6600
2489 5767
1135 5768
9066 967
1480 1423
3975 472
620 6531
7488 5631
8209 5774
8145 3555
517 5776
905 9335
5973 9557
2119 7704
2340 1181
1736 1618
0 3063
9354 3105
4938 9421
9866 9036
552 3562
3130 5787
7630 8875
7822 4903
5510 5158
1963 8540
6314 89
2724 9165
2458 1129
1214 4212
4735 6495
429 6376
5510 2245
2158 2231
879 2653
2140 5801
7529 3767
6665 8590
5188 546
4869 7539
302 3164
5476 4982
0 4501
143 9193
281 3960
4873 9170
8497 7991
3980 274
8703 2739
0 1620
8410 7346
3854 5817
6452 1366
6647 1840
2528 3320
3245 7212
2021 8866
85 2400
2188 5555
6540 303
989 2888
3926 4345
9361 8799
3592 1395
4677 9027
3453 6187
6758 5832
9926 7366
6089 4028
3188 4118
671 866
1650 6264
5203 9514
2020 212
1353 3977
7496 9344
7122 5103
4721 689
8271 1637
1533 9909
1063 3776
2174 4231
8662 2257
4532 2273
3921 6055
9468 5851
3945 931
6713 7709
475 4197
5082 5610
9064 7739
4450 7785
7516 1379
4448 5859
343 5860
2407 6458
9824 4823
7658 8256
3857 1306
5412 7409
5907 3476
9982 304
226 516
148 7041
1619 6023
8152 5345
6335 5259
9475 6789
365 9183
8585 9574
3352 8761
2452 5637
154 5917
9876 5879
890 2977
673 2649
4907 4517
938 4053
4984 5884
6277 9968
9955 1187
9553 8517
9566 4241
3323 3150
6214 7721
9027 4985
5221 7432
1928 5061
8040 2041
8303 9900
585 2576
4870 2703
5931 5153
8580 5319
165 1136
8278 3832
4261 1927
9740 4678
5584 9404
3951 6415
1716 536
4613 9350
1912 8282
8748 134
135 2226
5411 5278
9279 8105
7317 1350
981 3244
4931 6920
2700 6076
1852 2138
2500 5089
6258 9449
1642 2180
5126 6401
6522 203
243 8918
4419 5984
3626 2244
2847 8876
2691 3423
3526 5928
1260 7575
2566 1755
8186 6053
6040 4286
1269 5307
536 7180
7115 1900
969 6033
6579 5937
3036 5788
4513 1550
4812 8059
1145 5941
6139 5942
2705 5943
9240 4685
7388 2934
6338 9779
4469 5947
4053 3313
8228 2828
617 5950
6215 4035
2666 4374
4578 5358
3510 2426
935 1473
9120 4694
1546 5957
7488 7037
9317 3909
543 319
5817 6137
2583 2060
8949 5963
496 4784
7644 5965
263 418
825 4550
774 9225
5277 3111
5609 5970
754 5971
662 3673
8891 8751
1402 3432
2045 3177
9619 2466
4558 759
5196 8603
6642 7285
8992 4078
8565 5083
3364 2177
3908 8618
2361 198
2356 5377
5106 5986
9945 9811
4079 1632
7204 5989
1872 6696
9436 7484
4950 1308
4679 5993
9433 5994
2806 5472
5968 5862
4674 9114
4357 5998
727 3790
8249 9653
2919 3488
2895 1536
1409 2510
2213 6004
8831 5785
2056 2741
2229 9145
0 1042
3150 559
582 9381
4626 1694
5851 5186
7596 6013
3446 8339
6613 6610
3039 1737
9336 6465
5066 8549
3882 3704
3895 2872
522 8864
3467 4285
1549 140
0 4669
9522 180
3285 6026
5595 5280
3627 4660
8500 6263
708 3976
819 1558
1846 4341
3958 3933
4599 6034
0 893
1178 6599
3384 2465
1375 1490
270 6221
8558 6605
1004 6041
5865 7737
5868 1258
8148 2857
2265 2906
6781 1641
6756 4223
5775 9547
4737 1234
1646 6050
4129 6051
8831 6155
4817 8060
1694 8102
9385 9090
2070 1780
5349 5597
3141 724
3747 5962
3752 6060
8117 7279
8778 8782
5722 6770
4545 5398
3800 2205
3823 3159
1540 8307
6149 7310
320 6069
4048 2186
229 7520
3479 6072
1011 7825
5775 6074
5071 6075
0 469
9629 6077
8544 1268
7111 1332
7262 5684
718 8050
2932 4525
2991 903
5899 4165
2761 6085
3307 8641
6300 5220
8610 783
2641 1109
672 9485
4262 7195
1128 5813
4091 2443
326 6207
8906 4068
3915 9744
5264 3799
9923 1923
7644 6099
8318 6425
6504 8777
9621 9928
2425 8074
5945 9262
3281 6105
4661 1730
891 1530
1013 2661
1293 2390
9109 3263
7175 3582
7031 3083
1352 8240
64 4590
5365 3500
4364 3103
3426 5890
5264 3671
1438 2171
1226 4641
4142 8919
5040 719
2265 3256
5801 2195
375 1206
5584 6519
1204 4278
3861 6128
238 9767
5799 5757
8076 6131
7882 6132
8852 5355
2341 7127
5622 6135
1466 2163
4334 5051
103 5308
9917 1575
7507 8843
8918 7125
3562 9024
87 5067
2740 2376
2756 2420
8456 3668
7170 3593
5125 6148
1466 548
7506 4563
7674 3340
2766 6152
6996 9662
4111 1652
3867 3722
9023 8604
9023 7407
608 404
0 5991
1982 8326
0 6161
871 6162
0 4434
2279 6164
7307 8909
8129 3887
921 7591
4413 4955
4470 9586
1399 4621
3512 6171
1884 9581
2696 5312
6259 3484
7438 3805
8254 4208
4436 6177
2306 6178
5558 6179
9138 8935
3845 2614
4618 1477
4260 6450
7406 6024
3717 8897
8266 6186
0 2697
3887 4604
1087 2610
3582 7120
2136 6210
3862 2207
2986 6193
494 1152
5245 2881
3471 434
9629 6296
3812 6198
373 6199
5122 610
3426 7001
3542 4539
3686 3223
0 6204
1109 78
3685 6486
2675 4199
5642 1038
4941 8066
4891 1866
4635 3215
215 5746
4167 4829
5426 6463
899 6367
7508 6216
4497 8659
8580 9474
2847 4916
5993 792
5677 3974
3728 8468
9272 3709
262 6345
1877 5814
96 9622
3565 3112
7266 2209
3821 4630
5949 7963
4381 9151
1764 6232
7518 6233
4059 6086
4485 2795
2092 4782
5958 1132
3448 9037
0 5230
20 9943
1801 1123
8085 1339
7629 6957
4038 1708
8502 3299
3843 6246
973 42
3950 5166
7713 6249
1639 6250
8818 1684
7567 4076
1354 7260
5377 1017
2891 213
6425 9087
4377 5743
6330 4770
5655 5282
1904 1450
8364 8492
8121 3032
2477 5064
8516 865
2435 5469
6691 4689
7202 9221
8853 43
5381 6269
2031 4888
7354 1138
5399 3181
4951 1088
4578 8293
8375 6251
4352 3004
8690 6030
7107 1879
349 1984
4973 9972
7085 6097
6376 8086
1557 604
7606 5964
981 6285
3042 9729
2704 2422
6638 8922
6984 6289
1448 1348
1708 9191
6040 409
0 3875
7879 6508
471 1478
4877 9590
2795 4168
2017 8082
6158 1847
8567 9879
6033 688
3023 6302
4932 6303
4210 8619
3366 6910
4510 6306
6294 7924
7557 6308
5335 3202
9855 1939
3464 5441
3173 1233
0 6313
4553 1193
8447 6841
8777 3455
9076 6317
4875 4219
1918 8760
5702 9372
6232 6321
2916 9701
1070 6793
1485 7844
8999 6325
1511 5383
2190 5537
302 7278
3192 410
1310 3008
8060 6331
2697 4057
8906 9716
519 1394
2542 1960
9226 8488
8398 413
7475 9533
2950 6983
1748 4818
1740 115
8933 2933
2250 7342
135 7503
2868 4378
3225 3929
7509 9666
33 7857
2945 6349
7966 558
25 1682
8619 8676
1566 3841
9319 253
9324 1253
7342 638
478 3139
4476 6358
4332 6359
9503 3380
4590 8163
8443 7323
8016 4326
1551 1411
5712 2013
9278 5824
8649 7401
0 875
9044 3001
4744 499
1781 6371
7370 8885
2501 6373
2893 11
7578 3469
8834 7544
6054 6377
8732 5796
5324 6379
5634 5674
3418 2664
3712 2211
4054 5717
5617 6538
7835 9065
6382 8948
4805 1078
969 4082
8596 6389
4510 6390
1891 580
2051 241
9923 6236
2253 4745
3382 1104
3853 31
3185 1617
9315 6398
5227 9810
8001 8889
6868 7552
2347 5401
4464 5409
4973 5197
7920 5317
2964 6406
2236 3201
6373 1025
276 245
4837 4203
2866 9843
5843 6412
3648 4732
360 5018
3878 6280
8880 1644
6508 2551
2714 4867
7802 2684
7787 6926
5602 1208
106 6422
7156 2889
3578 6424
5990 6150
5058 9795
4338 1502
4430 7579
4455 5780
7028 6386
2517 1745
1205 338
2406 8425
6620 936
4650 6435
7520 9673
7169 3121
4206 1189
2367 6439
3418 7487
9266 2812
7301 3410
16 1996
4773 6444
803 4942
485 1361
9562 4106
4569 4031
3321 8691
9111 8684
9273 4845
6788 2626
9344 9697
5110 6466
5053 2322
2923 6456
6429 5654
129 2698
6638 1344
3670 4107
5623 8886
1411 8784
1676 1862
6746 6464
3731 1585
5943 2819
8721 8608
4977 3450
778 7779
4267 4815
2842 594
8531 7304
1570 6473
9847 8726
4371 9457
2669 2401
8407 2709
1568 4077
4747 1691
5024 8704
7337 9890
8261 7623
1081 4475
4169 2369
3564 7157
1642 6688
0 9941
3101 9829
4906 6560
5534 6953
7115 7725
1390 4138
8866 4126
1860 1479
1247 4543
8811 7761
4775 6497
6369 4196
8515 5039
9953 4026
253 7470
4579 8459
4930 1176
3385 4748
884 5181
4893 3265
3338 9882
1125 1190
547 2864
4197 728
5169 986
1345 6350
3955 1532
6104 395
6162 6515
6757 621
8987 9618
6498 9320
4796 9784
3256 2988
3553 2326
3568 4280
306 6523
5377 959
9401 6525
5133 3190
4390 8809
1478 6492
4324 5803
3274 5574
4168 571
832 6006
4261 7082
2238 1314
2886 4424
5662 6536
9619 8700
3938 9110
3161 3738
3332 6686
8482 3775
4450 6031
3957 6092
5857 119
949 6175
1586 9426
7332 1483
6331 5098
6759 4186
5977 1415
7450 1295
8835 4766
2499 1658
4026 6083
5158 6555
8260 9313
8879 1305
4001 1761
2800 3359
1025 7981
3088 572
5907 488
7573 6551
962 3539
2989 6782
322 1889
5330 5749
8955 6568
5796 1986
8236 7731
3895 6571
4904 9059
470 6573
9873 6574
6764 6212
4936 6185
1375 8501
7472 1299
2017 7055
4810 6580
1747 2044
4933 5252
3087 1092
1956 6584
0 9182
4493 6586
9957 5644
6746 7648
9673 9648
2792 4355
2391 6591
4336 7546
6841 2113
5541 71
4672 6595
972 6596
6016 7836
3014 3765
4216 9439
8540 9894
8872 3891
4419 6602
0 1798
5541 8991
7650 782
4911 9153
1399 6607
6485 5894
4805 9141
531 2299
0 655
4679 4158
7205 7602
5021 9446
6672 8079
2156 6616
4340 6617
230 999
1689 914
4727 9211
1992 6621
2367 6622
193 2396
3949 2016
286 864
3047 5150
5796 3651
2380 6529
4244 7790
8489 2042
1226 7814
3355 8304
5776 5171
6529 6634
5252 2802
8061 9678
9915 6637
32 2513
645 5730
7355 9695
4074 3594
1282 8343
1889 4857
1176 3037
7095 7096
6486 6397
9592 5302
9621 9149
7092 9912
0 156
8328 6651
5525 8204
2236 6653
1709 4318
1600 6556
5941 6172
3059 659
1262 8187
9385 7874
7638 6660
2726 7023
115 8584
2872 6353
3750 1770
7216 544
9230 2112
9592 5436
4955 7493
6069 3094
2138 3082
7920 3796
1097 2002
8843 2994
2578 8005
187 5769
1652 6676
8999 6677
4209 2751
7975 4350
3476 3079
4698 4081
4892 8134
6611 8067
6484 6684
3183 4804
3233 6671
3272 8629
1167 8622
5138 8911
2923 420
3131 5980
1629 4221
7469 9322
7853 6917
112 8970
6267 8393
3564 8936
434 1829
4557 8998
362 9129
280 9130
5640 3636
1722 6703
8622 6704
9643 399
9146 8753
8764 1180
7815 6708
2977 4474
6004 3257
2273 6044
5769 7320
2074 560
2856 9610
2013 6103
8070 2206
4903 2488
6835 6718
7887 657
5033 9012
8020 9092
9892 4152
3399 6723
5211 6724
3883 56
1696 223
5746 6727
3144 6728
5883 8958
9704 334
1374 8199
4563 6730
7167 2058
9233 9921
1007 216
5502 6736
4177 5656
812 6738
8001 7906
7642 6010
4013 379
6282 6742
8885 2777
5570 6744
4229 6745
4589 5713
3583 6747
7986 3837
2402 4739
3397 5560
7510 6751
3410 6084
7209 4416
8496 5207
106 6755
6614 2863
481 2589
6386 2951
4215 6375
9036 7686
3191 3860
2087 6762
8983 5659
2166 8538
8384 3018
404 6985
2704 907
0 5470
7924 4415
7226 3405
2940 3537
972 9545
4280 4779
1020 6774
462 4360
3253 9808
7239 8990
9080 1698
6796 2896
6608 4947
9964 8571
6684 6565
8996 6783
3094 6017
0 9393
4970 7916
6664 1749
3834 6292
3366 2298
9933 7717
2631 9906
9940 7011
3631 6354
4515 9838
4660 4288
7167 9152
8787 9086
6146 6798
3879 7273
2521 4201
302 651
3414 6802
2642 1166
2069 7455
3823 6805
4065 1503
4669 7565
5799 1920
3859 668
4927 9759
8266 6421
975 8401
0 3294
6205 7957
1518 3300
3678 6816
4123 8024
9935 4400
7577 6892
0 374
3802 8959
2609 963
7304 7854
2707 4889
97 6825
8569 860
968 6827
0 6828
1260 8747
8504 6830
3617 8267
7448 1583
2500 6833
4595 6430
2483 7200
3408 6836
5291 7677
7403 6838
5819 6839
0 7054
65 6315
6174 236
9667 8579
360 4384
1611 3865
8485 6846
562 1888
1965 2350
9649 2462
7298 1710
3095 6851
373 2006
7520 9827
4422 3585
942 1424
212 3851
4337 550
6604 2133
6501 9477
102 4576
5197 4609
5520 4524
3153 9369
672 6864
1603 6865
1367 5322
687 9724
227 72
2186 3858
6374 8494
3056 6871
630 2304
6209 7743
5013 791
1618 3874
5549 5047
4566 6877
9885 7319
7813 6879
1557 7222
8023 4756
5234 2061
8144 8217
1524 7993
5605 5881
1960 9793
130 1393
8 7071
3675 6889
4201 6096
5968 4890
936 136
5057 6056
3792 6894
1201 2901
9703 2908
983 8464
7682 3809
9302 9206
2032 6900
2935 6901
8220 9512
8623 525
5644 1121
2755 8807
9610 1069
6500 6849
1935 4156
3184 990
2466 7392
9426 8855
2695 542
3455 9898
7894 6914
5271 8132
6209 9727
5329 192
5888 2681
563 8598
6292 8095
862 1685
4505 6922
6068 3243
9163 7833
5846 3733
7677 888
9122 7553
562 6928
1644 6929
5143 6930
1421 3365
2648 6467
6971 4956
3086 3490
4236 6935
4295 9085
7801 970
3739 3011
6146 8484
1299 7946
1274 8575
879 7281
5365 6711
6226 6944
3627 2134
5912 5784
7758 7422
2307 5232
7230 694
9302 8823
6163 1320
236 6952
555 5395
9637 738
7334 6899
6219 9893
6679 4785
6974 6958
5530 3806
6933 6960
4592 7187
5520 6962
7310 1718
1684 2196
606 6965
4239 6966
232 6967
3443 3000
6489 1054
3358 3622
4353 6297
6009 5645
9515 6057
2418 1074
3052 7483
8462 1910
8863 6810
611 9990
2367 4019
4615 6980
5449 2314
0 5929
5307 3394
6676 2924
9493 1543
2206 6986
784 7384
4872 576
7215 7615
8622 639
3915 3666
2126 8325
0 1612
9930 872
7556 6995
6839 7798
6491 7519
574 6895
8555 682
501 2780
6297 5996
9414 1484
8089 7003
6461 9797
4360 3061
1698 4009
4442 7007
4179 8511
2778 3395
3267 7010
5292 1171
1340 5935
5280 5406
3548 8908
6277 7015
6270 1218
6082 7017
6164 3106
7093 6821
264 4016
2063 4052
8598 2427
4741 7032
6816 7024
8672 5672
385 7026
1417 9699
5089 2846
973 7898
872 7030
9044 490
8831 3870
1832 7408
4459 1130
1077 770
4775 8087
7342 3198
662 7038
7942 1018
8540 1703
2131 5869
1886 9830
9453 4638
184 4619
792 4066
2312 8951
6024 3549
6711 7048
5916 3298
6255 7050
7739 8423
4708 2344
4983 1364
4687 7856
461 6062
2117 1151
6695 7057
5156 806
4943 2262
722 7060
3160 7061
7707 9500
5726 6558
833 6655
5841 3840
6063 5523
7248 7190
8280 4852
9156 6720
9080 7694
9869 5279
4930 9772
7774 5882
8883 7074
4241 6530
1309 7295
307 1978
6004 7078
9906 3175
9275 540
1651 996
6865 9518
3818 1807
8915 786
6442 2672
1815 128
7353 6299
8822 4835
7968 4546
105 3988
8984 3475
6074 7781
3150 5507
7294 1707
9289 5493
1131 5588
16 3325
2943 1895
2636 4961
4631 7100
1036 1287
77 9386
1223 2139
9540 3230
1134 2416
1999 3941
6328 2168
1356 7108
4681 7109
4973 256
3745 6348
5200 3576
7323 2782
5332 7114
4372 1656
2924 1489
2548 3828
3455 332
3499 9394
6691 9039
644 9050
7069 9133
4665 4096
4278 8279
1248 6854
7746 5310
2558 9999
8659 7128
4222 9645
4801 6875
6425 9922
6611 9632
1157 7133
7483 2024
2250 9222
1899 7568
1181 372
6483 2342
7069 5669
444 258
7421 9942
6492 7142
1347 7143
2261 9196
9972 7145
5289 4258
0 8825
9171 5974
9883 746
8961 4959
3895 1434
1440 7129
5353 4433
3745 41
1970 9287
2045 9572
2141 3506
1464 7158
1389 7681
3510 6908
5071 91
8012 6861
6652 3057
1825 705
6033 3099
4314 7359
8517 7831
4599 4565
2149 5547
6713 8084
1789 9244
3959 7119
3673 48
6543 7757
3542 4124
3359 7176
2070 5394
6054 6043
6352 2330
9151 5658
5001 6312
7375 387
7639 8437
1910 457
7510 7449
1375 7186
7119 4131
4199 3239
209 7189
1359 8838
1036 7191
0 1001
5716 3003
2450 5567
4076 93
8451 7196
6504 6008
1079 5724
5333 8506
7897 5770
3094 7955
8744 2580
2744 7203
3583 1574
6252 7501
5328 7206
6679 2516
6164 7223
5969 9142
585 6471
7590 6254
6868 811
8349 1328
3803 2617
2527 600
3337 6890
4888 7217
4870 7218
9869 291
583 1378
9386 8396
5841 1697
2142 9794
8680 400
6672 9854
6496 8541
7767 176
238 7925
3988 7229
1275 7136
7189 3347
0 9379
5662 9844
1139 293
2620 456
3982 7236
6873 9959
9799 729
9827 2606
9821 9549
673 8179
200 9022
6372 2668
633 3005
4749 667
0 4640
6755 24
8627 6636
4983 9902
5065 7250
8619 7251
7562 8147
248 8624
6002 2966
8111 9870
5729 474
8693 6915
9666 7900
3766 3700
2552 538
1841 6698
1812 6923
6634 5432
5612 8974
8223 3724
4236 928
4282 7267
7727 5477
6119 9094
3273 1212
5577 7016
9044 3511
2181 4039
9111 7640
6667 7275
3839 9554
3222 1594
8872 1851
4124 7914
3691 5114
453 208
1907 7282
1550 8550
3342 7284
9640 8368
5965 2154
479 7287
408 6619
2180 7289
2127 5740
3710 7291
9638 3115
3120 8651
9301 5594
3999 9359
9581 528
6903 3381
7295 9148
6292 7299
4767 6445
4407 8029
1720 7302
9694 5619
8855 5544
5368 6709
4108 5711
4532 2274
2001 3911
1338 5739
6008 1220
5163 6859
5479 5734
6659 5976
1575 6982
9044 2497
9009 7961
6152 7499
8914 9355
3443 8416
6749 315
7783 8412
2060 51
929 5639
5461 7890
9234 2962
8656 8910
4960 1598
4972 4971
7004 3981
6877 3644
5575 7599
490 7748
3859 9895
4741 3306
9601 6761
3119 5283
3275 4339
2137 7625
904 7339
2761 7443
9555 7308
2198 874
888 2323
5419 7344
9337 7345
6476 838
5144 1039
3596 2025
9114 7349
4407 2434
4577 5552
2192 964
3078 8355
1997 9560
5677 2769
2424 6503
3754 7357
545 9194
2024 1240
2825 1127
3047 3317
2162 412
7337 2748
2544 7364
1409 7365
0 8116
5976 7367
8555 2998
4133 8162
730 6784
6996 9505
1852 2543
6866 9624
8713 9118
9902 9306
5628 8433
4377 7377
2703 1213
5908 7379
3974 7628
0 7797
4201 6355
9636 9693
5225 4926
4523 2210
4842 3927
6621 1202
644 7240
5181 7389
8617 8205
2516 616
9297 6305
5660 7393
2188 2855
4803 4397
4897 2459
7251 7397
7133 7398
3939 3024
6321 3429
893 6726
6522 9464
485 2267
3404 5108
6600 7405
6305 5806
250 9620
7595 2146
2764 8385
9647 7410
3533 1476
3048 8030
6742 1893
0 852
6324 4032
4399 3326
8472 2936
7115 5031
6148 7419
6203 333
6080 4307
5462 4883
8141 4361
5499 7424
8913 1581
3023 2389
7267 6645
5721 2408
9964 1304
6757 4250
6225 7053
6931 4185
1246 7025
4693 4343
2879 8241
486 7436
2525 1259
9234 8470
7951 3836
307 8653
16 1315
829 7442
9300 5875
9728 7081
4921 4940
2213 7446
7614 4620
1309 6590
1776 6343
4879 1635
4565 2316
262 7884
0 8796
5656 4411
9164 5205
4016 539
4394 9782
261 266
3890 7141
3627 7460
1617 5079
6142 4953
3391 197
2327 7515
4446 5327
5754 1947
7150 5925
5731 7812
1473 735
6622 2197
1653 7471
7993 7999
6744 1976
9644 2555
2256 6384
719 269
8580 1876
5999 7478
6834 553
9574 7949
9846 8182
8613 8072
8023 8505
9557 868
7789 2854
4381 2965
9527 8083
8484 5004
6071 4451
4513 7490
4672 3241
9913 7522
7990 8630
2301 8188
7491 8034
3936 5897
2210 7459
5126 386
2262 2486
7408 1784
487 6357
2256 9606
4232 6344
7384 9750
4890 7791
603 4103
3858 8495
5587 5954
3067 7726
4970 8322
5423 9920
4629 7512
2948 7513
4118 1681
1593 7715
3014 927
5043 7517
4197 1369
9591 8827
2292 3149
7664 756
401 8137
2950 7571
6251 2734
9605 7525
6132 3509
8067 7527
5672 6778
1095 7233
2676 5704
8698 5985
5749 7532
8929 3027
2860 6457
5284 5583
3516 926
4534 7537
9442 7538
988 6729
4391 5360
657 4597
6004 6228
9737 3329
5848 4761
3819 7545
5228 2375
1471 6673
2859 7548
5339 7549
224 5314
1151 7034
2392 1331
7389 5418
3523 2067
3003 7555
0 4299
9168 2405
5766 7558
4915 6418
8795 3291
1903 7561
1761 2161
734 7563
968 1072
9690 5331
2432 5797
2179 7238
2398 125
5034 7569
9171 3937
360 3109
5828 7572
2248 4522
6671 7832
9892 6692
5226 2507
3758 23
5187 313
2712 2596
2085 1657
8240 8981
5099 3696
6663 3892
1003 1472
4817 878
5230 206
6599 5268
5047 4311
116 2689
4596 6108
3879 2978
6343 9388
4796 7593
1281 1168
1444 2030
3191 2619
1202 6945
7001 7598
2374 7331
501 5847
9060 9021
1078 6482
6620 6014
2669 3649
7552 7605
592 4765
6322 3574
2355 5361
4090 6208
3540 2587
5160 3804
2889 7612
5936 7613
5280 7148
5666 6989
5160 7274
3101 5210
4213 5243
5226 642
8929 7620
570 1882
5061 586
8090 1797
9193 6569
7618 9219
311 7821
608 9425
3830 2618
2609 2604
4158 9651
2102 6102
4299 5444
4891 5771
2084 4925
4639 9176
920 3224
380 255
9824 8519
9191 6443
4926 6837
6524 426
2036 9154
2231 7350
8967 6633
4574 7645
8424 1715
3593 7647
1869 7691
5259 1616
1850 9155
4746 3755
0 2706
9113 9097
3855 8283
8502 7655
9832 1465
3599 7657
2344 1289
8948 7659
4212 7660
3568 6766
8116 4273
5837 7663
368 7312
6621 4112
4729 7666
1626 7667
2162 2960
3631 4127
996 8056
1497 7671
657 1403
2163 5215
8472 9390
9285 5752
8948 7676
6846 1636
673 3026
1690 7679
9723 7680
1452 285
3560 5097
2761 5048
5652 8114
3754 9944
8152 532
0 7687
1064 8722
6012 124
7248 4021
6301 2277
3362 2182
3119 3907
5711 2874
6694 8846
1497 1443
2862 4490
8096 4937
8023 1482
7015 5922
7980 8233
4283 3129
5501 5988
2072 2368
3397 6052
5013 8620
1804 912
7727 7708
1504 4457
9750 4849
8656 3456
9112 7678
7849 7465
6306 3158
4304 4846
1866 2985
5919 9954
9146 9020
7725 7719
533 3486
4313 9232
966 447
2902 7020
3751 5216
6307 2567
5319 2519
4648 3412
9378 5193
2245 7729
0 9417
8875 5747
2536 7732
1554 8158
7642 1759
3884 5129
6937 5273
8395 3667
7583 9332
2505 7950
4364 7740
3865 8524
5430 1080
280 5858
7221 7744
1980 8792
49 7960
3504 7747
7599 4923
5464 2395
2693 7750
3905 1674
3876 8638
7375 2054
8023 9758
9001 7880
9640 8109
0 2360
4186 7327
7373 6260
7642 9738
6084 6978
6271 3392
5049 7763
5890 7764
5906 7543
1584 9144
3550 7926
5726 7768
122 7878
154 7770
7067 7771
3369 6231
9463 9669
7474 6844
4956 4290
8461 1096
2021 4347
9101 4740
3213 7594
2977 7780
1747 5267
6799 7330
4772 4655
4551 6151
9291 4581
9065 1420
6914 7751
5930 6535
4617 1102
2365 5700
4376 701
2049 7792
2980 9216
1629 2815
6650 9491
91 7796
2496 6942
497 932
3326 6211
265 5224
5448 2468
7911 8745
3318 7586
3744 2272
3813 1738
4813 7102
5450 1526
9023 7808
8572 1991
1615 8165
6566 7811
6412 7468
6015 6845
4309 6853
5472 7113
7649 1363
9074 5564
8187 1050
6549 3625
1531 3459
5805 5786
4436 8032
4062 1739
4049 9867
8983 4887
3673 9352
3354 8788
1313 2903
8385 7829
6537 1954
4479 283
3642 3979
5478 5204
7807 9683
3441 7358
156 8887
1809 4989
8948 3782
9553 7632
2841 7840
8148 7971
2970 2473
1664 6812
3391 7848
821 1317
3708 8582
1272 7847
7768 5483
2527 780
5109 7895
253 9207
6637 3701
2208 7237
1129 6323
9740 1649
6392 7065
5007 5870
6981 171
1120 2022
152 2199
854 9484
1673 5443
6512 7863
6162 107
3180 5490
5448 1285
1288 8675
2730 3262
574 9615
2524 5435
4027 7871
7969 5682
9896 1874
3060 9634
966 6262
120 7876
8577 7877
0 9197
23 2674
7999 8473
9403 9852
7682 3580
144 2506
931 1037
3129 6027
5940 7886
3753 3264
9014 7888
6963 8733
4506 9383
6843 7891
5952 7892
2302 6432
9103 1147
9720 4061
7398 7896
8400 4671
3131 8870
7649 2929
9513 1283
4933 7467
4943 7902
9412 9700
3990 569
9986 4046
7166 2646
7429 7907
2249 7908
8550 9396
6184 1046
3231 4388
2534 1334
9426 5535
4615 2639
2973 6145
6260 8284
2328 2003
7330 7622
1214 5826
3546 3218
9760 7921
2288 4010
1952 7923
1647 1065
7444 8211
9128 1277
0 2258
368 7928
6483 292
8761 8370
3503 1623
4872 6000
4199 7933
721 7084
5160 7935
3052 7936
412 7937
8414 430
3533 251
6234 3136
2583 4612
0 6363
4284 2243
9408 7944
169 7234
5493 4900
7536 5299
6512 7948
5786 1060
415 1229
487 4063
5793 8458
9216 7253
9198 2073
9864 8637
3643 7956
9351 1398
9372 4794
5924 7959
5760 1311
5063 1607
6341 7962
5092 8175
9153 7964
9282 7208
1790 8547
8504 7254
5064 2023
6887 4319
7673 3166
7975 7192
4762 7972
2530 3711
5068 9766
9170 3885
9605 8471
7252 4544
569 7978
8690 7979
3824 6527
6427 5621
8145 9132
608 5239
5948 3482
5671 793
7259 4466
9371 4379
3623 7123
4578 3242
2367 446
5049 8348
8784 1407
8382 7005
4990 9334
3476 9208
5909 4461
137 4183
8266 4570
6578 3293
5466 7329
5360 9365
6122 3906
2884 8003
7753 8406
6026 4034
3260 1105
360 3833
0 1382
5702 8009
3293 1323
1108 9323
3590 8292
6306 448
2165 356
4758 5572
4749 4788
9534 8017
7250 2470
2095 8019
5931 836
5844 2816
1877 9247
1178 2529
7970 3071
2703 1446
1492 8367
1259 8027
1468 9517
2620 9826
1593 7412
3273 5261
5930 9007
8866 4438
9720 5901
2859 554
8866 6494
5900 3645
5406 8038
3622 6502
2452 1926
1814 506
6602 4715
6568 8589
1666 8044
1019 8706
4562 9451
7681 5603
401 4189
9478 8049
3311 6606
4007 5391
9143 1031
3875 8858
3084 5664
9610 2358
4839 7381
4503 9447
1202 7672
6578 930
3497 1200
9152 9509
290 9776
2885 3551
5568 4508
1480 4860
8018 3781
4639 3811
1583 8068
9788 3863
3141 2439
7811 2742
7379 7427
2964 6601
9881 8166
8280 8075
7190 7263
7348 8006
703 7098
8454 299
9793 4045
6820 2656
2340 4554
9271 4150
4167 5543
5518 3045
9168 8995
7147 7036
1720 8088
6801 3447
1366 6575
1506 7183
1709 435
4620 9523
4825 5719
3557 3440
1067 4072
2546 5864
9406 2840
2254 681
5337 9698
585 7174
8477 2654
9286 7118
7328 790
9853 8463
6293 8106
6663 4207
3475 5102
589 2946
5781 8317
3401 6548
2432 8112
8596 629
204 7684
6984 3389
6189 1410
7360 8195
725 8118
6395 4047
4617 8324
9170 3473
5204 8862
995 8123
5658 3789
3355 8125
354 7776
3830 9127
2504 465
6135 6195
2453 8130
3523 8971
2988 5318
2213 5500
7631 27
4013 2353
1124 3351
2895 8107
1226 8138
570 1009
2895 8687
33 880
9341 6453
6995 6112
4296 247
5937 9410
9414 8146
7050 298
9666 7066
119 5715
4679 504
6522 8151
6973 1964
7688 8043
1385 830
9797 5374
7438 7018
2990 8157
900 4070
8422 9026
7753 857
8003 8161
3395 47
9043 233
0 19
8697 5162
392 2559
195 1449
9408 4944
4690 8169
1302 7705
1952 5506
5458 5553
1421 8173
1693 9157
2 5149
4309 8176
5538 7749
2684 2094
4620 9732
8761 9707
4089 1341
2187 2585
1205 1713
226 7540
0 8361
3399 3810
4478 5598
2984 8681
7973 8568
4671 7385
5806 6058
8976 744
7349 9833
7721 8194
9226 1962
7563 5120
3905 7485
6999 9573
0 2573
3820 5442
9592 6734
7518 2235
3312 9314
8340 7270
1899 2804
2436 5592
4119 98
5899 3632
4490 1906
5763 3588
6383 9976
6820 8212
748 6126
6193 6661
9303 8215
4968 1280
1166 5573
1778 541
891 8219
7967 6666
263 1355
7237 8222
3762 9652
8146 637
5902 8225
5498 8226
4622 3848
3227 8836
4681 131
5110 7762
7102 8231
3267 7414
1043 8513
7236 8869
6964 9856
540 8535
8048 4014
913 8429
3095 8239
4004 581
8179 6643
5466 1705
128 8243
7053 8244
9022 305
829 8246
9494 8247
8838 8248
6052 3076
4746 8560
6692 1699
6164 5665
5900 7306
6566 917
8856 4225
5273 8842
2008 2564
3026 8903
2415 3356
2845 60
2331 3375
2602 2918
5845 3156
967 4425
3350 8265
6801 2349
7936 5519
6190 8268
0 9391
3370 8270
9079 9633
7760 1591
4307 8553
4327 1983
2678 2216
1943 1945
3109 9255
3961 9860
1800 6462
2999 1871
935 4668
9421 7827
0 8426
3636 8648
0 6585
5525 978
6308 3341
1986 3741
2899 4128
6093 8942
1539 3989
4472 3901
4487 1896
591 1525
1781 7044
4655 6147
5619 4141
1694 848
7527 2183
2753 3797
5664 3132
5980 8302
3719 2851
1307 6632
5247 8305
1789 8306
0 5886
6864 7788
2019 4611
4014 8310
7459 6786
2730 155
343 8313
7757 4657
6588 482
2286 7140
2412 1553
6101 1284
982 4884
4316 8780
9959 4819
477 2159
6811 8467
8713 7434
4187 5866
2790 189
354 191
8451 512
9564 6994
9753 1273
8875 8257
8653 9000
2588 7939
9574 8334
741 8335
0 3025
4157 1880
361 8338
8868 8583
9028 3522
9098 7619
5813 8342
8155 5563
3686 5238
8870 8345
7151 1795
8332 7699
1316 2942
582 5582
3862 8350
5604 8351
9771 8352
5870 2318
6865 8354
4833 7228
4493 2090
7106 8357
1523 8938
8870 8359
809 8360
7142 9508
224 9476
9770 9407
9878 6310
673 6693
292 8724
1074 7952
3142 6468
1950 8369
8716 2220
3111 132
9244 3182
7423 8373
4903 8374
4119 8867
8338 5177
599 8377
6969 4041
2501 6559
2742 8952
5569 8381
7597 4188
8723 5503
6643 3898
1857 2091
4501 9501
4398 8387
5336 4809
7741 8389
6197 2386
8659 8391
9122 4726
5246 2600
635 4822
0 1645
7681 7945
9205 7988
540 2089
7613 8399
4405 6646
3094 9889
3875 8402
8784 1981
3766 2794
3022 4003
6747 6635
7849 1493
7470 4110
8578 8409
7173 5889
734 6007
1038 785
1167 8413
5583 6947
9069 431
3026 2807
210 6970
2945 2282
8705 8419
1847 8420
3848 5342
6545 695
1732 7051
283 7712
6557 6433
6034 5091
3486 2105
6442 3517
2803 142
5471 8430
5172 8431
1404 4791
9154 7137
0 8434
4960 8435
7908 8436
5798 2343
5086 9537
8671 1111
1592 9416
8246 8633
2318 8839
4107 1564
1488 8934
1779 4176
3672 6510
3488 5352
5752 9452
1994 2673
6784 8450
7614 1010
8347 73
419 7554
8319 5146
2933 7075
5735 9850
673 3956
8423 2652
4138 9073
3477 259
1707 4218
5764 3570
2087 3140
4130 5992
3342 8465
5521 8884
1553 5616
6625 8695
7319 76
6323 1941
9311 6654
7184 8493
9259 9235
1981 8474
6372 2750
6871 8476
1331 5293
3343 1210
5210 2974
1653 3031
0 1470
5076 5214
6965 937
9952 3606
8729 4040
3794 8486
0 8487
111 284
9772 4496
9991 8490
4950 8491
8214 6480
3176 9492
9332 6870
6536 2870
1822 2251
6612 328
834 7413
5637 4588
6679 5038
4478 2409
8713 4855
6510 8503
5078 3917
8000 1768
5768 889
5465 3541
5086 2768
5208 6563
4740 1633
2245 2565
6610 2853
5263 1270
7885 8514
1815 5773
7304 731
5888 220
8413 7692
1570 4700
7923 1854
3937 8521
4866 6244
7792 8523
3795 2120
6743 5260
1247 5242
9302 7702
4322 8528
1617 6309
7349 5926
6350 9329
1796 9817
3837 664
1262 8534
8519 5833
43 348
4260 8537
146 9499
1258 8989
8252 9467
5330 654
7332 45
6816 955
7774 680
4010 5301
6149 5452
6687 4233
1763 2325
3082 8288
4789 1396
482 221
9439 172
7433 1572
4404 8390
2707 8394
4557 7402
8655 8455
9944 6733
1430 6114
7083 8805
8022 8754
3899 8562
8548 8563
6663 8564
7122 217
3184 8258
1690 7088
2669 3650
1776 170
5378 8570
6494 6115
5987 4224
1780 9033
5408 2897
7679 9125
6240 8576
6627 3986
1017 3254
4658 8031
2427 8710
9920 7976
9021 9437
0 5369
9257 709
6374 6814
739 3829
8337 4976
44 8588
8429 3842
2374 1370
5178 8591
6931 4094
5427 1076
3332 8594
4396 8595
881 4861
8525 8597
4430 9641
2864 7718
6203 8321
8406 4385
7884 5511
8506 5154
8789 240
9571 8605
543 8606
2695 8607
9825 8978
1177 8609
6781 5020
1323 9380
6839 7742
2044 7842
2430 8614
1681 2814
3213 364
5530 2203
6652 5235
172 7735
2939 7862
3262 4710
5150 6088
4525 7997
1572 9751
7764 1426
1424 9730
3397 8383
0 7700
3567 4354
4745 6488
3330 9056
5919 9013
8372 9444
4992 8634
8362 8635
6843 3146
0 7714
7500 4214
4944 5463
2694 4858
204 710
1080 4308
5929 9360
9024 8091
8498 9646
5351 813
227 1669
1136 2635
6604 8026
2531 8650
3012 5633
1937 8652
5145 7255
3568 8654
5226 9630
960 6266
7170 2419
7801 855
2936 5615
3037 9611
9162 6005
7532 7159
1412 8663
7454 8536
7328 4722
9346 8666
181 1454
3531 9031
6232 8669
6400 94
2923 7064
7668 5753
8211 7834
4240 2172
5321 7383
6937 3971
48 1683
1204 7335
5084 9502
5242 2644
8838 5006
2488 8449
2674 3205
6221 5649
5659 1802
7656 8621
204 6817
2398 2381
5809 8689
5947 5903
6330 4754
7981 8692
7413 9790
5222 2287
7330 1672
9639 2128
371 590
8964 2185
8927 7400
5384 9962
5624 8701
8009 6626
1963 3707
6623 2291
5454 4832
3281 3844
1110 3157
5332 2638
2609 8709
9160 6316
5763 460
3860 75
1939 2667
7088 5155
2279 8715
9341 1548
2252 1044
6405 3967
5287 7523
658 7134
2643 5037
2026 3866
1506 2982
6935 887
7183 6589
1481 1159
9883 8227
9338 8728
799 6888
7628 8730
6895 8731
2084 7213
6927 341
4936 8734
7080 9397
5499 9785
1184 4637
8702 8738
820 7636
7460 6791
6924 4728
7847 182
8259 8235
5717 336
3448 6893
2085 1014
486 5189
8165 3090
5997 468
4449 2685
7137 6572
7679 2448
8284 7820
1836 7696
1023 8755
4165 9246
2826 6426
6528 8758
411 8759
419 6399
7842 5695
1802 8341
4805 4092
8482 3193
8321 8765
5209 8766
6680 8767
3183 8848
2429 5508
5048 7058
6696 8771
3717 8772
2166 1141
6194 6662
9608 321
833 4929
4964 8323
4368 2831
9572 8779
3386 8320
7184 9818
4983 1244
755 8783
9493 3586
3665 5375
2780 2428
652 3798
5194 1702
4023 6265
6642 5460
7905 3498
857 2910
3088 8289
9046 8892
2628 749
1835 3327
2399 2660
2995 3659
4760 4406
7895 8800
1381 8801
8816 4965
334 851
4243 1222
4976 2121
3464 8806
1015 3217
9727 4255
5220 2569
5324 8660
4121 700
7964 5762
2488 5237
4611 8647
3268 8815
3039 9742
6876 8817
4907 2992
6127 6279
5774 758
194 8821
3810 228
7915 4535
4293 9384
2078 8847
8180 6977
3355 5688
2009 3478
3554 8829
6340 8830
9482 1842
3144 9819
6688 8833
9037 3587
9576 847
5788 1192
6334 8507
2460 4659
6701 8442
8442 9483
5776 9214
9807 1845
811 63
3955 5545
6928 8845
7338 3251
8789 7482
9572 7428
9722 8849
2335 8850
3414 8851
5234 2996
4234 2581
3572 1372
1422 8269
168 1027
1647 8308
4267 6710
3642 8859
2994 3680
1221 8785
1108 2520
3994 8746
2385 7352
6302 8207
8645 3171
5187 99
7654 4109
2809 507
3273 4460
3202 8871
5206 5183
232 1771
7734 9227
3599 2607
9395 8277
7630 8877
9920 5410
1355 8966
3916 7070
1007 8392
240 6582
5162 3470
301 4895
6706 8770
8875 6180
5014 1086
8130 9245
8729 9173
0 179
8371 1803
8796 7603
7932 8893
6249 4885
4732 4850
4161 7247
2392 5152
9388 8417
3087 8899
2393 8900
7224 7486
6814 4408
9504 8954
4104 8586
7519 3925
3976 1517
9106 8907
6331 7858
556 6029
8679 6760
8208 6689
7533 8912
1092 6061
1038 4447
803 8263
6240 8657
2114 8917
3935 8510
8137 896
9051 8920
1198 6936
9219 745
4928 2289
4816 9561
7298 4605
1532 8926
6478 6154
9649 8928
3102 178
1603 1098
5301 8931
9985 8331
9813 5492
1651 7830
6461 211
9272 7132
5671 5614
3825 3663
749 8939
6017 1186
8579 8941
7940 4848
248 8943
1031 4881
4238 8945
367 5416
1809 8947
3558 6123
1857 3046
3968 8004
1484 9431
9799 697
0 8953
7725 6454
9120 2717
662 427
2437 4342
1234 8101
1091 1056
771 7022
8377 551
6947 8962
9534 5667
7473 3442
5522 5663
4778 6048
2831 5698
4673 7541
1723 4154
1882 483
1441 3872
7941 1687
8374 2633
1090 2232
3625 1175
175 109
6108 8977
930 1327
6149 8979
5160 8980
1127 2728
8118 5142
8610 1419
5441 358
7580 9961
220 8986
5660 1634
1557 5096
5932 4132
6338 8982
3235 9356
4021 234
6444 5455
4183 8994
7176 6420
9416 1360
421 8804
2581 443
4238 1837
2257 6883
3973 4064
8502 3888
698 9454
4812 6735
5832 3292
1222 6446
1110 4603
2239 6992
1088 715
5677 3502
950 9822
870 747
8039 7002
9764 2098
0 2145
9795 2586
5739 9017
8759 5673
1476 9019
8642 133
1052 2772
9317 7068
8277 3237
8024 661
6079 9025
7451 6863
5765 5830
874 6949
4694 1002
509 6795
129 2650
334 9032
4128 7621
4286 1279
467 1816
3889 6487
1185 9979
391 4237
8211 8574
3782 9040
1658 3561
8061 1729
7285 2765
5327 6272
9417 161
6992 5
6632 9047
3936 9048
5791 7374
2183 7006
3260 46
8974 9331
5906 7440
6652 1811
1882 3013
1327 1368
8012 9057
677 8916
6958 6081
9638 534
6061 4030
8194 6618
7491 9063
2677 3763
3810 5389
5797 6991
2566 9067
1004 8312
9968 7326
6337 2110
9383 7315
5667 1427
9715 7805
5486 6916
1408 2582
69 9780
5546 2758
2730 8997
6350 1961
138 6223
4940 9445
2115 6235
4302 8593
7455 9084
2768 9078
1900 1590
8621 8168
2327 6116
5089 5025
9926 1529
1596 7903
909 6360
5078 8740
1009 7269
4972 5939
4885 6241
2763 9718
8940 4073
6829 8432
3825 9100
0 1925
0 3715
4682 7283
4589 7161
3175 3187
4412 3196
8434 8581
3687 2522
9179 873
7967 7755
7287 9958
7699 5504
1874 8333
1604 3433
4287 9115
501 7029
2992 9117
644 7585
3 2101
8117 1057
983 166
9563 773
3104 4312
8150 1967
7725 9460
1925 6356
3688 575
7639 1103
9001 636
6305 451
4547 9983
3825 66
4095 9448
774 141
5932 6220
1311 9105
1067 2108
3214 1555
6343 5839
0 9140
1207 564
8865 6173
6414 1
6645 5728
6383 289
7654 4251
858 5836
7168 3547
8243 1565
6694 9150
4193 6792
9907 997
5499 526
7057 9623
358 5733
7415 5561
774 9181
0 1146
3871 9159
1453 5524
6704 9161
3563 8950
9234 3284
1954 818
5739 9713
4970 9803
9819 9107
6594 1660
7632 9169
3631 1924
7441 9005
3078 9172
4166 6921
2275 4901
4906 9175
1897 7378
6877 1068
3576 2560
648 3946
2051 7542
6042 1936
3581 5009
6729 5191
3084 9184
7965 9507
4907 9769
450 5979
547 9188
1825 9189
5462 6248
4384 5596
486 3513
3114 2018
2850 1486
5857 6287
824 7033
5183 2379
2121 6191
4626 4333
1519 9578
2615 9937
140 2310
952 9203
5075 7943
135 4330
4435 5202
0 5630
4405 9202
4928 934
1005 8421
4476 965
6664 9212
8906 9213
6445 6773
3401 9215
1645 9270
9112 9217
4350 2246
8270 1878
3037 6217
5863 2785
2608 8230
5277 9223
1953 1333
6719 2930
9102 7866
1066 6380
6460 5961
1957 1365
4225 3653
8658 9231
6493 2410
8318 2904
9944 757
7889 4115
1335 5620
6530 9237
4804 5613
8898 4427
3573 8193
5168 4536
8653 6311
6005 29
5795 4692
5129 9200
6338 9274
188 1199
8369 3200
5705 1073
3187 8196
7725 9137
6179 8078
8715 4367
0 9254
120 3124
986 9256
5743 4145
1203 7198
3993 6822
4043 3451
5788 9261
8210 761
3399 8380
1445 9466
5792 5081
0 2492
5803 3259
8007 3089
7194 2240
9102 3602
1342 5529
782 1501
6118 6891
9336 5362
2287 1614
2693 9276
4279 2469
423 3652
7476 9139
8366 5393
6969 9281
5466 6750
36 3282
721 1599
8175 3093
966 6176
6199 798
4326 8329
3589 6201
8469 436
5486 7131
4364 9820
1076 9835
2951 9294
5906 8763
6046 605
7188 6428
7298 9298
964 9299
423 3493
1173 3310
1920 622
417 5891
4229 6393
9509 5000
384 9147
1642 309
867 3787
9027 646
6152 9310
1390 8274
8733 9312
326 7826
6114 7839
585 726
1439 3881
9265 4085
1317 9318
5973 6763
7259 7257
9149 9321
8790 4042
8597 314
380 397
9623 6394
4476 8665
7189 7052
5662 9328
0 850
8240 1913
1056 2491
1034 2514
896 1951
6877 3053
938 7046
8443 3383
351 3764
7950 9696
5837 9339
5185 7643
135 4653
3271 9342
7571 9343
3811 4269
7128 7665
7053 2223
3268 424
5820 5136
3563 1731
7912 1000
3557 723
5235 8172
1079 1587
2863 3856
7906 3333
6648 3591
6455 9357
6822 3266
3252 4114
2770 8643
8397 9055
4094 9362
3463 9363
9810 9389
7142 9166
8284 9333
5904 8478
8895 9368
5929 3978
3760 9370
7640 2348
1008 196
4029 9373
7381 7824
707 3258
2248 9376
3229 7268
6880 1559
9625 2665
6086 9367
851 260
9342 9382
6573 4191
3800 1437
6022 4060
2427 9264
224 1914
3846 2911
2215 6884
2963 3492
8249 5113
237 9392
903 2442
1885 9035
7584 1772
4264 6725
6258 2562
7044 8985
6508 2959
921 9400
9590 2364
1581 8708
6316 7634
5481 7574
8164 9405
15 810
6742 1719
8578 167
2247 2875
5716 2135
5587 8126
8496 1788
4010 4633
3684 7881
900 6681
6342 8297
7700 7730
6193 9418
8843 8466
5621 9420
1040 9061
6879 9422
5589 9465
2192 9424
3671 6243
6298 5829
3287 6436
0 5861
1705 9284
8518 9010
7856 1831
5882 1849
2117 2622
6938 8353
3431 6276
2629 5012
9157 7706
310 9438
9369 9761
6475 9440
0 8053
7070 3421
6823 9443
669 5893
2318 9488
9092 7983
7801 4135
0 9218
6343 5218
5759 8153
1778 416
4576 8890
4050 308
8359 4716
6992 1035
6906 8262
7460 7461
2964 8081
9991 8688
883 9538
9349 7390
2457 9462
8780 4656
3742 6117
3152 1416
7933 2757
7440 282
420 7576
2495 4705
1201 9470
1868 9471
5109 9472
8709 9473
7500 4380
5011 3035
6465 1668
6826 7297
6464 4099
9557 4356
4042 1915
1591 9481
8471 6968
4595 7909
8247 7861
5663 2623
1172 9486
7136 8149
8310 527
8855 8069
8994 6410
8910 7795
1418 2234
6376 1346
41 3849
2077 9495
3523 9981
4474 4980
9286 4768
545 1823
7258 7931
9455 6881
8929 801
2215 346
5569 6628
9868 6913
7247 8457
1446 9185
481 2176
3480 4139
1491 6064
4565 9511
7114 5789
2781 4718
3944 7953
9142 2571
5405 9516
6907 6011
3061 3545
7509 9519
2450 7505
6950 9521
2304 4686
9113 1022
9226 389
6702 9525
1016 1312
6637 9828
1179 2345
4966 6658
927 9530
905 3698
9122 7551
3925 6975
7854 1665
649 9535
7894 9536
4664 2735
6075 9081
6823 8428
5328 9778
5114 369
2960 3353
5098 9543
747 9544
3329 8077
6994 2898
5310 4913
1886 2308
9650 2720
5648 9550
3505 9551
4285 9552
7858 1712
449 9326
2260 2833
5956 9556
8906 1303
3708 9558
5530 9804
3303 2371
175 4067
5930 6767
745 6434
4867 762
9336 8452
7995 2823
0 9567
8847 2824
9448 1974
955 9570
477 3900
7348 1224
3776 8198
9530 7340
685 5134
9368 8190
746 9366
8112 4790
2329 9480
9056 9580
3523 5459
7618 1859
1694 4136
9935 5437
9141 9585
6259 2230
6710 3038
3262 2686
7217 6273
1946 6362
3125 1630
6230 3930
8690 378
764 9253
542 3308
3293 1237
227 7404
9480 9598
3924 6364
6255 9600
4613 4582
0 9461
6580 2336
4457 9604
1760 9668
1777 5800
601 9607
3918 9091
0 9609
4880 2922
4528 376
3245 9612
1011 58
2962 5874
9107 7869
2637 9616
3262 9617
3438 8904
2144 1380
2328 8736
8046 3154
3126 153
7694 7296
0 1083
5746 4920
4529 3028
4735 9627
3949 6629
9986 7089
4172 5350
4906 1921
4652 4856
6529 8025
609 2359
3131 3335
5798 3817
7576 8427
1699 6714
8911 8808
8559 7738
4703 4905
5718 9642
9261 3017
7237 3778
3206 1560
8106 5367
1680 4174
2463 9316
7823 502
860 1243
6092 2716
4228 3852
7090 493
4888 8388
5167 4392
2083 295
5397 8542
1882 8793
7865 5250
6692 5557
2795 1400
2260 7214
3177 1386
7713 445
990 6858
9544 751
476 8714
3245 3033
2512 3234
5135 9670
3149 88
5287 9672
7819 1767
1217 9674
7710 9095
9917 9676
2181 9677
4120 613
4804 6035
3592 9680
9351 3534
7697 6737
2725 3718
7639 9684
7513 9685
6394 127
5462 9687
9668 5627
513 691
3388 3238
3248 9691
1346 6919
4923 4738
2186 9229
742 6824
5957 5959
5173 7101
7500 8100
6718 7027
9528 7420
5551 7293
9666 767
6403 2047
6122 1783
5273 9947
8860 9706
950 7480
7388 9593
3367 9709
7580 9710
8664 831
284 9712
8003 2433
7926 9714
9322 9419
3704 4383
6650 9717
9506 3571
9567 9029
5544 1775
2486 3826
279 4548
1277 3348
8741 6867
7973 9725
3418 9726
2209 6954
444 8854
9546 6286
1554 7754
8037 4437
6319 2104
2112 7105
9121 9988
2138 1670
2460 6739
9310 4105
0 5599
7216 8625
3252 4175
9330 9741
2250 3117
364 3247
7548 2737
2452 9532
9611 9746
5810 9747
3588 9748
8545 716
5257 9052
9750 768
9158 4863
2711 5808
9782 6018
4798 7059
2173 4649
760 9757
3829 2321
4484 656
2037 676
4426 6815
9367 9762
9944 9763
7675 8543
7753 923
4466 5978
1676 9348
9959 9768
6270 4797
5174 4431
6656 2170
9402 164
5538 9773
0 5578
5852 3816
4225 1012
1125 9777
5948 2670
6164 3396
8226 1806
8925 9781
8442 9295
1549 1435
5175 425
6868 7264
7224 9786
7030 5290
6080 6381
4486 9529
4454 6752
3173 9791
4384 3283
675 6886
5647 6813
317 660
3153 9796
6983 9596
397 678
9514 1894
7279 9263
4713 4902
8910 5266
8763 3240
556 4511
4495 7391
8716 8794
7823 5112
322 4643
7501 3791
3129 3720
8315 1643
4392 1093
4066 5488
8468 9814
6568 9296
8405 6049
9097 2474
6248 4097
3363 323
5650 9292
7944 4462
601 6124
4002 9823
6328 4764
5768 529
8756 268
5801 6387
3669 370
3297 6327
7354 5373
8759 9831
2350 2082
5012 5512
3535 9834
9985 1142
9472 393
4855 8969
1095 5255
9119 9839
457 8184
6422 324
5089 6110
0 4055
8363 1830
480 6554
3921 5661
5859 7804
404 3428
9257 9849
1541 3465
1290 6712
201 535
9723 4147
269 6039
5442 57
2077 6202
3143 9857
5649 7086
6979 4204
4646 3748
3184 108
9451 8781
6999 6874
9809 1182
2313 9865
7473 8108
1598 2038
5122 3286
7705 9195
3876 2472
1701 5548
7771 9872
8372 9671
3075 2034
9216 1746
1600 6707
1753 8346
9374 4836
9679 21
140 4586
5259 5526
3671 3850
5186 8376
638 7934
2270 4184
2298 9965
948 1544
7817 3514
9520 4
451 6481
724 2827
4739 6304
3320 804
8407 2366
6698 3416
7550 2384
4764 2066
973 4500
3816 7435
4428 1474
2000 9062
8383 5088
4947 6840
7892 2848
4919 9905
152 5072
8551 4272
4016 9908
6792 4882
123 8602
5264 6541
2319 8062
859 1688
5752 6909
4684 9635
2823 353
0 6777
7646 3729
2467 8250
6799 5915
3252 5305
9883 402
1897 4005
9528 8828
9672 4600
4510 5670
3693 4838
3706 6288
107 9599
1141 4297
3829 9931
8863 4294
4984 6091
5198 9743
8252 5691
4030 9458
9140 9886
7017 4276
3616 9939
4742 4246
6707 5453
7304 7347
7399 7689
5053 4331
9360 8379
3667 9946
7281 1457
7920 3113
7032 2892
8980 3515
2890 9951
8942 1021
7759 1242
9747 2305
6526 8110
4446 9956
1206 7062
4024 331
1017 239
1154 9960
4850 9675
2221 1794
1236 3481
50 14
4527 22
5451 9966
3596 9967
3879 9239
9450 9969
7625 1219
563 9971
5100 8171
747 7139
3745 2621
2332 5920
2354 5927
7843 9977
2674 9978
9803 3415
3541 3349
2961 815
1697 7197
1581 5725
9520 8480
9222 7479
930 2080
4038 6411
3424 5818
1012 6809
9757 3640
8118 2194
6559 9992
7742 3962
6995 6200
8549 9995
5662 8245
3551 7809
1857 54
9308 7182
