1000
352 145
145 810
145 731
731 752
752 712
752 243
712 857
810 188
243 586
352 272
352 111
188 571
586 812
586 548
752 396
111 121
812 399
121 179
179 639
548 631
571 521
521 574
731 191
586 478
812 45
352 607
243 741
352 893
893 983
399 228
121 484
548 529
521 304
607 637
983 855
529 750
893 389
352 130
750 270
352 475
304 549
983 899
396 458
270 169
458 33
752 174
191 966
270 819
741 49
191 219
750 105
639 52
52 192
352 54
857 604
188 898
819 360
360 132
741 462
352 840
548 379
352 448
639 915
855 994
637 65
360 66
270 890
966 143
484 512
105 675
857 972
548 435
360 244
66 951
951 227
951 123
586 32
951 12
228 536
123 685
586 42
890 46
360 8
66 133
549 522
951 327
228 73
66 689
272 242
242 90
360 856
675 795
8 920
915 680
819 572
132 362
795 213
522 913
685 99
856 729
227 50
951 301
99 598
242 740
8 23
130 400
548 561
242 554
598 757
994 870
73 122
304 112
54 567
122 624
188 404
49 481
712 391
572 156
156 851
598 97
757 633
352 74
169 76
675 577
352 40
598 806
97 708
604 550
352 129
675 640
111 378
352 363
228 318
123 136
400 135
32 443
352 334
391 386
400 772
179 211
65 831
228 142
481 128
227 816
633 960
574 146
598 147
795 962
334 306
379 682
806 258
219 622
23 51
99 683
757 401
133 24
685 952
962 249
132 110
640 618
112 279
572 190
683 163
962 877
258 266
741 312
135 89
708 427
915 342
378 655
352 171
481 713
97 173
174 519
740 777
227 428
146 873
475 377
816 653
890 180
475 841
683 981
713 183
994 184
66 196
655 186
122 991
873 692
757 641
76 565
484 535
301 590
529 120
683 939
960 592
379 743
352 748
180 505
318 199
120 200
65 995
352 461
915 83
819 971
279 205
266 839
45 207
653 48
839 502
111 210
831 869
505 821
939 747
272 652
360 918
731 70
448 765
765 954
641 281
750 787
683 221
83 925
962 786
954 463
920 493
592 625
839 849
448 356
123 229
121 230
757 193
229 232
512 253
877 964
939 412
221 226
962 510
849 302
352 317
180 240
592 241
952 917
427 929
242 299
105 245
302 189
111 779
592 248
639 371
189 796
99 643
877 678
565 59
960 254
962 172
122 256
678 564
352 6
675 753
598 382
254 763
929 802
50 263
929 152
50 579
590 416
579 803
803 513
740 198
571 212
198 570
156 923
382 467
163 203
198 644
163 516
302 602
266 911
189 552
254 280
416 843
189 804
804 275
40 978
552 285
188 109
189 10
50 271
212 345
427 26
302 700
554 767
266 835
983 693
427 277
46 60
592 297
184 385
24 429
637 932
270 296
10 651
521 303
618 151
960 305
812 695
915 706
607 223
552 315
552 847
360 627
683 891
602 402
602 314
314 709
193 815
536 494
847 628
302 57
602 87
655 291
549 322
516 383
275 616
747 125
315 646
302 778
494 794
281 933
819 938
873 941
66 437
700 333
200 353
352 555
869 872
353 694
297 560
199 758
304 139
494 88
352 44
522 648
709 3
352 817
352 292
653 594
258 264
363 349
241 465
213 702
607 614
305 799
750 354
633 948
806 395
299 4
831 358
205 329
628 247
572 838
362 642
510 308
964 288
135 214
87 167
247 814
122 589
52 69
554 432
297 185
322 372
536 373
142 569
643 295
266 825
396 67
315 5
247 218
52 234
758 495
199 116
510 95
185 346
156 134
399 195
598 387
356 998
99 77
579 326
835 417
586 137
695 368
625 394
952 749
200 13
352 58
763 115
747 68
602 980
577 78
493 576
247 403
70 930
352 985
51 274
815 965
847 520
981 591
151 410
898 865
653 96
266 764
395 610
644 454
799 889
395 262
358 887
139 553
590 501
865 745
227 885
502 423
352 424
352 289
628 215
796 168
948 725
917 406
90 976
424 431
520 261
315 716
998 225
223 166
89 436
815 209
590 438
700 846
494 25
577 760
639 518
125 542
352 751
981 220
301 446
802 880
401 545
5 714
120 830
513 98
520 452
484 928
749 355
279 833
576 456
352 500
998 945
714 459
625 460
709 900
552 321
814 307
857 154
296 300
760 466
633 845
402 903
275 603
49 1
128 780
564 472
318 473
700 711
183 347
183 100
653 611
814 290
831 126
307 874
964 344
429 896
372 813
352 31
230 450
248 141
189 487
799 206
135 489
303 732
245 393
46 492
651 888
12 905
264 868
928 496
553 769
227 311
607 811
307 178
765 420
247 761
446 503
873 148
95 636
352 593
344 390
219 159
971 425
346 762
200 162
122 19
112 955
835 630
502 293
586 827
385 415
716 950
358 982
467 27
356 654
143 820
502 331
941 335
820 278
874 526
700 91
40 791
643 269
74 894
572 197
26 850
740 963
169 534
460 201
745 79
513 956
290 364
452 56
847 36
526 541
307 902
700 246
120 645
948 672
463 546
318 155
290 376
23 411
810 251
364 413
352 468
281 775
965 361
143 524
769 828
27 150
352 801
554 834
143 824
891 790
307 562
536 407
513 257
653 701
290 294
701 781
307 525
24 328
995 860
12 638
546 298
109 568
459 497
413 343
493 313
915 204
186 744
899 268
56 53
68 698
152 177
410 867
343 979
53 430
598 350
497 615
123 587
393 987
1 658
412 11
292 531
360 380
658 114
972 697
159 992
427 41
343 738
317 599
58 600
133 449
653 176
932 514
932 55
364 907
655 606
948 14
889 421
285 609
99 414
335 563
159 739
493 86
459 551
363 507
923 789
658 946
12 160
489 409
685 359
896 621
531 2
295 319
13 620
849 771
215 419
642 538
147 756
655 320
636 131
343 944
382 233
345 283
417 9
778 635
358 533
998 259
293 476
301 612
615 384
602 104
643 543
401 886
230 237
900 774
751 657
850 351
609 605
307 922
278 325
748 863
944 108
207 107
403 875
481 276
552 656
121 737
132 338
192 426
352 660
437 596
461 836
8 284
233 664
359 784
298 499
297 809
108 668
529 515
52 961
668 671
241 208
338 673
411 674
541 216
276 676
976 677
774 81
9 486
435 829
668 309
657 634
297 696
944 34
998 901
221 686
869 20
27 175
317 490
414 369
671 984
693 629
11 267
179 854
549 75
854 703
633 595
3 547
680 440
738 479
315 453
570 848
516 782
241 433
548 282
618 690
902 558
683 852
612 993
459 728
349 441
984 397
419 260
352 575
199 544
232 238
259 717
260 766
81 792
981 434
168 721
163 722
917 723
668 608
285 47
479 388
436 659
760 662
571 408
377 973
369 158
301 584
671 578
420 734
131 759
843 736
869 17
352 785
343 895
352 588
636 585
849 0
343 170
354 937
266 858
241 451
605 619
607 842
346 273
81 540
397 252
257 906
682 103
479 684
979 755
383 823
288 187
150 144
541 667
584 336
828 707
406 340
907 517
437 488
309 18
950 447
903 39
819 157
133 613
526 250
631 119
352 768
120 773
315 506
984 908
610 776
179 85
984 601
463 235
595 573
129 724
36 457
673 783
252 884
108 323
132 202
774 990
333 265
579 348
944 623
950 528
252 445
355 793
917 704
668 92
309 581
75 797
260 798
616 942
220 482
460 943
88 650
376 80
522 705
252 35
651 71
543 807
122 861
414 876
890 936
623 679
445 194
482 483
184 124
887 474
619 84
123 666
995 818
578 498
445 464
307 909
119 822
388 735
426 222
515 953
941 826
707 699
314 149
417 557
802 418
640 138
144 422
751 64
359 924
173 239
464 537
763 837
531 102
238 556
679 381
194 726
419 999
253 29
605 844
252 61
680 366
125 444
774 904
416 649
642 927
261 106
484 94
474 691
758 375
761 439
990 470
514 164
235 471
46 912
643 730
476 808
890 862
194 742
808 864
275 72
581 866
479 398
343 21
313 733
452 22
320 871
602 647
488 892
991 480
973 165
307 477
735 405
177 878
819 879
258 566
846 919
782 882
309 508
653 859
108 28
984 63
352 217
447 118
660 632
537 509
419 469
726 365
851 511
313 669
60 626
354 800
643 897
430 539
453 582
759 580
381 330
526 15
726 663
252 224
486 883
445 727
615 161
311 113
336 989
984 805
228 62
132 746
429 337
99 527
10 367
21 916
63 117
252 523
195 332
309 392
948 921
66 530
641 231
336 770
421 881
671 940
323 719
608 455
265 7
755 914
677 931
352 287
456 153
994 485
413 935
352 583
623 910
779 286
252 182
960 926
47 255
712 949
139 236
430 687
719 754
224 310
810 16
10 140
601 670
780 442
679 82
388 975
72 832
984 93
991 357
778 969
487 957
692 958
309 959
805 710
684 38
469 559
263 715
604 532
621 718
615 934
640 967
170 968
549 37
730 970
927 720
967 370
553 504
464 339
944 374
769 597
576 977
551 341
346 788
875 688
914 316
170 324
56 101
836 681
486 974
201 986
337 491
968 988
556 30
222 181
365 665
439 947
805 661
537 853
206 127
173 996
168 997
315 617
178 43
