50
1 1 1 1 1 1 1 1 1 1 1 1 1 1 1 1 1 1 1 1 1 1 1 1 1 1 1 1 1 1 1 1 1 1 1 1 1 1 1 1 1 1 1 1 1 1 1 1 1 1
14 12 12 2 24 13 26 3 12 22 26 10 24 8 13 7 28 7 21 13 7 22 14 9 2 9 6 23 18 21 15 14 17 12 5 7 2 16 6 15 11 4 10 19 20 19 14 17 28 1
1 1 1 1 1 1 1 1 1 1 1 1 1 1 1 1 1 1 1 1 1 1 1 1 1 1 1 1 1 1 1 1 1 1 1 1 1 1 1 1 1 1 1 1 1 1 1 1 1 1
1 10 12 6 2 4 14 16 24 27 18 10 5 4 18 9 2 6 14 12 14 12 11 15 2 22 19 2 25 18 18 5 21 21 21 15 9 27 27 15 7 16 21 25 15 25 8 19 21 14
1 1 1 1 1 1 1 1 1 1 1 1 1 1 1 1 1 1 1 1 1 1 1 1 1 1 1 1 1 1 1 1 1 1 1 1 1 1 1 1 1 1 1 1 1 1 1 1 1 1
25 11 20 13 3 24 28 2 2 25 3 18 19 14 16 4 25 12 18 9 16 9 25 12 20 7 27 5 12 13 27 14 21 24 25 13 8 4 28 24 19 2 15 17 2 5 26 2 9 1
1 1 1 1 1 1 1 1 1 1 1 1 1 1 1 1 1 1 1 1 1 1 1 1 1 1 1 1 1 1 1 1 1 1 1 1 1 1 1 1 1 1 1 1 1 1 1 1 1 1
1 6 15 4 16 7 11 11 12 21 18 17 9 5 26 21 15 18 23 9 19 18 23 10 11 12 20 16 24 20 26 12 3 10 21 18 7 3 22 24 14 26 20 17 2 10 10 8 11 7
1 1 1 1 1 1 1 1 1 1 1 1 1 1 1 1 1 1 1 1 1 1 1 1 1 1 1 1 1 1 1 1 1 1 1 1 1 1 1 1 1 1 1 1 1 1 1 1 1 1
12 3 20 3 15 20 8 2 23 28 27 5 28 4 9 10 17 13 15 17 23 22 3 5 19 25 22 21 26 14 5 21 17 2 24 25 26 8 15 19 2 25 9 4 27 25 24 13 3 1
1 1 1 1 1 1 1 1 1 1 1 1 1 1 1 1 1 1 1 1 1 1 1 1 1 1 1 1 1 1 1 1 1 1 1 1 1 1 1 1 1 1 1 1 1 1 1 1 1 1
1 26 7 3 22 2 2 20 9 10 22 11 19 12 12 11 20 27 3 24 24 20 14 23 12 23 10 5 28 20 22 2 6 18 2 15 22 5 27 11 19 23 28 10 21 25 20 9 4 12
1 1 1 1 1 1 1 1 1 1 1 1 1 1 1 1 1 1 1 1 1 1 1 1 1 1 1 1 1 1 1 1 1 1 1 1 1 1 1 1 1 1 1 1 1 1 1 1 1 1
18 4 5 2 7 18 24 9 22 5 12 21 25 22 21 12 15 4 7 28 14 21 22 13 27 22 13 20 26 16 26 17 9 16 18 27 25 20 10 14 9 19 2 15 19 18 18 27 3 1
1 1 1 1 1 1 1 1 1 1 1 1 1 1 1 1 1 1 1 1 1 1 1 1 1 1 1 1 1 1 1 1 1 1 1 1 1 1 1 1 1 1 1 1 1 1 1 1 1 1
1 25 7 18 20 21 26 24 17 28 14 15 25 9 14 14 13 25 2 21 20 23 5 18 4 5 24 15 10 17 6 17 18 25 21 25 6 10 22 4 5 7 2 13 25 2 25 4 18 18
1 1 1 1 1 1 1 1 1 1 1 1 1 1 1 1 1 1 1 1 1 1 1 1 1 1 1 1 1 1 1 1 1 1 1 1 1 1 1 1 1 1 1 1 1 1 1 1 1 1
18 15 17 17 26 11 12 12 6 20 25 20 9 22 26 25 21 9 14 22 15 2 28 10 11 20 24 16 5 25 14 3 28 18 17 16 7 21 27 26 13 5 22 24 14 3 13 27 22 1
1 1 1 1 1 1 1 1 1 1 1 1 1 1 1 1 1 1 1 1 1 1 1 1 1 1 1 1 1 1 1 1 1 1 1 1 1 1 1 1 1 1 1 1 1 1 1 1 1 1
1 19 14 16 10 16 18 21 4 4 13 27 3 14 25 28 26 4 25 7 6 24 2 20 20 25 7 22 26 7 18 7 22 11 27 2 13 15 21 17 3 27 4 14 28 22 16 21 11 2
1 1 1 1 1 1 1 1 1 1 1 1 1 1 1 1 1 1 1 1 1 1 1 1 1 1 1 1 1 1 1 1 1 1 1 1 1 1 1 1 1 1 1 1 1 1 1 1 1 1
12 15 17 7 2 17 14 4 4 23 18 23 10 11 15 5 28 20 20 22 11 3 10 8 22 7 19 14 5 27 14 18 26 2 22 27 15 19 15 10 26 19 20 18 12 8 13 19 22 1
1 1 1 1 1 1 1 1 1 1 1 1 1 1 1 1 1 1 1 1 1 1 1 1 1 1 1 1 1 1 1 1 1 1 1 1 1 1 1 1 1 1 1 1 1 1 1 1 1 1
1 14 11 5 18 5 19 4 2 14 16 18 28 27 16 5 20 25 13 18 8 23 8 5 19 3 5 3 2 14 12 7 25 18 26 27 5 7 27 24 26 18 15 25 9 20 4 15 3 19
1 1 1 1 1 1 1 1 1 1 1 1 1 1 1 1 1 1 1 1 1 1 1 1 1 1 1 1 1 1 1 1 1 1 1 1 1 1 1 1 1 1 1 1 1 1 1 1 1 1
22 18 9 7 15 19 6 4 20 28 4 26 18 26 11 27 16 13 13 8 15 12 26 12 23 6 5 21 6 4 17 17 16 19 14 13 12 18 12 23 12 18 28 19 12 27 16 10 11 1
1 1 1 1 1 1 1 1 1 1 1 1 1 1 1 1 1 1 1 1 1 1 1 1 1 1 1 1 1 1 1 1 1 1 1 1 1 1 1 1 1 1 1 1 1 1 1 1 1 1
1 16 11 9 16 5 24 3 25 11 21 13 25 17 3 11 11 20 7 25 24 22 16 19 14 11 6 8 18 4 16 3 12 19 14 26 9 26 11 25 15 5 22 16 19 12 6 15 9 25
1 1 1 1 1 1 1 1 1 1 1 1 1 1 1 1 1 1 1 1 1 1 1 1 1 1 1 1 1 1 1 1 1 1 1 1 1 1 1 1 1 1 1 1 1 1 1 1 1 1
9 11 28 18 11 9 17 19 25 7 17 11 19 23 26 26 15 24 21 2 26 7 20 19 3 16 23 2 20 25 10 20 2 21 3 20 23 12 15 27 28 22 13 22 21 15 18 26 26 1
1 1 1 1 1 1 1 1 1 1 1 1 1 1 1 1 1 1 1 1 1 1 1 1 1 1 1 1 1 1 1 1 1 1 1 1 1 1 1 1 1 1 1 1 1 1 1 1 1 1
1 23 3 27 11 8 3 9 15 19 10 17 16 28 5 18 9 11 22 21 27 14 25 28 26 20 19 19 5 2 6 27 25 8 10 14 22 13 28 11 5 11 13 27 4 7 9 17 24 9
1 1 1 1 1 1 1 1 1 1 1 1 1 1 1 1 1 1 1 1 1 1 1 1 1 1 1 1 1 1 1 1 1 1 1 1 1 1 1 1 1 1 1 1 1 1 1 1 1 1
13 27 5 9 7 9 8 3 9 5 9 28 27 27 6 26 15 28 5 20 5 22 2 6 13 23 16 6 21 9 8 6 22 9 3 16 2 5 23 20 18 11 24 2 25 17 23 8 25 1
1 1 1 1 1 1 1 1 1 1 1 1 1 1 1 1 1 1 1 1 1 1 1 1 1 1 1 1 1 1 1 1 1 1 1 1 1 1 1 1 1 1 1 1 1 1 1 1 1 1
1 28 19 27 6 22 24 20 28 24 9 23 11 5 21 23 28 13 4 8 2 5 8 15 2 12 21 22 6 4 26 3 24 26 16 26 6 2 13 18 26 6 15 16 16 10 5 22 23 28
1 1 1 1 1 1 1 1 1 1 1 1 1 1 1 1 1 1 1 1 1 1 1 1 1 1 1 1 1 1 1 1 1 1 1 1 1 1 1 1 1 1 1 1 1 1 1 1 1 1
5 16 5 22 14 24 4 18 20 14 2 6 24 16 15 25 20 22 19 5 7 20 26 8 27 6 24 20 6 2 24 12 4 21 3 9 6 19 18 26 3 25 20 27 9 21 19 16 28 1
1 1 1 1 1 1 1 1 1 1 1 1 1 1 1 1 1 1 1 1 1 1 1 1 1 1 1 1 1 1 1 1 1 1 1 1 1 1 1 1 1 1 1 1 1 1 1 1 1 1
1 20 26 19 19 16 25 6 18 6 16 3 5 14 9 22 24 11 26 17 7 11 14 20 19 21 7 24 2 2 17 17 2 12 6 26 10 21 19 28 14 15 7 23 2 27 24 9 16 17
1 1 1 1 1 1 1 1 1 1 1 1 1 1 1 1 1 1 1 1 1 1 1 1 1 1 1 1 1 1 1 1 1 1 1 1 1 1 1 1 1 1 1 1 1 1 1 1 1 1
2 10 13 20 18 15 24 20 28 9 19 18 16 16 4 14 4 25 7 2 19 27 5 2 20 2 17 27 12 23 12 22 20 11 25 27 27 27 14 12 22 4 27 15 25 8 9 3 7 1
1 1 1 1 1 1 1 1 1 1 1 1 1 1 1 1 1 1 1 1 1 1 1 1 1 1 1 1 1 1 1 1 1 1 1 1 1 1 1 1 1 1 1 1 1 1 1 1 1 1
1 9 6 19 27 5 25 16 7 6 24 20 18 21 24 2 21 2 4 21 21 9 20 24 8 13 8 6 18 17 18 10 11 2 7 23 11 21 5 15 16 5 25 2 2 24 11 13 20 24
1 1 1 1 1 1 1 1 1 1 1 1 1 1 1 1 1 1 1 1 1 1 1 1 1 1 1 1 1 1 1 1 1 1 1 1 1 1 1 1 1 1 1 1 1 1 1 1 1 1
5 21 12 15 24 17 21 28 13 27 22 2 26 13 25 9 10 21 25 11 22 2 18 4 15 15 19 27 10 15 16 18 25 24 7 9 5 7 18 24 14 11 17 19 5 17 13 11 28 1
1 1 1 1 1 1 1 1 1 1 1 1 1 1 1 1 1 1 1 1 1 1 1 1 1 1 1 1 1 1 1 1 1 1 1 1 1 1 1 1 1 1 1 1 1 1 1 1 1 1
1 14 28 12 5 23 16 23 4 17 6 19 13 15 17 10 2 17 8 2 23 5 26 15 6 12 19 18 20 4 6 21 22 17 8 11 5 28 3 13 5 20 4 16 15 13 3 13 7 16
1 1 1 1 1 1 1 1 1 1 1 1 1 1 1 1 1 1 1 1 1 1 1 1 1 1 1 1 1 1 1 1 1 1 1 1 1 1 1 1 1 1 1 1 1 1 1 1 1 1
19 25 8 10 16 2 4 5 7 25 27 17 28 25 8 18 17 15 14 13 23 12 14 13 20 4 10 25 2 22 21 22 21 8 7 13 8 19 7 19 25 14 22 23 21 22 6 5 4 1
