5000
12228
5989
2813
1161
9778
11687
13955
8969
13452
12723
9731
2338
6547
12245
13860
5067
13259
12412
7126
11033
597
2226
8287
498
7519
11188
5282
386
4064
4200
7962
7658
5458
538
5272
7869
12673
7451
10616
2024
8199
927
5119
12340
13678
5752
134
6242
13758
613
5381
9633
12359
8747
10166
10843
2364
8069
12817
12207
2627
9220
11647
10246
7239
5522
2179
2567
4533
3054
11274
9150
12561
12206
3306
12958
5754
6396
1285
4292
14395
8038
5911
13949
2597
9876
2929
12379
14627
12897
3996
4408
5326
5932
14339
4325
5036
441
9997
6124
7878
11335
4761
11431
5192
5159
11533
12719
13752
6308
770
13855
12185
3783
5172
2350
6449
2239
4836
7084
3541
4350
6543
12611
11807
9871
3742
1220
5860
3652
6396
167
6717
4733
5267
6715
4601
103
6381
14276
1368
6850
2607
10091
2399
10584
6911
6373
13291
14370
5624
3587
10397
3942
7491
4699
12099
9510
11104
1554
9566
9191
14374
10646
860
13797
5292
14283
12161
304
10633
9052
5741
13523
10057
13050
5860
10290
9835
11282
13791
4074
14357
2473
2124
11711
7513
11575
4867
8744
3821
6577
5257
8298
5642
6329
1552
10409
790
5809
9040
9053
3825
8452
9373
8350
8724
1257
10312
9614
13868
3224
536
1064
9352
1678
11287
2782
10005
4346
13164
4602
6141
14250
2444
12949
5349
3762
1836
8841
889
7962
8544
3774
4816
9957
14334
5545
1095
2470
7040
4985
14429
5305
6955
7995
9799
9345
5482
4729
14622
6659
9786
2133
4028
5906
2859
12648
10724
3287
8584
2008
14268
2267
11366
8430
2224
14134
7971
8026
10059
12121
5365
10483
4207
14309
7889
9556
14563
13937
8010
8947
837
9274
13537
14053
7582
4087
1621
9577
13338
3353
14392
414
11627
7458
8611
1900
11516
11638
4960
12031
6599
10222
823
13781
7066
7418
14778
2987
9077
3071
9688
7679
3175
3152
10550
7571
5627
12398
5166
5345
11151
12072
11681
11523
8342
3989
2139
11128
718
8991
7845
446
6386
11008
8757
10814
7497
2867
1591
14127
7366
14857
10461
8464
9999
5285
4152
7537
13853
471
13415
10355
2010
14281
5858
4620
14497
14214
6547
3838
7971
6419
5940
5234
13179
10240
14829
13049
12063
7333
63
13982
3323
7219
7903
11150
7210
4219
12204
4972
10701
2519
11892
12102
6279
5257
1122
1443
10816
7697
6749
6624
2095
9682
2998
5223
3791
450
14396
5180
4017
14047
10354
11613
2534
14079
1540
5815
3440
13475
8532
415
2526
10844
2607
3276
786
7304
13355
8396
10257
1658
12912
13269
5808
5227
2472
3149
10697
302
4342
469
1443
7354
13719
13525
1607
12259
3335
5060
7006
12673
2959
3666
14685
1149
3088
242
13716
14870
14432
8441
13713
4747
963
6732
9019
10829
9154
2119
11708
14760
6915
4060
2876
11448
2460
11728
3971
2954
11015
3989
5177
8498
11750
6008
13619
10284
11992
4547
14216
12853
5617
11230
2541
1416
4412
1427
4956
4598
5276
3946
9891
5106
11411
4588
4029
12037
9859
8425
13537
12849
8628
14568
11231
4616
5993
11887
13877
5605
13540
14297
1824
12214
12984
433
213
1500
1748
7295
13615
5972
7366
9681
395
1528
12373
1502
1486
69
4088
8828
9326
2068
4777
11083
3975
10029
9105
2581
538
8432
6965
5753
8384
9950
1866
14212
1136
648
14833
11335
11624
8795
6616
4418
6707
5063
3327
9152
1373
6621
3422
14165
11439
1956
7221
8725
2493
7412
11470
5453
7519
3879
6067
5130
12675
4060
2718
14036
5067
5970
1313
7620
10733
14808
5244
8218
2672
14830
12021
9560
5902
12686
6035
13863
4200
10684
8854
11212
7262
7332
9663
3651
14540
14455
12631
8151
13985
9991
11341
7607
11524
5787
6329
11860
49
6639
284
13533
7152
575
7001
1962
14698
10739
11892
13210
10827
13529
12482
4937
6066
11432
247
4012
7951
10021
4799
7567
6374
6622
4489
7360
314
6399
14115
12220
1294
721
14159
6778
11350
13147
2972
1188
13345
1937
8319
11533
2080
8323
3457
1919
9737
12378
3051
13844
3793
4739
9191
3140
13606
12265
7620
13260
13759
8734
5371
4405
8970
13331
10128
13315
13356
7715
203
6170
11474
9788
14262
7176
1524
6322
7240
9034
10347
125
2377
8586
14069
5855
14050
2135
2489
8000
4705
10449
7572
4211
10336
13724
3447
2508
7568
4131
14290
7802
13360
2246
11051
573
14611
8879
12791
13345
11468
9351
14844
5473
3496
11886
6484
13699
12464
7723
380
4812
4316
5012
1107
3615
13000
5736
7663
13638
5547
11518
10890
14712
352
1602
9377
2754
9432
533
10857
10008
8599
82
13983
10259
11274
14398
14833
8900
6543
13755
14754
14346
2657
4459
10512
752
13049
916
1584
1296
9438
13403
3995
13646
13347
13488
940
9317
14743
12788
272
1260
7755
10088
2541
4634
9916
10440
1690
5127
12972
8816
5638
2642
6098
2530
7215
4425
1644
6747
6575
9545
1713
2432
3260
14118
9011
6630
4312
13412
788
12457
409
12164
5585
8131
6778
11489
3203
7572
4317
7830
12061
4062
14818
13812
12061
10504
10989
7769
13608
764
5607
3067
6715
13111
14766
445
11487
4685
6979
3261
1796
7597
4270
5445
9648
6103
14004
4607
351
3781
2041
13974
8868
7670
6890
6917
9830
8364
4070
4009
5017
13707
8335
9874
5765
10833
9368
10659
13199
1920
7643
11612
10245
7795
7976
12767
4617
2147
10329
8668
10411
10930
14041
12204
7492
31
9855
4638
5810
2253
11131
9616
7035
13434
8518
1296
11337
13033
10036
9513
11391
13205
4025
13376
12714
10650
2679
678
4059
5724
12437
14080
3979
8342
11540
12086
1725
9454
6516
2615
14946
6456
3265
7881
14764
13282
5359
3813
7313
1736
4336
11517
13438
7352
11639
2565
7966
7592
9673
11936
1108
2180
11770
7028
3017
7669
9615
8955
1242
6389
2496
7304
5005
4530
11047
4656
874
3356
2154
7812
6177
8066
14944
2227
9415
1361
2303
5211
12487
9015
397
14071
5641
7296
10649
14861
13162
4512
3194
1585
88
7358
13242
5377
13395
2101
6445
10740
1436
6776
11525
805
12265
14278
14085
10906
14088
5753
566
1704
3904
14783
11462
5273
9101
5525
7875
2343
9484
5334
6411
9635
8430
2826
13548
7691
4013
14831
2996
9051
10399
4753
14288
12340
2100
2075
1488
14007
12233
14455
14744
4455
14619
12750
11283
8093
14759
3338
9133
5658
11734
4477
385
3681
5050
3677
12176
8421
10119
3735
14865
2274
7513
9614
3863
1804
8002
9360
9762
12091
3071
12987
6737
14072
14472
1640
8017
9904
2907
6101
6683
2909
11887
10102
5852
14842
8095
7007
3971
10070
10916
5075
7109
4197
6390
10168
905
12891
14535
4175
13025
7691
7932
7982
7807
8993
1792
3198
7428
14595
4586
1080
3381
721
4802
8173
14998
169
561
6864
10937
7633
8306
13117
11471
3605
13561
3986
5685
9184
11632
4536
5116
12942
8398
9586
9852
10446
10487
1593
6009
7749
14208
6645
14279
2411
2921
13626
842
7095
1508
4660
5930
14516
10699
6213
14689
6411
14886
5821
2812
7513
14912
4855
2705
5535
5116
4764
14492
14357
11475
12033
8721
7636
12042
9665
12774
11672
14666
4790
7122
8615
13902
10178
4552
6423
6454
1518
2441
4323
11800
9615
7515
13745
1460
11583
3050
7715
3574
80
14322
2671
11988
12037
236
2838
13050
2287
3739
10584
2269
13515
6010
11197
209
4876
9265
9496
7278
1223
5731
10772
3809
11639
11793
14776
12228
10603
8711
4044
9426
6288
12009
14133
11643
9374
8608
10344
907
6994
7589
11496
2763
14277
3089
7424
10079
3236
12071
300
4620
4470
1714
8482
4635
8703
13595
4071
1488
14863
315
6019
14381
12760
13518
13548
3277
7851
533
11802
10190
8878
6245
3526
14135
12045
4057
9578
1508
1920
7429
7354
11731
7182
1272
271
5030
790
9128
3743
3382
7446
3585
10747
449
2957
10573
10069
3899
111
14481
1367
7104
6872
14854
9228
592
10545
5593
756
12205
5405
11598
1977
10970
5402
4499
8344
10820
14865
2317
5132
10765
7220
214
11725
9262
7092
8953
12443
13186
2404
11508
7669
4746
11383
8113
9969
6381
7266
12194
8205
10311
14211
11395
8921
10041
11999
3015
13610
10040
12525
834
4868
905
3000
3155
10642
11635
4623
14888
13152
14060
1211
4009
11730
5492
6391
10267
4626
14879
2654
3965
9745
10178
14716
6158
9185
3561
675
14407
13104
10985
2310
7240
4319
6048
7590
11754
1700
1436
3891
3474
14842
10502
1635
13055
12381
6264
8539
10816
3060
2668
9316
6366
12439
7973
2291
10084
7409
9136
6580
5
13933
1489
13019
871
13903
5111
6886
8424
12526
3493
1771
4243
10248
5253
7464
1466
11526
9411
8505
10494
5043
4817
1273
5444
10181
13749
9407
1673
7457
14864
8126
1859
8338
5419
12638
2633
8004
3799
7586
12265
5073
14452
5092
3868
1832
3819
2899
5696
3842
110
3514
1734
14383
7689
12214
5413
13806
7853
6123
5636
6939
4808
10674
12161
4457
865
10691
30
12322
14881
1999
13852
1645
13084
9912
8970
4660
13582
367
1880
1395
6176
3182
7159
3251
3421
3556
1596
6816
4056
3533
14120
11537
4069
14531
1862
6531
4362
1274
3598
9783
11669
13482
7730
14975
11215
7649
13595
9666
5280
10642
5801
8561
9724
12906
7743
1019
1569
2411
6828
8115
1437
10951
11036
4726
8196
1839
379
13350
7266
12752
14486
12666
4358
12384
11110
7611
1542
5960
265
7276
4700
1104
193
13020
6251
13553
629
13278
11431
9554
11439
13469
5461
10293
113
10129
9657
7729
8525
14883
9903
14159
7494
8900
14185
9303
3457
4147
1390
14778
14846
8345
5874
1927
4398
3366
2141
7271
14696
11397
4759
11398
6853
4164
10526
11776
7231
2449
14577
5886
8080
11522
11511
9181
2937
11981
13307
647
8658
13137
10783
8074
6519
11796
4088
14261
9772
11579
10253
6679
528
7781
5421
14537
532
836
11776
7710
8622
9390
835
5421
14976
3784
11950
3961
3313
11048
7463
7546
12449
10396
130
1710
1259
2004
6645
5946
9559
10231
9383
10209
13228
10619
14680
581
9520
1895
3273
5432
10247
2167
1891
10542
7169
532
4964
5733
8348
4425
8706
698
5173
14906
4037
8520
3860
3206
8126
10582
2359
12389
13205
12545
8664
3771
11166
7627
7197
870
10309
12547
9403
6949
10179
2558
11482
2435
7260
11919
12491
9380
837
9729
626
6297
9315
7941
6627
5981
8906
7726
14572
10753
14330
13842
12552
1156
8067
10613
10810
2465
7784
12769
3677
13791
3375
11352
12355
1265
3967
4184
6166
10586
5414
8059
1490
10276
10119
3964
13689
6920
9406
11496
12408
13988
10569
13572
6349
1102
2250
17
6579
4100
7528
2388
10953
10310
12451
3205
12813
423
3202
3499
12342
4152
4849
9554
1356
6508
2396
6322
5235
9793
8171
14438
13029
9908
9534
12812
846
2146
12218
2257
3735
13679
6851
4213
10822
14505
9842
11871
3130
4779
1128
8729
6584
14155
13796
6702
14366
6500
4028
5333
11749
12226
12163
10003
13714
2146
13051
12493
6620
12628
2249
9842
13901
9727
5437
2514
9088
10671
2218
10734
5191
13611
12682
1259
9646
1068
1055
6757
1442
2619
14381
151
13254
3911
9879
11946
12259
11693
12748
7889
7381
4023
13249
14478
6045
14951
11420
7542
4307
1232
10831
3445
6310
4925
4440
4833
153
4991
2610
6474
4404
9624
2205
10231
4704
3535
4920
10519
9012
8669
2448
1359
3036
5192
8657
1196
11473
9426
6367
868
7207
795
13277
12546
14053
5474
4450
1940
11022
2323
3532
4634
14208
712
5611
5835
12069
7646
3078
4528
13300
5526
6025
1723
1491
8620
5138
705
12311
7758
11379
13442
3060
7983
11014
1515
9543
1255
7888
8965
4597
10080
11380
5566
3289
13507
9618
1762
9124
1654
13342
1482
3728
6154
7744
14378
2437
11265
11329
3050
12856
5772
13240
5286
14716
10340
3491
5940
12397
12218
14243
13024
14435
2527
2470
6060
516
11990
8555
12606
2597
2271
2605
6690
7336
685
2397
1777
1243
5978
3263
8229
2252
9021
9524
10565
1466
5103
12133
10423
13402
13214
3062
6821
4029
10048
11867
4589
10525
7765
13482
14871
7251
12665
14605
2371
3929
836
310
2517
7486
9205
5031
5502
5650
7498
3626
10566
5726
2292
11596
9424
790
13737
9403
9364
13817
8272
6554
12786
11775
7822
6036
9116
13513
8178
9717
12664
2189
4988
4006
9023
13463
2349
802
59
13802
10816
8971
3629
14178
2328
7927
10487
6935
2250
5912
9442
597
7230
3012
1006
10712
2329
3783
1093
339
2941
5443
7572
7284
14805
3932
6898
12123
9853
4255
10331
12006
2487
5648
1588
4839
12091
11339
7794
12322
10338
12123
11868
3257
467
418
11668
1841
4699
8822
11314
6095
4621
8609
5927
11099
430
1202
2201
10504
1161
6849
6184
9423
5368
14608
6095
11980
10167
3672
7061
61
7726
7082
9912
1786
2698
10797
6514
2203
4006
594
896
14463
3297
7698
9392
687
11052
9883
3737
1771
13685
6403
2521
8567
7991
3922
6868
6979
2197
5257
13922
9385
3038
13775
9319
2401
10952
13201
4440
11486
1062
14699
14334
7021
4192
4606
7411
6469
11505
6414
5925
5177
13161
2380
5823
2061
5624
14549
1819
10816
1285
4403
5499
8334
7602
5665
4105
138
7602
6896
5574
852
12746
5483
13056
5310
7806
8170
1126
10850
9634
13341
10195
5195
3027
9867
8078
6829
10989
5123
13344
6223
4879
10805
7119
8116
6008
2386
8862
12645
8999
7519
2965
9931
3146
12189
10221
7639
4835
12192
12129
4793
5146
2178
1790
8734
9230
10704
4792
339
1231
778
2971
2639
5243
10846
2976
9835
9711
512
1027
936
6041
11641
2009
10121
11539
8074
12698
2857
4325
13694
1235
12997
9733
7582
3296
7910
13540
7064
1401
7978
6466
6095
11899
6838
9685
3803
7443
4705
2202
14829
9994
1730
1216
10976
13009
13395
5141
8372
13176
9350
14123
10268
4143
4284
10097
7386
7130
11063
7099
12993
183
5260
11419
13450
7223
11103
14335
12647
14725
910
1322
5998
6601
3828
6802
1646
6854
10147
13920
13003
5586
10063
8858
3942
11535
5298
2337
1851
11059
14123
13986
7683
1057
6952
13720
3693
7442
714
4168
1232
2889
13294
13367
5649
3398
7828
5275
14711
3475
6042
9191
2044
6193
9282
9443
8638
8129
395
11003
7008
10549
8271
8729
11345
12218
1294
7664
14391
12317
8952
1624
1929
608
983
5941
2498
13912
12992
7941
9036
914
13462
833
11624
8420
2747
3709
4531
6733
11606
4590
3489
5414
333
8
952
2672
9633
7808
12196
1023
2358
10704
2567
3488
4436
170
11313
4948
12321
12237
10203
14716
5308
8531
4294
10829
9964
2730
9104
13597
7677
2008
8276
10914
9486
12251
5899
6963
33
9389
1533
4624
9590
8761
13305
12776
1402
5249
10666
4465
9449
14030
13417
9128
14868
6966
2118
12632
3677
13239
9029
7697
8373
9300
1140
4732
4407
4318
11785
3168
10345
85
12810
4712
6140
11851
5189
3983
13037
8951
11781
3147
8931
1451
10100
10616
12591
11154
6255
13919
12200
1491
10860
2844
14298
10103
14668
9705
3552
11753
13613
1536
13747
12691
586
2132
5082
2068
4638
11869
10089
8396
3060
11738
1287
9454
2890
2190
10710
10829
9329
6784
12261
2382
7146
7864
14869
9830
40
7378
1953
11769
14852
6613
11677
6856
6625
1094
7361
7815
5021
14581
12482
7552
7065
13582
14601
9538
2691
1365
5623
1052
2538
3165
11973
13596
4905
12970
13674
1938
7746
12594
4253
182
12472
4151
5445
78
9243
13423
11924
12400
3578
2190
13729
5828
10871
13556
12447
2610
2314
12749
13858
2635
13907
12155
10516
14826
466
5536
12231
9860
1680
14575
536
2428
6784
12503
4225
773
7283
3289
13568
6082
7025
6610
3524
7899
5565
6360
9394
6789
4243
202
2269
3086
796
12348
7192
291
10726
5367
14857
6483
5474
4905
12717
11588
9632
10563
8306
8346
566
14551
4802
13060
11068
3967
10075
9729
6130
4607
518
1486
14
6785
12591
10803
5823
12000
14521
342
9029
6248
12596
8843
6697
14059
8026
10747
14487
7845
11308
5777
13735
14785
2028
12770
14977
14895
538
11977
13273
10128
13475
12176
2052
3422
6106
13329
11711
13774
10679
7233
4752
10259
599
1851
13813
848
7043
9984
746
1100
3147
3178
9981
490
9174
3345
10529
1790
5837
5678
13457
3968
6444
12432
12356
3232
12695
13199
4040
365
4250
3226
152
11042
6494
10373
7980
3832
8835
2157
8177
10884
5181
9225
11961
13521
330
13829
11088
1748
11324
5106
7005
11975
1287
11221
8710
6822
11729
10143
10371
5443
3793
8620
11980
37
3032
8151
5167
14802
2095
9300
565
13886
8256
5718
4587
11902
6919
1642
9272
7745
12908
7074
12507
9262
4793
14597
6715
11034
3054
11979
8855
13858
12241
6566
6369
12199
8989
2893
339
5832
2747
8065
3646
11326
1793
7986
12864
2507
7077
1352
14870
13400
661
10634
478
10059
11085
14581
3164
4268
6242
10882
12479
9753
3004
5032
7493
2955
13107
8889
6541
7895
9365
4386
7573
14924
14289
7111
4737
3353
2295
1836
743
781
3514
12168
2807
12414
8081
11594
10587
7850
7058
8673
12504
10757
2849
5129
4414
12983
8961
4877
10756
13129
10577
8680
3815
11582
5681
1049
4176
13526
9133
12647
9299
2017
7811
8410
4864
11593
9508
4307
184
13386
10335
6888
2327
14917
13259
14197
12520
12847
3786
13087
1850
4633
1982
11711
9563
5869
619
8598
13713
3596
8109
4663
8196
4341
8765
1174
5489
13195
1641
13827
8929
5292
8539
5876
9435
4358
1454
1555
13426
14
10218
380
11185
14664
1862
13220
11569
11825
8887
10198
10010
7897
4120
3552
6434
11766
6784
10742
8558
2689
6471
6210
4554
7881
12222
14602
474
1134
5876
2817
10281
2889
919
6929
6610
10983
14717
3014
906
5006
14109
13605
1032
8102
6454
3953
14691
14343
13854
5365
2783
1383
1379
417
4618
146
13957
747
520
6631
2605
4251
4455
2640
5143
10803
7191
10560
12260
4236
13974
11691
3266
6301
8317
14950
1898
11057
5369
748
10892
3436
8606
842
7547
13831
11753
14993
14046
7995
8417
5580
14039
12210
8715
14918
11539
11879
10732
2098
636
5342
6992
1598
820
696
8887
10901
11838
1524
1612
3806
10881
5326
2596
9627
14838
2515
846
10707
599
6444
6604
14985
10191
344
13492
11983
13217
11665
3515
14586
1802
5726
14595
4048
2025
901
3924
12068
12937
12811
3592
14185
10077
13163
12683
3840
10128
12675
2484
11947
14110
2327
9276
10394
5188
3377
13676
10322
8953
4784
10160
12206
13867
8656
13499
14241
13993
6728
9344
216
10060
3590
12240
10871
7131
3914
9148
7576
192
9099
217
11033
5585
7212
10968
7843
2107
14897
1830
9730
4805
11249
2059
350
599
5131
2923
1919
3658
3979
7645
7947
14740
2346
7802
3777
4366
7239
9937
12729
10684
2437
3757
2658
4573
2582
9945
8864
7563
8693
6124
8650
14527
3809
10372
7030
6428
2501
11661
10982
9770
11289
9227
3325
5689
4184
11519
11493
4809
1187
12517
4075
2682
1160
9709
4902
2191
4471
3918
4293
9004
14802
10238
5758
4978
6714
4352
6574
202
8406
9065
5475
12337
7408
6932
52
11665
6457
339
4787
1998
1195
7287
8926
8885
4430
9286
1236
6881
12068
7640
8395
7516
6885
14096
4259
10203
9339
8764
9713
3435
7629
4727
12726
2507
8259
2456
5673
9887
2561
2612
5619
3759
2198
1061
2202
6733
4247
10046
10097
9605
5274
13391
2711
1887
2259
3578
2047
5674
4594
14130
13260
5817
160
2319
446
11051
11151
5856
9206
12515
5623
6373
1812
12049
7971
11040
3936
2120
6910
5439
12041
2265
11067
435
6950
12280
1073
11729
11377
9288
6851
12608
7320
12720
14709
232
6680
2515
14544
9913
9282
12450
171
4589
2691
11437
8531
11814
4316
6431
1619
11453
13085
235
6108
12506
6667
8446
6164
13928
13941
1234
6441
3865
11508
8163
8180
12776
7774
8085
8293
5357
13384
12885
11571
8945
2456
11366
12153
13035
14853
2329
4196
1329
146
10585
2034
14485
3934
6859
2429
8855
10717
11620
5586
1528
9235
6855
14640
3783
2731
6062
4500
724
7107
25
12577
12259
14235
1297
5563
14186
8711
6612
3414
10030
5305
99
10830
11486
3948
12207
14173
9688
7670
13506
4895
6413
14275
4395
8418
2216
7003
4070
13680
5504
7745
10374
14470
11411
2940
11458
991
6175
5086
13634
12288
11961
5459
4962
12265
4341
4662
1117
319
2357
7314
284
5877
12762
8378
5009
3731
14284
7190
8608
8094
11358
1854
3782
9872
9623
496
12386
7452
38
8573
4470
8910
6228
14086
1097
79
2773
7768
1944
8236
6720
14856
6455
14387
8271
11273
7294
7581
12768
13356
5332
2806
13205
8306
6595
5098
1760
259
3747
5929
988
5302
9414
13154
92
10373
7782
823
12678
14518
10405
426
13760
11601
4522
3716
6625
9334
12986
6195
14675
3636
5832
6825
2514
7780
4342
12114
10786
1287
4491
1359
13754
7833
13858
1304
8841
1531
13325
7372
1730
11596
8093
9043
8512
2024
8579
8853
1106
6104
11256
391
14378
6800
14604
835
14059
3083
1420
8868
703
9828
3200
9997
7398
4004
1891
2269
12802
7617
10272
13474
1161
9864
6930
1566
14357
3944
4002
11053
14776
14923
12833
7125
2348
7775
7928
332
11997
13564
9469
13589
6802
13276
1208
585
2767
489
13243
425
2898
6856
3639
4649
12925
4696
9428
953
3656
7576
1940
7878
2316
13689
7068
7635
7047
3366
60
5104
2313
7408
8627
14865
11779
12825
2633
11808
9348
1185
13800
4764
10204
10315
7230
6086
12114
14529
2396
5054
10762
4380
3859
9829
9522
1517
6727
12006
1304
5576
5179
4970
12049
12223
3628
2809
11241
10622
6214
202
7550
8791
14350
9589
149
4730
13720
5458
5285
9947
4692
8036
6975
11575
11138
13659
9038
4994
11221
4583
10289
14535
10099
4511
9704
2679
10188
13166
14507
2381
8548
7715
10520
8811
5674
11493
1089
7810
9403
7250
11913
9988
5777
4805
11277
11207
1872
13897
12308
8322
14485
8135
6929
9736
13399
11924
9488
12954
12767
11635
9943
3196
3249
292
5343
5433
10867
14184
3838
10613
6183
14443
12150
13773
12858
5991
9735
10701
11014
6787
8532
6319
12817
7328
1052
12137
12371
9935
6679
4172
4250
9911
12732
7511
12282
10236
7059
8051
8687
2072
3054
10355
4435
5488
14132
6872
6852
12908
776
9007
6610
1709
1076
3278
7977
12884
8885
645
9207
7007
13366
7262
13499
11832
8027
10170
12113
8584
8533
1334
6538
5922
840
13476
12434
5280
8551
5208
4342
8354
3558
11741
8649
11297
6513
5721
13880
6856
7399
13956
5
4823
5968
4796
9909
9709
7760
5223
9613
5620
1182
7559
3525
3971
13130
2651
9057
10881
4799
12364
858
205
4873
7865
330
482
11720
5763
838
8871
10363
9941
10482
2282
2177
8371
13069
11787
7385
4594
7326
4769
2307
2129
13912
4143
9552
7476
6935
9505
11434
1337
4833
3667
6965
476
11175
9423
9423
7849
934
6936
13105
2550
256
7534
8313
8223
11185
10099
7181
14880
2849
1572
7885
3446
10738
4038
880
5369
5674
14856
8668
1059
6999
11930
8762
4430
8142
6722
8805
11739
7579
680
9396
1082
10038
11494
13207
14781
197
6279
6358
5569
10094
13229
7192
14928
10480
14716
1935
13191
5926
413
9532
7176
9743
10039
11194
6951
12632
1409
14883
272
8031
236
9432
2481
1757
2328
11470
1561
5933
2855
7885
5989
1881
8314
4276
14020
8572
2816
1872
3096
9821
1948
12902
12237
12946
7592
11792
7025
10168
6522
10819
7293
8987
7129
6492
12062
4976
5441
4413
4151
2767
8060
8161
6614
10966
6962
1516
4821
13554
8392
11366
4196
6358
12465
14608
4351
13356
10317
3846
5387
10745
10786
13635
3307
14451
1969
4047
11892
3096
12397
163
11165
11997
4770
12739
4844
889
1287
11778
2798
5483
10972
2418
6964
2356
14303
1650
5228
1820
3679
4890
7777
2534
9492
11496
7980
12735
11242
7758
5400
7300
14527
10449
7595
8135
5210
4531
12449
4889
14623
14909
7289
7497
12530
2414
1455
13718
10149
3574
4275
7400
5276
7606
14537
5344
11453
6761
2630
9566
5599
13631
4531
5873
2059
4318
8050
11496
12838
5242
7682
9237
11381
1522
2286
7553
7801
8584
9619
11746
14990
13689
10619
1908
7533
14077
4766
8540
13639
2187
12236
6648
2954
8591
8071
11281
6534
11642
13401
3991
7730
14532
2605
4728
2868
4198
12333
7172
4460
12594
14882
7885
8034
8303
5107
3592
2392
1419
4577
8270
4549
5388
3856
8255
9000
5980
3913
6384
11774
5548
5362
10260
3749
6133
665
4962
7414
4533
1291
12968
5530
12555
7003
6524
3759
9847
1754
12417
1521
3019
2688
9293
7520
12457
13508
8292
12211
775
14111
10020
4104
9428
3356
13391
3778
7060
4933
9813
8561
12350
2829
13400
814
12635
10399
8880
1711
9551
1639
14134
11246
3232
11873
13365
13961
1692
1490
6019
14001
4122
498
4446
14012
2818
321
1610
12473
14775
9237
10322
6693
3369
14136
1573
6423
11728
5591
11023
10848
13635
4984
11925
11437
7344
11870
13741
4006
11479
4879
5469
1449
5116
1208
2728
8362
10119
3502
13640
5774
5482
6224
8100
6330
6754
333
9540
3610
4099
13632
12416
7924
3178
1610
7042
3081
11922
14448
6565
7303
6312
4187
9152
13345
1805
13324
3705
138
511
14788
11026
6970
12307
14863
14225
4484
14537
4226
3362
13026
10090
12770
4628
1356
8038
12426
10498
11745
12844
867
5804
9092
11461
1060
2783
7020
8274
13834
11079
880
1332
3458
4732
4369
13841
12484
3970
14176
6788
4579
12159
13666
9770
7526
8232
13892
2389
14775
391
9696
7219
10227
649
7297
13828
12287
1721
7506
12643
8426
14923
2468
9667
4976
1929
4832
2393
1014
11355
6021
2889
12255
3587
3130
11279
486
12521
13249
2898
1979
2894
3165
8763
12518
8032
2330
8877
11208
12729
2883
10893
752
8216
4527
6415
11484
211
5681
10314
3282
8769
12105
475
10652
3194
11402
12446
882
13185
12318
7456
4995
4129
5831
3065
9275
1354
14478
1724
6519
4206
14546
6297
13400
7866
2463
4254
5827
972
7959
14152
9517
4157
2469
10210
14988
835
13506
10503
11483
7357
14368
14786
2831
6042
13441
4375
10026
14390
1442
3921
10909
11505
13918
6054
6054
7186
7724
6159
11920
10536
13073
9404
6416
11679
7583
2669
5091
3993
10107
12248
6160
2124
11140
2822
1162
13962
13402
7067
6349
7953
14888
14861
881
2370
13899
3634
3786
12189
9719
3527
13502
9849
10588
1455
5395
13306
9219
1348
6211
8381
9822
3414
13451
9211
4940
3784
12800
6432
8930
3706
12837
2046
2208
8642
9142
2718
11612
409
4574
7422
13443
8498
5380
2468
7552
4721
7919
10283
1383
11928
3523
3679
12129
8036
4794
13246
11662
12318
57
3382
5694
13131
12443
6315
9914
11246
591
9113
12259
11996
6797
3129
14825
13882
14967
5328
3748
10361
5255
6104
6812
9147
12816
2697
13791
3615
9934
4588
2732
11670
14116
8095
3294
10142
7161
4260
1297
8406
3562
674
1883
3483
12926
14957
4923
3092
5110
4342
3832
1687
13431
11995
10705
870
3135
10001
3271
6024
14937
12398
445
6337
866
13692
1512
6912
12677
3596
6746
5222
12097
6248
9249
12107
3386
5131
14184
7223
11337
2321
10485
3878
34
1277
5323
12203
2263
625
4913
7727
5075
9968
13517
10531
14192
11893
2627
7028
14468
4983
14537
11536
14018
13046
11923
7908
12014
10584
6960
926
1805
5019
4813
7091
5086
13261
7641
6158
4795
3972
12007
1555
3809
4285
5283
10304
605
9223
7912
7400
10962
4516
13295
9996
8259
6838
2198
14021
7561
3807
1900
475
1327
3464
4393
9132
9906
3692
2703
13320
14550
3258
581
3434
13968
10177
12437
3370
7243
3545
135
5373
11058
3375
7486
809
2531
271
1888
445
2031
5913
8167
8773
13554
7723
1081
2375
9190
1986
3123
199
11052
4308
12556
9338
2268
3244
620
2194
6909
6509
10043
11616
14504
5644
7883
10174
1990
10520
6129
7514
7139
1534
1292
11122
7028
3486
441
8198
5189
8921
13066
12548
9663
7983
14956
11084
4636
5939
9728
7776
234
9913
11097
13457
6143
5444
4855
8455
250
13148
10317
13387
8880
10071
4226
11450
9650
9461
13663
13255
4486
8885
6824
8992
12159
663
14210
5131
7566
7240
13591
5578
12082
9666
3498
421
809
13002
13539
3897
1029
7228
14152
10359
5942
7836
8318
12644
4538
5470
14964
9402
10738
12595
1292
9165
7946
13238
11325
9494
6737
11126
477
9780
5269
8592
10331
10195
14588
2240
13472
9687
1987
13650
14223
2608
6015
14396
11693
13400
775
576
14176
10421
7751
6130
13255
12775
6179
583
6463
13255
14763
1408
11016
4640
4503
1279
11529
4473
13686
14828
2505
3404
10923
9627
9071
12302
13914
968
413
4694
6365
1976
4702
9203
12593
2358
8529
8515
11642
4275
4405
1577
22
4734
5590
3188
4591
14583
5259
10519
13360
9172
5533
530
10019
13975
4220
6933
4727
13322
14477
7006
4512
392
11054
12356
4330
14140
13405
3125
4608
14197
11033
10908
11179
2563
4122
6210
13996
9490
13055
8653
2564
3334
5300
2638
10588
10223
5803
2923
8743
10476
12893
2041
1670
6673
5672
10491
3661
8939
13666
5899
11250
2770
635
10121
13209
13593
801
7724
8108
4225
6073
2293
13411
12076
5647
14714
6127
3684
10206
1138
6432
12898
6851
11733
561
4824
2704
1101
1187
6574
11831
12921
10665
1206
13248
5772
14912
9751
2675
104
11632
5412
9884
8833
13072
743
4397
10835
4458
3771
3574
11577
8492
1335
6194
5752
4206
1896
2411
7998
326
12416
7538
462
833
8085
13511
9786
14915
7359
8239
10830
4817
4916
12781
7444
6789
4859
2300
6601
9288
3081
10433
8183
4667
7808
9195
5892
12041
1781
4263
14014
11923
5657
2576
194
1134
13045
3172
561
2312
11830
14036
3900
13263
11985
1935
9256
8254
6463
10009
3372
14257
10003
9674
12298
12315
4170
5232
2971
7132
10212
145
9819
8571
8419
8072
14720
237
3141
11509
6631
2949
3014
3605
867
10130
2507
4736
5569
638
14588
12809
5229
6605
9851
12999
1128
1474
13319
7564
11358
14454
8512
13221
8847
6586
5406
1125
