2000 6000 435
461 488
1059 1439
390 745
1850 1998
1991 1960
384 232
1611 1422
151 1387
1237 1181
736 1397
1193 1918
1251 1762
1136 435
835 1529
1752 652
272 1803
1165 787
45 1276
1212 1085
224 1340
895 838
1884 70
1483 1502
1543 1339
652 755
1653 602
1002 1971
1165 961
1406 1050
261 1393
1024 1674
1588 1428
1923 408
154 1570
1199 1477
431 110
610 1371
899 1609
1171 644
358 2000
1745 170
691 1149
1257 548
357 1705
1428 977
1745 977
1256 983
1070 600
291 919
1298 1020
1632 884
234 137
1247 907
1424 586
388 1833
1146 674
1879 903
227 707
1445 720
585 737
1966 1150
1493 471
776 1483
842 77
332 1209
583 1340
1173 1176
878 1320
1858 607
1701 1457
985 1115
726 583
854 459
1907 848
1065 1374
1409 684
543 1670
708 1588
948 1709
1338 1480
1898 1644
1867 579
973 1569
931 866
347 676
985 1320
1958 1467
661 157
1712 176
774 515
1835 1543
1833 1895
257 1191
1643 904
1783 567
1734 694
1931 1726
587 449
1249 448
1544 556
785 55
1599 828
325 1415
1701 316
1179 1126
422 1888
2 485
289 497
433 1294
1504 329
796 1703
1503 1684
1721 1370
665 828
425 1758
485 656
813 247
856 1889
1941 1875
1005 1730
1628 871
576 1800
1526 566
694 322
1828 621
856 1839
928 1502
210 1756
1040 948
1992 631
590 653
1216 936
889 975
1914 691
1470 1219
1456 287
1212 977
622 1947
850 1920
99 1340
1286 137
170 121
1797 654
1471 703
1636 1941
624 594
1065 316
1492 179
998 326
308 85
1620 1290
1498 1691
626 517
946 41
1396 400
1464 1839
1339 304
1670 621
114 285
1050 1451
1921 1903
1438 4
1690 910
1832 802
1159 1688
1782 1617
675 1400
1645 501
1655 394
1098 1642
711 391
72 1466
1314 634
1374 181
396 179
571 137
1986 1879
1809 749
207 987
846 1272
859 1850
1949 512
181 633
234 1709
633 168
1696 697
117 124
55 1148
1388 1622
102 904
827 614
85 1869
507 651
109 11
1341 1271
1458 1107
1282 1953
573 1288
1571 1336
528 1020
1166 1277
504 331
481 1682
1259 1417
911 138
1841 1615
863 974
152 525
623 1405
394 923
574 1857
1266 1492
141 1976
757 1528
997 1042
1776 792
1568 976
832 11
691 1135
1735 1870
167 1711
1023 651
919 1239
373 283
714 978
1890 1789
120 254
621 290
1081 336
911 46
1180 1839
1786 766
1394 356
900 1362
1798 1660
384 454
1649 20
1838 366
1853 950
1170 851
718 1427
844 1474
63 755
901 156
1677 329
632 1996
1113 1969
1525 768
1991 1017
1954 1500
691 748
976 1507
788 390
196 966
1897 1881
1041 598
386 1983
647 1132
693 729
602 1875
1778 966
1850 1483
648 1412
662 1460
1678 898
187 1588
1064 1583
638 284
416 181
611 601
756 1861
1695 476
1893 1920
946 1934
800 1684
41 1906
97 1661
636 1544
343 1927
583 1855
116 1620
371 1054
1299 495
1928 977
1148 1311
1548 1185
1703 71
222 1561
759 1550
171 1840
1529 1984
909 1542
1006 429
1801 1643
580 801
482 177
1403 1235
791 1567
870 329
954 753
1635 424
618 838
913 247
1280 1615
1388 702
651 1080
1102 907
1670 883
771 606
289 428
1045 580
1531 1213
450 1506
1049 1791
849 71
853 607
1879 507
828 1071
1801 149
1710 1337
743 177
599 416
33 1368
508 789
953 1946
986 210
1805 1252
486 1307
842 792
228 768
73 925
118 179
1690 871
864 275
1093 1789
140 532
1021 1705
393 271
1627 814
1011 1122
1139 22
1485 360
303 1831
1908 1092
1821 59
1032 1887
114 164
823 350
1134 1538
1643 80
497 1290
1544 1709
581 755
1142 1061
1625 1576
322 1632
630 1586
883 1745
1706 1353
1199 666
35 1730
1515 1557
293 379
777 1913
613 105
1878 1152
957 1104
440 1835
1277 856
542 660
829 995
635 397
1481 1651
801 1191
303 1819
1389 1682
26 1946
611 702
1578 137
1420 360
1309 1654
1139 633
1400 368
1435 654
447 1493
74 335
374 1499
1578 1576
1960 1187
1008 1350
1920 1626
1402 1964
478 527
1493 1923
561 262
249 878
925 594
1389 250
1400 872
105 396
563 1039
287 1745
812 1223
964 1573
87 867
1121 24
1256 31
61 1206
897 297
1200 775
1121 1085
1511 983
357 1246
1157 651
718 478
527 1339
355 525
615 1655
1618 308
1427 394
1681 1255
478 557
1608 832
670 91
1244 1320
565 196
1574 1199
1376 370
810 1143
1427 1397
1160 1057
1693 198
577 137
1766 258
1910 1011
1058 1656
1432 893
34 1761
527 250
300 331
69 114
521 1789
636 1443
740 911
1372 1574
1547 790
438 142
72 1678
1405 104
792 848
1823 1209
1095 1234
789 1976
333 884
520 1944
558 324
573 1320
698 666
1391 1189
122 72
1778 1918
1706 1933
1939 1935
1749 1681
780 181
1080 1789
349 203
876 1683
1762 1585
1776 1909
754 326
1027 738
1160 1013
1900 168
781 254
714 1361
518 396
423 1769
4 1477
857 1049
484 1748
645 402
1385 70
1073 1917
1061 753
1907 372
389 1305
349 581
100 948
387 702
924 691
147 1620
718 1924
326 1033
806 1804
554 1205
1413 706
785 1457
367 708
489 965
191 1723
320 1669
914 541
414 1765
1145 398
250 474
1216 1961
1704 601
689 1031
1097 433
1958 1623
1596 271
183 1443
436 586
83 959
1192 870
1387 633
580 57
767 277
812 432
512 1318
697 715
894 121
244 1427
1414 1964
941 1877
1958 1870
798 633
1917 1250
1834 527
1132 923
1928 1357
1055 499
349 4
678 474
202 1374
1243 378
289 853
1937 252
460 372
565 985
584 1391
669 339
475 1740
761 1961
678 408
1023 331
275 1789
443 476
1754 1368
444 1506
1659 882
46 1387
1944 581
461 500
613 595
228 396
152 652
1394 148
162 302
1642 1139
918 943
888 179
906 1926
358 805
1176 753
1474 1560
150 1612
282 1149
739 1442
267 1704
430 493
31 493
166 265
1892 202
1527 903
1885 429
264 703
114 1617
1080 164
460 372
1590 1225
353 372
40 1625
1563 581
774 800
1646 1507
614 576
1323 1386
136 1250
713 1144
1565 1677
428 685
1928 1573
107 587
36 372
1850 468
1047 22
1782 706
188 1538
410 474
1280 1971
71 923
1493 1474
1271 880
1223 1050
942 352
1437 886
1816 647
1056 764
963 870
925 118
567 1087
316 965
1532 813
290 22
568 1040
1288 418
236 623
50 749
772 808
1261 247
417 1495
140 1915
872 18
1980 1924
904 923
1068 1756
1601 95
1922 1856
1743 452
940 493
129 1113
1167 329
1836 790
1018 304
79 1265
1576 966
1838 832
1844 511
1743 203
922 755
332 1446
1834 1130
1336 1934
369 113
27 769
1752 283
806 1442
1505 1046
1586 443
1175 1208
655 913
33 1788
550 754
1 1219
1866 181
794 1738
328 137
1903 262
1095 1737
190 394
1490 539
1169 1601
681 873
416 72
1731 886
1993 1341
1898 185
789 348
1321 1443
843 1987
774 151
221 1137
382 1444
1751 1709
1937 1664
305 12
1737 948
1866 623
733 551
429 813
1493 1094
902 1872
939 1891
1944 1573
1703 1028
90 1783
664 1636
574 200
1145 1854
1288 418
886 1573
1927 1212
343 524
337 608
725 1512
897 148
767 637
1721 1140
477 544
901 1599
474 1374
1499 477
1683 1147
1819 608
217 303
843 11
1300 1605
1060 1014
1491 328
998 704
527 1140
1695 643
884 1294
728 1511
33 1442
1792 183
1192 653
1981 478
1544 921
1839 1538
465 907
1238 1880
441 1393
528 1819
65 894
53 212
337 816
406 89
402 356
801 1475
1248 849
1380 1413
1300 288
207 301
432 1512
619 600
1781 838
1246 4
540 1876
1708 1294
858 99
1466 477
1448 1669
1159 1590
1328 1232
863 605
1814 1054
261 1149
155 1937
914 853
376 1774
899 621
1579 1486
1115 22
151 1181
1352 726
1624 297
1118 1789
8 653
1477 551
70 110
1045 342
51 252
51 992
1096 994
1181 1540
500 905
665 1809
1684 544
978 1050
364 1080
875 1678
1598 1378
574 142
485 1427
123 185
648 1883
497 1746
76 1072
272 936
485 1374
1398 544
700 435
1314 1717
585 1926
918 907
1735 1925
1039 72
1555 280
1936 574
383 164
1067 496
983 474
524 969
1478 581
1092 1666
1927 651
1444 1678
1655 260
868 1983
44 962
820 1139
1676 1669
1464 1487
1277 383
1310 1936
1155 1569
1416 1356
465 200
1227 779
233 1337
673 1492
931 764
171 152
1629 1031
1912 787
353 55
1127 1919
1213 883
884 656
1932 1876
726 948
1618 1524
910 1024
1925 612
1968 390
205 71
392 1434
1346 354
797 870
1105 441
1943 164
1338 391
359 12
1395 692
827 1157
399 961
725 126
1255 1471
1006 1735
1843 66
443 12
1726 733
813 1349
1482 1618
1827 1115
507 785
258 918
1151 825
70 1961
650 1726
253 468
862 1320
191 390
97 1511
1066 1828
542 134
759 616
532 1507
703 760
43 1493
1618 309
1239 1144
571 1609
885 720
1539 1072
1613 820
124 731
69 945
1479 72
563 1364
1626 943
882 1760
142 1294
550 1772
101 966
740 62
86 736
1464 1556
1225 1540
1850 1881
1739 1185
383 1890
1363 1123
32 759
667 446
516 322
44 343
1803 57
1890 72
888 1443
63 614
93 1429
422 696
1476 137
248 845
1860 904
1046 570
1136 778
1820 491
1180 186
1641 1001
967 1572
473 1930
1838 1198
1330 191
1765 164
1243 326
1137 748
1830 652
1291 1160
1172 1372
1222 332
659 268
475 737
1858 35
445 104
1078 408
1537 804
1456 730
1491 1116
375 1708
1894 1957
453 1553
1794 1473
139 1290
1288 179
28 1831
1680 556
1066 1054
827 937
726 1122
605 1893
896 1077
714 1007
1407 1092
666 1984
1575 1415
1775 1811
1802 1620
933 1501
1810 1707
127 1331
974 787
1941 1875
1565 715
589 866
1050 888
1655 1219
121 633
1452 852
1603 1595
152 1791
753 1567
405 1702
1309 989
1864 1602
761 1957
224 1875
1006 1702
144 478
917 1754
1516 264
398 893
1159 1874
1920 1500
509 1394
1481 572
620 1245
57 1374
1071 677
1798 1830
930 856
810 1579
1674 1928
1594 1786
29 441
992 1114
1336 169
1270 1511
1891 883
1246 235
50 1356
1834 940
433 1311
892 297
1660 845
623 1299
1104 1583
35 1028
1539 722
1048 1678
847 1788
602 1875
598 502
1937 754
1814 560
102 1049
322 1925
1069 1226
1147 748
1445 427
173 557
583 594
1123 1020
1356 477
1231 184
1782 699
1212 1122
1566 923
481 229
1102 1969
391 1904
598 1136
1106 1268
1614 1217
1801 1362
1790 708
666 737
150 201
1761 1684
1534 937
475 991
830 44
175 1536
585 468
1287 1597
1274 742
1160 493
652 72
792 65
245 310
1620 122
1156 1312
513 1850
631 329
843 1494
111 333
1795 749
444 92
359 956
930 786
1042 696
539 1997
596 441
1173 1101
18 1392
1053 4
284 1325
1189 326
695 308
245 1347
835 79
965 452
1315 1731
333 335
438 1251
43 537
38 1132
193 1976
1289 860
630 1265
1006 1370
1400 1662
1455 384
1798 1147
134 329
226 1806
869 152
603 528
470 91
1660 1903
1591 493
294 880
860 1201
1615 1412
1566 1777
1589 122
1500 372
983 616
1369 675
1680 1466
1345 1209
348 1057
1032 849
573 1680
266 551
217 903
853 278
89 1300
90 1317
39 1319
1794 889
340 220
247 1135
52 237
1222 1637
1716 1467
1632 971
1515 1721
1175 849
1006 1244
1929 1062
224 594
26 393
520 760
825 1540
742 1405
1647 383
97 1678
1882 1235
1339 1387
1305 1235
679 692
1659 1451
636 70
770 373
1514 280
516 1870
1875 1969
701 1877
275 1906
519 754
1164 301
1754 943
428 819
926 1884
298 170
7 1833
1541 1934
480 949
1599 1887
452 418
1289 1734
363 1942
917 1124
492 1309
54 1578
1368 1412
1612 656
1450 1234
1048 1097
418 215
873 570
104 1474
55 525
162 1867
525 1398
1244 1412
479 1302
1984 224
1143 865
1211 761
359 1071
242 155
1692 1493
764 169
376 707
1456 1378
912 170
1803 1398
187 816
1500 22
106 43
713 520
1595 1941
492 1237
1659 1906
1853 670
232 1766
1508 1440
1695 990
1262 1729
1089 611
382 113
733 22
1699 1423
262 1477
1205 1612
336 1007
1063 1007
364 468
259 897
734 435
468 749
1793 190
475 1746
1207 1077
1142 1489
871 1208
1985 995
1874 302
877 1551
72 918
312 1800
1867 471
1054 394
1921 1728
846 1381
811 122
1607 444
1273 89
197 1482
940 1318
1241 1040
1815 1654
1047 1745
773 181
285 1828
1720 254
1657 1738
426 1342
1735 778
1104 1219
582 202
1928 1085
1227 1364
314 1107
374 558
426 236
666 396
1707 1887
1883 1599
884 1320
192 361
1651 491
1619 1754
1849 1519
1721 1397
769 894
935 1623
562 1575
788 699
1957 356
1794 1152
1714 1550
131 977
1006 502
1131 1084
665 1020
1557 895
1117 275
618 1655
1129 33
76 166
250 168
118 460
513 1065
1681 1732
830 1694
1736 1906
1007 1349
591 1528
1818 1607
627 250
528 512
1818 1130
159 36
1398 894
1274 1065
280 1316
1533 654
1884 475
1767 584
608 282
164 156
1429 1235
1441 1618
746 966
1492 1191
1220 1246
1757 1563
1684 349
1897 1996
24 939
1548 1988
1866 801
1445 186
541 1276
178 757
266 1597
1039 449
728 1057
1150 250
118 1886
156 894
1882 430
1957 71
896 1891
100 1170
351 1040
1583 1709
1119 1318
155 262
136 1072
1233 218
103 1571
77 1858
746 564
1729 493
1831 1311
624 769
498 155
169 36
892 1327
1286 1777
749 1550
64 1782
446 518
1746 1428
158 288
1268 570
1969 1340
228 1934
104 1150
1991 821
555 2000
27 328
778 339
586 525
1542 1684
623 643
1214 1960
1635 457
1185 1286
707 1890
634 200
944 1129
697 215
1622 1632
1493 1611
87 1529
1158 1512
649 1442
804 631
250 1638
623 1234
1880 1139
1977 762
281 570
1042 115
854 258
1556 27
1679 1429
386 170
1325 1872
153 766
1208 328
1729 601
258 1791
773 912
238 1952
1380 1654
634 250
1393 1378
1925 493
781 1475
1114 329
1461 433
609 944
1573 38
1488 278
49 1107
1069 441
540 1589
489 1850
87 1546
317 1662
435 1560
1296 922
303 1087
631 1390
1272 203
1438 1886
1673 421
1044 237
772 1213
1566 1881
435 995
229 1320
264 760
316 1020
1774 1540
943 1387
1209 1833
297 400
1506 1247
1238 1538
545 701
1602 1197
849 544
1677 1198
1248 273
68 673
770 473
1896 1726
342 1398
1824 608
1459 1539
1136 168
1351 201
329 22
921 1117
463 1339
1228 836
985 179
125 1963
147 1830
416 1311
1170 1639
1868 1953
903 396
114 796
190 383
708 1199
1325 2000
300 1080
913 1899
295 1886
778 258
672 262
940 224
952 462
899 448
110 1428
58 220
488 1558
818 14
619 601
768 1789
1544 148
1802 372
1208 85
931 985
996 1234
912 99
1403 520
1007 544
331 1375
804 22
997 1551
1990 1005
523 656
1797 202
941 1855
1703 570
1944 290
1670 279
295 590
1998 416
376 48
1485 92
1648 540
1473 1808
1284 1952
1659 425
1098 1540
483 1975
1676 1590
242 1364
1411 1398
443 1654
1014 145
1747 852
1723 1130
164 966
21 41
686 168
1752 1773
1924 1890
949 1560
524 1978
1176 1830
1666 1928
380 1762
1514 203
258 57
933 1013
1282 1496
1584 448
1736 79
985 779
1060 1528
921 282
312 212
1801 1756
1071 433
1175 880
671 910
299 1689
617 1188
1733 1587
835 1178
1464 544
570 1906
742 115
1992 576
131 755
189 556
674 970
666 1746
423 271
668 1148
313 24
1253 1398
1021 48
60 22
1350 1506
1784 408
1421 1290
212 1984
1186 985
58 185
1757 75
1847 171
1619 217
1226 1294
125 1827
29 801
754 614
1136 1132
762 1780
1535 556
923 1875
530 327
1573 875
1103 1904
290 923
948 594
1454 647
54 574
685 1074
49 517
476 1375
563 731
486 1607
80 697
741 720
829 1649
1736 1337
1970 299
37 495
126 1856
1586 1176
1532 1189
1108 465
432 249
306 474
1247 581
1009 697
1071 1887
1179 310
122 1855
1004 779
833 499
21 1567
1336 1551
662 1191
1722 1984
9 858
725 700
203 1934
770 1844
589 1472
1006 375
1633 1906
980 394
1996 570
1662 1357
1313 1191
550 1238
1492 691
186 88
631 1890
761 1129
75 1028
1485 873
1128 805
707 962
430 739
326 1011
345 396
981 600
1639 1900
718 328
1133 583
1880 1969
1931 1363
1234 57
332 1573
682 113
1990 886
1245 1106
1049 748
1301 1144
1162 418
137 1238
1861 904
443 1503
404 342
1750 1725
1057 1953
1738 560
109 1866
786 1101
1729 581
213 1604
405 624
1087 279
1151 983
133 559
1668 875
1652 1200
1197 1886
1199 512
1993 408
725 407
1961 1466
754 474
975 860
1484 1702
622 1833
964 1479
1741 1375
734 720
902 336
1563 1906
473 1848
161 1845
1648 758
802 331
701 1493
604 1357
662 1033
1145 1918
630 733
1860 71
756 1662
35 95
599 1859
1413 468
344 1361
181 633
905 189
1700 1538
234 1028
170 1855
785 633
1753 1709
1187 851
1102 1926
343 1947
811 1874
1792 1453
49 547
1568 557
1408 873
448 948
1244 1198
1836 1250
1509 477
1026 532
1442 121
262 33
48 1319
869 840
1611 1444
1708 1374
1130 798
871 992
1555 1381
622 1392
1608 1063
1705 1189
822 1753
1571 1374
256 1804
1868 1895
295 1302
766 394
883 183
764 936
1191 38
1879 131
1397 33
1586 764
933 1334
1046 1509
698 1947
1015 895
1550 1745
467 576
1251 1426
17 931
738 1046
1658 552
346 718
296 571
698 1803
1684 170
1188 1812
879 780
812 1117
1148 493
1436 448
1682 1118
1623 396
121 168
1780 652
1907 408
1537 1223
1375 991
378 1019
1237 834
959 828
1425 1481
1864 1961
401 308
1574 1804
889 1466
1948 1535
1562 1415
1827 936
2000 1374
568 396
688 996
1741 1678
880 1971
1863 612
360 970
1459 541
389 20
1620 697
35 1149
1587 527
1554 1367
435 1140
1678 1983
1418 1545
388 1893
169 416
1559 1231
1049 339
418 1983
1354 157
528 1957
914 318
1633 1491
584 8
916 372
984 1497
1937 773
428 755
1176 1368
1366 1965
887 109
617 800
1266 1985
1116 741
883 1148
1013 1299
1264 184
316 352
1951 623
498 1223
33 1855
1657 1458
1816 1572
599 441
1561 252
787 529
1667 749
666 1726
597 1772
730 1136
1849 804
807 1766
616 1247
609 1540
1017 537
1279 1677
79 1253
753 1545
1803 1442
1815 1229
818 1162
1038 1337
1965 1921
789 728
748 633
853 1280
1207 137
619 969
1697 1732
701 1421
120 222
1607 1597
446 1713
844 1276
21 810
161 1677
452 1318
734 970
320 707
1421 1642
156 1709
934 1192
1125 1207
1834 806
1314 1777
1307 352
1631 1392
132 973
1183 561
1938 972
988 260
367 373
206 812
637 710
1437 1268
912 1583
543 1494
869 218
1293 1674
372 1374
855 14
1142 1271
1199 929
821 1294
1595 1538
1725 1892
1006 1067
1007 1869
1641 1623
1496 460
802 918
566 525
1061 1692
1169 1396
1588 549
207 414
521 1062
349 608
895 495
1820 587
740 1247
1027 743
27 544
1774 1625
131 1684
633 22
826 552
1256 1106
1655 337
78 525
407 163
1106 1702
996 1784
23 1295
789 273
1115 99
577 501
444 1242
234 925
812 1302
462 1811
1007 525
299 1789
990 1406
1398 1442
248 1050
1861 1943
418 1340
297 92
690 142
852 837
138 966
1733 1114
1930 748
469 1003
1211 100
309 586
84 844
1921 1581
527 1049
1865 331
1908 942
788 598
198 1364
808 1985
113 20
268 990
1878 1063
346 1893
592 169
929 1680
412 546
1326 1919
1696 1838
1981 491
1372 1586
752 1412
1582 1411
1617 1238
265 1427
219 512
1381 1479
190 726
1611 1007
138 1538
1777 825
1205 460
1285 1139
1506 904
1206 1906
790 992
1963 1077
49 509
471 1162
1740 329
1659 503
618 1378
512 1290
1365 609
948 1789
1007 247
339 1466
1751 142
911 1072
1059 1097
732 418
1593 1011
1472 1337
924 1179
1898 1139
1174 643
656 493
1831 252
300 164
690 733
1715 95
635 251
966 1875
600 726
886 1374
563 541
1343 208
1507 631
285 1185
1796 594
917 976
1937 1011
356 1319
377 1386
114 1678
1818 726
258 1206
1653 180
976 880
743 619
1287 194
825 168
1488 475
759 656
1364 1761
636 432
7 715
887 1948
1587 1513
1214 1890
1799 393
764 181
1183 1636
1551 544
639 989
630 550
1315 267
554 243
1961 85
1763 1802
1904 1427
1590 833
200 1062
1056 1814
1238 1550
422 688
1295 913
1065 1946
1990 1544
1955 1239
53 400
873 654
1133 1374
1879 1141
1584 504
1260 1102
873 524
1265 551
1230 531
1385 55
530 205
1035 1658
1804 1271
543 1591
226 574
1139 1412
798 969
1830 250
862 525
1942 753
173 330
1864 244
385 1844
1893 163
1197 739
533 838
1143 451
616 1234
298 1282
1103 1319
327 985
1736 1254
935 1891
1139 1412
1155 940
635 185
603 733
1671 587
908 1150
294 101
262 749
141 1527
1166 837
1585 169
719 1483
1204 1268
1758 739
1694 57
1101 1062
317 895
778 1412
1222 930
1366 707
1803 1745
65 1194
1051 1527
451 145
1786 300
16 184
1744 422
1516 1044
1712 1950
1407 1428
468 65
593 1102
1727 1835
1686 1666
1458 431
603 1150
1517 853
1693 1526
857 1028
1104 1576
1436 179
1754 477
1569 1191
1688 1551
1483 1576
590 1102
689 266
1667 548
1523 1359
1383 1246
1924 1941
1405 1642
1808 1560
1714 1766
806 1264
892 1645
1497 865
127 1188
569 1540
1093 570
1677 1644
1584 1973
1119 168
1750 1711
1623 373
1231 250
1706 1042
1152 1044
1309 1551
603 880
1633 1871
1449 790
127 1992
986 1449
1159 29
423 1186
265 995
1011 1500
1402 496
1483 1677
1198 994
705 927
533 1842
650 1047
707 1095
793 250
706 1132
554 687
1414 1983
1550 977
1620 1934
1892 517
1709 168
1336 851
488 211
1335 1871
194 85
852 792
1360 212
503 1150
1575 1611
918 118
636 1677
1351 4
1860 544
198 1294
934 1035
1750 1551
1020 1040
1662 468
404 1976
546 607
1670 416
1299 95
1877 1095
702 798
463 1225
1916 1982
1596 1887
456 1620
804 1028
1694 1994
107 348
556 943
622 1607
213 26
1684 418
466 196
871 458
340 358
1436 1415
1130 1088
201 1940
1527 965
1667 943
1611 495
1769 1105
1478 1691
1172 618
1654 1063
1485 631
387 737
1271 31
347 1102
1444 11
946 760
386 948
1815 1371
1508 1725
1985 121
1886 1398
1679 1821
458 733
1803 656
1569 792
1041 880
701 813
239 1770
520 633
770 65
1276 1982
1697 838
680 840
134 849
1097 281
962 1855
1922 1899
391 737
1489 1903
1779 1835
1989 1899
881 730
1751 262
20 1745
1264 654
1717 907
1701 948
1909 1278
579 996
898 1496
1883 1741
73 1649
1647 1945
1529 829
1975 250
800 651
540 1607
102 1639
1134 1855
1091 1041
130 557
1177 1964
1683 495
1178 134
707 1941
395 1
613 1340
1898 1888
1458 709
859 936
109 1242
1717 1457
1303 1276
609 1290
512 339
1736 417
599 524
657 935
576 1869
830 813
307 284
579 1575
949 1392
1573 1219
1766 1710
974 1741
751 1182
646 1838
1242 1035
1673 813
343 969
213 1602
1030 1995
1579 1247
299 1835
1856 1355
1194 452
692 396
339 487
1238 551
1279 1923
1143 1004
468 662
596 262
1596 991
1505 808
1350 1007
1560 544
607 1678
1460 1340
601 168
1086 1017
1444 281
682 1040
1902 1564
852 838
1936 884
498 943
672 644
329 252
616 396
1214 1955
1045 1123
898 966
993 535
52 1057
735 157
1775 593
1528 965
519 349
117 1219
197 566
1059 445
1224 1482
1333 436
233 122
501 607
1961 525
1268 891
1102 48
812 170
1781 1553
1998 1364
783 286
991 1189
126 813
766 1709
1882 215
993 1609
175 1650
1800 1500
993 1630
494 1573
155 596
481 1500
463 769
495 1576
531 995
131 271
875 936
1923 739
774 34
1911 992
1447 328
1943 1830
660 1898
1541 1869
1481 1657
208 1426
516 1499
1778 1953
1855 1709
946 1220
1437 780
226 1578
369 1757
1802 696
443 201
1797 1242
454 966
1079 641
478 991
476 1277
858 394
879 1743
1636 1503
556 168
1121 432
865 1397
1277 1740
1125 830
2 1317
918 1011
1659 462
1333 1669
1203 1993
1549 572
46 1064
842 1135
1865 1068
642 189
5 929
1234 1398
1319 1318
1688 1040
838 556
1837 54
532 1906
1505 1569
538 418
1802 258
1509 1011
273 1486
751 870
565 427
1737 1978
1351 139
1655 848
1817 563
1426 183
1224 834
1907 1122
938 1234
1269 891
913 1889
106 580
316 586
1294 156
832 1709
649 273
1673 640
1073 1821
161 1144
996 819
68 368
874 1162
912 156
288 1005
1092 1329
169 943
1695 957
1740 726
1254 643
1238 1085
1884 1151
798 2000
1881 1085
69 549
913 1778
1005 1232
726 1500
448 164
936 1710
1898 1316
1924 1252
488 902
856 1551
981 1721
218 225
128 1050
1117 994
1207 525
946 1714
1746 1011
1672 1176
951 330
1256 1192
983 898
1655 1709
911 1122
407 225
1623 340
1525 1393
1185 619
638 145
637 1415
1122 977
1977 1771
1876 596
810 444
475 608
327 1684
1720 443
1571 22
1078 118
1160 478
320 1623
1004 726
1938 1919
233 261
1217 749
1178 779
200 766
651 1189
1106 1598
929 1219
1874 1688
1784 164
1873 237
1250 703
882 707
71 704
1024 1708
1494 1852
552 1442
266 1012
1474 487
413 1230
206 578
271 880
765 201
721 49
1166 662
1017 1898
629 328
480 923
1076 1336
450 923
315 1475
1825 1377
1977 1710
975 433
1734 209
251 1574
1222 1019
341 1478
1815 1704
1764 1234
313 978
198 1918
424 169
1256 120
69 413
1050 4
293 643
1018 641
1680 183
1261 1943
1044 1987
354 1513
838 865
1089 248
743 1075
674 939
128 276
360 980
946 220
1298 587
401 1523
1078 1231
1414 315
120 236
798 656
583 1139
723 1350
1091 1336
523 1628
564 913
1365 1515
1404 1329
1170 640
295 845
918 925
538 1864
1304 583
1681 1710
1754 904
1806 1872
726 1875
1359 110
1312 1657
1753 1996
1469 1401
357 726
1289 308
1203 1020
808 766
1337 181
95 281
1983 181
1576 1583
844 1710
1129 1021
1418 525
1194 1234
388 825
228 846
946 1287
1801 89
1191 287
508 920
377 737
1524 316
599 1772
187 318
368 1946
994 282
1025 938
1116 1316
169 1477
554 61
681 1729
45 829
1892 1983
26 1393
389 1116
1359 1658
150 328
1409 1091
1834 233
94 264
94 1048
767 451
884 1729
1292 1585
388 1491
1460 1886
40 1697
998 1797
1729 969
1743 131
226 1450
1486 560
319 970
1165 1849
913 1984
263 326
542 271
1956 1573
225 925
595 1168
1855 594
1198 327
1553 948
741 325
1189 181
1507 856
138 768
1930 1620
1026 1047
412 1573
442 939
987 1739
497 203
1690 1326
859 105
930 1225
348 668
323 1477
1184 1315
1428 966
1769 379
796 454
566 1148
121 168
1227 1772
566 95
1721 222
1995 1253
824 847
799 1356
907 594
1651 1553
773 1412
369 1823
1603 651
1584 1791
1621 45
1546 637
441 594
37 805
1064 1800
137 726
711 1160
848 72
1903 1707
1479 1569
803 1378
1116 703
904 1789
643 1374
770 1728
662 1374
1906 633
1108 1173
1237 1133
1124 416
1068 1779
1826 925
1743 72
225 323
1164 1830
1230 1450
63 1044
789 1626
1865 692
1394 1208
1362 1269
1018 652
1834 475
164 594
1779 733
321 1466
299 1302
1966 1094
478 1477
402 905
1745 570
150 786
723 318
1849 15
89 1863
1198 936
773 1028
1543 1561
71 287
1027 1559
536 218
722 1666
783 80
1210 629
1482 1242
507 618
979 1556
117 1696
981 8
1703 376
396 57
488 1347
1255 525
361 1567
860 485
1355 1474
1631 1797
633 22
1534 737
641 1543
813 1638
381 754
310 460
1069 1625
982 903
637 1183
1420 148
7 1680
808 474
772 122
549 1116
283 804
1701 352
1120 784
1793 1538
195 251
1996 65
1278 122
225 1875
1509 769
756 1417
334 496
21 1290
909 813
380 818
1940 1937
390 281
307 1354
1101 181
1765 1398
85 1934
1190 1721
818 902
667 1288
199 265
185 1392
1319 1234
631 808
1803 936
1300 1975
1386 1229
77 1160
158 1331
1898 507
724 1856
686 475
261 1839
462 190
1475 1340
1371 618
733 907
1509 1969
1806 1215
177 616
1569 1087
1048 539
1494 1275
540 1960
96 1056
691 1969
606 992
510 850
67 1114
1713 898
1322 1189
1216 1225
1152 113
426 1672
866 1114
1702 1139
902 462
1805 1614
1120 1365
247 1745
1152 1250
1008 261
1742 1062
503 370
1429 768
686 1579
499 1370
1450 1045
1790 92
1415 372
1568 325
1863 544
1057 1769
1591 493
1395 1795
1546 327
1267 1773
548 653
1572 1011
435 1062
1216 104
1372 1284
251 923
1137 1655
1842 335
769 1097
1160 1913
1005 1148
510 1026
714 978
556 918
425 102
1855 1340
17 669
1042 603
1788 152
1650 147
1260 250
1877 48
1593 1500
1577 540
217 507
986 1163
1647 605
1826 1848
924 1453
1762 354
136 1669
740 560
1259 560
1077 352
1105 1969
1981 563
1768 865
1208 95
1465 219
1966 1882
1515 1662
1003 745
1950 280
1791 825
1837 1822
1497 511
561 553
247 181
578 487
543 1597
1327 1171
440 770
1616 1950
1882 580
1842 1934
633 22
1349 181
1739 1683
1473 530
1039 101
1567 948
1645 496
431 1359
86 858
315 1405
353 1212
445 1625
512 329
779 1064
300 12
1679 1386
1397 1971
606 1826
631 1135
1812 1632
1145 356
232 923
735 1031
1971 733
628 766
1151 772
1218 354
1793 1211
1953 33
771 1892
1962 1951
1652 702
1642 1740
1101 697
1570 1137
772 1319
1645 826
1598 773
383 925
1780 1891
1090 1848
1081 336
419 1011
1229 894
1589 1754
1392 798
321 1701
1780 1053
819 29
611 761
246 888
485 557
832 252
54 1632
262 808
747 180
136 991
1338 304
1337 1880
485 644
241 1029
46 619
584 590
457 18
482 344
1200 1115
821 983
1337 1538
1413 1397
1301 1844
968 283
604 1133
869 870
970 131
1247 460
840 848
1781 1776
353 196
958 1287
1121 1705
1193 1883
221 324
1943 1559
1321 169
1905 395
1317 962
1714 1583
1712 1966
339 1387
1550 570
86 1665
576 966
1524 247
915 1838
293 836
1349 544
288 1595
106 1521
1332 806
915 1217
1532 830
1893 1842
428 570
430 949
1996 1358
1400 261
1096 1277
849 287
1550 1122
1842 1139
1951 1380
1512 137
981 386
1927 619
524 832
1732 350
407 913
830 1229
634 1603
1875 594
404 1207
373 901
1717 1669
754 290
118 825
913 82
785 65
485 1466
975 1037
354 1807
299 1047
1466 181
945 1874
140 1558
228 412
1661 468
917 804
1301 1206
996 1107
626 184
844 225
1609 820
1875 170
118 1875
1523 71
1475 258
524 1318
1808 1601
1135 977
972 1674
103 1990
1470 722
93 398
486 400
1484 1564
996 1726
446 1148
748 22
1223 255
1624 658
1758 1636
1321 1392
710 1106
316 894
388 122
40 1885
523 1428
544 1709
1144 99
461 1887
47 1319
1607 697
1019 1368
648 310
1988 613
1799 1406
1949 748
226 1106
677 168
405 1503
1202 721
1171 1136
915 1444
29 1247
145 520
775 1242
718 1870
1023 215
855 1607
1891 1684
418 894
109 1417
652 170
723 873
776 1982
498 650
1760 182
183 995
49 679
412 901
1623 322
582 633
622 1078
1524 20
885 1717
811 1780
1945 879
1035 1617
1971 925
1308 1117
1033 551
1310 759
252 372
1330 445
1241 1229
1440 927
1231 1005
1167 283
860 1703
1543 137
220 929
1882 752
910 1488
760 4
497 923
1154 1350
1659 381
1076 509
1253 308
1182 525
1900 164
1183 1743
1396 1247
1661 1002
1078 730
1060 1426
630 85
343 1780
1669 265
1998 1393
1548 1907
891 1319
1431 243
1398 1583
953 1032
1655 1941
227 875
380 54
958 100
231 318
1325 1095
1636 1777
627 85
1870 969
399 1642
470 1904
86 1109
1041 1290
489 592
1455 1941
1413 913
1610 254
835 849
973 1598
770 232
954 1166
1809 1443
1514 1079
1089 1902
439 186
1779 1585
318 820
1975 337
1178 710
1043 1559
179 948
1025 1261
182 603
730 966
1042 20
1931 1199
1647 1555
1309 1704
947 1637
1398 170
1433 736
1808 200
1745 57
212 1683
960 873
1510 76
61 386
841 1532
446 1005
586 1789
1339 709
1450 666
1486 1181
1239 1035
1446 1277
1146 636
226 1698
1418 199
641 1948
1235 798
761 287
1180 1378
69 641
476 1378
1822 976
1973 1527
987 1216
60 1484
1679 1026
967 852
809 1939
368 627
1315 1179
35 1322
1425 738
1065 1221
970 1206
1935 1886
297 356
458 601
629 1115
1764 1585
300 304
850 1506
1861 1374
791 432
235 647
1314 1195
989 790
558 729
1752 1887
671 1487
150 621
754 1576
287 281
132 1013
826 1853
1092 1538
744 1238
1210 343
440 1275
1164 941
177 1579
1238 394
1101 1428
1266 1370
253 1475
1517 1152
11 556
436 515
1735 1889
1977 312
497 145
649 1487
1878 721
1103 526
1073 901
1011 170
778 118
456 1189
376 737
986 829
973 1339
56 658
55 525
1659 1080
1580 264
642 1761
508 1144
1608 1137
365 1412
376 329
262 527
1178 411
1541 1867
993 1803
66 1677
1791 1040
150 74
590 653
1754 907
1471 954
1643 1963
1433 1933
186 156
114 1472
916 102
986 364
82 342
1616 1368
1610 1786
741 778
397 1114
317 172
964 536
1858 563
277 1342
1426 755
208 1956
174 1613
526 487
254 598
1672 1039
941 818
1770 886
600 1540
1149 1561
901 1392
325 1831
643 1615
1544 1168
1873 1290
1215 1557
1333 450
6 886
1651 75
942 70
626 649
325 755
978 1947
963 1795
1161 850
1851 1042
234 376
844 337
1241 1168
473 458
1293 1971
401 920
1349 57
504 1162
1293 1903
1801 1317
795 1037
1152 1101
930 1868
1084 942
1449 1579
1951 1595
1983 22
1151 1264
1863 1957
1337 247
1156 1419
461 2000
1037 1620
897 1099
428 1119
554 128
1087 544
1830 962
1486 942
1131 363
442 465
877 65
921 773
1221 1708
1964 1020
1313 644
452 940
535 1121
1394 247
1993 833
939 524
440 777
1828 1115
579 1830
559 1244
585 1071
855 1036
133 1933
821 1054
184 1934
1550 583
1335 595
1309 1023
583 570
1385 289
971 907
829 1746
1004 1946
1357 460
1376 39
1576 570
1484 707
315 961
100 1820
342 1881
824 1194
853 849
1144 1638
1492 1339
699 965
1011 594
519 179
251 1527
1814 1561
1146 1612
10 195
60 442
920 601
1486 1545
893 1524
79 22
820 662
165 1242
183 138
609 262
357 1102
552 156
289 495
1534 89
193 1489
1292 168
255 1033
1992 1846
1043 894
590 1890
49 1295
459 1989
27 1355
1666 1357
1984 1881
1699 35
735 313
1073 1977
902 761
1397 460
1466 1875
2000 1080
1838 1265
15 1013
1967 1136
1233 785
1827 1533
164 372
952 433
1791 726
921 739
1300 584
1776 235
1519 1040
1411 275
1556 244
379 544
1946 977
176 1023
1407 1074
165 1122
828 760
592 745
1347 931
864 1815
1405 966
908 1207
1285 1645
493 948
1976 104
1206 1442
193 990
1201 1412
1881 179
1274 1461
1062 339
1271 616
1395 1348
788 1288
753 1231
1317 1499
1694 416
1448 101
359 46
1882 596
70 196
1474 1791
451 1171
327 1269
1046 966
730 633
306 1889
1496 1583
1347 1716
174 1417
217 1054
19 1208
241 864
631 1926
1431 696
1604 1119
1843 1881
303 1340
631 258
331 511
806 1543
812 1045
1290 1221
220 1499
522 1626
1402 442
471 556
1455 1586
158 1492
921 654
1505 1982
1947 1670
1313 1135
301 651
1753 1520
1058 120
548 1551
319 272
472 1196
1846 1252
1304 521
1736 250
339 1011
1784 1007
632 937
125 1815
1066 1900
188 1500
1330 1353
1569 1
1468 182
478 33
209 473
678 1079
711 522
1004 1994
841 1119
1341 424
1144 1886
644 1826
1422 168
1835 567
13 1900
427 213
1491 1906
1323 475
1099 856
1506 654
504 1149
979 1431
1143 250
1463 1770
1024 1649
1144 1987
1448 1753
434 773
503 1450
1662 1933
1901 1121
1471 1494
1368 923
315 271
1887 643
221 1054
106 435
824 989
1728 1904
1325 570
682 848
1724 792
1451 1881
542 615
1196 142
820 1357
1467 978
267 800
1492 583
1928 1609
2 1039
1306 423
1611 1021
909 1798
1270 264
549 1662
1897 1657
1403 1371
1812 611
921 169
1489 1047
360 1475
444 462
1424 1772
627 1891
644 12
622 686
131 1065
700 1254
900 1464
1417 832
1732 985
1111 1545
1191 813
204 547
1998 768
1007 601
1417 1803
1427 1710
641 1401
735 733
714 1789
101 1830
1297 1599
633 22
442 396
82 942
276 886
1885 627
123 1141
873 1941
1614 1329
1868 677
1960 683
1788 1713
1675 1367
374 1738
1402 463
924 1336
1675 1449
282 726
1941 372
64 1593
1377 1378
774 477
554 996
67 657
1461 1094
1231 275
199 556
272 48
887 290
1574 1350
1950 301
735 152
16 1933
1795 956
1045 877
1309 1830
183 898
1068 1884
340 2000
1074 623
211 316
1492 1225
62 1710
1530 619
5 961
1556 170
932 593
1390 1540
1582 1638
1277 337
1530 236
1532 853
1770 595
1587 1219
544 168
785 623
1931 729
1438 290
643 1906
842 1588
203 164
291 851
1902 145
267 597
1422 1772
124 1194
3 493
1247 948
1024 394
1100 1862
718 288
963 38
1305 1405
602 290
357 212
1702 907
87 819
531 27
841 85
1817 340
731 493
1720 1705
218 1012
1959 1924
12 1538
1114 1232
428 1544
342 1322
111 432
1059 348
985 250
401 837
1558 1307
164 1349
1711 553
701 1304
827 810
1 304
755 1337
1715 16
237 995
1719 553
1671 213
272 691
93 1773
409 215
108 668
1229 1319
1008 1186
799 53
738 1831
689 605
1979 496
123 1751
1012 1225
654 99
1287 1669
1728 352
1982 1638
381 840
607 16
1425 644
1760 1173
845 1135
523 1446
340 164
1552 844
544 156
1736 1217
1775 805
1534 1851
399 512
1940 726
1122 1709
1863 31
1125 107
1276 1928
880 602
1789 570
1481 1313
1513 1772
1771 41
1417 544
350 189
78 1500
1135 570
1640 168
503 1943
1299 290
160 546
1263 1287
696 1005
241 657
30 858
1857 1910
242 1286
583 1709
429 1886
55 1319
1595 544
453 766
29 1519
1601 1329
1335 1751
1133 766
1104 179
261 308
1340 1709
67 1780
1055 991
1361 977
160 1663
1471 1994
1289 1867
693 1884
630 413
426 1694
310 1987
1400 1683
308 1232
1233 780
1551 813
118 1983
720 1269
693 561
387 1807
1385 1262
284 441
1120 810
147 1378
830 1155
468 1355
1234 544
42 1075
424 4
493 1540
1778 1826
322 1978
1288 1149
1681 766
469 480
529 956
1737 544
407 1254
531 749
1147 778
1471 1716
1301 190
89 644
945 493
1946 1540
270 1664
1575 1191
762 1973
1631 556
348 703
1999 1297
629 1791
417 687
771 877
1511 57
465 1708
1591 349
944 1947
681 1280
1434 643
647 252
1298 1617
1715 1292
1607 1941
29 1028
360 1496
1623 418
714 1540
10 155
876 950
1369 1468
671 1931
293 24
535 1415
1429 1340
440 294
483 1611
363 1225
1639 733
1734 808
13 1076
1405 394
1776 1992
478 595
1921 215
511 798
1614 963
765 1213
553 1826
1270 756
583 1374
194 1140
1461 1451
754 1286
1483 1667
1548 339
204 1606
1510 440
1189 328
767 1371
943 1033
183 164
1306 583
683 893
712 1187
1783 1776
1149 715
721 1943
507 1655
599 396
896 615
241 1809
1342 301
534 1763
1303 1750
1017 1814
67 93
1413 1872
622 91
1146 445
1905 1612
78 462
553 165
118 1349
13 1070
1043 1730
108 407
221 1923
676 88
1724 1713
1726 1149
414 1819
1662 448
1608 169
1167 1069
1684 1101
142 1085
1567 511
1919 309
167 91
1617 1337
100 829
1954 1632
1086 1688
50 951
1823 1682
1404 1279
1162 1411
266 1940
1279 1364
1742 1416
1018 759
315 1688
1069 1059
852 956
213 800
1022 414
9 1910
187 1743
855 59
45 1987
1777 1729
1650 798
659 128
574 521
1894 1373
1286 1095
598 104
92 1206
1371 886
885 1944
815 1872
1322 948
52 1367
757 476
1553 1358
1631 326
206 1201
1645 768
1060 1537
1047 511
107 250
494 768
1445 745
1492 1738
1071 1875
1034 1451
173 759
231 1412
1564 1236
1200 1978
379 907
330 1412
49 1406
831 1845
1323 1614
725 510
697 768
364 44
1057 337
366 495
665 232
79 1013
686 166
481 122
1263 1403
141 1924
54 1435
1386 1710
344 687
1629 1231
503 1826
33 290
1938 511
595 1499
335 994
996 113
1170 1769
960 78
426 616
222 1597
1738 465
660 939
115 829
98 1135
1163 750
1887 1135
71 720
1861 1891
1619 1585
1302 1003
739 1726
1488 1833
45 1705
731 1795
109 1607
1047 468
1335 1885
648 443
1958 418
145 1040
246 199
1062 1839
1776 1302
621 156
621 1500
1163 1907
1360 830
1711 179
1799 619
594 1122
1727 1949
736 1139
906 1170
1835 474
123 1896
439 461
1664 477
1090 1086
1104 1368
661 1432
1179 911
1750 1660
268 121
1841 968
1067 1870
648 145
1025 477
1349 594
936 1412
1365 911
1571 846
1983 977
660 1675
77 1094
327 706
742 1811
306 1444
1743 1078
1539 584
1303 1821
328 1839
8 581
1676 581
693 1213
1466 551
1703 368
280 1236
487 1387
1813 1745
76 313
1437 873
1486 698
1524 1299
1224 951
1405 940
1654 990
1545 994
804 1133
1245 544
310 644
347 316
337 1337
635 647
1276 699
921 764
1487 1466
1577 1512
1338 422
218 1710
1957 416
673 1278
1586 1321
1507 1311
361 1245
622 48
1808 1290
1730 137
581 570
1144 819
1526 295
1938 1746
1905 1985
807 1195
797 1422
671 1280
934 720
622 1941
725 390
1625 581
307 610
1259 1220
260 1839
1338 361
754 1386
1864 549
71 1664
1908 1929
247 1638
1779 1232
1562 1950
280 1322
509 851
424 1194
1748 1662
940 851
1424 1754
1035 983
1930 480
1966 1474
1622 1300
653 570
581 948
1874 1953
1765 221
762 1262
1720 1924
304 768
1186 1253
843 1403
253 52
760 164
730 1507
986 89
1505 1708
940 1040
73 298
323 339
816 570
437 868
1698 1723
1393 600
1054 1412
1834 357
570 633
1658 1576
1929 99
1603 640
519 1649
517 449
1563 942
1110 471
767 181
1964 1833
1433 1812
1005 1040
1374 22
229 508
1191 581
1753 1599
1679 1409
395 813
1119 1772
366 1520
557 825
1408 843
1722 70
118 372
1259 597
598 1937
1668 21
1482 1756
293 1272
176 1580
575 539
798 1016
1366 299
1253 1033
1515 1080
1650 1703
825 1340
474 181
265 1928
817 1485
1512 1803
1727 1947
612 1339
420 1609
1389 1637
835 1182
595 940
228 983
1020 1378
1090 160
1443 181
1742 1024
153 1743
1814 57
205 877
1361 1961
652 224
1284 1130
1410 1576
154 1464
1928 1869
1059 1632
1546 1833
570 894
1025 834
1294 1011
1579 1132
1927 110
1569 943
826 354
879 1226
664 1328
1462 1883
917 349
1186 1427
526 324
627 1132
1498 719
46 85
382 1503
988 3
346 265
532 865
1779 1944
1166 1191
965 386
1719 755
1079 151
1593 462
349 72
1986 1726
526 912
1456 603
1152 1096
632 1479
173 1386
890 920
577 280
892 1330
1488 1364
1512 891
1359 1474
1766 1638
299 1699
947 1925
212 202
1056 377
1943 2000
1776 939
1946 237
1135 748
1060 463
1821 331
1592 1942
1663 1909
218 1021
1642 525
181 168
121 633
297 541
800 1004
1980 1498
17 129
1651 1050
1706 1670
863 161
1026 1460
636 1934
595 1028
345 1897
1763 1434
1512 1880
1240 1189
134 1932
1065 183
1228 267
1528 12
1093 79
55 11
829 408
1888 520
594 1442
713 1846
971 766
792 715
1946 1710
877 11
200 1710
223 190
1101 1729
1422 1513
494 260
1147 1890
92 753
1329 573
687 1477
1371 1016
1853 1244
1087 601
925 1886
1030 328
1816 339
832 581
528 950
1610 150
152 1033
409 1761
1461 1217
987 569
128 1987
1382 1609
992 1664
510 1219
704 170
893 668
1185 41
243 971
607 337
1711 919
1996 342
1609 1049
1899 1386
1278 883
493 57
1739 832
1011 726
1438 966
652 156
777 603
1471 1584
764 792
594 1583
150 1363
1591 1492
437 392
1732 927
1258 1854
1288 1062
1173 251
450 373
1246 1855
973 1178
1415 1710
1801 1682
908 1350
595 279
562 651
619 601
1176 703
855 1641
283 1649
1820 150
1020 898
162 1579
754 1881
225 804
166 1078
91 1944
793 326
1538 1709
900 895
1746 1926
39 429
1227 1011
1621 236
819 1368
318 1049
1971 85
619 1617
162 349
145 779
423 1021
1418 82
64 478
37 592
145 495
264 1149
1685 339
832 1710
651 813
1189 1011
1215 1884
1243 1939
398 339
565 943
665 1235
539 1075
1719 165
790 16
114 944
1672 1644
1265 888
970 907
976 171
658 760
1406 1587
1052 1182
539 1221
462 828
1266 286
418 99
1363 594
1860 1831
1853 1346
135 1911
502 568
1988 1089
899 255
1239 368
441 308
1375 888
1907 1147
1395 1991
1842 152
1118 1670
322 1451
1835 1098
829 1095
1535 157
665 1368
12 707
1855 715
169 923
804 356
1240 1971
1270 1798
1699 548
561 1104
1478 1003
349 653
336 1766
116 1373
1256 1069
1861 1339
618 1064
270 548
1540 894
1919 737
1534 353
383 772
1421 1197
705 454
828 122
1251 1220
1824 1985
1250 282
1513 1442
1828 36
1271 553
330 748
1792 1426
1599 1551
1836 1253
111 203
1986 112
493 1387
625 971
1025 1636
604 1839
1439 247
129 1842
1675 1899
649 1115
707 865
779 1318
1045 1666
761 1941
50 1136
50 1860
334 1053
1129 1150
695 927
218 1559
1033 704
147 858
1073 1420
770 1634
1238 948
1275 1468
790 1881
928 1117
1988 280
1043 1336
1460 1561
1369 1528
185 1095
860 348
486 1299
572 91
1652 354
256 1874
863 1901
1961 1011
785 825
481 1104
1739 1396
58 1040
284 342
980 1587
1337 1983
975 618
1170 1778
307 263
1540 275
1292 1449
1522 1578
1450 1613
145 1095
297 196
534 1059
1398 1340
155 197
132 1069
586 1500
599 1500
1578 568
105 8
1293 618
44 462
1195 1144
801 261
839 1357
794 786
913 41
936 962
142 1442
1665 734
47 266
1585 1519
1900 57
1076 203
528 1777
859 1654
520 1020
1526 1223
956 326
1742 1453
746 911
1683 894
675 482
1393 962
291 584
384 164
624 382
184 252
594 1442
1085 1443
1622 1546
1211 1519
1867 1952
781 481
1775 531
591 521
502 1219
1432 1247
1523 1631
1610 1326
799 142
1659 436
726 1869
521 825
1756 1375
317 1019
1974 85
1881 1789
1376 1651
747 819
1869 1969
765 1247
816 95
40 277
333 1869
29 1225
1433 971
1103 1284
745 1368
230 1983
1226 1946
80 673
1947 1339
1848 1875
604 146
1338 171
1053 1337
275 1412
1251 1791
46 376
1309 608
1469 1512
897 59
845 329
1304 1246
801 1969
208 987
853 1538
177 1
1790 1386
434 372
1580 1234
435 1477
1713 1234
1114 912
269 1000
705 764
966 1387
171 1092
1689 1126
88 739
1836 530
1512 1427
1161 946
305 1804
386 1583
900 585
1953 1713
793 957
1548 1428
771 444
1045 312
75 840
587 1632
1173 165
180 1911
1669 668
377 82
1612 1198
1251 95
417 1963
1296 1109
173 579
1794 161
714 1013
1378 1890
1185 1827
1097 203
1129 1221
1399 943
1418 1213
710 1511
1836 1731
741 282
1758 321
1120 234
1032 395
1369 1529
1730 396
1449 862
205 1710
451 215
462 1599
666 1595
1921 1324
1441 478
125 468
1840 1011
1252 1540
208 1328
699 1705
678 928
1295 1080
915 1268
1258 912
1240 666
625 487
1397 22
1765 1020
57 1709
151 306
1878 1833
792 33
542 621
1398 156
430 1250
1112 1890
258 1560
1974 416
87 1144
1638 1412
1843 1582
1752 68
371 1658
1017 435
1695 1242
1158 176
350 396
1073 176
186 1868
335 548
1725 1782
1420 248
966 768
962 918
288 1348
269 865
1929 704
1191 943
459 1957
371 1751
1642 704
117 534
1270 499
1522 1649
725 500
569 1814
335 118
20 329
572 1595
1322 792
1635 1335
462 1361
1230 1567
1426 1438
633 22
146 850
1165 1148
1796 756
313 3
657 1906
1943 190
7 1476
493 943
1236 875
1996 237
916 9
48 1726
463 487
1301 1385
1138 458
576 1080
1114 1670
362 1864
1677 547
17 546
787 1545
403 1538
1562 1438
119 1265
1670 773
1824 1182
1410 941
1356 1016
617 1413
679 1244
776 697
1612 1428
397 309
1160 1374
1292 1802
1297 1363
1529 1035
1127 1691
407 1007
1514 897
845 203
1244 281
1138 523
1961 600
681 571
1816 973
203 1789
1406 851
1574 1393
833 1386
740 615
1791 1412
244 1791
1017 962
1527 165
1147 1678
1737 570
285 1858
324 183
1593 1336
417 726
342 1561
1885 1698
1848 1906
1058 1532
1539 1549
1089 219
1091 948
1584 283
1867 1250
130 1886
609 247
1710 904
1796 1247
1035 936
1328 901
1234 923
1638 923
547 48
584 244
949 326
940 1941
973 1412
918 1135
1752 243
759 1786
1884 1684
195 468
1183 952
866 11
554 1096
1335 777
1185 752
1554 421
578 614
1755 1765
1860 234
29 726
1093 629
1906 1709
1972 508
1353 1187
1288 203
935 1443
40 315
817 567
829 1149
1363 370
322 888
1812 504
679 1637
777 541
947 1183
1401 737
779 394
660 536
861 720
356 1906
634 1176
1407 551
1930 1499
1140 1390
1660 643
1795 1232
1377 568
1926 372
1655 170
196 1800
842 610
1795 1132
1168 433
1041 395
474 907
1025 393
655 1553
1096 1456
631 1887
1582 1456
97 1073
707 778
48 568
906 825
109 130
845 1114
1973 1692
254 1319
1880 1234
1890 1886
1683 1398
66 1457
1617 247
208 218
984 286
55 304
825 1969
591 1615
1322 1826
238 692
842 1931
1862 557
1275 580
1825 1384
533 536
1632 1390
1684 904
31 1559
1730 495
97 1129
1967 354
419 474
1812 820
744 1397
1914 748
1529 1194
999 1617
1453 1729
1331 1491
1688 828
1280 1438
1598 1887
1159 1530
432 1876
922 994
1558 1121
1712 1628
728 1923
1504 475
134 871
1108 425
1963 1872
1309 1745
650 764
33 379
735 1427
576 1378
1500 544
1102 862
236 587
1228 1961
1655 1658
142 602
316 1807
380 19
686 243
1075 1320
132 1127
28 282
447 993
1835 973
1239 310
1625 602
66 1127
51 1913
376 110
1680 95
522 243
1147 1444
1693 1218
900 1467
564 1319
584 85
41 11
1170 165
1556 148
1936 932
83 1207
71 737
969 995
22 168
937 263
1875 570
906 261
214 134
1264 1393
933 132
1298 1288
430 1133
513 1189
772 11
895 475
762 1883
354 65
1667 1392
338 1182
192 428
1444 907
669 1842
550 840
1394 1429
1270 1132
1023 255
992 1268
714 844
1790 1214
1779 1849
223 1998
1840 386
303 1104
181 168
1463 838
96 902
341 907
162 683
1200 1654
414 1003
1635 282
1883 936
308 495
688 1434
884 1265
656 1374
1262 1507
886 308
129 748
980 813
922 608
1321 521
1470 1709
1081 1254
153 1735
62 137
1170 419
411 1428
793 836
1767 1329
1170 1615
1845 883
880 1139
1234 977
813 1617
660 1122
864 837
1630 1680
947 790
608 215
1612 287
1990 1049
1128 1209
296 1307
1987 886
1591 851
841 105
975 1102
1729 1368
1635 817
338 15
2000 168
750 1063
277 496
1349 923
907 726
1802 1119
90 846
1802 478
579 1085
785 1751
1609 419
137 570
75 1403
246 1604
702 1609
718 1976
1318 118
1640 1253
1437 1544
1432 1969
992 4
82 1658
760 386
303 1080
787 685
154 604
1598 1797
239 102
1474 1442
652 1791
73 619
1919 754
1380 1091
670 201
227 849
777 1743
582 211
1031 1005
1164 1640
1538 1583
1372 635
277 1171
381 1282
1410 1235
269 1761
339 633
1266 1358
1072 419
763 1008
422 151
1215 1175
1241 898
628 840
1093 1270
1611 55
104 1
763 1322
1390 544
1619 1215
719 923
849 1524
1718 1924
1329 1028
1082 1728
1732 1666
1750 856
584 1893
783 138
181 22
1231 682
605 221
1651 217
1895 1208
1199 354
1742 1064
1388 150
1185 1386
1046 1277
1197 1542
1024 1978
912 252
1413 920
1120 495
1366 796
1809 183
1628 1247
1548 714
1435 1191
1210 283
71 1927
1710 733
323 1368
576 1978
369 1472
1294 923
78 840
1126 654
474 1412
1486 1746
1700 1397
1874 651
703 70
421 933
1581 1482
692 848
1476 1361
503 91
1029 846
1988 390
1741 601
1047 328
786 1
17 1707
1148 224
329 1737
236 755
953 689
702 1132
1895 196
1433 458
129 1528
1658 379
1243 165
1106 1191
10 1944
1640 303
1251 1313
207 1672
1730 22
1918 883
680 1935
237 261
1201 474
1977 1029
1841 382
887 740
1637 860
1421 1670
1161 408
42 899
1318 1713
1911 1225
1079 603
561 1602
1857 183
401 1708
1229 1319
1402 313
1167 186
122 697
643 224
713 695
219 1777
266 544
1857 1664
1532 58
215 907
538 998
83 1732
1494 1005
1405 1374
1590 1421
570 894
268 1044
475 1386
711 1239
898 1135
1219 1443
1131 1356
83 1442
665 1551
677 304
979 1557
29 335
1014 557
1152 105
894 1442
498 444
1528 1219
511 706
1093 1507
736 1387
879 316
1084 1670
1305 785
517 1208
401 1215
1206 525
710 1144
264 328
1977 668
922 1293
571 1701
331 416
6 490
1488 741
207 543
905 237
1117 1085
740 1033
456 815
1363 1319
1521 726
1508 1754
885 684
204 1386
761 602
1915 443
1238 1886
479 1626
332 876
292 1005
666 1466
557 1831
1772 1803
1169 992
1828 1713
1760 1115
1056 1298
1995 1220
1451 1496
1030 474
285 1620
1643 749
1960 308
1795 1475
1349 1969
739 825
20 525
535 1434
407 696
1795 495
1022 857
592 1099
1467 606
1936 609
722 698
79 27
1551 1606
1672 1826
1566 992
248 200
1695 507
1906 977
554 385
149 1487
1916 1064
1924 1859
1253 849
1953 1033
1120 88
711 694
597 92
1697 1746
49 550
928 1187
731 942
1517 186
594 1374
84 913
1521 302
598 677
1551 943
237 308
563 288
1309 411
1054 2000
952 249
853 566
633 22
16 85
772 339
114 726
1059 1450
217 1268
946 1869
1659 229
1523 1241
1617 1477
687 1337
1195 1520
976 528
1628 1503
423 1039
1332 356
1309 1415
850 1151
125 49
1780 190
546 535
1867 580
1394 1620
700 622
1824 1573
370 1826
1655 1881
350 1649
1634 735
695 1021
953 84
1357 1294
320 98
1711 1496
1933 261
786 1507
1672 1786
1261 1123
1124 1500
1741 1641
11 36
940 748
252 386
1680 460
722 1392
265 773
727 884
1595 1840
348 1943
1840 1443
744 1302
732 1173
184 1340
1410 997
1707 1194
314 1523
716 585
110 1085
1946 1737
1398 1374
1158 1460
1558 872
1915 705
814 1637
321 339
198 119
906 1444
1698 1497
1644 1934
1502 586
755 1234
999 1274
540 456
185 873
1854 1910
332 1191
1005 1578
1719 1126
1356 1839
432 754
679 836
1601 730
833 426
1119 1147
500 841
541 704
1649 894
563 1707
1925 891
1211 618
659 261
1663 1115
759 524
437 1353
1725 923
1647 1880
410 318
1267 918
1371 1003
1202 773
1415 1390
690 1649
1276 1122
334 271
900 823
1438 619
758 1129
1840 118
767 935
1503 1994
504 815
954 1149
966 1875
824 1369
1761 12
388 949
1541 1229
1091 1490
1736 138
1965 1833
42 1467
1838 880
1473 104
834 408
865 1678
59 1213
1182 170
765 1467
1053 308
1532 1101
1186 1519
1182 477
1295 1957
188 110
1524 1064
1500 1789
80 696
1282 1194
1026 1595
266 196
213 1262
1058 1961
1789 1139
1222 1578
1071 1132
1450 547
821 1926
1857 1288
1802 1889
146 644
1523 1236
997 705
908 76
906 883
1246 829
704 460
1622 1557
54 1545
1917 3
546 1106
1825 826
1025 1979
1146 1578
21 1070
643 925
675 39
833 866
1245 400
1231 1599
18 1509
373 1129
635 48
1273 137
162 929
1851 1782
1034 1176
1614 959
1213 202
1774 1615
1424 932
868 1041
1460 969
700 1846
683 1269
305 500
360 1397
946 1262
1027 1558
1708 594
229 416
642 243
362 95
1760 848
1902 157
1191 778
507 1740
703 965
1303 1402
235 1620
1226 1268
528 556
390 169
1130 1940
563 848
1350 1868
27 654
1899 244
1170 122
1533 386
1540 633
585 621
1965 315
1442 1983
1385 1186
1644 1185
1824 1001
1939 392
1924 1947
1811 329
1829 1267
1220 1735
941 122
888 181
1881 110
359 1877
1767 1713
1061 878
1240 3
266 640
92 349
1170 1929
731 408
788 1262
1274 303
1693 1132
1466 1869
1180 1479
861 1820
587 1771
1406 1140
1289 1342
191 1230
736 1152
904 1638
1915 851
1168 1941
1161 1572
1517 1106
867 480
1599 600
1123 1595
273 1503
635 460
509 1428
1097 304
1277 1133
88 1874
654 95
143 245
1355 1212
1235 556
1549 913
163 691
1862 1493
58 1403
1160 325
1882 71
1409 1911
1558 1166
136 1336
323 247
623 4
823 1982
266 408
766 275
788 504
568 601
1710 252
458 1811
137 633
974 1105
450 1624
15 496
1803 339
1612 1397
1123 1147
1193 1759
821 1071
122 250
143 84
543 219
228 1956
669 235
203 1349
970 837
804 1875
1429 608
1313 766
80 1789
870 1358
1411 215
1002 3
1251 1426
655 1246
1214 365
655 479
270 1710
1065 1800
1919 302
1731 1390
1370 590
406 1518
1413 1987
1461 279
1121 764
47 201
945 1780
183 1443
1149 656
661 75
631 1415
1550 1709
492 1392
1612 600
231 560
1025 1931
1704 733
1319 1839
1045 1667
1549 1136
1754 755
854 974
328 1054
1446 477
1826 1349
1607 1771
1774 1011
939 1117
1742 185
1832 1431
213 211
1059 1065
779 1540
1255 1470
1775 1545
109 131
1827 327
1391 608
307 1920
396 1800
1047 780
963 888
231 1840
1617 1709
1005 65
841 476
776 301
19 537
637 309
1241 1004
1697 610
1981 1307
1110 33
799 1813
1578 706
1761 1738
1093 1324
412 1021
1244 699
1289 1226
1903 726
151 668
1436 150
1698 517
704 1122
1280 1095
566 965
1043 1994
1507 36
1880 1855
944 433
1512 36
45 1148
1858 643
1585 169
454 1872
213 1181
1627 1446
1963 349
654 925
257 706
588 498
615 1415
1345 1504
1755 1994
976 494
1766 1745
1217 1020
370 342
712 1141
545 882
380 264
1016 281
1567 551
1350 511
1267 1437
398 1631
1654 1563
659 1391
237 2000
786 748
1467 1729
423 1489
1700 1037
22 168
1012 1191
530 460
1761 1151
750 1062
1752 231
1098 595
198 1743
1816 752
1822 1861
74 1520
609 1889
939 394
836 1252
1996 1319
304 22
990 1007
1199 1443
371 1250
1769 308
496 1087
1903 1560
1239 1144
1814 493
1531 383
1042 142
1075 1377
332 1230
1126 840
467 640
1148 448
1294 1638
297 257
1277 1855
1376 1260
928 1523
287 477
834 1756
839 1373
619 379
1401 847
73 303
1564 451
1259 255
1175 271
1038 37
246 1588
1340 748
1824 508
1935 754
1295 3
1539 1350
1798 385
79 1512
453 900
1795 525
904 768
389 470
512 1393
1335 699
1968 1171
1285 1175
759 1677
179 156
1773 574
1985 394
1271 1286
1951 481
635 1097
594 570
1537 1187
1369 1732
598 24
201 699
740 1205
1721 903
1191 1840
1036 1821
1760 820
1373 1197
156 1340
800 1377
410 504
1112 514
577 210
671 522
462 851
1372 1558
1111 1513
1059 509
83 1150
1799 1392
247 1477
1131 1406
249 57
989 1249
76 1028
357 1513
1481 1735
1545 184
914 1117
316 1746
25 713
1405 1826
887 833
236 1094
1584 1547
1946 189
1697 1861
1657 1321
61 1672
830 1133
753 309
912 118
777 1043
1060 1769
44 1325
1218 134
76 541
1067 200
1496 1443
1896 903
1979 865
500 1244
791 258
1806 491
1761 38
815 627
1433 1752
1278 1085
1669 258
1543 1049
793 1427
896 1085
798 215
1967 1223
719 561
735 679
1180 1175
853 4
1009 969
924 41
51 1321
295 1924
700 350
1256 708
1611 652
611 1217
1912 1484
1187 1709
821 1729
1588 1745
1767 1067
520 1095
288 1906
623 329
321 691
1935 1320
1673 532
694 1890
776 862
1253 662
34 1961
51 478
681 1350
339 22
1164 1084
1402 1467
14 1957
482 1426
747 664
1503 57
687 1398
1816 253
976 387
310 1874
309 1393
754 1386
59 1620
1036 196
686 948
328 85
270 1828
1666 805
151 603
728 1434
779 1235
156 894
1140 448
733 1496
1327 360
893 48
595 271
634 1161
779 287
1882 24
1879 659
1833 614
940 152
656 1583
777 995
1358 118
784 29
605 1612
1168 138
1909 720
1773 55
773 33
948 1789
192 1360
773 65
353 1294
1372 903
578 1615
1610 1032
1031 1615
1056 631
1363 903
740 1173
1143 527
593 779
569 1493
552 923
1110 921
1692 431
1195 1381
196 551
1934 57
966 768
945 1151
1874 1288
1653 1636
1627 683
1285 1869
2 1050
544 281
1244 698
1244 138
1440 590
1172 1811
618 1252
1126 1005
1039 231
442 262
547 1937
1263 264
1737 326
1890 1754
217 1194
7 1079
1332 1420
646 558
771 1561
1934 923
57 570
201 1550
1398 1969
1755 985
1665 715
1783 1703
1679 1110
1168 1101
1986 55
1463 335
610 138
1551 1839
358 336
85 394
169 168
1411 1444
1479 925
682 1474
1728 950
195 985
1420 98
1457 349
1787 1900
1490 780
759 838
887 1492
1016 275
535 773
1900 699
1759 796
53 358
572 1144
43 1814
863 203
744 62
373 419
1447 1420
662 38
1750 1242
877 1054
1545 1391
1920 1050
905 969
1620 643
1643 947
658 949
857 1191
1780 1443
645 155
712 759
1639 706
254 1828
583 1969
1665 400
773 250
500 1933
540 360
1764 586
1262 1743
951 310
77 1226
1587 977
755 912
775 1415
1956 164
565 1724
994 1826
1019 1803
1980 1605
1923 1937
724 109
1713 966
506 1253
1699 1180
727 602
962 556
846 1085
1492 1800
1582 1891
390 898
1246 1443
1279 919
339 923
1594 432
402 262
621 1789
1791 768
1335 992
1433 848
1915 764
1481 1004
200 1148
893 1477
423 1124
1132 1247
162 1580
1765 1286
13 15 16 17 18 19 23 27 29 32 47 48 55 61 72 77 82 83 87 95 100 101 110 111 116 118 134 135 136 137 143 145 147 157 162 167 174 203 210 220 221 226 243 249 255 256 257 266 267 273 277 280 289 290 293 294 295 299 301 306 311 321 326 331 339 342 347 355 366 376 380 381 391 395 402 407 411 414 415 417 425 434 435 439 444 449 452 459 464 469 487 492 494 501 508 518 526 530 535 537 539 540 551 559 569 571 573 575 576 579 583 596 598 601 603 607 609 610 614 618 627 638 645 647 653 658 664 669 672 676 677 678 680 681 683 684 686 688 689 694 695 698 700 711 716 718 726 731 732 736 738 746 748 749 753 757 760 763 766 768 769 775 778 785 786 791 795 801 803 807 808 815 817 832 836 838 839 843 852 859 869 871 875 879 880 886 888 895 900 901 905 909 910 917 920 924 933 936 941 946 948 953 963 977 990 994 1003 1005 1007 1016 1019 1021 1024 1029 1032 1036 1040 1043 1045 1047 1048 1049 1060 1061 1065 1076 1079 1081 1088 1090 1096 1103 1105 1108 1113 1115 1117 1121 1138 1141 1149 1150 1156 1160 1162 1166 1174 1176 1187 1190 1197 1199 1204 1210 1211 1212 1215 1220 1226 1228 1233 1236 1237 1239 1242 1244 1250 1255 1257 1266 1269 1271 1272 1274 1277 1282 1283 1292 1304 1309 1310 1318 1323 1324 1327 1330 1334 1336 1345 1346 1349 1351 1354 1357 1360 1363 1374 1377 1382 1391 1393 1401 1403 1405 1409 1416 1417 1420 1422 1428 1430 1433 1448 1449 1452 1453 1458 1468 1476 1478 1483 1485 1489 1490 1491 1496 1500 1504 1506 1509 1512 1513 1515 1518 1521 1525 1527 1529 1530 1538 1541 1545 1547 1554 1555 1559 1567 1571 1572 1573 1581 1586 1588 1592 1595 1606 1607 1616 1628 1631 1634 1640 1646 1653 1657 1658 1660 1668 1670 1689 1692 1695 1698 1700 1702 1707 1709 1712 1715 1722 1724 1726 1729 1731 1732 1734 1737 1740 1742 1748 1749 1750 1754 1759 1764 1775 1779 1780 1804 1821 1822 1826 1829 1834 1837 1842 1844 1849 1851 1864 1868 1870 1877 1880 1881 1884 1886 1895 1899 1900 1902 1909 1912 1917 1922 1934 1939 1947 1953 1963 1965 1974 1980 1985 1995 