1836
14682
8839
1425
948
12286
86
12211
1282
5981
4758
8402
3759
13324
3987
11270
4292
10021
10662
8972
15689
10624
1705
1792
11228
5292
2719
9385
6770
8701
6124
14601
5353
765
11442
3557
6537
14200
14890
6990
1126
1941
5410
6194
2110
2652
12389
14762
12997
5165
5993
2082
13375
7799
7670
565
8140
7785
5244
4770
15657
1570
4169
13328
2679
12
13486
5706
12577
6546
6918
9748
2349
3108
5416
14282
12570
330
6584
10596
2262
7120
677
8491
12065
1945
2222
7190
4746
590
6526
1159
10650
7652
11240
12468
6821
10637
12701
15129
15594
323
1276
9758
13833
14071
3288
4119
11736
10486
8936
3986
2887
1542
14178
7888
7521
2224
3730
6908
5091
14428
12639
14690
1285
9330
64
14655
3162
3893
2780
12097
1171
4252
3647
7644
4496
166
4904
412
6255
14874
2366
11809
8414
799
12958
11548
4314
7057
8402
5147
15691
8181
7802
10606
12466
2725
7606
1496
9338
5370
1752
7472
15716
3509
7385
15512
6360
12793
7438
574
9255
2735
13503
13251
6850
12903
13954
12182
9622
8947
8957
10893
11739
4488
8421
14078
14232
3435
13661
15170
1442
7629
7818
15190
3012
918
5783
15607
8163
308
8695
15211
1211
13763
7664
14800
5830
15443
4713
520
8327
15392
2109
10776
8776
7393
15659
4125
11235
6874
12392
6109
12567
15726
14604
3454
12235
14764
8812
11887
5644
8799
5567
7187
77
7727
13505
7608
13782
1528
11972
7090
10878
5419
1636
7610
6769
4907
10926
3957
3888
7547
7605
4727
8749
2891
15189
3763
7782
10511
1022
8525
5016
7033
538
1719
2755
3586
5100
2072
5614
232
6255
8543
9776
244
1815
807
12704
414
2166
1928
2054
12752
1718
4222
3962
10263
12403
357
6304
572
303
14184
13317
6912
12587
8831
14395
1811
10428
6651
714
14800
888
7018
10263
8484
7140
15192
7386
8116
13081
6405
7965
1995
716
14042
