60
97 649 159 889 613 673 382 342 525 557 378 982 482 552 457 782 556 496 454 991 810 561 771 410 655 604 524 905 148 676 475 73 60 647 91 230 912 983 137 906 357 860 450 274 232 554 628 763 622 594 446 361 506 234 542 665 914 760 184 292
22
455 302 625 910 348 726 903 780 215 882 409 287 800 905 110 5 320 563 115 190 891 716
41
927 506 11 321 599 66 254 910 519 246 974 809 208 394 344 509 934 209 421 274 769 942 249 129 516 335 416 929 985 947 549 576 33 943 770 207 136 545 749 990 803
69
758 726 375 653 516 388 815 107 765 471 350 900 489 558 491 233 120 625 614 448 397 968 468 749 109 768 68 358 831 799 500 458 832 983 227 265 415 666 75 727 611 878 314 485 2 593 767 358 724 23 287 87 853 469 606 922 14 939 538 726 220 441 473 808 446 929 676 227 744
50
30 130 854 7 36 99 114 295 184 128 424 213 703 433 938 313 444 452 627 174 110 510 67 654 765 77 902 426 493 226 18 314 775 479 114 613 453 582 875 601 533 188 893 700 490 337 135 749 955 454
