1 4 67
35900 1
25598 1
18547 1
47784 1
17158 1
36702 1
43376 1
33385 1
31454 1
19183 1
31226 1
14767 1
17086 1
17393 1
28549 1
39791 1
44058 1
39223 1
28667 1
29375 1
42157 1
36618 1
41388 1
32896 1
14405 1
39556 1
38301 1
43436 1
13513 1
24537 1
40564 1
26212 1
31439 1
21025 1
14413 1
37922 1
12254 1
37913 1
33140 1
37664 1
21460 1
24753 1
45419 1
15800 1
24109 1
45175 1
45668 1
33917 1
20577 1
37570 1
21961 1
35398 1
39837 1
34815 1
12834 1
47893 1
48251 1
14833 1
28149 1
36536 1
24094 1
36810 1
14012 1
12852 1
36455 1
35574 1
28014 1
32163 1
45053 1
29444 1
11994 1
