33320143
33361265
33392690
33344461
33388020
33320143
33327872
33328722
33357908
33320143
33320143
33364420
33328450
33348955
33320143
33476185
33372358
33320143
33320143
33400777
33320143
33438209
33353811
33341958
33320143
33357223
33360425
33320143
33320143
33320143
33320143
33360283
33362882
33320143
33357705
33411995
33320143
33448765
33402131
33327498
33320143
33320143
33320143
33447644
33320143
33320143
33320143
33395983
33448624
33320143
33388974
33419425
33395986
33327348
33338800
33359055
33408969
33355176
33320143
33392185
33325741
33380545
33323096
33409330
33355367
33369803
33420621
33320143
33428825
33444294
33337487
33358343
33336929
33320143
33417657
33320143
33354404
33320143
33343203
33320143
33322842
33405365
33424506
33474479
33368390
33320143
33320143
33466066
33320143
33399839
33647252
33320143
33334842
33359540
33380588
33374470
33348899
33378643
33334693
33333698
33345595
33414695
33365050
33357569
33346766
33384305
33377113
33365755
33320143
33407190
33376095
33359482
33327572
33373157
33377087
33429489
33440262
33343092
33320143
33367319
33423907
33320143
33320143
33320143
33367913
33356141
33320143
33401751
33377481
33320143
33342861
33341571
33400251
33405037
33320143
33439571
33366593
33363362
33320143
33382305
33435234
33399839
33320143
33405119
33343144
33320143
33351361
33392139
33489484
33345959
33408786
33388900
33364130
33351375
33514103
33320143
33328450
33342119
33424935
33320143
33549551
33388523
33320143
33367006
33334083
33422664
33361421
33400937
33320143
33341191
33357059
33357223
33359268
33320143
33320143
33320143
33382811
33320143
33354604
33345632
33320143
33435866
33335657
33417964
33340189
33320143
33382738
33474842
33325475
33452302
33341667
33320143
33320143
33354606
33341883
33437457
33381063
33320143
33340310
33481877
33320143
33357223
33320143
33415455
33320143
33408594
33357576
33380073
33444368
33429304
33329923
33377777
33464095
33321841
33367854
33372692
33384164
33344160
33326312
33341335
33320143
33371979
33333698
33381484
33340994
33377754
33356478
33351809
33357629
33320143
33428299
33320143
33406819
33379109
33434565
33320143
33320143
33383881
33320143
33320143
33372700
33320143
33320143
33410490
33365985
33320143
33371976
33320143
33386372
33377174
33374045
33320143
33365987
33416229
33339582
33374829
33338722
33411861
33422054
33320143
33320528
33336503
33320143
33440935
33413095
33320143
33320143
33456975
33379056
33499912
33362975
33325741
33366331
33410516
33337487
33320143
33337981
33408697
33342977
33320143
33367232
33390372
33370357
33352253
33364812
33438302
33320143
33332615
33330865
33414588
33345888
33375916
33355780
33417495
33345595
33381859
33349962
33320550
33339346
33320143
33389592
33441477
33378038
33346868
33349268
33410272
33320143
33369377
33338607
33362975
33406790
33395444
33431022
33425934
33320143
33358333
33467539
33444556
33341520
33403206
33384431
33339582
33330798
33320143
33320143
33320143
33322984
33498275
33330792
33378973
33320143
33394321
33397661
33403425
33464689
33409625
33372890
33381722
33385447
33324250
33320143
33337847
33350298
33327572
33363665
33320143
33326501
33320143
33320143
33441525
33320143
33481550
33320143
33330781
33327078
33361644
33378140
33522666
33320143
33340427
33363208
33416219
33372358
33398092
33322345
33508275
33353201
33440475
33320143
33392418
33397453
33327078
33327819
33505868
33355896
33594222
33396189
33336005
33365855
33340994
33347838
33422093
33351403
33419256
33403991
33330852
33345790
33320143
33346322
33410230
33320143
33468868
33320143
33477148
33352951
33408878
33409991
33405840
33487575
33333361
33388643
33320143
33320143
33390484
33362747
33320143
33320143
33324399
33337551
33411861
33323579
33320143
33407085
33373901
33352075
33320143
33508029
33378993
33320143
33320143
33348643
33511723
33339545
33320143
33388842
33395103
33376095
33353832
33320143
33361612
33404911
33320143
33365855
33417657
33357744
33357882
33326308
33403137
33349793
33320143
33409715
33345632
33376383
33343663
33421756
33320143
33369085
33361036
33396751
33357518
33480928
33320143
33352570
33334779
33367572
33343784
33375336
33320143
33320143
33409357
33408404
33454044
33443322
33428770
33393681
33409683
33384426
33383395
33349183
33408428
33339582
33356230
33320143
33349793
33320143
33335934
33320143
33320143
33430236
33343893
33333361
33320143
33320143
33320143
33404291
33320143
33327348
33416246
33320143
33320143
33322425
33380937
33488149
33393797
33406123
33320143
33390058
33346429
33320143
33320143
33364726
33352951
33320143
33320143
33386611
33321314
33320143
33333984
33331073
33357945
33387156
33364130
33320143
33403801
33320143
33320143
33507844
33366593
33337551
33411373
33385270
33350840
33349502
33320143
33349183
33380073
33341424
33396580
33371077
33373281
33397451
33320143
33457471
33419574
33386694
33363285
33339433
33320143
33320143
33364197
33335483
33365755
33320143
33343635
33384293
33429707
33412045
33375667
33436024
33387357
33365191
33339496
33437417
33320143
33507238
33320143
33390470
33320143
33403324
33320143
33404669
33320143
33320143
33327872
33378004
33330993
33445034
33380516
33386542
33320143
33338933
33321382
33320143
33320143
33337847
33320143
33320143
33457023
33382314
33323163
33382572
33360633
33410820
33320143
33368083
33320143
33410243
33320143
33444368
33320143
33372332
33355062
33421048
33320143
33320143
33320143
33389487
33320143
33404678
33422730
33364111
33399338
33320143
33323579
33355819
33402426
33405531
33398158
33351361
33430573
33320143
33438144
33351744
33341394
33489520
33320143
33365982
33362534
33336115
33320143
33335045
33320143
33320143
33320143
33370333
33320143
33368237
33350501
33372376
33320143
33326312
33348842
33339582
33376293
33341571
33320143
33320143
33441273
33320143
33376293
33357569
33320143
33381484
33461394
33396810
33340189
33320143
33320143
33320143
33320143
33338203
33320143
33364966
33320143
33407502
33384305
33320143
33459242
33414883
33441018
33320143
33397940
33320143
33334246
33351848
33389487
33491767
33407184
33323470
33417531
33320164
33365191
33366381
33359540
33320143
33320143
33436933
33447594
33343696
33468897
33414052
33414792
33345888
33404590
33320143
33320143
33349818
33320911
33320143
33389505
33343151
33320143
33517142
33345979
33356122
33374844
33414036
33320143
33412732
33421372
33373197
33320143
33320143
33332690
33320143
33334779
33480527
33363833
33340950
33432746
33388697
33388056
33416712
33321125
33448624
33412337
33443322
33320143
33321451
33320143
33340427
33410792
33356364
33453971
33391564
33374939
33418779
33334673
33346608
33369215
33412759
33334694
33335934
33366082
33363285
33377272
33341975
33349810
33360425
33322984
33320143
33403484
33359345
33353312
33320143
33427594
33388524
33442122
33322842
33378458
33502863
33433354
33434484
33367366
33402236
33394637
33320143
33320143
33355819
33397675
33320143
33334201
33330113
33389964
33321382
33452061
33421065
33500244
33392627
33408594
33386182
33419426
33325199
33392913
33404724
33420027
33320143
33393839
33320143
33413545
33429234
33320143
33320143
33384493
33330165
33320143
33324399
33382079
33320143
33363387
33356478
33332935
33321382
33320143
33320143
33345790
33365987
33434494
33375916
33371596
33355898
33408914
33320143
33343932
33366593
33374765
33320143
33320143
33340250
33349300
33320143
33352326
33320143
33342327
33552272
33320143
33320143
33353832
33357576
33403137
33363198
33327498
33456407
33324399
33365440
33320143
33328183
33328361
33398386
33413162
33336115
33320143
33355876
33402807
33320143
33475083
33383287
33395434
33370221
33408271
33461798
33380781
33320143
33343593
33320143
33359998
33320143
33360323
33366163
33372325
33564466
33333399
33416807
33431543
33320143
33366576
33320143
33359998
33320143
33320143
33340250
33350298
33396822
33326312
33406176
33365469
33429046
33380512
33356478
33320143
33320143
33320143
33423615
33320143
33322532
33320143
33411599
33320143
33438302
33345750
33320143
33383208
33440002
33320143
33320143
33369803
33320143
33320143
33326932
33376095
33320143
33453728
33380545
33324399
33371276
33375667
33334542
33320143
33339433
33320143
33393904
33475837
33431396
33341191
33486289
33366381
33327384
33524642
33333303
33320143
33320143
33382970
33377323
33330852
33409583
33326436
33383208
33344294
33390840
33374735
33320143
33329786
33411575
33320143
33368879
33385447
33337551
33346283
33320143
33358423
33422093
33373801
33452610
33421136
33376538
33320143
33392185
33436863
33380947
33487986
33320143
33323851
33360075
33320143
33329436
33320143
33334693
33399769
33369143
33393280
33449062
33344461
33330781
33459680
33416219
33459427
33394771
33569547
33320143
33400455
33320143
33347223
33330165
33320143
33341864
33362534
33322842
33320143
33395319
33348116
33385222
33320143
33350501
33320143
33320143
33371008
33426685
33400834
33320143
33359462
33320143
33320143
33365755
33327383
33422791
33354521
33350915
33373210
33320143
33485037
33437220
33443111
33329484
33320143
33359898
33411174
33367006
33320143
33396241
33381886
33320143
33320143
33470697
33372332
33396822
33320143
33366781
33322842
33444368
33364945
33320143
33343092
33383417
33384725
33507179
33370848
33446441
33367587
33429234
33391965
33356979
33320143
33501460
33371276
33378973
33436239
33413258
33388772
33398158
33437561
33361334
33430597
33421136
33384219
33380423
33320143
33412241
33326142
33320143
33320143
33523833
33431930
33369517
33402339
33361624
33380947
33320143
33320143
33470805
33398437
33405548
33405627
33329786
33356122
33384962
33380144
33340994
33338203
33340548
33402976
33365191
33367195
33370333
33320143
33325199
33361036
33426871
33444795
33357243
33320143
33409673
33332690
33320143
33320143
33332071
33320143
33359969
33430665
33408594
33470812
33393221
33394565
33477572
33320143
33466061
33358077
33542355
33434687
33393412
33320143
33399839
33424993
33320143
33320143
33358945
33320143
33385926
33367572
33551067
33320143
33341200
33341958
33409142
33351769
33320143
33359624
33327384
33396626
33320143
33320143
33500512
33367572
33416989
33320143
33320143
33320143
33331178
33371999
33320143
33320531
33496583
33402288
33359071
33384431
33575591
33395830
33352951
33370238
33407946
33369637
33351375
33320143
33320143
33359898
33431175
33355819
33405203
33320143
33370859
33376560
33320143
33320742
33361421
33320143
33362974
33473353
33353507
33320143
33320143
33357518
33384164
33380129
33320143
33320143
33444759
33327845
33444276
33369617
33323579
33350356
33378458
33429541
33320143
33370859
33417766
33348123
33348842
33320143
33375315
33368111
33320143
33320143
33348806
33377310
33320143
33363285
33400451
33457535
33320143
33419877
33422730
33321103
33320143
33385536
33348690
33413136
33341864
33431416
33414532
33362947
33330781
33351769
33531174
33354866
33334083
33631706
33391585
33320969
33371833
33414532
33412414
33320143
33360518
33390058
33363291
33376076
33522331
33327819
33320143
33341520
33419500
33358837
33355113
33320143
33391548
33397714
33404404
33356550
33320143
33443386
33320143
33386113
33390976
33320143
33361421
33373628
33361431
33366012
33414282
33352227
33320143
33342732
33329786
33320143
33379576
33320143
33320143
33414863
33322425
33398295
33384431
33340950
33362975
33381484
33401952
33359208
33416230
33418993
33430713
33416457
33445790
33377931
33320143
33401488
33320143
33322425
33320143
33339229
33413587
33367451
33332958
33320143
33343203
33415685
33320143
33331379
33446656
33430019
33333361
33429390
33374649
33448190
33342634
33371673
33320143
33341641
33335483
33394637
33320143
33436638
33435286
33354025
33320143
33358729
33385093
33369070
33321727
33467394
33350960
33492301
33365191
33320143
33322345
33445844
33320143
33340133
33323163
33466940
33392690
33320143
33336179
33502691
33320143
33345405
33390627
33334694
33526996
33376039
33320143
33322748
33470001
33446656
33363672
33359304
33355819
33320143
33419754
33406313
33382604
33320143
33339650
33398158
33320143
33346190
33385495
33320143
33320143
33411118
33327979
33343893
33388327
33320143
33497267
33327191
33386113
33320143
33343553
33357270
33333361
33337101
33336533
33320143
33384318
33406536
33323851
33320143
33320143
33340310
33364360
33340179
33345216
33330781
33411606
33355023
33320143
33387687
33499948
33349993
33343963
33391564
33360742
33327484
33416078
33346069
33320143
33384985
33394898
33455998
33445891
33431279
33365469
33361272
33334803
33417446
33346069
33479859
33366772
33480651
33365363
33320143
33320143
33408246
33396581
33332462
33322634
33472740
33324223
33320143
33457508
33328361
33376095
33320143
33320143
33320143
33350044
33331960
33349719
33363208
33465784
33320143
33385139
33444556
33460107
33381902
33368384
33460218
33320143
33320713
33320713
33413162
33413462
33402677
33425381
33416576
33359926
33474989
33394229
33320143
33341394
33421545
33320143
33324461
33412628
33386055
33426230
33357908
33410528
33459020
33346190
33327202
33329786
33329188
33461546
33388695
33367913
33373157
33357223
33448048
33320143
33407631
33378794
33320143
33348116
33320143
33393379
33379668
33399639
33320143
33423344
33351769
33320143
33340427
33394229
33330599
33416664
33370357
33428757
33320143
33451217
33367796
33479039
33376293
33331388
33320143
33335387
33330674
33385730
33320143
33353842
33417531
33340237
33320143
33437845
33486598
33520762
33415534
33320143
33393681
33353953
33337655
33370357
33320143
33382614
33333870
33371570
33381689
33320143
33381460
33320143
33431327
33320143
33354649
33320143
33389198
33320143
33359345
33380757
33373901
33325199
33348832
33373921
33340250
33320143
33320143
33417687
33320143
33320143
33320143
33402346
33341570
33377593
33419058
33377481
33378973
33391501
33365987
33323096
33336490
33401196
33443777
33320143
33418493
33436470
33320143
33366263
33389487
33320143
33320143
33342852
33418022
33393904
33320143
33320143
33343680
33354606
33338527
33320143
33371077
33320143
33364111
33454157
33352730
33386055
33455682
33393379
33320143
33334842
33406274
33371833
33320143
33365855
33328183
33365987
33376275
33411039
33385647
33394143
33320143
33374897
33326932
33320143
33320143
33437255
33375136
33424186
33359944
33320143
33320143
33376825
33515983
33320143
33368111
33371008
33329179
33361421
33346190
33406880
33380947
33326336
33343635
33327348
33346322
33461403
33320143
33328901
33478863
33412646
33388746
33408923
33441734
33320143
33337101
33320143
33320143
33435054
33327574
33350960
33347012
33332958
33383101
33320143
33421499
33388842
33425929
33336876
33490253
33354604
33412624
33350044
33382778
33320143
33357908
33323096
33359419
33337451
33357705
33553759
33389171
33476384
33353284
33328858
33334230
33320143
33505163
33320143
33359289
33332615
33327348
33364070
33337655
33320143
33451373
33320143
33320143
33413572
33323813
33384394
33341958
33320143
33390835
33425947
33361081
33367702
33325097
33337487
33401756
33321314
33350666
33320143
33355924
33320143
33468264
33397000
33451651
33403743
33395314
33351255
33320143
33465375
33378973
33367533
33332694
33385371
33395444
33400534
33339433
33538968
33364628
33402455
33384426
33442554
33320143
33376883
33388327
33399341
33324250
33320143
33367702
33320143
33339565
33400280
33474753
33408835
33380947
33428068
33392690
33320143
33364580
33340250
33429234
33351373
33435818
33393412
33636973
33366176
33334803
33329786
33419684
33334246
33346868
33406123
33320143
33512878
33392690
33344592
33320143
33330781
33371833
33474048
33320143
33354857
33320143
33416074
33353435
33472473
33320143
33414532
33337534
33320143
33416576
33327979
33488544
33368555
33320143
33320143
33320143
33408319
33320143
33396822
33320143
33357705
33337558
33430127
33385175
33357945
33532510
33332142
33320143
33372325
33320143
33327572
33355062
33320143
33320143
33320143
33368237
33320143
33413968
33320143
33320143
33369803
33320143
33349962
33397241
33367451
33409376
33390243
33442823
33517170
33320143
33388642
33345216
33320143
33373076
33453964
33441567
33328450
33320143
33346283
33320143
33390220
33356141
33320143
33320143
33348643
33350113
33389399
33320143
33351375
33476424
33389755
33326142
33394671
33320143
33320143
33339897
33388200
33394992
33342861
33438908
33363665
33320143
33366381
33347445
33337655
33498022
33361036
33361262
33320143
33326336
33320143
33335468
33320143
33320143
33409617
33494884
33438144
33352780
33387362
33407184
33347332
33391635
33373318
33462919
33355457
33388523
33423401
33372332
33507003
33320143
33364580
33320143
33355373
33320143
33417687
33320143
33320143
33340994
33329667
33320143
33333361
33365745
33339120
33348643
33320143
33392690
33378973
33320143
33320143
33325199
33366417
33345030
33341570
33371692
33373901
33320143
33358077
33320143
33320143
33403934
33320143
33346283
33320143
33448912
33364815
33320143
33342956
33387484
33320143
33419162
33329185
33325199
33428040
33446804
33381964
33502023
33320143
33374407
33355898
33384985
33344160
33392227
33372325
33407881
33407502
33320143
33341641
33320143
33320143
33320143
33320143
33350453
33391306
33320143
33391315
33320143
33352068
33325163
33371512
33462675
33320143
33334842
33338679
33333399
33337847
33357018
33361523
33320143
33473233
33385270
33339120
33320143
33384318
33349793
33320143
33320143
33358849
33397275
33320143
33320143
33349047
33320143
33424862
33320143
33329784
33320143
33373360
33542095
33506446
33360425
33320143
33358033
33334842
33392875
33398295
33373157
33341399
33320143
33405722
33338749
33453601
33387689
33517170
33439582
33326745
33367451
33346069
33320143
33447061
33337981
33320143
33320143
33392330
33323764
33363775
33320143
33320143
33320143
33432285
33382292
33371999
33412045
33388636
33320143
33429275
33320143
33405356
33349183
33356100
33338720
33370357
33352220
33365745
33452950
33320143
33357908
33432801
33439994
33320143
33383287
33320143
33468800
33349300
33397241
33396875
33364928
33388636
33381628
33373166
33320143
33331581
33320143
33408871
33398005
33414743
33434199
33350915
33320143
33411422
33330852
33320143
33436795
33435701
33320143
33320143
33320143
33320143
33341639
33320143
33391664
