1535240
1579038
1535240
1535240
1535240
1555070
1770122
1582046
1669212
1535240
1535240
1566802
1591014
1535240
1835330
1790892
1535240
1535240
1535240
1801527
1535240
1535240
1535240
1625200
1535240
1582302
1535240
1620808
1661027
1535240
1611496
1535240
1583334
1535240
1620808
1685669
1593331
1579038
1562216
1625586
1535240
1535240
1609594
1583334
1535240
1535240
1642984
1564720
1621278
1555070
1590179
1562216
1566802
1535240
1535240
1574415
1569043
1535240
1535240
1700810
1577220
1609022
1635583
1564720
1571479
1535240
1555070
1555855
1535240
1577187
1709864
1579038
1542514
1631913
1728410
1535240
1611437
1597598
1632617
1535240
1584712
1560522
1622150
1550244
1562955
1557092
1712830
1577187
1589658
1535240
1535240
1560684
1591607
1646917
1535240
1535240
1591014
1581771
1535240
1591607
