41550791
41489330
41550424
41484187
41566526
41611054
41596221
41484187
41526929
41546693
41506738
41488111
41484187
41484187
41532337
41519983
41484187
41556387
41484187
41532797
41491292
41484187
41562705
41505779
41484187
41622052
41578750
41503522
41488975
41528579
41484187
41503603
41509040
41484994
41528180
41564314
41561315
41545279
41515940
41523465
41544608
41533384
41484187
41504081
41560673
41501911
41615907
41582417
41485320
41567256
41490001
41575995
41484187
41507941
41484187
41484187
41616494
41532859
41560311
41520880
41533973
41540119
41514376
41589050
41559138
41517960
41592035
41499735
41597914
41484187
41640967
41558715
41614456
41484187
41526131
41618023
41528160
41521647
41553108
41484187
41484588
41573803
41487555
41608943
41612337
41507497
41536456
41484187
41550742
41576779
41591430
41484187
41512793
41497788
41484187
41574540
41566076
41484187
41489330
41518767
41498488
41488578
41533427
41499892
41484187
41484187
41538112
41499735
41534189
41505630
41484187
41535805
41506512
41492084
41518604
41539028
41601251
41484187
41524692
41484187
41484187
41524180
41576914
41490260
41484823
41484326
41592435
41547244
41529390
41484187
41484187
41574803
41540021
41484187
41512756
41484187
41484187
41527485
41564430
41547708
41535265
41560189
41484187
41557380
41520761
41484187
41495156
41608861
41488705
41566586
41520227
41507470
41534846
41484187
41533085
41484187
41562553
41599002
41566539
41484187
41618563
41505166
41484187
41517034
41554007
41529656
41484187
41484187
41484187
41486546
41635481
41516283
41484187
41587500
41484187
41537874
41541670
41542548
41484187
41573287
41562839
41484187
41502376
41554657
41510313
41559965
41484187
41557380
41615087
41484187
41484187
41484187
41569347
41550041
41484187
41550295
41506280
41484187
41499372
41484187
41524664
41484187
41517960
41488518
41496588
41549135
41484187
41542548
41578147
41484187
41599002
41595911
41484187
41521971
41570304
41498718
41522283
41509928
41492385
41521616
41536421
41529540
41589060
41536911
41559117
41567587
41496273
41502707
41544776
41555897
41503208
41561851
41484187
41528160
41662219
41484187
41502376
41582255
41544319
41595964
41484187
41547708
41536330
41540205
41490260
41543442
41601859
41484187
41604817
41491292
41488521
41484187
41484187
41583022
41512684
41484187
41484187
41605155
41484187
41484187
41511452
41484187
41539858
41487847
41484187
41522117
41484187
41543284
41530827
41591904
41508418
41610092
41578147
41484187
41520200
41559658
41497757
41520761
41498816
41620158
41518951
41557912
41484187
41543104
41557515
41484187
41503192
41569983
41533397
41583758
41484187
41521235
41484187
41575225
41502202
41484187
41503579
41531769
41523546
41525197
41484187
41569793
41554072
41484187
41487580
41576847
41484187
41555002
41541435
41499323
41567587
41519039
41607435
41520583
41583703
41484187
41484187
41484187
41484187
41507470
41492373
41484187
41520200
41504364
41542929
41508705
41564228
41538815
41487059
41484187
41503208
41510453
41484187
41558775
41484187
41484187
41484187
41610758
41484187
41565763
41484187
41484187
41484461
41496594
41484187
41484187
41593753
41540351
41518961
41493339
41484187
41490282
41530729
41484187
41512392
41484187
41503208
41506073
41528579
41552347
41524282
41549391
41484187
41598659
41484187
41522117
41506212
41484187
41584580
41484187
41551061
41491151
41522283
41629648
41521458
41484187
41484187
41494125
41566280
41556822
41503341
41599850
41603826
41492487
41549135
41596966
41540085
41520583
41546029
41540907
41555179
41505499
41618004
41554384
41538030
41541749
41497298
41494420
41484187
41539028
41503488
41484187
41546772
41499000
41484187
41497788
41533085
41527041
41584224
41494748
41484187
41512157
41531513
41521295
41485360
41484187
41484187
41667329
41510510
41531314
41507682
41505770
41538448
41578886
41632935
41494748
41534475
41581011
41527919
41511468
41529954
41547375
41484187
41667331
41520608
41557787
41484187
41510238
41550812
41561552
41517040
41550506
41484187
41524876
41545015
41555108
41484187
41518604
41484187
41577139
41494748
41530189
41585025
41509366
41497866
41517686
41484187
41484187
41588871
41499735
41507208
41490857
41589358
41552656
41499023
41536911
41501891
41536053
41521647
41509040
41521616
41514631
41567861
41484187
41584819
41484187
41544158
41650408
41545953
41563182
41491999
41534509
41508567
41561735
41490260
41505164
41505164
41526595
41545099
41484187
41543770
41484187
41512756
41484187
41484187
41553478
41484187
41484187
41506036
41653946
41569577
41503208
41623100
41484187
41563329
41550432
41571603
41484187
41567693
41492028
41516813
41484187
41484187
41508676
41496019
41573374
41497791
41554384
41505166
41492332
41594816
41613573
41521405
41484823
41484461
41630576
41511077
41524250
41484187
41493998
41584525
41484187
41505499
41484187
41545279
41500717
41580865
41576021
41526353
41532321
41484187
41534942
41484821
41549726
41488111
41492831
41490651
41538334
41549303
41510704
41484187
41505501
41558693
41544136
41528526
41596034
41614285
41512427
41528249
41560779
41508482
41484187
41484187
41521971
41484187
41603834
41537841
41523234
41529219
41635650
41488652
41558138
41561798
41537918
41529954
41548672
41530160
41500418
41502748
41510056
41484187
41587831
41511984
41519989
41500033
41484187
41555179
41523618
41484187
41529540
41505968
41484187
41484187
41496588
41484187
41669304
41548156
41508749
41571896
41526131
41543466
41484187
41606435
41484187
41556493
41484187
41599611
41496100
41519353
41559100
41548915
41521971
41581279
41540206
41484187
41544533
41484821
41559587
41509689
41484187
41527840
41484187
41506931
41579485
41652380
41529954
41484187
41579445
41508859
41484187
41535265
41503554
41533126
41525274
41488831
41615733
41513042
41498289
41549735
41487847
41568253
41554745
41608225
41557380
41552081
41490901
41619126
41508214
41532797
41484187
41484187
41537567
41484187
41496136
41484187
41530893
41508523
41484187
41569983
41658578
41508482
41546498
41487059
41531389
41504891
41484187
41561354
41484187
41497457
41572547
41484187
41553194
41505166
41546200
41542696
41527444
41578722
41484187
41516283
41484187
41601877
41564072
41517902
41566022
41528351
41532980
41484187
41508901
41497457
41484187
41524664
41484187
41484187
41525324
41484187
41561841
41485320
41484187
41539858
41484187
41484187
41493015
41554475
41484262
41524664
41532433
41484187
41489330
41493938
41484187
41484187
41574247
41484187
41484187
41545978
41484187
41500049
41551777
41534587
41484187
41484187
41532450
41484187
41484187
41484187
41546852
41550926
41503252
41574945
41509149
41678006
41547339
41524190
41484187
41544614
41484187
41484187
41547832
41484187
41484187
41503134
41583603
41518162
41496136
41569199
41521647
41524190
41544880
41484187
41579143
41525633
41484187
41537567
41516946
41484187
41570932
41551777
41492831
41488652
41541897
41484187
41520776
41500418
41547685
41543138
41492332
41575107
41533397
41535715
41484187
41577035
41512573
41560779
41491151
41484187
41604774
41484187
41533810
41518944
41544880
41506036
41515662
41574845
41530928
41506018
41632370
41544533
41530827
41565877
41487847
41484187
41561401
41563329
41499735
41590741
41484187
41503554
41528946
41484187
41541006
41522932
41526929
41507470
41558992
41585571
41555010
41500418
41484187
41612191
41495457
41484187
41484187
41587558
41590649
41630047
41554101
41494420
41501064
41484187
41506036
41553980
41493015
41484187
41484187
41484187
41555614
41484187
41488593
41492028
41578994
41484187
41484187
41515823
41569622
41521971
41523234
41512684
41494463
41515662
41484187
41560311
41492084
41530597
41521879
41487864
41497298
41512969
41547173
41490934
41484187
41647737
41492332
41496244
41484417
41484187
41559965
41494748
41484187
41484187
41515591
41484187
41484187
41539858
41524525
41526682
41530729
41484187
41527133
41484187
41484187
41630333
41555751
41484187
41531255
41484187
41602335
41541329
41547244
41559138
41573367
41484187
41521270
41487581
41484187
41597897
41517465
41484187
41517634
41484187
41552543
41553822
41484187
41517772
41594804
41501028
41484187
41544144
41532808
41484187
41539446
41516163
41489830
41484187
41546029
41545331
41484187
41484187
41495263
41495156
41607193
41530597
41545936
41546662
41484187
41511971
41562870
41518157
41503579
41494748
41618168
41512969
41484187
41500186
41564349
41550791
41486546
41484187
41492332
41490934
41495015
41598336
41608225
41565253
41521405
41553108
41641501
41492487
41484187
41484187
41485918
41484187
41547358
41549536
41484187
41533703
41551924
41565450
41608799
41567565
41484187
41515991
41591430
41544533
41603037
41484187
41484187
41484187
41585582
41486546
41484187
41519039
41610149
41565782
41550272
41524567
41535353
41571021
41555179
41526353
41484326
41499892
41559005
41484187
41555762
41506657
41518342
41619963
41573803
41484187
41512335
41484821
41545469
41544158
41574077
41581362
41577028
41573904
41543104
41562325
41549979
41484187
41500272
41484187
41593763
41516283
41484187
41484262
41484187
41489626
41507818
41610184
41484187
41494420
41565424
41484187
41550313
41484187
41528650
41484187
41542450
41639194
41484187
41521120
41562016
41548837
41521971
41640736
41484187
41561835
41508482
41504160
41557916
41564813
41556494
41484187
41569983
41520520
41485880
41489626
41494420
41484187
41543466
41571889
41600299
41516039
41577416
41484187
41484187
41520995
41515930
41558259
41484187
41484187
41513515
41612256
41534492
41512057
41503252
41641799
41488578
41611267
41510313
41484187
41484821
41484187
41516420
41541670
41536911
41497457
41504930
41484187
41584440
41492373
41489330
41524754
41484187
41494270
41484187
41484187
41596062
41517960
41556891
41517924
41484187
41593648
41528252
41484187
41484187
41484187
41583086
41484976
41540431
41613391
41494420
41631872
41497788
41546029
41512243
41510666
41484187
41563436
41518342
41554384
41532714
41502628
41567273
41566586
41496824
41484187
41562910
41546772
41555826
41503603
41500958
41543466
41524525
41548921
41510916
41582084
41577228
41641774
41551673
41531758
41484187
41488578
41546823
41507470
41573803
41587677
41499708
41548921
41510871
41546029
41538582
41542664
41526353
41591858
41487582
41484187
41484187
41543097
41550506
41569123
41506667
41521458
41484187
41506829
41508034
41519989
41607472
41654331
41568887
41487207
41542548
41504930
41522528
41604280
41488347
41530757
41514307
41600134
41497298
41484187
41526929
41530984
41633198
41621891
41630328
41484187
41484187
41484187
41508034
41537131
41570954
41501418
41484187
41520583
41631031
41551971
41524664
41484187
41529219
41496100
41568696
41553453
41484187
41525751
41518162
41551433
41484187
41484187
41507682
41591858
41681327
41499735
41554771
41509928
41516987
41516196
41501177
41484187
41551510
41515930
41559625
41627006
41514344
41502033
41526929
41484187
41569994
41492625
41503208
41564808
41617808
41484187
41484187
41484187
41484187
41502376
41536176
41499892
41545567
41484187
41500635
41551537
41484187
41630982
41514539
41595004
41534739
41637106
41484187
41509366
41578256
41589182
41496273
41593958
41535805
41484187
41534448
41694967
41506657
41567587
41484187
41506738
41533928
41545099
41532580
41503134
41536456
41601049
41537820
41488565
41484187
41608993
41536481
41588956
41511142
41566861
41627006
41615814
41493467
41514376
41498841
41581279
41484187
41561227
41565977
41484187
41666561
41569355
41538329
41536622
41484187
41506422
41554183
41515220
41494482
41507906
41494482
41494270
41563154
41486546
41484187
41547908
41484187
41484187
41484187
41530518
41555488
41485880
41535656
41490954
41553652
41550513
41524337
41497757
41514376
41520583
41484187
41494463
41484187
41594227
41562897
41484187
41522476
41532004
41484187
41484187
41540119
41581211
41514442
41599002
41531758
41596142
41503252
41508560
41546428
41542635
41484187
41516163
41506036
41614574
41553108
41494748
41484187
41484187
41555002
41529859
41487846
41492332
41502202
41531758
41530931
41528946
41551537
41549333
41569123
41568235
41545231
41535529
41502419
41555002
41497414
41573760
41485657
41587706
41484187
41484187
41531513
41484187
41484417
41484187
41527943
41577365
41503278
41555806
41560428
41484187
41484187
41554384
41580408
41600682
41484187
41484187
41520520
41484187
41510692
41498643
41484187
41484187
41484187
41507682
41484187
41484187
41484187
41484187
41507682
41503278
41484187
41571768
41544459
41626606
41484187
41484187
41561781
41484187
41584102
41527541
41504505
41502269
41630479
41530763
41484588
41530397
41576854
41607328
41485880
41484187
41508859
41544212
41507682
41484187
41565782
41484187
41595056
41499735
41504364
41484187
41575995
41539319
41542548
41484187
41597514
41557916
41497457
41484187
41545910
41514847
41510352
41492831
41504891
41543561
41484187
41578147
41539490
41492831
41629082
41484187
41535326
41488578
41492947
41512116
41484187
41484187
41596914
41484187
41595551
41533703
41504189
41484187
41494561
41484187
41565253
41596325
41484187
41510704
41531769
41506657
41507805
41600000
41484187
41529540
41528249
41484187
41486546
41544289
41567610
41582956
41573489
41544158
41543238
41533575
41562814
41607321
41506018
41575140
41523178
41484187
41581969
41560438
41484187
41499499
41494125
41505525
41578147
41560779
41507306
41518124
41484187
41484187
41484187
41559709
41484187
41612224
41484187
41534143
41535832
41535672
41512335
41522019
41484187
41484187
41526389
41565877
41533973
41484187
41574142
41484187
41518944
41493998
41484187
41527182
41532471
41501911
41484187
41487581
41540206
41548921
41484187
41487724
41553421
41503278
41492094
41484187
41650154
41484187
41490282
41580381
41525702
41484187
41500595
41541670
41484187
41484187
41484187
41641972
41502033
41484187
41497298
41512392
41581990
41597461
41484187
41518767
41491151
41484187
41511997
41545448
41516283
41514617
41592571
41484187
41556417
41540119
41497788
41557916
41484187
41525197
41505166
41545734
41496594
41543138
41542148
41484187
41484187
41484187
41484187
41557869
41484187
41597313
41544158
41484187
41622428
41505713
41540206
41634489
41484187
41484187
41551995
41540582
41484187
41572442
41484187
41484187
41518595
41569322
41484187
41498118
41484187
41538329
41683855
41653167
41562574
41618197
41507161
41580089
41486428
41527820
41509373
41496100
41556534
41516283
41516401
41484187
41533085
41534739
41560378
41523030
41484187
41484187
41484187
41581029
41532471
41683343
41484187
41498608
41487581
41500418
41502050
41484187
41484187
41484187
41484187
41512321
41576963
41544020
41556511
41484187
41582672
41484187
41550379
41518560
41504979
41540840
41551173
41533397
41513276
41484187
41555862
41484187
41581739
41512427
41544751
41519387
41484187
41531758
41501666
41484187
41573904
41489924
41622664
41569220
41484187
41531803
41530857
41484187
41484187
41564079
41545734
41484187
41517686
41484187
41488151
41579648
41501891
41580931
41559658
41484187
41549135
41484187
41534739
41484187
41560779
41514522
41484187
41484187
41496852
41484187
41538030
41484187
41537056
41514457
41519989
41555385
41706168
41484187
41581248
41484187
41484187
41484187
41584776
41489626
41519983
41484187
41484187
41579122
41554391
41488151
41535715
41572736
41574181
41484588
41484187
41567610
41523546
41570981
41484187
41484187
41543315
41526223
41512962
41534091
41488565
41484187
41488521
41549135
41511731
41484187
41491292
41529142
41484187
41488518
41484187
41636037
41484187
41484187
41484187
41536586
41587538
41519989
41484187
41484187
41558972
41486010
41507497
41484187
41530698
41486680
41560698
41484187
41583330
41531314
41484187
41492373
41528160
41533883
41545279
41530160
41622546
41484187
41519205
41551025
41618696
41484187
41487724
41484187
41540799
41553421
41524905
41500272
41520208
41498841
41550205
41533904
41543138
41508562
41557611
41617561
41538269
41566781
41484187
41499708
41524525
41606090
41550210
41484187
41513763
41496273
41544319
41484187
41556064
41494938
41492365
41573018
41582164
41628896
41539918
41527545
41486680
41572080
41535581
41558992
41587538
41484187
41530340
41484187
41551510
41516283
41543321
41609962
41484187
41484187
41484187
41484187
41510058
41521405
41518157
41539865
41489481
41505855
41536456
41528249
41500032
41638413
41484187
41597310
41579161
41523465
41484187
41516401
41524090
41533013
41526323
41497757
41484417
41579980
41544482
41503603
41484187
41484187
41590761
41484187
41484821
41484187
41577867
41484187
41515350
41542735
41502376
41604280
41484187
41511218
41484187
41540205
41510510
41542548
41619302
41501177
41484187
41510069
41531056
41546852
41542548
41520151
41494748
41484187
41484187
41510704
41523278
41547144
41534227
41538304
41528351
41588099
41484187
41512978
41484187
41484187
41506512
41484187
41579143
41484187
41624173
41488518
41589517
41508502
41598225
41554384
41493339
41488578
41572752
41614589
41528351
41535715
41551065
41517686
41502628
41484187
41550791
41484187
41579342
41550776
41523234
41487059
41597914
41556895
41533740
41484187
41484187
41484461
41484187
41521936
41546428
41484187
41512057
41545015
41484187
41537573
41568435
41484187
41489604
41484187
41484187
41584734
41556891
41522117
41533928
41484187
41612770
41557919
41487059
41484187
41484187
41484187
41540464
41544319
41515662
41512392
41573209
41529294
41593269
41597514
41490260
41585809
41484187
41543726
41533928
41531465
41584613
41496559
41484187
41484187
41503579
41508316
41484187
41484187
41503555
41537841
41546029
41486546
41538130
41484187
41508418
41484187
41543533
41657780
41484187
41489924
41546252
41536063
41528067
41540988
41484187
41530757
41523618
41538761
41547734
41536600
41621457
41496059
41559717
41513792
41560779
41516196
41556891
41503278
41567610
41513276
41484187
41570415
41546029
41540205
41511309
41513763
41484187
41484187
41485320
41486680
41516401
41550389
41529424
41541453
41484976
41487059
41484187
41503391
41533904
41488521
41560355
41553240
41484187
41503208
41564845
41484187
41484187
41506657
41484187
41581235
41508751
41550205
41611126
41643448
41520119
41533477
41484187
41492332
41580408
41570439
41537555
