200 598 152
1 101
1 80
1 142
1 60
1 138
1 152
80 83
80 190
80 46
80 125
80 117
80 82
80 4
80 156
80 107
80 105
80 24
80 157
142 74
142 53
142 71
142 161
190 118
190 40
190 192
190 36
190 39
190 172
190 183
190 51
40 62
40 179
40 159
40 173
40 136
40 154
40 146
40 21
179 124
179 160
179 183
46 10
46 120
46 126
46 58
46 66
46 174
46 31
46 187
120 129
120 189
120 152
120 89
120 124
120 73
192 19
192 20
192 51
192 83
192 132
192 161
192 135
192 43
36 105
36 68
36 104
36 50
36 61
36 119
36 86
117 108
117 9
117 181
117 33
117 96
117 164
117 146
58 55
58 49
58 162
58 52
58 65
82 21
82 28
82 109
82 149
82 88
82 137
82 139
82 68
189 53
189 87
189 113
189 37
189 126
189 115
189 22
189 125
189 5
189 166
189 7
68 45
68 194
68 29
68 177
9 173
9 154
9 6
9 62
20 79
20 38
20 155
20 184
20 116
20 98
104 146
104 157
104 132
104 113
104 109
104 141
152 72
152 2
152 102
152 181
152 163
28 154
28 60
28 45
28 32
28 53
66 158
66 74
66 112
66 11
83 144
83 157
74 76
74 95
74 143
74 186
74 144
74 167
74 153
74 188
74 151
74 177
74 121
87 170
87 69
87 4
87 122
87 164
87 55
87 47
87 133
143 105
143 24
143 180
143 17
159 63
159 94
173 125
173 35
173 160
173 53
173 4
173 197
156 50
156 84
49 113
49 43
49 23
49 42
49 115
49 41
186 98
186 18
186 48
186 113
186 32
60 81
60 146
60 147
38 5
38 29
38 95
38 85
38 57
38 158
181 39
181 52
181 175
181 182
181 168
37 145
37 131
37 146
144 55
144 176
144 13
18 86
18 97
18 85
107 26
107 78
107 52
107 138
107 193
33 69
33 127
33 14
33 50
33 184
155 174
155 3
155 177
155 180
155 130
23 3
23 198
23 25
39 127
39 45
39 44
39 126
39 182
29 59
29 30
29 54
132 97
132 198
132 64
132 153
69 99
69 162
69 113
69 94
69 63
69 172
69 151
69 148
69 128
89 187
89 162
89 65
89 67
89 41
95 124
95 86
95 30
44 78
44 193
44 165
44 122
78 172
78 50
78 164
78 15
193 67
193 12
162 98
162 98
162 21
162 199
85 187
85 103
85 3
85 111
65 108
65 177
65 10
57 119
57 140
57 199
42 99
42 185
42 16
42 3
149 32
149 48
149 139
184 62
184 141
184 139
86 174
86 128
86 187
164 101
158 109
158 154
158 108
158 30
158 165
160 101
160 56
160 31
160 114
167 108
167 19
167 115
97 88
97 157
97 196
97 34
4 141
4 145
4 55
4 100
4 84
4 30
113 6
113 26
113 194
113 176
113 136
126 122
126 101
30 161
30 125
30 64
32 94
32 198
32 81
32 96
32 51
26 185
26 62
131 5
131 133
105 153
53 146
53 90
53 123
53 166
53 200
127 174
127 22
127 191
61 174
61 112
61 180
61 153
102 25
102 93
102 161
88 178
88 48
31 47
31 55
31 140
122 27
122 109
122 56
98 43
98 182
98 35
3 13
3 116
137 67
137 99
137 171
35 136
194 62
194 195
194 195
194 99
81 169
81 90
81 129
81 195
81 62
81 185
64 146
96 16
96 134
24 45
24 150
24 75
187 15
187 45
187 76
48 148
48 77
48 134
123 50
123 56
123 92
15 171
15 91
161 54
100 71
100 198
100 121
100 198
6 200
138 145
138 110
198 147
198 135
198 134
198 21
67 175
67 136
52 62
52 199
52 92
52 112
52 148
135 125
135 94
135 13
84 191
84 121
84 133
147 34
93 16
93 171
93 7
93 106
93 12
93 139
175 130
175 92
129 47
129 130
129 8
124 41
121 172
121 170
121 176
121 109
112 199
112 79
14 103
14 118
14 27
14 90
13 118
13 79
13 41
13 103
13 99
101 111
140 163
140 63
177 106
94 91
94 2
41 197
41 109
41 50
41 71
27 72
27 133
27 55
27 8
22 154
22 92
103 169
103 174
170 62
56 5
56 110
56 168
45 125
54 133
54 174
54 115
54 150
188 47
188 182
188 62
154 118
154 171
180 63
92 168
92 55
92 174
92 75
119 168
119 151
79 150
79 63
125 200
125 72
5 90
5 19
5 163
151 50
151 150
116 111
72 7
72 106
47 7
47 51
47 114
75 136
75 191
75 128
199 169
199 169
8 34
8 169
172 109
108 145
108 59
109 168
19 55
19 163
77 115
133 106
133 145
111 25
111 178
55 196
62 163
62 153
134 182
21 76
153 25
153 73
153 34
153 115
166 139
63 7
63 51
114 168
191 73
191 183
191 10
17 163
17 106
176 76
176 118
99 195
99 59
195 7
25 2
25 148
141 163
50 70
196 16
174 73
174 136
148 73
148 43
146 200
185 139
185 182
130 182
118 43
182 71
182 43
182 168
11 136
34 76
168 7
110 150
110 200
110 165
16 183
16 106
16 76
128 136
183 106
171 51
59 145
59 136
59 2
51 200
178 200
71 90
71 200
10 163
10 169
10 70
157 70
7 163
197 150
91 169
76 200
136 163
165 150
90 145
106 2
12 115
73 70
2 70
169 70
169 43
70 150
115 200
43 163
145 139
139 163
163 200
150 200
1 4 6 8 9 10 11 12 14 17 19 20 23 24 25 27 28 29 30 32 33 34 35 36 37 39 40 41 43 45 47 48 49 51 52 53 55 56 57 58 59 60 61 64 66 68 69 70 71 72 76 77 78 79 81 82 83 84 85 86 90 93 94 95 96 97 98 99 100 101 102 103 104 105 106 107 108 110 111 113 114 116 117 118 119 120 121 123 124 125 126 127 128 129 130 131 132 134 136 138 139 140 141 142 143 144 145 146 147 148 149 150 152 153 154 155 156 157 159 160 161 162 164 167 168 169 170 171 172 173 175 176 177 178 179 180 182 183 184 185 186 188 189 190 191 192 194 196 197 198 199 200 