91
274288C07609C9B9 16 2
7252227BB72652B8 16 10
100100001101010111100001001010100010010010100001110010011101101 2 10
3A9CA1E70157AE6 16 2
9F51F3C334CD2AC 16 8
10010010100010111101111011011111110111010100001010100001011001 2 8
57240054415142636261 8 10
100000011111010001010001111100110011010001010101110010100011111 2 8
5867274061589030978 10 16
3435216570294723704 10 8
3D6DDA6A7ED73F55 16 2
6F6735F960BB088C 16 10
8137791407365744176 10 16
415163716741106201130 8 10
101001011100010001011110100000000011010010111101110000001001010 2 10
107010742210251450373 8 2
10010100010101101110011111101001010010010000000111101000101001 2 10
645535742421071352763 8 2
38889258225481309 10 16
574143135550267570747 8 10
595FA0FF3DD86FA9 16 2
101011001101100000100000101011001101001000111111001000010001001 2 10
64343C224C7D947C 16 10
72E867A847CB14BD 16 8
2DF37AFE8A834BAA 16 8
2278290728326049419 10 8
3167202034564461231 10 2
132470138487132205 10 8
4771387222093129253 10 8
1000001010101110011010110001101100000010001000010110000000000 2 10
101111010011100101010001001111010010111111101111111101010011010 2 16
221144175612404526157 8 16
76A000714AFD4D00 16 10
2884610759851604663 10 2
1747413074292999462 10 16
111010000011011100100011101100110100000010101111001000000001010 2 16
11110011000111001101100001000100110111001000101001010010001000 2 16
66B76027BC4D864A 16 10
7B8FA154748F1579 16 2
41C825C23B264AB7 16 2
6690047489646910083 10 16
7C39BC247ABD54BB 16 8
6223B697DAF74CB4 16 8
5CFC8FF1A3CB2296 16 2
5527372822295003511 10 16
6517F3CA776E1DE7 16 8
E9081017161F964 16 2
42EDF93D2ACEB3C1 16 10
576760342260671715731 8 2
656045307746444304252 8 2
10001000100010101001011011110010011100001010111110110101000101 2 16
6E5FBBB82AAD4498 16 2
7227033561931178287 10 16
101001000000100110101101000111001001111101010110110110010011110 2 10
760177764540670375313 8 16
5002494467233447279 10 16
8210603608735144642 10 16
1F6DB8D03D2E6507 16 2
506421245260442205062 8 16
2C7E4EDEBCCEABAA 16 8
246552551440066776657 8 16
1010011010100100011111111100011101010010000110001001001111000 2 16
343007272407065764122 8 10
101001100110001010100010010110111010111010110011100001100101110 2 16
125247314007601231163 8 2
16E57E91847DBB53 16 10
111111100001101100010011101101110101100000111010011110100100 2 10
776206651077010637661 8 10
298AAB73E3B67822 16 10
5314272373014356418 10 16
2868893655480459952 10 16
4768006287099798142 10 2
4826704267EF3855 16 10
1603883124807413349 10 8
10100010001110101010101111100011100111010011100100011110110001 2 10
598975889755144156 10 16
7125369113778146902 10 8
8621953372796354051 10 16
2836011019224819447 10 8
405422536511632746264 8 10
375111071525423103721 8 10
2497BE4BACE5E33C 16 10
10100100100000100001101110001001111110111000001000010101110000 2 8
609181743382036398 10 2
5667727217916065668 10 2
44E73EBD1AE66126 16 2
553C71E408F746F3 16 10
3021041800585607424 10 2
6889468947357340351 10 16
1272045666330276255 8 2
69E5FBEBA14FBA02 16 2
