64
636155305064346601235 8 16
617702427503302077017 8 16
111010000101101011010010001000111010101100000110000010000110011 2 16
11010101011010100011000000011000100000110100100000101010 2 8
7924212239293686184 10 8
233571751506606142214 8 10
7CC6DB1D4EFA61B4 16 2
708074F9C098CC2C 16 10
467406111012176010075 8 2
776666353176210620152 8 10
24646301171226263332 8 2
110101011011011000010010110101010101010011001001110111011011111 2 8
652C97094BB2A0AA 16 8
26D589019AD4DDF3 16 2
571444722452265465122 8 2
670552651521206701035 8 2
646BE63B1622C245 16 10
46857C7F3A072155 16 8
345051771272375640365 8 2
652712765055667313237 8 2
100100010011011001010001000010010000000000100100101001110011011 2 10
7D61576EDDF4AFED 16 8
3579845230072679541 10 16
9184341054496424789 10 8
1110101010110001000010001001100110001011001101101110100011100 2 10
66246055157070307445 8 16
858125622755071861 10 16
6BB2F1FB2431B0B3 16 8
100100110010100100110011001010001001101001010101000001001001000 2 8
101011011000100110100010101010101100010110001011010111010100001 2 8
11000111110000101000111010000010011010010001111000000111101011 2 10
5829470060703076459 10 16
416243016141166155221 8 10
11110010011001000110101011101000100101110010111010011110011 2 16
111111100110011011001010110001010100000110010100001001010100001 2 10
775324652073412315217 8 2
379A9CDC66F73F94 16 8
100101110011000110001000011110101101111000100011000011110010110 2 10
171675741563103075417 8 2
110001001011010111000110110111110110001010100001010011111 2 8
606957726893074753 10 2
228B62084B1BAA9B 16 2
7365316759197070507 10 16
132345324312024526612 8 16
1011011110100011101110001110010001000000001100001111110110 2 16
101101100100100010110111011111101110101001000101111001001001001 2 16
425E44764839A096 16 8
2DF68062CDD2130D 16 2
370257401352764571371 8 2
111011011001110101101111110100010100011110101000001000000110010 2 16
721671605041017167706 8 16
6E2518CCCF6FC340 16 8
6676696501660335252 10 2
7F92BDFB114E163F 16 8
1010101100011011011001111110100011010100110100010010001010111 2 10
152147503255543225201 8 2
304233151030715566044 8 16
542556730545731374073 8 16
110111010010010100110000110000100110111010011111111110101110001 2 10
29C18175FFA1A6F4 16 8
110011101100110001101001000100111000111111111111101011001100101 2 10
333672530136452776610 8 16
747076575721357605710 8 16
7767239210762869782 10 16
