100 50
0
0
0
1
0
0
0
0
0
1
0
1
0
0
1
0
1
1
1
0
0
0
0
1
0
1
0
0
1
0
0
0
0
1
0
0
1
0
0
0
0
1
0
0
0
1
0
1
1
0
8 94
16 75
18 57
45 81
49 73
29 53
25 62
4 80
28 93
26 74
37 75
39 78
35 53
22 57
36 54
19 76
3 69
6 99
42 90
53 85
46 59
44 75
34 58
10 57
17 72
12 84
50 76
31 81
59 82
21 98
74 91
82 97
23 75
66 72
81 100
7 87
41 67
14 51
27 63
30 85
70 75
5 56
33 84
24 78
83 98
38 77
13 85
68 97
40 80
78 80
15 89
32 60
48 87
11 94
43 56
90 93
54 96
20 68
51 60
85 96
58 73
51 91
70 76
84 88
55 85
52 73
57 86
51 86
66 67
70 88
56 90
92 99
1 64
52 70
9 77
77 79
2 69
47 70
71 79
64 65
83 90
83 94
63 89
87 92
70 78
68 89
61 92
66 78
66 69
61 62
51 68
55 69
65 83
65 95
51 95
51 100
55 71
62 71
51 62
