4000 2044
1
0
1
1
1
0
1
0
1
1
1
1
1
0
0
1
1
0
0
0
1
0
0
0
0
1
1
0
0
1
0
0
0
0
1
0
0
1
1
0
1
1
1
0
1
0
0
1
1
0
1
1
0
0
1
0
0
1
0
1
1
1
1
0
1
1
1
0
1
0
0
0
0
0
1
1
1
1
1
1
0
1
0
0
0
0
0
0
0
1
0
0
0
1
1
1
1
0
0
1
1
1
0
0
1
1
0
1
1
1
0
1
1
1
1
1
0
0
1
1
0
1
1
0
1
1
0
1
0
0
0
0
1
0
0
1
0
0
1
0
0
0
1
1
1
1
0
0
0
0
1
0
0
1
1
0
1
1
1
1
0
0
1
0
1
1
0
0
0
1
0
0
0
1
1
1
1
0
0
1
0
1
0
1
1
1
1
0
1
1
0
1
1
1
0
1
1
0
1
1
0
1
1
0
1
1
0
0
1
0
0
0
0
0
1
0
1
0
1
1
1
1
1
1
0
1
0
1
0
1
1
1
1
1
1
0
0
0
0
0
1
0
0
0
1
0
0
0
0
1
0
0
0
1
1
1
1
0
1
1
0
0
0
1
1
0
1
0
1
1
1
0
0
1
1
1
0
1
0
0
1
0
1
0
1
1
1
0
1
0
0
1
1
1
0
1
1
1
1
1
1
1
0
1
0
1
0
0
0
0
1
0
1
1
0
0
0
1
1
0
0
0
1
1
1
0
1
1
0
1
0
1
0
0
1
1
1
1
0
0
0
0
0
1
1
1
0
0
0
0
0
1
0
0
1
1
1
0
1
1
1
1
1
1
0
0
0
0
0
1
0
0
1
1
0
0
0
0
0
1
0
1
0
0
1
1
0
0
0
1
0
1
1
1
1
1
0
0
0
0
1
1
0
0
0
0
0
1
1
1
1
1
0
1
0
0
1
1
0
1
1
1
1
0
0
0
0
0
1
1
1
0
0
0
0
1
0
1
0
0
1
1
0
1
1
0
1
1
0
0
1
1
1
0
0
0
1
1
1
0
0
0
1
1
0
0
0
1
1
0
1
0
0
1
0
0
0
0
0
1
0
1
1
0
0
0
1
1
0
0
0
1
1
1
0
0
1
0
0
1
1
1
0
0
1
0
1
0
0
1
0
1
0
1
0
1
1
1
0
1
0
1
0
1
1
1
0
1
1
0
1
1
0
1
1
1
0
0
0
1
0
0
0
0
0
0
1
1
0
0
1
0
0
0
0
0
1
1
1
1
1
0
1
1
0
0
1
0
1
0
1
0
0
0
1
0
1
1
0
1
1
0
0
0
0
1
0
0
0
0
0
1
1
1
1
1
0
1
0
0
1
0
0
0
1
1
1
0
0
0
0
0
0
1
0
1
0
1
1
1
1
0
1
1
1
0
1
1
0
1
1
0
0
1
0
1
1
0
0
1
0
1
1
1
0
0
0
1
1
0
0
1
0
1
0
1
0
0
1
1
1
0
1
0
0
1
0
1
0
1
1
1
0
1
0
1
1
0
1
1
1
0
1
1
0
0
1
1
0
0
0
0
1
1
0
0
1
1
0
1
0
1
0
1
0
1
1
0
0
1
0
1
1
1
1
1
1
0
0
1
1
1
0
1
0
1
1
0
0
0
0
1
0
0
1
1
0
1
1
0
0
0
1
1
1
0
1
1
1
0
1
0
1
1
0
0
0
0
0
1
0
0
0
0
1
0
0
1
1
0
1
1
0
1
1
1
1
1
0
1
0
1
1
1
1
0
0
1
0
1
1
0
1
1
1
1
1
1
1
1
1
1
0
1
0
0
1
0
0
0
1
0
1
1
0
1
1
0
1
1
1
0
1
1
1
1
1
1
0
0
0
0
1
1
0
0
0
1
0
0
1
0
0
1
1
0
0
0
1
0
0
1
0
0
1
0
1
0
1
0
1
0
0
1
1
1
1
0
0
0
0
0
0
1
0
1
0
1
0
1
1
0
0
1
0
0
1
0
0
1
0
0
1
1
1
1
0
1
1
1
1
0
0
1
1
0
0
1
1
1
1
1
1
0
0
0
0
0
0
0
1
1
1
1
0
0
0
1
1
0
1
0
1
1
0
0
0
1
0
0
0
1
1
0
1
0
0
0
0
1
1
0
0
0
1
1
0
0
0
0
0
0
1
1
0
1
0
0
0
1
0
1
1
0
1
1
0
1
1
0
0
0
0
0
0
1
0
1
1
0
1
0
0
0
0
0
1
1
1
0
0
1
1
0
0
0
1
0
0
0
0
0
1
1
1
1
1
1
0
1
0
0
1
1
0
0
0
0
0
1
0
1
1
0
1
1
0
0
0
1
1
0
0
0
0
0
0
1
0
1
0
0
1
0
0
1
1
0
0
1
0
1
0
0
1
0
0
0
1
0
1
0
1
1
1
1
1
1
0
1
1
1
0
0
1
0
0
1
1
0
0
0
1
1
1
1
1
1
1
0
0
1
1
0
1
1
1
1
1
0
1
0
1
1
0
1
0
0
0
0
1
1
1
0
0
0
0
0
0
0
1
1
1
1
1
0
0
0
1
1
1
1
0
1
0
0
1
1
1
0
0
0
1
1
1
0
0
0
0
0
0
1
0
1
0
1
0
1
0
0
1
1
1
1
1
0
0
0
1
1
0
0
0
1
1
0
1
0
1
0
1
1
1
1
0
0
0
1
1
1
1
1
0
0
0
0
1
0
0
0
0
1
1
1
0
1
0
0
1
1
1
0
0
1
0
1
1
0
0
1
1
0
0
0
1
1
0
0
1
1
1
0
0
0
1
1
1
1
0
0
0
1
1
1
0
1
0
0
0
1
0
0
1
1
1
1
0
1
1
0
1
0
0
0
1
1
1
0
1
0
1
0
1
1
1
0
1
0
1
1
0
1
1
0
0
0
1
0
0
0
0
0
1
0
0
1
0
0
0
1
0
0
1
0
1
1
0
0
1
1
0
0
1
0
0
1
1
1
0
0
0
0
0
0
1
0
1
0
0
1
0
1
0
0
1
1
1
0
0
1
1
1
1
0
1
1
0
0
1
0
1
1
1
1
1
1
0
1
1
0
0
0
1
0
0
1
0
0
1
1
1
1
0
1
0
0
1
0
1
0
1
0
0
0
1
1
0
1
0
0
0
1
0
0
0
1
1
1
1
1
0
1
0
1
0
0
1
0
1
1
0
0
1
0
1
1
0
1
1
1
0
1
0
1
0
1
0
0
0
1
1
0
0
1
0
1
0
0
1
1
1
0
1
1
0
1
0
1
0
1
0
1
1
0
0
1
0
0
0
0
1
1
1
0
1
1
1
0
0
0
1
1
0
1
0
1
0
1
0
1
1
1
0
0
0
0
0
0
0
1
0
0
0
1
0
0
1
0
0
1
0
0
1
1
1
0
1
1
1
1
1
0
1
1
1
1
1
0
1
0
1
1
0
0
1
1
0
1
1
1
0
0
1
0
1
0
0
1
0
1
1
1
0
0
1
1
1
0
1
0
1
1
0
0
1
1
1
1
1
1
1
1
1
0
1
1
1
1
0
1
1
1
1
1
1
0
0
0
1
0
1
0
1
1
0
1
1
0
1
0
1
0
1
1
0
1
0
1
1
0
1
1
1
0
0
1
0
1
1
0
0
1
0
0
0
1
1
1
1
0
1
1
0
1
0
1
1
0
0
0
1
1
1
1
0
0
0
1
1
0
1
0
1
0
0
1
1
1
1
0
0
0
0
0
0
0
1
1
0
0
0
1
0
1
1
1
0
1
0
0
0
0
0
1
0
0
1
1
1
0
0
0
1
0
0
1
0
0
1
1
0
1
1
1
1
0
0
1
0
1
1
0
1
1
0
1
1
1
1
1
0
1
0
0
0
0
0
1
1
1
1
0
0
0
1
1
1
0
0
1
1
0
0
0
1
0
1
1
0
1
1
0
0
1
1
1
0
1
1
1
0
0
0
0
1
1
0
0
1
1
0
0
1
0
1
1
0
1
1
0
0
1
1
1
1
0
0
0
1
1
0
1
0
0
0
1
0
1
1
0
0
1
1
0
1
0
0
0
1
0
0
1
0
1
0
1
1
1
0
1
1
0
1
1
1
0
0
1
1
1
1
0
1
0
1
1
1
1
1
0
0
1
0
0
1
0
0
1
0
0
0
1
1
0
0
0
0
1
1
1
1
1
0
0
0
1
0
1
1
1
1
1
1
1
0
1
0
0
0
1
0
1
0
0
1
1
0
1
0
0
1
1
1
0
0
1
1
0
0
1
0
0
0
1
0
0
0
1
1
1
0
0
0
1
0
0
0
0
0
1
0
1
1
0
0
0
0
0
1
1
1
1
1
0
1
0
1
0
0
0
1
1
0
0
0
0
0
1
1
0
1
1
0
0
0
0
1
0
0
0
1
0
1
1
0
1
1
1
1
0
1
1
1
0
1
1
1
0
1
0
0
0
0
1
1
0
0
0
0
1
0
0
1
0
1
0
1
1
1
1
1
1
0
0
0
1
1
1
0
0
1
1
0
1
0
0
1
1
0
0
0
1
0
0
1
0
0
1
1
0
1
0
0
1
0
0
1
1
1
1
0
0
1
1
111 3841
1722 2432
1633 2629
1899 2203
51 2880
1745 3479
2010 2211
729 2847
1196 3856
837 2229
764 2718
1507 2842
1208 2474
1640 3447
1684 3839
687 2315
1635 2365
1553 3860
1618 3736
311 3358
697 2399
1312 2531
937 2592
593 3584
1142 2253
659 3546
1210 2605
1066 3379
1020 3734
393 2588
958 3961
1417 2445
1943 3968
276 3866
1533 3163
1475 2236
538 3619
1407 3516
1358 2579
95 2387
1931 2234
1179 3314
3076 3856
770 3576
1314 2172
14 3393
1696 3692
668 3453
929 2097
1942 2546
968 3754
1454 3966
91 3874
293 2087
263 2179
104 2673
636 2998
1944 2912
1181 2602
2038 3719
465 2998
1277 2646
145 3152
1443 3556
1744 3177
1381 3371
667 2530
1012 3759
59 3088
1029 2774
902 2099
121 3874
1486 2255
710 3069
883 3403
956 2674
997 3975
717 3806
549 3389
682 2710
651 3532
416 3151
1105 2981
1764 3593
1721 2437
2926 3839
1444 3453
2912 3514
2365 3965
864 3022
1004 3383
656 3007
1450 2088
1994 2125
925 2502
207 2668
267 3516
1906 2440
642 3707
1890 3725
1519 2482
912 3742
1151 2524
136 3433
547 2737
1048 3640
1159 3796
368 2730
763 2754
135 2453
2023 3076
1280 3176
556 3225
1689 2481
1022 2645
358 2601
259 2259
470 3689
781 3636
282 3696
1498 2503
1615 2649
1146 2077
1304 3510
334 3654
1055 2623
727 3780
1547 2594
690 3563
975 3259
965 2907
1327 3698
1986 2372
1961 2473
1180 2269
117 2955
568 2423
57 3627
315 2515
1228 2606
388 3457
1934 2470
1354 2225
1823 3865
1478 3399
550 2838
1369 2385
345 2441
1246 3011
895 2899
451 2187
1449 3326
1291 3824
693 2257
858 2500
3698 3940
1514 2392
1062 2223
1414 3685
242 2135
873 3350
1651 2746
456 3301
1264 2887
1123 3291
161 2797
1920 3410
286 3013
1946 2501
1156 3713
1497 3591
1531 3808
838 3920
1620 3213
823 3264
377 3772
484 2130
450 2298
569 3501
670 3198
801 2933
774 2282
1877 3012
734 3484
1987 3316
592 2400
576 2398
1517 3158
986 3626
52 3611
582 2226
1111 3200
1522 3301
863 2589
1573 2414
1554 2898
672 2660
204 3721
1694 3579
725 3117
800 2291
1025 3126
44 2651
1839 2190
993 2107
805 3235
340 2578
1226 3271
1315 3924
1586 3132
63 2731
941 2733
1470 2770
632 3937
2012 3048
1873 3178
652 3224
1540 3096
1769 3086
1480 2249
681 3051
1645 3331
427 3770
1341 2457
1628 2954
1296 3999
1619 3899
342 3584
294 2201
1235 2940
1678 2435
1293 2941
1408 2411
1523 3411
676 2597
1966 2062
1011 3184
247 3474
678 3727
1582 2637
1778 2252
736 2915
2730 3019
1524 2129
1910 2751
295 3895
527 3181
743 3088
400 2735
1389 3094
2480 3411
19 3990
350 2560
123 2661
970 3676
163 3524
971 2913
1534 3785
1467 2781
144 2442
513 2233
1970 2447
1735 2660
718 3237
1052 3815
1826 2280
769 3251
500 3200
1040 3209
2441 3400
661 3273
1851 3655
1216 2893
1578 3894
1147 2924
1472 2677
1833 3088
1362 2643
896 3095
1716 3042
1404 3779
1046 2185
1792 3644
310 2522
1237 2732
296 3788
1262 2533
762 2323
361 3941
1685 2194
1806 3697
850 3462
1606 2739
884 2849
585 3059
2718 2793
1916 3993
819 2830
2011 2979
73 3862
1886 3711
1614 3159
2201 3499
478 3757
1323 3915
1847 3940
93 2122
2533 3806
524 2258
1584 3026
600 3585
1275 2993
1357 3997
1901 3949
821 2627
154 3561
2041 3374
1664 3369
410 3434
1784 2073
740 3833
2013 3046
836 2869
876 2701
201 2745
1882 2333
2248 2993
300 2863
677 3245
462 2665
38 3846
481 2801
3076 3482
3 3661
28 2871
1576 2447
153 3826
1223 2187
942 2111
1344 3820
715 3874
978 3912
1104 2599
233 2770
4 2677
271 3515
684 2341
3103 3251
2022 2184
1521 3928
787 2237
1743 2573
1027 3881
874 3426
1646 2810
686 2058
167 2595
1220 3747
1673 2061
907 3522
914 3639
467 2890
1279 3494
1031 3379
1260 2227
1452 3985
637 2714
526 2257
614 2800
1100 2204
1829 3328
1395 2500
1796 3471
1116 3761
528 3850
2301 3046
1267 2476
1149 3303
1588 2669
1236 3720
155 2123
590 3686
3019 3550
962 2071
1380 3172
562 3432
745 2986
961 2795
559 3241
48 2772
131 2771
1807 2736
1663 2563
1252 2316
365 2406
1853 3674
2029 2293
1396 3729
843 3597
3655 3805
1095 3881
750 3354
1612 3705
381 3651
1976 2357
1214 3835
1918 3694
1028 3647
179 3827
1258 3835
2820 3042
1006 2385
2320 3705
1680 3534
1068 2808
512 3079
1603 3068
649 2355
2442 3558
1509 2266
459 3755
466 3356
1374 3275
41 3279
980 3674
463 3891
419 3311
2453 3138
1715 3810
1629 2853
598 3192
1529 2637
1626 2160
285 3268
164 2598
281 2949
61 3196
116 2235
3352 3432
933 2963
3501 3776
1862 3512
1948 2504
844 3209
1639 3730
125 3507
1734 3506
508 3297
3086 3487
998 3250
1365 2961
1033 3879
906 2350
581 3068
1768 2570
1738 3712
853 3942
658 3439
1781 3586
615 2762
1630 2483
1753 2188
1238 2769
1591 3766
620 3045
414 3954
279 3752
557 2607
1253 2497
2211 3397
1881 3637
223 2861
305 2328
1113 2234
1336 2412
1880 2619
3114 3514
1503 2296
2673 2887
26 2367
536 2317
918 2676
2001 3309
1774 2747
1661 3480
386 3476
2087 2305
2714 3823
777 2297
1355 3850
1322 3557
32 3023
1276 2613
2266 3889
486 3923
1762 2330
21 3550
866 2185
1624 2698
1748 2446
1190 2418
1201 2324
990 3438
3204 3874
1637 3120
3597 3647
1742 2496
67 2689
3023 3336
1058 3044
348 2797
706 3787
1035 3590
1024 2798
665 3258
251 3138
86 3486
735 3643
102 3935
122 3570
1971 2369
2781 3490
1818 3542
1233 2075
680 3693
1425 2953
54 2274
516 3202
548 3142
1964 3622
1925 3615
1205 3955
1207 2470
84 3009
226 2235
1268 2169
1512 2643
1879 3460
880 2610
9 2259
824 3040
143 3477
2042 3980
1928 2732
65 2967
1326 3102
453 3933
3805 3913
1134 3592
2241 3510
169 2901
389 3634
2274 2674
2169 2782
1224 2410
471 3070
2557 3088
319 3773
669 2858
278 2594
868 3703
1502 3855
2120 3654
133 2576
1927 3584
1359 3828
857 2374
349 3539
79 3035
1249 2585
803 2150
1909 3327
660 2465
1822 2535
1692 3145
1500 2762
491 3887
1321 3734
1060 3787
253 3913
733 2902
1372 2862
571 3947
1457 3311
573 2600
146 2270
2245 2769
622 2783
474 2333
1636 2884
911 3260
1838 2807
162 2561
1991 2346
275 3212
648 2358
789 3037
976 3717
234 3302
1483 3612
475 3171
1292 3204
411 3221
926 2667
1014 3071
2445 3700
1368 3732
1127 2863
366 2045
1814 3555
2018 3275
1163 3047
1283 2876
1616 3494
2856 3685
447 2462
617 3158
274 2719
230 2439
1837 3703
1610 2860
1551 3462
448 2394
2158 3158
382 3490
1698 2976
529 2066
360 3573
1599 3236
2689 2949
268 3073
128 2200
987 2407
287 3579
127 3847
45 3238
613 3315
213 2513
606 2450
1250 3632
1166 2393
1535 3170
1953 2451
794 3550
1361 2294
197 3085
370 2637
1911 2503
712 2842
1164 3401
1309 3715
1191 2696
1065 3043
1675 3323
1400 3715
663 2340
1843 2324
170 3315
2225 3207
1082 3595
1462 3005
1617 2244
788 3349
1791 2626
324 2707
1893 2426
173 3469
1063 2143
2241 2275
369 2630
748 2777
1463 3571
578 2613
535 2196
779 3626
2039 3708
1855 2974
609 2109
1825 2111
1548 2335
2540 3757
1945 2276
1772 3538
1129 3021
288 3557
807 3083
3091 3434
1737 2819
1532 2247
3813 3823
3037 3063
1378 2179
1579 2537
574 3976
3452 3708
76 3186
424 2539
1458 3825
1161 2923
554 3291
1513 3790
129 2897
1632 3059
1592 3226
2415 3171
1143 2289
2043 3523
3145 3571
1303 3737
1887 2700
2159 2940
1464 3857
599 3402
566 3375
443 2829
759 3209
705 3445
1968 2486
1229 3463
879 2409
939 2098
403 2110
397 3036
1525 3467
1069 2550
1385 3233
2359 2797
2341 3697
2019 2614
603 3629
1856 2699
2034 2488
892 2401
1821 2684
158 3913
1269 2990
1281 2652
461 2253
1019 2960
2849 3236
1401 3944
564 2620
930 2287
1790 3093
1399 3494
1627 3308
1978 2750
183 2103
490 3324
2753 3196
650 2883
1338 2149
330 2440
1318 2403
3213 3895
867 2785
20 2992
49 3030
1891 3701
1411 3417
2474 3216
1118 2690
1199 3801
1713 2438
1451 3203
655 2216
1727 2174
1415 3232
964 2391
1572 3533
261 2301
2255 3439
921 2994
156 2738
24 2215
1073 3096
1106 2471
2009 3500
1412 3360
302 2970
776 2592
2252 3130
886 3992
542 3039
430 2554
1780 3174
815 3325
1930 2084
960 2115
1563 3890
597 2697
2504 3999
1951 3101
1677 2844
1089 3731
1215 2740
1255 2698
1431 2082
2411 2610
1367 3053
1426 2648
1288 3889
1704 3419
254 3981
147 3111
83 3927
1353 2399
634 3283
211 3255
935 3518
2471 3458
653 3108
2527 3532
1382 2307
421 3645
1597 3328
973 2574
2752 3324
1510 3211
284 3293
88 3793
1567 2817
1559 2456
25 2644
1965 3718
3796 3945
1894 3429
1546 3413
1656 3716
1324 3022
1854 3322
3146 3163
1436 3755
934 2092
499 2832
1754 2408
739 2247
1770 2267
802 3144
371 3372
3403 3838
1700 2650
1740 2327
2767 2941
2496 3670
3000 3627
1059 3920
519 2455
919 2077
688 3258
1056 3749
1593 3464
1797 2845
2062 2118
1447 3548
479 2736
138 3136
283 3544
1042 2680
525 3869
522 3040
889 2543
1087 3269
2310 3890
1157 3219
1560 2331
1992 3222
2923 3703
1733 3047
1536 3292
3058 3661
940 3384
217 3387
1218 3728
755 2167
1544 2863
673 3751
71 3557
1621 2707
1325 2155
1602 2307
37 3494
2404 3940
2861 3582
101 2192
818 2631
3371 3979
2236 2666
1836 3605
35 2274
328 3695
1938 3355
109 3767
1198 3877
848 3899
1183 2396
882 3838
1080 2790
3057 3670
2556 3200
391 2500
314 3424
433 2301
2349 3095
2403 3310
804 3884
106 2956
3384 3921
2088 2468
1577 2228
694 3764
1337 2446
1416 3652
1819 3845
218 2565
1631 2358
1590 2277
1947 3608
3140 3770
2418 3153
2349 3368
55 3117
1960 3143
924 3307
3248 3506
768 2491
696 2425
1795 3414
2244 3173
1474 3976
1230 3844
1962 3416
1420 3127
1912 3760
1093 3872
798 2965
2182 2767
53 2052
1506 2081
1658 2553
1366 2102
3040 3255
732 2562
2372 2593
56 2916
80 2515
618 3575
2066 3714
2614 2642
1332 3533
2299 3550
1958 2962
2646 3149
426 2716
1331 3461
813 2322
15 3448
1340 3347
2439 3503
2660 2676
1702 3735
532 3386
1649 2672
2061 2832
3058 3441
2327 2633
820 3931
119 2927
1809 2878
1858 2758
379 3404
2084 2776
1256 2548
1227 2528
1732 2168
1900 3606
1695 3969
1171 3180
2003 3287
256 3604
3565 3869
488 2133
1170 3555
1034 3266
713 2497
1511 2885
1311 3388
108 2804
3833 3963
1915 2886
43 3341
395 2786
325 2288
1594 3216
1070 3769
551 2183
1037 3347
290 3244
2280 3129
1005 2984
2549 3923
901 2483
1719 3916
1278 3987
1242 3580
1456 2285
1848 3208
1564 3866
700 2752
2133 2700
2092 3122
3780 3844
1176 3837
132 2218
778 3914
2030 3024
157 3112
2104 3899
1423 3799
737 2053
3232 3843
3047 3872
1122 3653
2517 3533
2753 3437
1384 2736
1508 3439
514 3279
2413 2731
2125 3605
553 2737
1541 2388
1376 3197
2768 3311
1495 2671
2027 2227
1595 2525
1053 3600
3462 3912
1654 3902
85 3971
396 2536
2593 3142
460 3097
714 2763
298 2151
1705 2242
909 3231
75 3233
723 2402
351 3634
749 3929
1703 2820
2359 3267
1351 2563
415 2695
1245 3004
1234 3932
214 3398
1422 3782
1652 3518
565 3584
1259 3380
1313 3660
399 2551
2984 3243
1424 2937
2543 3819
1824 3073
1397 3843
1222 3635
2746 3381
1935 3774
1225 2961
3194 3576
2137 3575
2677 2768
601 3579
1885 2877
2737 3170
1883 3488
206 3040
3275 3489
2650 3969
2110 3078
1752 3206
150 3422
3233 3615
703 2161
2549 3395
2437 3681
33 2339
1078 2492
1660 3811
2330 3529
731 3569
517 2312
2635 3461
2000 2260
50 2963
835 3167
1182 2056
1342 2988
2404 3984
362 3617
2529 3850
1370 3565
3204 3632
3097 3483
953 3921
1863 2156
2323 3107
323 3359
894 2384
1026 2048
2344 3976
2981 3577
1439 2938
1589 2621
2451 2745
11 2275
2761 2858
2671 3361
2167 2997
1556 2516
1120 2205
3732 3970
1537 2876
959 3681
2239 3231
301 3205
988 2850
472 2337
1937 3115
1231 2987
1842 2723
2319 3326
1726 3496
120 2820
140 3559
1154 3358
1828 3280
767 2770
2074 2807
3237 3389
588 3043
2770 3422
2522 2615
2997 3577
2076 2339
1195 2750
1347 2657
1816 2119
2970 3162
151 3079
2657 3375
1379 3986
1869 2188
2406 2470
2020 2397
446 2363
2056 2346
1568 3525
1904 2692
2096 3522
307 3261
913 3611
917 3414
2101 2218
2547 3173
730 3764
1957 2281
1002 2691
2436 2446
1167 2279
455 2166
756 3679
704 2726
1097 2688
1126 3308
3152 3716
520 3312
1557 2268
1655 3219
1188 3983
3286 3312
1141 3527
2293 3299
2529 2643
2130 2399
208 3618
209 3383
2297 3244
1081 2378
1221 2948
1820 2572
1981 3485
611 2102
2884 2973
2516 3030
2654 2783
1832 3475
3290 3563
570 2115
2882 3222
2367 3516
477 3580
900 3456
1119 2581
1310 3520
1308 2112
332 2651
3672 3963
982 3980
1386 3074
983 2059
2332 3742
855 3214
2570 3090
2819 2895
1804 3077
541 2510
1755 2134
409 2869
2768 3739
3085 3590
1750 2464
1520 3697
200 3690
746 3015
3352 3433
1241 2775
1021 2644
1773 2733
112 3386
679 2608
1864 2102
2913 3993
839 2867
374 2729
335 3188
1108 3085
2150 2410
248 3994
2536 3156
363 3421
2291 2489
1827 2191
1402 2788
1708 2300
2620 3405
1349 2632
1054 3769
2024 2146
2394 3031
1779 2444
3620 3629
2556 2630
2642 3029
898 3394
2133 3425
860 3337
1871 2065
3725 3919
1872 2173
936 2766
607 3716
1137 2306
1373 2705
3264 3524
387 3224
2120 2744
1725 3972
3017 3043
503 3298
1075 3014
2920 3949
1494 3020
2417 3494
952 3263
1988 2825
602 3157
2589 2990
3483 3862
780 3930
398 2209
1504 3975
742 3866
2798 2927
2727 3212
1079 2393
1569 2626
1135 2132
950 2448
856 3285
205 2105
240 2484
3884 3902
967 3951
2539 2969
2747 3230
2025 3877
1041 2466
1160 3089
1390 3300
1072 3852
1756 2965
1189 3106
2040 2061
3012 3933
428 2307
10 3400
2574 2998
3589 3782
3070 3147
1895 3695
1717 3229
630 2421
185 3439
1077 3390
3310 3653
2162 2322
1271 3897
771 2866
2666 3460
2607 3662
264 2245
1290 2640
1248 2279
583 2292
2086 3225
644 2931
3012 3592
1496 3470
3104 3945
698 3776
432 3363
546 2900
842 3134
1570 2375
1140 2631
1418 3110
3028 3697
875 3714
2484 3474
3413 3769
1036 3455
1672 2391
963 2183
326 3239
523 2050
3617 3777
3356 3559
141 2351
2336 2630
539 2377
1045 3880
482 2305
1071 3530
851 2813
434 3671
2247 3354
2017 2250
1973 3535
191 3404
2366 2726
2155 2662
246 3612
3198 3723
2544 2776
98 2485
2177 3994
2068 3011
1929 2147
1139 2891
3440 3527
1681 2273
3425 3778
2736 3260
2080 2510
1030 2148
3820 3827
2362 3029
13 2997
1356 2962
890 2069
2361 3336
1403 3467
1377 3016
1107 2398
2415 3975
1285 3420
352 2669
692 2271
2911 3145
847 2454
561 3551
2392 3761
3167 3712
165 2701
3695 3778
1299 2823
496 3353
521 3401
3538 3988
308 2190
3385 3448
1000 2370
413 3672
861 3746
316 3982
357 2586
1050 2401
2573 3332
809 2215
1409 3047
2388 3741
1665 3092
331 3585
2713 3672
3307 3761
2048 2497
439 2117
1244 3682
3112 3374
2666 3900
2317 3693
241 2711
2638 3120
1989 2777
1959 2968
299 2508
1114 3943
675 2157
766 2179
1136 2358
1552 3247
2935 3845
596 2918
36 2958
785 2235
189 2282
2094 2226
2580 2701
2578 3803
16 3635
518 2713
1811 3187
1493 2656
893 2843
468 2431
1405 2428
691 3276
1648 3528
2386 3361
552 3428
881 2872
2872 3702
487 3731
1213 2633
558 2193
741 3795
671 3597
2629 2687
2028 3050
1907 2681
2310 2463
364 3614
1923 3783
77 2988
1103 2773
1484 3650
2598 3998
222 2922
1491 2342
2368 2431
2988 3696
3459 3469
1466 2906
984 3180
2245 2681
797 2320
480 3081
2513 3837
2960 3392
244 3748
229 2895
320 3369
1430 2924
198 2595
2987 3388
327 2321
1922 2690
3456 3690
826 3968
2676 3385
375 2385
1410 2059
1683 3468
2954 3511
2305 2795
3055 3107
1061 3534
2637 2734
2579 3274
966 3922
885 2710
1905 2153
2680 3906
751 3859
2358 3317
2288 2667
449 3221
2378 3277
306 3811
1802 2419
643 3217
2968 3253
1634 2615
3301 3643
1670 2432
621 3908
159 3984
1974 3753
2221 2269
2237 3898
2325 2738
280 2128
1751 3129
2638 3841
995 2055
575 3254
1441 2827
3419 3981
3618 3622
1023 2468
1092 2477
2532 3355
2053 2893
255 3863
2203 2389
249 2318
595 3992
1817 3459
99 2106
2045 2499
2512 3559
2184 3795
1699 3428
2373 3813
3390 3518
1206 3134
1866 2390
2319 3380
1566 3836
2719 2854
339 3189
1714 3750
626 2550
2755 3205
2871 2886
2456 3810
761 3745
2773 3513
221 3624
464 2144
232 3797
3098 3612
289 2176
2869 3423
1162 2509
1799 3021
1476 2253
1777 3015
2125 2320
2625 3713
793 3886
2429 3077
2963 2998
2109 2136
2333 3370
1345 2334
2626 3926
905 2420
175 3254
404 3491
1185 3404
1771 2741
1138 3838
354 3701
318 2796
87 3626
2670 3399
2338 2419
309 2754
2786 3357
2047 3422
3671 3689
168 3128
1746 3271
540 3873
2144 3675
2559 3021
1975 3763
2894 3112
215 2653
1274 2735
417 2826
3453 3513
2033 3662
775 3073
3243 3838
2366 3063
1217 2126
2597 3793
1460 2209
1286 3340
903 3305
810 3908
2321 3059
2828 3622
1150 2847
1302 3830
1067 2467
817 3665
225 3391
1287 2500
1270 3074
2432 2506
3450 3927
412 3692
2021 3861
3153 3986
2383 3391
2458 2492
29 2390
445 3446
2114 3332
2222 3047
2531 3381
2542 3718
969 3677
2398 2438
533 2978
392 2276
2477 3995
337 3865
1219 2315
991 3415
1813 3883
142 2997
2114 3971
594 3040
174 2676
709 3909
1145 2585
2204 2985
616 2756
1638 2288
754 3964
72 2157
2648 3199
3424 3443
773 2454
2560 2826
2594 3236
3017 3078
3639 3882
2298 2772
865 2903
2246 3260
473 2621
1477 2550
18 3733
1718 2891
2462 3348
2391 2417
3110 3926
31 3800
2283 3542
2134 2921
203 2951
1388 3640
2170 3797
831 2224
489 3974
1266 3743
2230 3302
3263 3704
1707 3407
708 2760
196 3549
1803 2360
1687 2376
1098 3564
437 2762
2188 3723
2577 2602
1363 2519
1153 3804
96 2864
1697 2353
2102 3997
3316 3715
544 3986
2200 2599
60 3283
3194 3226
252 2525
2295 3089
1870 2517
2720 3555
2315 3137
2352 3586
1609 2181
1489 2812
1465 3119
555 3146
418 3199
149 3401
1192 3502
2763 3442
2240 3900
2706 3286
3414 3961
1775 2946
2278 3476
1867 2494
2822 3859
2328 3372
1212 3224
2279 3279
376 2634
2619 3699
2047 2926
216 3776
322 2871
2298 3739
2176 2658
1197 3721
1538 2396
2002 2189
2014 2814
854 3246
806 3667
1172 4000
2362 2542
2469 3737
1096 3389
1398 2690
1921 3519
1860 2124
1539 3983
2689 2758
1785 2344
2875 3276
485 3603
2071 2711
1571 3978
862 3146
859 3008
932 2816
3005 3420
1257 4000
3297 3341
1709 2302
928 2481
2534 3585
1131 2847
1346 2664
1798 3842
2937 3179
3149 3721
1963 3201
1339 3866
619 3558
3181 3396
2734 3379
231 2279
1914 3150
2195 2414
584 3155
1099 3553
1644 2971
1001 2729
3877 3999
1428 2835
92 3891
947 2851
262 3178
957 3610
139 3057
17 3104
1767 2184
1608 3745
1352 3734
1375 3285
2046 2652
979 2916
724 2408
1611 2478
343 3349
2503 3114
2386 2534
1550 2199
3903 3985
808 2663
1265 3262
1013 2507
373 2426
2800 2986
2289 2436
796 3503
2086 2634
1319 3740
1801 3814
1793 2461
2026 2843
23 3257
210 3669
666 3119
347 2097
2343 3157
1427 3228
2139 3421
1501 2254
1601 2126
2250 2762
3340 3829
1679 2903
1305 2609
580 3893
1434 3772
2440 3903
624 2748
1015 3372
2675 3525
1662 3589
647 3068
2253 2888
3250 3362
2228 3709
2611 2658
1453 3811
385 3970
1117 3296
1932 2384
2094 2618
1693 3468
545 3466
420 2929
359 2364
171 3918
3602 3826
1528 2073
1317 2645
1273 3028
405 2860
1690 3827
69 2947
635 3228
3009 3818
3092 3227
784 3659
2692 3603
2382 3280
219 2802
2805 3401
2969 3727
3429 3436
1421 2829
1565 3926
707 3726
394 3044
2389 3187
493 2957
2065 3220
2185 3554
1545 3695
2852 3969
2142 2435
1800 3594
2053 2389
1600 3619
458 2564
380 2784
423 2542
62 3710
1016 2863
2015 3449
2246 2384
2458 3898
2456 3365
1613 3931
897 2766
2838 3481
2098 3745
2119 3835
1526 3061
1158 2839
81 2488
845 2934
531 2523
2230 3407
1128 2147
782 3290
1294 2396
2160 3335
3239 3745
830 3408
1432 2845
2242 2951
3502 3645
2775 3565
627 2587
1575 3572
509 2073
1940 2804
1956 2262
3544 3738
2894 3984
1884 2052
1094 2651
910 2064
3428 3959
846 3706
2465 3165
2174 3854
2485 2530
2334 2785
1076 3064
2479 3695
2032 3418
492 2121
2866 3169
2628 3499
3669 3738
2713 3148
2214 3267
2036 2498
1898 3958
2501 3548
633 2514
1177 2612
321 2207
2805 2915
3012 3048
1985 2423
2145 2632
3012 3055
1831 2870
1211 3730
3017 3610
1682 2335
2526 3801
2682 2965
2037 3731
3365 3408
2227 2890
1330 3992
716 2868
194 3320
2995 3360
2523 3465
1263 3319
2898 3959
237 2168
2106 3715
1479 2604
877 2117
2286 3368
2286 2863
2760 3947
367 3320
2908 3287
1165 3265
186 2057
3156 3783
1765 3825
645 2808
2297 2507
1306 3625
2222 3917
1623 3303
2862 2930
58 3552
2816 3175
228 3139
2806 3389
3129 3438
188 3183
3268 3636
2152 3044
2976 3598
951 2046
506 3959
3057 3113
329 3304
8 3995
629 2806
1485 2194
852 2443
1580 2899
2360 3217
1983 2128
64 2558
2964 3662
1849 3243
333 2654
1766 3609
103 2157
792 3847
2535 2985
2296 2780
1794 2906
1996 2304
344 2161
2294 3224
2479 3678
313 2268
1446 3583
2097 2192
2127 2593
2304 3060
833 3405
2908 3151
2147 2881
2999 3983
2485 3674
3169 3906
3031 3768
511 3682
2302 2623
1174 3865
2804 3087
1888 3808
2321 3791
783 2125
2060 3924
3688 3865
429 2989
2312 3471
2883 2959
2219 2825
1997 3195
1926 3249
2325 2771
657 3613
12 2331
431 3203
2483 2973
572 3414
2137 3214
1090 3866
250 3581
2353 3014
178 3209
1657 3124
2590 3020
42 2277
916 2537
2342 3640
1516 2490
2470 3995
639 3122
3139 3947
2190 3607
1841 3459
1085 3204
3101 3405
2612 3439
3180 3435
2581 3069
2715 3546
3103 3221
1203 3968
2687 2977
3426 3921
3130 3816
3137 3444
3677 3938
1650 3853
2254 3437
3598 3652
2723 3604
996 3291
2397 3443
825 3970
1297 3404
236 3099
3106 3140
3358 3630
2741 3235
702 3217
1488 2363
3591 3666
2830 3388
640 3081
336 3350
3161 3645
126 3846
2559 3871
3273 3828
2774 3141
3325 3497
272 2802
2259 3470
1086 2979
744 3492
1759 3936
3103 3819
2698 3013
1688 3509
955 2943
2451 3131
3596 3871
1830 2788
849 2447
2694 3394
2618 3082
3274 3787
2205 3523
2916 3249
3314 3541
2007 3866
3746 3946
1284 2836
2467 2633
2590 3896
2983 3596
2985 3744
441 2833
3595 3768
2301 2348
2520 2546
115 2691
972 2126
2830 3932
166 3724
1239 2165
3653 3700
1712 3495
2091 3482
722 3505
1562 3649
1440 3049
3055 3210
2827 3520
2617 3974
685 3123
1492 2175
1669 3285
3288 3462
1605 2292
2974 3952
3117 3720
1952 2982
2856 2967
2592 3150
1741 2103
3601 3811
1298 3905
1437 2454
1710 2813
2676 2878
2162 3367
3453 3847
946 3884
2635 3536
2199 3268
563 3967
1282 3934
2300 3568
2313 3946
1889 3981
719 2785
2427 3500
2090 3036
1668 3730
728 3299
1647 2982
2245 2785
181 3406
2444 2706
2470 2589
1763 2518
277 2923
2470 3996
638 2829
1728 3587
2943 3776
2184 2969
3762 3804
1808 3161
3511 3840
2682 3996
2135 2851
3204 3851
2663 2971
989 2911
2564 3100
1518 2521
476 3485
1348 2754
608 3193
2478 2690
2408 2426
2158 3104
452 3641
3223 3854
1084 3691
1805 3103
915 3423
3100 3446
1998 2313
2643 3910
985 3203
2297 3438
2008 2511
887 2347
3855 3987
2887 3282
383 2952
1333 3888
1674 2855
1723 2720
1892 3407
510 2239
2287 3136
504 3240
3249 3549
1289 2163
2311 3700
1642 3789
266 3075
3864 3998
2219 3370
2055 3296
2656 3182
212 2459
180 2863
1360 3024
1949 3503
2410 3794
1307 2179
260 3858
2251 2506
245 2547
239 2486
2876 3083
1413 2184
1442 3426
3584 3646
97 2387
738 2873
1941 3217
2722 3395
1202 2791
3126 3977
2761 3318
3334 3926
74 3937
190 2750
2366 2520
2784 3147
2693 3183
2157 3847
1583 2725
1760 3951
1878 2644
2267 2879
3050 3467
408 2371
2855 2885
3580 3996
2343 2480
2411 3084
2921 3600
3182 3990
1102 2351
3679 3818
1776 2966
2071 2576
2755 3242
2963 3512
3717 3906
2486 3334
701 2082
2815 3014
2077 2759
1549 2447
2534 2697
177 2487
1607 2172
2518 3624
1598 3123
2587 3094
1125 3626
402 2818
3006 3068
1787 3339
3160 3676
2101 3281
1193 2111
89 3880
2846 3091
908 3950
2117 3284
841 3096
3561 3726
2790 3938
2469 3278
3242 3593
3339 3664
2212 3716
2168 2729
1924 3159
265 2708
949 2090
224 3560
1419 2472
2833 3485
2249 3440
1295 2725
235 2721
3470 3908
2836 3211
1835 2835
2676 3449
2248 3783
3164 3415
2613 2853
1622 2683
2240 2524
2173 3491
2170 3061
1334 2202
2809 3846
435 3743
586 3769
1515 3306
1875 3247
1173 3631
2541 3306
3189 3328
2307 2669
1747 3106
1530 2206
2782 3478
2498 3402
2374 2521
2166 2295
2475 3410
2526 2560
2242 2902
711 3226
589 3010
2006 3598
2752 3789
2282 3867
1115 2112
1110 2857
2810 3744
2390 3289
1786 3784
2234 3987
927 3447
1383 2400
1088 2942
2274 3860
2967 3151
184 2434
2422 3132
1459 3343
3330 3444
2627 2913
1840 3751
1643 3528
2943 3203
3202 3699
2532 3913
2663 3406
1897 3313
270 3436
2056 2168
2625 3956
3245 3481
2864 3111
3664 3688
1445 3498
1243 2722
2812 3663
2980 3551
2977 3027
2461 3827
1003 2728
2063 2903
2044 2566
981 3154
3430 3914
1209 2803
3540 3873
3176 3208
1730 2413
3289 3338
2412 3350
407 2841
1596 2056
2103 2128
3578 3766
2 2380
2154 3008
1009 2799
2345 3488
2576 2748
2108 2364
2980 3881
1604 2552
2843 3427
3271 3343
3018 3928
1913 3638
494 2519
2179 3907
2722 3297
2049 2752
2051 2946
2654 3733
641 3013
2313 3915
1300 3758
2035 3116
757 2972
2223 3530
1364 3291
625 3786
752 3459
1008 3880
2482 3393
2348 2855
1917 2710
3016 3683
2135 3567
2514 3028
3667 3966
3135 3735
425 3666
2580 2802
3756 3788
502 2957
2764 3568
2659 3484
199 2733
2385 3442
3363 3633
2567 2668
2531 2837
40 3917
591 3897
2105 3445
30 2373
2159 3771
791 3587
2837 3842
304 3254
2784 3397
1706 2683
2366 3423
2123 2318
2256 3877
2212 2950
401 2329
2326 3942
1542 3803
2511 3707
2177 3734
2350 3220
1387 3027
1902 3792
2651 3539
3362 3896
2235 3509
920 3038
2113 2867
1686 2563
440 2047
2102 2486
2181 3922
134 2171
1047 2161
1865 2558
3297 3971
2498 3773
2920 3906
3516 3659
2281 3178
1954 3335
2270 3588
3793 3989
1574 2591
2839 3847
2433 3968
3053 3863
3305 3570
2078 2318
507 3953
1736 3378
2340 2947
2421 2702
3623 3669
2331 3294
2505 3516
303 3296
1761 2067
2735 3910
3752 3910
372 3523
2924 3365
2242 3889
1064 2923
2352 2373
3517 3954
2352 3696
604 3929
720 3722
2554 3290
68 2875
2956 3404
2744 2973
3638 3882
646 3709
2653 3689
3441 3491
654 2873
2172 3711
2945 3930
2455 3300
1044 3665
3179 3821
3706 3836
2277 3099
1032 3172
2551 3920
1724 2275
3146 3771
1844 2995
869 3451
2067 2913
2827 3646
2448 3952
1406 2303
3115 3958
2595 2749
904 2379
2873 3468
3049 3729
3376 3712
891 3094
2896 3707
2659 3686
3315 3409
2352 3623
1112 3459
3025 3791
2097 2143
2368 3136
2156 3456
1133 3490
110 2108
1101 2704
3207 3528
338 3849
2871 3151
182 3962
292 2877
2921 2950
1936 3323
1846 2108
1757 2276
2090 2351
2498 3278
872 3496
2524 2799
1186 3039
3257 3567
2302 3175
3517 3594
2387 3630
2683 3261
2526 3477
2068 3378
2141 3135
3125 3303
1676 2846
1783 3056
2892 3228
2935 3616
2702 3282
1939 2215
1043 2789
2644 2874
3007 3159
442 2582
137 2892
977 3863
2955 3328
2709 3372
2231 3660
2115 2249
2882 3475
3512 3763
2342 3480
220 3213
2095 3375
753 3894
2138 2326
1435 3283
2191 3658
1272 3663
3025 3858
2047 2789
2457 3246
2740 2899
2370 3573
2207 3831
2900 3045
2809 2857
3646 3891
3430 3540
3277 3504
765 2116
3079 3649
2099 3909
2922 3386
612 2863
1659 3481
2649 2808
2376 3812
1969 3957
1471 2609
3438 3452
1124 2582
2125 3866
2200 3809
2217 4000
193 3975
1982 3396
291 2208
587 2703
814 2481
1789 3309
537 2261
3472 3760
1 2416
1896 3003
2488 3537
2332 3087
2547 3487
3458 3774
2258 2790
699 2433
2616 3416
2754 3490
1175 2870
3291 3743
2945 3870
662 3049
3433 3583
2734 2788
2447 3626
799 3800
938 3822
2901 3364
2519 3479
2305 2853
2356 3780
1204 2052
2606 3891
2665 3957
623 2724
2982 3441
2234 2243
3437 3633
2670 3724
2486 3405
3051 3602
2568 3283
454 3840
3192 3478
2256 3495
3141 3756
2121 3230
772 2814
1448 3269
515 3144
2835 3227
297 2517
1984 2508
2661 3675
27 2413
2417 3861
2874 3256
2476 2540
834 3548
2193 3956
3284 3345
118 2600
34 3481
1184 3081
827 3466
257 2813
1933 3832
1587 2085
1993 2824
2127 3380
2953 3128
2472 2933
2324 2528
1701 2691
1455 3207
3400 3557
2563 3206
3349 3607
2942 3217
2805 3197
2854 3293
3350 3989
1187 2262
2115 3248
2710 3898
70 3075
3164 3281
2004 2430
1850 2852
3753 3965
2502 3745
94 3154
3256 3904
444 3526
2209 3418
2307 3953
1852 2402
3040 3962
107 3268
3218 3755
2823 3304
3032 3404
3038 3827
3536 3540
501 3266
2486 3675
1950 3317
2223 3219
2235 2459
560 3802
2929 3691
3141 3373
3305 3815
1371 2534
1874 3863
2136 2279
1980 2778
2558 3539
1010 3104
1057 3219
3162 3392
923 3457
543 2198
2078 2350
2278 3024
3519 3556
3061 3072
2481 3666
457 3651
1731 2733
2992 3863
822 3683
2558 3438
3051 3247
353 2920
47 2691
3033 3787
1908 2565
2567 3382
2141 2505
2653 3174
2495 3148
2743 3595
3122 3463
943 2545
3745 3904
2959 3447
78 2889
3040 3313
82 2216
2481 3621
1429 2213
3191 3611
2063 3104
1109 2545
2220 3814
2881 3234
2258 2476
3816 3909
577 2686
2371 2569
2059 3366
3102 3383
747 3300
2737 3880
187 2932
2402 3143
2615 3396
1438 3099
2733 3335
2146 3786
1083 3913
3433 3667
3000 3268
3190 3681
2116 3750
2073 2830
2184 2978
2086 2580
2056 2792
1018 2605
1392 2450
2558 3080
2016 3051
3445 3684
2538 3038
1169 3849
2064 2516
113 3155
2251 3108
1152 3470
2939 3285
3217 3329
888 2311
1121 3273
2521 3290
2631 3842
3018 3840
829 3876
2139 3062
2952 3674
2779 3025
2308 3852
1393 3709
227 3753
2708 2829
2907 2957
1558 2928
2552 2793
1038 3775
2068 2904
2046 3911
2751 3781
3294 3345
3748 3775
1350 2337
2806 3665
2175 3202
954 2165
2275 2490
2080 3560
3252 3613
2127 2527
1788 3747
2131 3916
2383 3581
2600 3588
1473 2606
999 2146
2152 3398
3537 3657
1972 2997
2146 3507
2329 2794
317 3678
2220 2639
2429 3641
3160 3964
2171 3442
2443 3433
786 3777
1329 3971
2931 3822
1691 2275
2165 3566
2983 3749
2052 2393
3680 3812
3455 3892
2050 3309
726 3825
2514 3948
2805 3947
3305 3649
2250 2263
2085 3587
1482 2187
2459 3127
2048 2537
1240 3935
2354 3224
2997 3870
2401 2934
2905 3635
1499 2811
2780 3980
2313 3775
2198 3548
1979 2604
2715 3338
2645 3504
2108 3535
948 2196
3338 3857
2905 3562
1130 3710
3213 3473
2689 2759
1641 3027
2562 3103
1749 3918
2128 2164
2640 3290
3045 3323
202 2499
2452 2841
7 3436
1720 3100
3362 3365
2216 2845
114 3074
312 2636
2604 3572
2187 2605
1254 3273
2356 3258
631 2425
2180 2295
1919 3321
534 2675
2855 3808
2343 3771
3032 3040
243 2821
2074 3124
2890 2952
2298 2717
2780 3104
2224 2879
2070 2989
2525 3663
2149 2906
1481 2080
2215 2824
3562 3918
2500 3642
2910 3337
1868 2493
2076 2811
2958 3975
3439 3521
683 3262
2219 2741
3347 3939
2778 3710
3407 3682
2476 3492
3123 3972
2449 2839
2242 2805
2777 3706
3343 3821
2264 2891
3121 3144
1711 3243
2847 3150
3192 3450
3353 3373
2534 3111
2265 3102
2156 2584
2171 3860
2187 2911
2352 2517
695 2920
2433 2877
2430 3829
1178 3193
3323 3367
1301 3764
944 2464
1194 2427
2422 3598
1328 3508
2933 3734
2132 2675
1834 3301
3259 3426
152 3863
39 2246
2484 3121
2182 3437
498 3006
2727 2909
3554 3950
2096 3744
3357 3714
2073 3295
2206 3201
2454 3731
195 3984
2284 2818
2188 2302
22 3975
3345 3840
2489 3634
341 2508
2553 3917
1251 3941
3065 3952
579 2239
3270 3359
2093 2551
1074 3258
2932 3650
46 3878
1903 2973
2284 2720
3433 3878
3004 3656
2130 3740
3459 3728
1857 3465
2124 3508
3051 3988
2508 3948
2130 2447
2860 3515
2710 3427
530 3588
2527 2964
664 2423
2232 3515
2814 3262
2609 3412
356 3547
758 2586
2189 3709
1729 3185
1810 3524
2899 3001
674 3318
238 2161
3054 3269
2585 3937
1232 2996
2119 3026
3105 3694
378 2764
2952 3498
2910 3637
269 2285
2943 3073
2708 3841
2198 2214
2931 2997
2303 3524
2665 3829
2409 2422
2922 3986
3292 3863
2377 3223
2468 3322
3246 3798
974 2425
1625 3296
3094 3769
2695 2754
3003 3253
2182 3536
610 2796
1527 2675
567 3885
2079 3013
3684 3785
438 3709
2515 3992
2468 3564
2138 3911
2608 3393
2606 2703
2645 3393
2628 3219
390 3406
2299 3861
2086 3117
3069 3427
483 2152
2923 3468
3064 3161
3468 3648
2801 3084
2545 3853
2870 3862
3090 3663
2706 3741
2112 3526
2631 2737
3261 3543
2944 3273
2416 3607
2377 2925
2842 3465
2086 3414
2163 2616
2263 2495
2821 3208
3582 3758
2489 3518
346 3734
2518 2934
3665 3800
2379 3318
3431 3457
2778 3131
2379 3367
2538 3953
2217 2316
3317 3775
1859 3159
2765 3211
2292 3580
2778 3692
2789 2846
3266 3984
2888 3860
1967 3620
2069 2616
2809 3193
2494 2794
2246 3747
2288 2966
922 3581
2814 3317
2909 3867
2565 3191
2705 2728
3238 3904
3067 3072
406 3296
2572 3750
2309 2732
3165 3574
2361 3150
2569 3121
1487 2622
3308 3925
2541 3387
1812 3052
2936 3443
3691 3832
1051 2049
3472 3781
795 3075
828 3857
2675 3103
3134 3574
2675 2823
66 3668
840 3172
2571 2704
2478 3464
3188 3369
2919 2999
2950 3829
3751 3817
2487 2631
1155 2517
3806 3851
2426 2870
2407 3625
2288 3069
2586 3597
2290 3616
3829 3943
2813 3109
2306 2347
2972 3470
2749 2778
2180 2515
2696 2834
2728 3524
2513 2647
2142 3329
2345 3741
3119 3849
2526 3648
2424 3683
160 3905
2779 3848
2426 3084
2961 3329
1739 3531
1758 2082
2288 3041
2332 3975
2278 3886
2061 3236
2231 3693
2464 3678
2186 3580
2517 3967
3253 3802
2565 3973
3536 3566
2265 2664
3362 3543
2440 2517
176 3784
2639 3098
2380 3988
2792 3094
2060 3785
2979 3953
1144 3578
2243 2380
2057 2815
1977 2702
2380 2685
3010 3265
2716 3817
2210 3955
2137 3084
2271 3919
2233 3702
2624 3867
2906 3664
2075 3118
832 3486
2955 3168
2180 3728
2283 2814
2239 3001
2085 3944
3433 3631
2707 2831
3784 3959
3254 3608
2695 2803
2952 3096
2129 3981
1391 2672
1581 2141
2424 3910
2850 3185
436 3486
1200 2335
2828 3441
2659 3668
2800 3866
3124 3206
3333 3523
2654 2817
2100 2382
1543 2670
2143 2925
2400 3734
1861 3749
3486 3657
2702 2712
2493 3241
2357 3022
2161 3364
3409 3497
3185 3913
2369 3252
812 3606
2820 2959
2193 2290
105 2588
3258 3472
2137 2413
2423 2586
1490 2058
3124 3159
2311 3517
994 2948
2814 3771
2436 3218
878 3288
2427 2875
3606 3637
899 2561
3106 3936
192 3133
2137 2381
2248 3802
2248 3808
1845 2948
3125 3547
1261 2247
2083 2688
2262 2743
3493 3736
3353 3800
2766 3749
2460 2568
2948 3848
3000 3719
2583 3911
2550 3554
2368 2596
2324 2693
2611 3982
3218 3913
2569 3288
2793 3971
3155 3803
124 3351
2787 2868
3761 3959
1148 3614
1955 3184
2064 3466
2161 2655
2338 2699
2460 3567
2919 3569
1995 2918
1091 2676
2130 3172
1017 2815
1316 3765
3644 3875
2272 2487
2196 2636
3589 3673
2342 3382
2104 2624
2918 3638
2486 2879
2519 3290
3109 3249
2344 3866
2799 3673
2078 3754
3333 3753
2164 3071
2601 2686
2452 3798
2624 3155
2503 3772
2342 3001
2213 2742
3473 3883
3892 3977
2338 3489
2275 2846
2675 2785
3651 3754
3800 3864
3026 3327
2859 2996
1461 2081
2793 3817
2081 2527
1049 3133
2051 3414
3066 3620
2152 3060
2183 3614
258 2061
2309 2639
2256 3608
3342 3450
2089 3535
2152 2927
130 3278
2440 2694
2072 2527
2997 3679
2904 3848
2325 2897
2794 3298
3619 3991
3830 3868
2542 2621
2089 3931
2107 3377
2145 2764
1468 3800
2095 3730
3418 3764
1561 2725
2118 2395
2260 3765
3701 3831
3435 3553
2820 3606
2944 3266
2005 2537
2265 2766
1671 3545
2079 2678
2232 3242
3219 3991
2214 2557
1876 2796
2584 3243
689 3566
811 2953
3566 3730
3485 3806
2338 3470
2058 3582
2053 3052
3547 3722
6 3664
2299 2808
1667 3054
2733 3648
2892 3731
2354 2895
3202 3270
2633 3230
3630 3910
2264 3296
2337 3608
2871 3678
3164 3953
3134 3857
2061 3406
2089 3138
2273 3761
2544 3658
3564 3960
2052 2229
2423 3040
2126 2920
2340 3291
1039 3493
2285 3486
3772 3809
3656 3759
2815 3133
2641 3367
1505 2275
2434 3840
3377 3794
2584 3894
2208 2709
1666 2756
2311 2842
2238 3531
5 2314
2420 2808
2679 2764
870 3050
1433 2263
2877 3040
2054 3052
2257 2675
3288 3744
90 3893
2357 2466
2742 3798
2089 3400
721 2268
3292 3935
1555 2712
2316 2509
2261 3487
2561 3581
2749 3238
2943 3062
2709 3691
3090 3680
3524 3650
2720 3216
2670 2904
2577 3027
148 2263
2151 2604
2717 2757
2100 3164
3621 3958
3249 3913
2822 3566
3414 3668
2153 3397
2953 3558
2434 3006
2662 3807
3678 3894
2919 3519
1320 2991
2756 3922
2805 3909
497 2265
2582 3321
3521 3941
2712 3319
2734 3541
2995 3155
2197 2859
2178 2193
2136 3270
628 3017
3034 3625
760 2476
2852 3704
2703 3040
2180 3573
2475 2676
1585 2221
2721 3960
1335 3614
2111 3919
2178 3521
2257 2720
1343 2821
1653 3366
2072 2723
3104 3907
2684 3159
3195 3649
790 3503
3207 3300
2997 3343
2636 3116
2725 2759
3376 3648
2794 3252
2050 3579
2219 3879
3709 3799
3054 3763
2450 3558
2636 3105
3664 3779
2152 3841
2148 3807
2889 3925
3552 3860
945 2821
3093 3951
2396 2889
2058 2645
2335 3420
495 2355
1007 2842
3330 3603
2148 2596
2553 3295
3658 3691
2588 3433
605 3767
2742 3035
2828 3161
2678 3150
2052 3508
3329 3790
2685 3056
2091 2345
2347 3015
2231 3977
2194 3113
2622 3824
3133 3687
2141 3423
2994 3581
2049 3656
2796 3887
3387 3765
2724 3099
2146 2576
3066 3292
2238 3711
2840 3154
2691 3186
3177 3270
2917 3565
1782 3599
2817 3486
2130 3127
2409 3841
3164 3366
2939 3343
2575 3841
2491 3792
2316 2395
2309 3918
2154 3093
1990 3400
2799 3409
3017 3226
2070 3320
2824 3229
2210 3806
3066 3412
2647 2928
355 2693
871 3897
2400 3973
3342 3547
2489 3210
3071 3774
2354 3190
2991 3168
3123 3614
2070 3799
2636 3990
2345 3017
2085 3824
2031 2475
2809 3357
422 2113
3074 3806
2355 3299
3240 3481
2238 2793
3123 3853
2130 2820
3883 3929
2919 3436
2655 2994
3104 3934
2723 3628
2305 3888
2309 3433
3050 3451
3934 3990
2090 2863
3486 3970
3056 3406
2112 3195
2316 3934
2354 2473
2679 3860
2575 3628
3265 3343
816 2112
2131 2750
3085 3258
2508 3834
2355 3503
2463 3824
2054 3188
2591 3534
2363 2400
3040 3524
2113 3234
2792 2848
2793 3081
3433 3529
2749 3054
2106 2694
1815 2865
2197 3979
2791 3366
3100 3351
2420 3291
2794 3905
2757 3508
505 2742
3265 3853
2276 3678
2750 2796
2695 3567
2434 3431
3227 3409
2070 3541
3400 3431
3240 3487
2308 3762
2537 3978
3454 3943
2425 2844
3155 3199
2791 3258
992 3348
3554 3881
2130 2749
2512 3524
2194 2914
2834 3471
2076 2848
3387 3407
2672 3300
2641 3463
2821 3834
2925 3387
3234 3825
2083 3599
172 2914
2429 3876
2251 3534
2126 2889
2919 3691
3215 3603
3678 3910
2375 3056
2129 3074
1247 3750
2248 3496
3050 3558
2919 3919
3265 3418
2486 3794
2154 2231
2151 3879
2615 3162
2178 3978
2476 3777
2542 2571
3015 3939
2247 3346
2246 3884
2302 3080
2058 2882
3566 3579
2936 3885
2994 3118
2863 3656
3327 3761
2489 3090
2793 3761
3668 3771
1469 3056
2750 3342
2759 3056
2742 2863
2478 2493
2840 3331
2615 2876
3159 3493
2742 3463
2824 3975
2759 3296
2093 3761
1132 2265
3800 3910
2911 3329
2140 2842
2314 3433
3466 3881
2112 2896
2478 3278
100 3075
2616 3664
2251 2653
2184 2749
2400 2653
2278 3015
2576 3027
2151 3809
3348 3849
3066 3074
2491 3860
2486 3893
3184 3486
3002 3230
2058 3166
2140 3329
2499 3704
2794 2845
2257 3234
2466 3249
3290 3767
2603 3331
2930 3505
2596 2991
2566 3288
3149 3240
2975 3615
3080 3265
3033 3609
2575 3050
2548 3588
3295 3706
273 3909
2601 2962
2272 3566
2355 3000
2336 3118
2617 3166
3608 3989
2093 3426
2141 3809
2742 3240
2475 2787
3143 3300
2750 3034
3344 3762
2186 2809
2141 2195
2083 3875
2275 2338
931 2278
2106 2202
3301 3831
2141 3344
3017 3607
469 2381
2080 2917
3188 3702
2742 2743
2865 3578
2272 3834
2542 2647
2342 3524
2449 3910
3234 3910
2083 3648
3049 3362
2475 2742
2281 3301
2214 3936
2957 3150
3111 3150
2338 3159
2122 2952
2316 3295
2221 3433
3041 3881
2919 3387
2934 3159
2112 2575
3545 3753
2499 3159
2875 3288
3071 3074
2268 3979
2476 2759
2354 3785
3346 3843
2438 2555
2076 2749
2272 2466
2115 2603
2555 3188
2583 3960
2757 2914
2335 3071
2429 2476
2865 3771
2115 2693
2463 3866
3159 3638
2381 3301
2757 3319
2263 3881
2596 3750
2082 2400
3161 3541
2342 2693
2596 2880
3080 3288
3897 3901
2180 2844
2756 3397
2897 3351
2126 2355
2693 3909
2548 3067
2693 3295
2943 3642
2355 3351
1394 3242
2122 3300
2575 3215
2272 2576
2913 3731
2693 2922
3242 3505
2336 3291
3417 3868
2943 2975
2582 3991
2831 3960
3002 3648
3400 3753
2576 3989
2765 3979
3567 3726
2463 2917
2141 2231
2428 2693
2555 3609
2475 3888
3067 3409
2917 3731
3601 3860
3067 3505
1168 2615
2214 3849
2082 3979
2615 3166
3075 3648
2475 3964
2936 3883
2670 2691
2693 3771
2178 3648
2180 2186
2575 2791
3199 3910
2585 2824
2405 2478
3351 3901
2739 3884
2647 2756
3868 3910
2231 3319
2265 3860
2122 3209
2691 3400
3049 3291
3767 3901
2647 3166
2576 3860
2476 3080
2489 3201
2202 2791
3209 3454
2962 3039
2845 3731
2739 3731
2248 3111
3099 3486
2585 3901
3071 3621
2180 3505
3785 3979
2263 2381
3161 3726
3134 3785
2180 3209
2943 3159
3039 3400
3346 3726
3034 3134
2489 3049
2938 3901
2214 3771
1999 2486
2834 3159
3754 3991
2405 3664
384 2263
2486 3607
2739 3039
3687 3991
2140 3982
3065 3486
3082 3319
2555 3266
2834 3607
2221 2405
2596 2647
3111 3486
2278 3039
2093 2278
2076 2405
2647 2973
3270 3319
3209 3319
2576 3134
3486 3901
3134 3687
2202 3607
3621 3960
2647 3486
2278 3553
2178 2278
3387 3883
2555 2854
2214 2278
3209 3486
2476 3272
2263 3910
2405 2854
2140 2489
3607 3960
2489 3387
3272 3964
3726 3960
2278 3209
3134 3272
2854 3960
2278 2854
2278 3387
2263 3272
3272 3387
