400 3061 314
187 396 48
111 110 83
215 191 8
300 347 23
315 49 96
74 305 51
215 382 2
158 222 70
14 368 42
276 399 46
351 369 41
55 377 22
114 141 97
23 292 49
361 310 45
206 249 14
231 137 10
360 212 55
392 166 99
144 259 94
231 51 21
146 96 37
47 293 44
238 245 64
296 334 83
351 311 76
194 269 85
41 286 91
95 227 20
103 399 44
251 216 24
109 59 22
391 10 39
14 227 87
223 44 89
235 36 66
115 372 23
297 160 72
307 283 25
379 247 23
257 236 7
224 43 80
249 346 7
257 163 7
80 287 48
377 118 41
144 177 24
333 8 4
291 185 65
243 131 45
395 148 21
265 349 11
246 17 19
386 232 38
97 33 47
270 82 1
1 118 63
107 20 28
69 219 87
280 120 53
235 123 70
159 48 22
135 101 81
203 350 30
129 225 15
124 26 33
203 34 98
181 13 83
279 52 78
353 95 33
264 27 81
69 54 52
334 39 83
290 152 14
36 18 66
203 395 80
8 227 5
220 310 51
350 70 71
129 220 12
8 301 57
218 304 33
221 215 51
265 83 77
222 55 86
345 189 30
8 236 7
136 34 53
177 298 26
200 317 43
229 178 53
19 219 46
365 33 53
116 141 23
150 296 75
25 161 56
111 217 93
369 28 37
112 280 82
369 126 45
368 279 90
28 71 64
175 71 80
341 84 14
159 281 3
353 92 21
103 319 95
45 24 87
98 337 85
136 45 20
332 76 93
208 204 86
238 126 43
20 356 59
197 86 63
88 28 89
37 29 34
254 102 44
172 270 6
68 140 42
32 224 29
239 91 2
249 268 41
307 112 27
157 253 56
396 285 35
304 215 69
335 28 1
75 89 37
134 159 59
217 6 45
392 366 44
148 358 91
306 305 55
335 22 40
82 9 96
234 26 47
213 305 50
75 251 24
97 323 99
326 369 72
19 228 52
321 140 40
3 177 83
397 292 94
346 149 35
284 153 58
109 305 65
148 283 10
186 237 67
230 352 30
346 73 63
166 241 44
215 36 25
235 176 58
256 143 38
355 359 61
193 344 9
222 61 31
133 152 36
44 139 26
354 220 70
76 4 50
274 278 88
396 72 8
41 35 95
128 176 51
198 300 26
89 33 10
23 173 32
7 222 42
301 307 33
204 218 13
327 49 11
134 221 99
289 258 58
253 231 67
338 188 24
377 345 60
130 282 43
51 137 90
148 346 50
141 153 9
225 304 8
267 325 90
8 322 47
160 327 72
338 271 78
343 38 16
170 38 58
344 255 37
67 301 5
233 261 89
318 156 19
81 171 19
231 221 78
160 247 70
363 295 95
188 46 12
199 261 1
339 391 5
222 186 38
356 206 98
90 113 63
156 197 93
28 126 57
35 103 2
84 296 40
135 399 30
230 354 31
133 61 86
381 142 15
283 190 19
84 3 70
42 97 10
242 170 78
215 275 72
251 60 14
194 248 75
385 73 28
113 19 70
192 80 86
357 39 35
96 339 53
252 176 37
32 245 3
226 306 59
206 204 97
233 89 69
32 340 69
393 199 62
142 30 88
160 148 60
370 207 87
42 85 26
32 389 48
110 90 23
152 98 41
303 386 85
354 139 55
129 147 34
142 397 72
311 366 6
87 117 88
386 355 41
306 177 3
389 97 45
309 239 40
83 325 73
230 329 16
9 203 83
324 36 26
233 214 3
25 172 29
302 140 85
357 96 27
364 68 63
162 81 92
100 114 38
273 250 81
77 279 96
78 81 51
239 323 83
163 172 23
152 16 82
347 339 8
384 107 88
183 166 37
170 65 16
37 197 49
34 359 24
340 34 5
244 157 15
208 279 43
168 98 82
135 24 62
177 352 95
135 92 49
85 80 61
18 246 31
229 161 62
52 259 90
173 360 68
180 169 59
344 343 26
79 339 83
330 343 83
330 271 43
289 313 42
188 390 2
193 130 48
230 32 55
230 281 43
239 88 75
71 58 26
142 90 78
339 67 31
18 96 9
334 390 2
231 124 92
281 130 51
59 110 87
341 29 72
98 294 26
281 3 90
22 198 84
128 99 37
375 159 85
17 349 90
186 396 71
83 198 52
273 23 93
39 240 22
74 145 80
20 56 62
138 127 39
324 205 15
26 333 71
178 78 1
311 326 25
307 150 35
308 46 99
129 298 6
310 37 94
170 167 35
186 256 67
217 133 87
38 318 98
265 100 16
335 61 42
78 224 78
23 96 67
193 372 73
256 183 96
16 125 87
292 398 24
262 254 23
296 100 10
310 344 78
381 370 62
137 226 66
19 330 95
150 187 81
185 139 4
223 74 86
210 395 46
153 98 17
107 47 27
262 178 52
176 227 15
398 235 52
68 221 30
186 213 78
148 160 53
28 130 14
201 338 94
51 121 60
360 369 15
284 91 66
389 352 94
338 45 93
136 162 6
197 1 15
337 26 70
363 161 90
46 87 8
202 93 34
97 291 73
37 310 98
60 296 55
2 282 43
259 215 47
240 71 25
59 188 71
39 72 21
147 90 44
247 7 33
323 185 23
370 31 14
98 16 38
55 348 75
347 187 93
21 22 22
152 286 85
222 332 30
147 83 85
9 275 5
54 255 40
264 70 37
304 35 5
200 69 75
273 25 47
150 356 33
247 263 75
110 15 69
11 241 55
160 271 77
108 182 50
156 167 90
307 380 89
109 194 9
332 9 21
157 128 23
207 41 19
144 51 42
201 60 16
382 228 50
199 139 63
101 174 60
134 339 60
136 165 19
246 235 8
237 52 92
387 335 46
31 229 4
124 110 87
295 228 27
298 177 23
192 84 100
151 19 67
144 392 23
234 286 79
71 218 94
51 33 44
189 354 25
147 372 35
127 164 88
78 318 4
54 327 43
163 316 47
254 3 65
16 210 50
309 363 71
47 305 97
95 2 66
185 206 71
368 47 83
213 352 2
194 152 21
253 151 83
67 377 15
178 81 18
82 318 25
78 24 58
354 66 80
318 181 46
294 274 35
56 87 2
350 388 91
384 273 43
394 77 41
66 119 31
133 69 69
334 346 11
286 210 48
194 271 73
63 382 4
164 305 19
64 183 75
97 217 81
295 129 59
233 33 16
150 71 49
273 189 42
23 266 10
366 151 46
64 361 12
251 254 53
40 51 53
296 338 68
171 58 30
205 54 91
216 174 57
15 316 63
136 210 17
387 382 63
220 14 42
198 167 24
223 389 85
132 241 100
249 358 23
269 379 97
399 247 65
400 18 73
110 197 60
357 127 35
152 37 67
152 299 58
309 50 59
387 183 3
234 209 28
126 376 68
233 20 66
376 365 67
351 301 36
398 388 88
394 245 38
64 227 10
182 395 93
220 274 68
127 231 51
121 73 48
195 116 9
191 207 84
76 86 63
21 250 79
164 263 33
29 390 51
229 63 84
387 316 74
181 292 40
280 260 89
49 144 78
41 311 48
390 153 97
121 301 23
67 354 80
294 101 47
123 348 56
252 47 96
213 292 22
183 300 75
181 185 67
347 22 7
134 361 67
56 201 40
175 237 96
126 48 45
358 4 49
269 285 7
364 3 29
371 274 5
207 34 78
32 140 64
159 350 35
394 170 89
135 264 60
61 132 96
156 135 75
148 247 3
180 126 43
347 379 14
45 25 23
140 167 44
63 252 18
141 189 74
248 59 88
85 64 96
332 291 12
138 229 5
399 238 96
197 272 82
392 173 44
345 361 66
248 119 98
273 393 21
133 185 99
304 187 41
127 45 71
203 72 8
371 113 48
333 381 38
24 182 64
9 309 71
64 286 65
6 181 73
378 334 90
343 368 38
369 286 89
286 354 48
72 58 62
255 202 86
209 227 21
312 302 29
146 380 61
263 82 45
361 176 63
160 277 93
220 102 9
379 354 93
241 207 36
151 197 60
237 227 37
140 265 84
119 117 57
15 375 89
43 291 90
344 10 19
270 138 97
152 60 97
358 247 47
219 197 73
185 98 61
393 252 43
242 302 70
38 116 94
152 257 45
258 59 59
73 62 96
110 361 35
178 190 73
32 13 20
241 326 5
55 215 88
131 102 54
385 348 63
90 35 60
178 158 40
105 308 78
347 279 38
219 81 94
388 331 36
106 175 1
135 46 59
301 388 73
41 352 43
56 180 79
291 28 100
280 54 67
328 144 100
297 276 30
8 149 67
237 146 79
343 94 8
336 17 28
136 336 46
132 34 3
18 150 22
304 228 13
172 262 30
359 150 51
311 268 53
354 178 85
124 347 8
350 277 10
213 197 50
100 31 77
207 141 87
237 56 99
261 83 81
245 338 75
165 204 52
156 372 30
153 244 32
111 187 19
258 345 11
338 307 85
362 357 74
303 157 10
331 292 27
213 89 80
180 238 41
198 345 72
368 11 35
235 55 96
386 224 52
337 307 46
243 35 18
284 308 12
392 192 59
366 236 70
293 122 32
261 377 82
199 313 12
248 137 66
116 393 50
4 255 76
330 43 6
255 185 61
35 228 30
194 264 4
193 359 13
53 134 70
25 376 52
97 79 85
109 217 71
137 126 84
284 129 7
374 356 89
253 165 42
312 115 19
94 58 98
233 50 53
296 325 8
400 274 71
152 281 93
251 179 38
10 1 16
359 400 38
213 330 35
151 261 22
387 128 22
332 75 83
18 138 98
301 14 54
286 127 80
332 335 25
196 55 18
171 237 97
111 96 62
120 199 12
169 87 62
141 50 6
32 310 76
389 294 70
387 55 99
295 1 61
348 286 38
164 149 77
146 5 74
96 82 16
29 16 89
131 255 97
113 48 96
321 396 16
370 294 72
101 75 12
290 94 52
207 386 53
293 348 84
14 329 77
77 158 64
70 190 79
252 233 32
370 16 29
295 64 20
391 172 73
28 93 4
222 167 15
143 194 92
51 9 16
22 236 16
103 97 90
46 285 43
136 397 72
92 90 32
178 302 69
351 368 96
219 278 65
84 295 46
244 271 63
252 203 95
360 294 53
240 333 83
107 152 23
155 30 48
199 111 32
380 361 70
364 333 21
56 147 97
191 189 5
313 263 58
303 134 61
3 330 57
95 69 31
345 97 50
9 388 92
285 36 92
90 316 23
11 297 62
88 136 70
398 162 52
212 249 40
153 309 60
68 400 47
282 111 17
155 255 15
175 346 13
197 37 5
5 155 96
56 133 73
270 157 25
352 274 69
260 202 45
262 312 85
241 134 48
166 71 16
101 77 86
145 35 18
190 278 50
318 367 77
48 320 98
131 316 25
288 75 68
146 397 36
367 116 35
108 2 12
180 257 16
104 125 81
204 141 28
368 54 23
291 252 64
146 298 33
313 79 18
374 231 26
175 340 30
377 395 60
325 100 16
46 257 50
144 16 46
69 131 96
285 290 21
243 151 4
176 358 88
96 312 85
16 363 9
337 64 63
117 258 8
348 227 74
7 357 83
393 272 38
47 5 71
227 201 19
291 172 81
227 135 42
370 1 71
142 264 85
329 324 21
275 255 67
357 322 78
280 165 58
331 84 63
128 337 21
154 159 44
131 261 84
152 95 75
321 121 81
48 193 77
123 107 95
214 373 93
297 379 22
8 195 89
139 1 93
334 378 30
181 244 98
68 396 23
317 104 86
233 230 33
67 293 36
166 169 46
278 20 96
377 237 6
70 253 39
87 111 7
50 227 9
9 48 58
55 198 19
213 79 55
140 63 67
120 259 75
62 354 95
130 107 68
80 244 80
182 322 99
171 266 44
199 292 54
211 355 61
382 253 48
290 117 9
95 101 62
9 55 98
15 5 76
243 238 3
24 63 85
323 210 58
19 358 52
8 321 37
265 319 43
208 247 30
80 36 53
20 379 87
208 332 7
26 290 50
367 223 39
314 366 2
172 179 78
166 218 39
124 264 29
317 179 75
368 371 72
380 54 57
94 116 53
105 37 31
389 233 81
196 109 98
359 302 46
82 123 57
224 125 60
146 242 95
64 3 3
125 181 30
22 268 62
19 174 58
142 136 82
188 378 85
364 344 10
392 15 32
217 222 43
206 304 27
260 141 88
307 193 36
335 234 74
262 93 60
132 229 62
48 140 63
243 94 50
10 125 64
295 207 49
102 94 22
363 44 67
95 196 12
185 348 93
63 89 21
313 381 34
292 5 96
95 186 12
372 191 22
89 332 99
205 323 37
5 277 80
157 44 10
251 185 40
369 392 10
107 219 39
327 132 17
51 171 39
70 276 3
49 206 49
7 94 68
95 278 48
75 168 49
98 320 39
367 65 7
264 62 65
374 338 21
287 42 16
350 29 73
381 314 38
352 395 83
348 158 13
349 44 52
347 61 97
78 62 1
144 302 81
296 26 20
400 289 41
34 315 37
280 173 89
106 82 83
81 117 90
18 172 83
156 244 1
156 138 53
377 312 37
358 87 75
214 376 63
367 81 61
5 359 4
360 149 86
79 219 68
152 7 3
158 84 24
184 353 27
348 191 28
60 253 16
325 360 82
237 356 64
136 322 46
332 206 44
101 171 11
83 320 93
83 23 73
99 269 38
165 49 11
226 11 80
43 210 77
399 112 89
27 263 48
219 30 66
121 343 64
380 269 93
137 31 63
265 110 49
222 372 31
295 244 4
178 249 3
310 393 95
47 59 76
290 204 15
188 290 9
235 84 14
286 68 18
19 322 69
76 162 91
348 84 25
90 323 60
50 142 18
94 176 56
195 155 38
169 374 22
99 231 3
355 41 77
60 373 96
260 355 5
369 265 32
128 290 17
194 50 40
211 400 72
300 373 25
339 217 54
393 102 67
202 18 94
340 234 17
173 59 11
282 275 18
398 198 62
277 124 86
74 22 86
40 125 93
353 71 43
398 369 34
202 198 69
360 293 24
36 304 86
165 131 50
197 400 40
283 147 16
242 57 76
350 234 99
233 191 45
220 72 50
299 361 39
346 336 96
335 259 5
170 118 9
89 397 56
373 164 34
399 71 88
69 368 47
114 135 79
96 47 23
86 209 40
200 386 78
271 281 87
335 166 98
117 208 25
118 147 60
251 66 99
214 161 5
350 177 31
296 9 30
111 216 36
400 171 26
202 258 65
54 285 1
109 247 92
224 203 86
318 187 53
181 225 37
251 362 30
300 225 23
31 234 9
272 126 81
17 7 84
102 371 96
114 399 24
202 146 74
38 112 58
45 57 43
152 312 32
339 265 44
103 312 44
165 200 75
201 173 30
265 283 6
153 163 65
306 172 74
144 287 99
49 133 90
321 369 13
59 233 45
86 269 47
118 44 57
129 380 16
301 338 81
115 183 35
82 78 67
117 160 12
109 74 56
258 374 7
139 170 82
365 363 6
35 203 18
387 300 96
384 307 84
269 230 24
195 389 57
38 121 58
52 304 34
371 2 86
253 376 16
149 270 66
250 280 30
392 247 93
328 117 58
19 341 54
370 347 51
10 297 36
107 1 29
340 304 86
259 323 48
264 124 70
253 154 1
140 114 2
234 43 59
63 347 43
94 31 21
251 44 43
354 48 3
52 163 58
181 298 78
280 73 7
149 375 52
2 389 34
139 257 26
45 28 27
2 383 58
102 396 64
216 124 19
291 376 88
383 136 72
376 12 49
381 345 93
78 64 6
258 51 30
252 332 33
82 286 16
284 17 44
27 43 25
73 357 60
66 221 9
137 333 40
292 99 89
153 220 47
339 110 27
294 137 20
316 241 87
2 157 72
186 233 73
203 9 94
208 363 73
67 185 26
303 98 55
313 43 12
283 144 7
82 289 39
381 362 33
260 290 27
64 186 15
84 115 56
158 114 51
352 69 13
373 258 40
78 244 47
293 370 25
267 215 73
211 115 47
12 95 79
187 331 17
171 183 15
60 179 75
47 206 92
286 281 4
185 11 24
44 142 85
315 216 99
23 124 34
189 186 14
308 245 90
304 74 89
203 280 5
171 279 91
34 22 92
297 24 19
4 203 83
77 197 99
213 93 10
259 37 9
177 110 61
2 391 56
160 43 53
368 369 96
140 31 71
231 151 22
237 37 87
236 356 48
139 349 98
324 202 58
245 400 38
14 377 22
170 149 50
249 210 7
365 10 77
307 60 49
327 188 41
138 277 95
339 92 57
294 215 64
142 285 54
233 316 11
362 174 16
100 218 36
118 292 93
370 254 42
82 186 52
62 89 23
108 140 14
124 158 98
123 182 22
159 299 56
222 85 80
349 371 76
380 107 50
225 80 87
155 218 29
62 55 86
128 346 61
282 66 8
218 129 11
336 146 54
256 129 70
60 288 72
24 3 97
15 248 8
343 138 44
29 264 12
262 30 55
165 1 55
258 148 9
259 227 53
338 56 47
257 71 96
102 293 48
387 101 86
85 246 21
26 134 28
359 176 35
107 133 28
174 109 60
397 303 27
70 114 3
14 393 23
365 120 57
158 29 57
363 162 34
383 247 51
355 187 59
78 332 65
276 9 10
17 280 82
8 279 100
169 359 55
397 256 64
334 350 75
173 61 64
195 130 31
272 137 84
261 152 50
211 120 56
114 151 71
303 144 24
361 3 21
11 133 29
159 309 4
64 178 30
135 259 11
144 69 13
9 181 96
329 173 31
391 274 43
227 246 53
202 223 90
284 42 44
150 169 84
70 303 76
365 302 98
341 120 46
387 269 14
59 154 91
335 79 71
50 154 44
344 29 52
205 53 10
229 256 31
274 259 88
106 153 27
207 60 13
173 103 71
338 64 72
52 181 2
245 352 95
41 96 79
36 70 71
240 366 5
65 284 4
25 267 59
352 285 43
215 252 3
15 378 65
200 262 62
112 156 16
298 346 83
322 224 53
41 55 77
103 326 69
241 162 33
112 240 89
18 157 8
306 117 13
4 396 53
219 271 75
120 312 73
162 261 78
135 201 96
355 294 23
205 150 50
57 147 57
170 267 70
249 375 66
167 31 12
195 87 81
257 199 31
117 81 28
82 68 24
7 111 33
321 350 85
234 214 72
8 4 1
383 78 63
235 297 53
264 204 85
159 303 82
356 132 83
61 51 46
148 18 8
307 223 30
173 238 71
22 332 35
19 325 24
340 195 62
170 320 77
250 11 20
221 195 21
19 158 54
364 50 86
103 276 83
383 159 32
328 352 18
168 24 4
101 299 19
321 182 98
119 228 91
13 150 86
164 215 24
394 240 87
84 234 13
162 115 43
82 26 84
321 362 85
20 54 95
243 268 69
108 400 51
246 3 50
389 200 81
61 300 3
135 103 70
160 373 90
192 62 81
312 330 70
270 63 42
168 5 81
237 279 72
37 259 91
333 274 10
214 350 28
70 266 54
313 120 80
190 389 80
300 266 37
144 7 77
89 154 76
100 96 5
144 194 76
199 156 31
294 308 24
102 187 38
61 55 12
9 59 62
331 26 80
158 106 76
156 305 55
68 73 88
261 176 2
113 395 39
127 215 46
276 315 50
355 221 34
160 285 9
79 303 96
215 60 76
47 129 21
160 131 5
151 313 72
355 242 86
171 356 97
310 217 69
113 198 52
346 227 98
207 16 1
215 134 17
95 14 79
139 258 39
258 96 6
350 116 1
269 161 30
141 223 40
56 299 67
30 141 85
118 333 79
391 206 88
140 11 41
330 278 71
4 321 19
322 294 84
174 338 69
2 368 94
156 369 34
146 237 90
222 255 13
65 157 89
88 394 80
322 19 89
345 12 45
308 368 2
375 199 45
287 12 93
356 395 83
60 280 47
100 37 8
215 354 65
88 226 57
263 62 48
179 323 4
83 314 86
205 372 38
187 190 59
49 238 71
337 358 83
282 1 50
116 115 41
12 138 44
247 172 10
236 240 74
272 102 62
64 196 99
244 37 36
324 330 79
296 201 20
164 376 15
136 360 31
102 250 94
97 287 22
341 334 87
87 88 71
80 195 93
98 398 7
129 41 56
137 220 44
169 258 85
280 248 77
55 34 34
37 302 51
202 86 87
159 238 2
34 350 83
4 17 96
167 36 18
46 375 45
169 174 4
271 142 97
183 310 75
87 268 68
284 220 22
271 138 39
115 89 32
82 17 59
301 219 97
176 304 86
396 148 31
4 131 66
340 79 28
53 213 88
315 258 87
47 70 35
235 142 18
83 165 53
253 295 6
88 59 100
176 352 54
288 271 35
291 294 25
299 16 77
271 307 64
289 324 60
312 274 95
196 272 80
102 113 69
240 180 96
76 11 6
280 47 48
254 12 10
108 399 55
320 347 49
396 71 42
296 225 78
279 323 100
102 33 43
55 135 61
316 75 83
64 147 72
23 206 64
396 169 6
222 74 21
126 57 64
340 62 67
66 211 8
130 197 4
254 109 36
65 8 29
134 288 87
2 76 58
223 182 76
384 392 33
355 352 46
222 147 92
186 145 91
154 155 61
159 318 7
164 395 73
295 128 35
387 396 16
121 64 62
208 306 23
93 117 38
232 209 25
241 277 17
217 153 75
186 304 11
343 312 38
243 12 77
317 195 73
178 82 89
269 233 66
387 30 47
19 284 65
311 152 74
116 104 75
170 397 75
166 204 90
248 72 76
106 313 36
271 296 31
150 74 81
334 213 4
302 147 81
82 223 72
173 348 25
90 268 10
171 181 28
312 259 73
119 385 54
129 49 34
385 41 78
22 18 43
44 397 8
213 251 45
298 72 69
16 241 29
400 180 64
389 94 76
171 206 55
100 395 36
45 378 82
183 136 45
377 63 87
370 90 37
191 89 39
324 334 50
272 280 11
125 4 78
352 163 29
372 56 87
190 10 58
152 328 73
262 219 81
283 154 78
101 116 91
330 185 63
346 142 69
51 5 26
208 288 71
291 171 45
330 247 90
284 110 91
150 208 58
259 140 61
306 35 36
97 109 87
269 57 32
136 356 63
182 64 52
123 201 94
209 208 17
152 240 89
100 349 5
218 326 12
217 335 28
268 168 54
79 99 99
163 298 43
247 394 63
112 143 97
300 389 22
78 239 17
279 68 64
90 273 53
364 48 81
163 152 97
256 353 26
380 9 41
35 168 66
182 82 12
4 197 15
336 344 88
81 41 1
86 59 86
6 274 4
23 389 65
125 149 79
380 365 40
246 388 4
294 77 17
280 199 24
183 301 39
371 83 85
116 300 25
152 377 59
225 176 2
362 195 30
241 197 47
227 385 84
137 194 52
326 134 87
210 137 75
149 107 23
277 55 93
186 130 16
28 356 29
167 14 36
88 389 67
301 354 63
51 44 91
334 13 12
208 98 80
358 50 93
260 397 75
23 130 83
69 120 43
135 17 47
259 321 97
395 136 61
336 127 68
386 13 17
43 325 98
112 59 35
122 380 76
165 120 82
303 113 74
96 285 47
228 238 100
275 108 46
390 193 90
77 234 12
192 18 39
27 40 30
166 306 21
381 272 41
202 76 68
170 381 23
370 255 51
262 379 65
44 342 71
207 150 73
369 142 89
346 325 18
2 217 48
205 284 3
287 363 55
325 93 46
266 394 71
327 74 10
345 340 21
164 135 39
336 40 23
167 285 26
20 21 64
121 292 62
248 3 70
271 240 87
223 101 11
29 258 47
205 351 25
180 391 48
26 273 28
277 134 79
360 137 9
376 329 61
294 40 13
296 232 90
212 233 77
296 99 3
62 247 71
256 288 98
241 89 21
373 186 53
277 69 34
384 303 75
87 229 67
135 255 24
114 226 78
69 192 17
349 149 8
207 89 74
184 236 28
304 191 20
57 279 9
331 159 62
42 290 76
163 329 39
282 48 82
368 293 12
142 158 50
58 118 59
291 292 75
308 248 37
400 44 46
44 197 16
394 324 94
68 283 48
105 258 66
189 338 17
289 305 94
11 307 47
101 8 65
152 165 86
241 159 41
339 53 48
33 146 56
269 181 95
38 218 10
30 290 39
77 112 65
80 245 79
116 168 91
155 168 82
179 342 37
155 82 33
101 248 6
327 51 88
146 134 52
141 311 67
104 288 30
7 148 69
266 191 19
64 288 11
250 232 93
19 368 14
265 298 78
234 46 60
131 136 6
181 188 41
132 162 90
55 332 8
164 158 94
67 215 60
73 260 14
180 49 22
47 259 37
217 295 91
357 392 77
95 102 41
262 206 67
331 23 39
209 335 48
398 234 50
232 201 46
361 81 29
321 78 13
397 131 79
313 35 78
228 264 99
126 58 63
125 375 49
240 358 39
49 249 5
259 340 59
41 395 11
278 283 90
108 98 54
71 279 30
187 155 99
28 362 94
319 226 16
219 112 4
207 251 14
158 295 48
98 147 22
324 350 45
278 171 55
199 169 29
22 164 89
330 90 70
350 2 49
164 301 4
77 107 2
96 73 11
384 116 36
140 363 61
157 203 82
86 352 70
362 165 51
175 327 88
181 113 73
205 183 67
94 98 24
206 139 44
238 356 84
346 129 14
203 317 20
346 131 21
358 334 5
127 219 97
379 280 3
145 297 8
26 5 17
309 20 47
94 53 67
54 243 59
274 270 64
125 300 84
357 238 54
400 250 46
50 148 23
264 385 83
129 303 61
380 94 9
31 133 85
108 269 79
223 104 77
5 365 73
292 362 80
210 265 43
11 255 38
163 306 38
165 70 77
224 105 61
97 361 90
210 167 3
242 198 55
6 30 61
158 240 68
328 331 67
2 358 74
155 99 4
75 346 45
241 270 33
335 298 70
41 299 37
119 197 38
216 170 66
255 252 28
329 282 3
328 67 94
183 389 31
116 56 55
143 161 99
243 68 50
112 213 72
262 181 93
265 398 28
297 227 100
156 98 28
160 390 82
371 355 29
373 211 64
83 67 58
153 18 4
158 294 27
149 346 40
332 114 20
196 208 84
2 297 71
101 238 99
167 162 98
250 230 25
336 283 24
290 78 77
120 243 74
246 2 22
348 367 32
6 358 70
325 226 82
41 298 28
8 159 97
60 4 79
189 145 89
393 24 37
18 13 64
49 399 73
89 301 42
136 60 98
323 156 30
83 393 29
268 1 29
322 110 79
124 279 98
222 52 36
306 122 75
117 56 12
184 62 77
144 178 21
368 346 14
361 77 13
295 18 45
348 380 27
75 253 46
274 71 50
394 334 67
98 209 93
123 208 26
308 181 14
208 360 80
316 49 98
353 142 98
135 276 56
16 169 60
172 281 24
261 365 67
396 140 18
390 121 16
277 129 88
196 281 51
14 205 46
242 271 42
247 132 49
249 48 24
204 123 50
63 392 63
272 191 21
91 383 43
22 263 59
369 134 82
127 253 82
231 171 18
39 288 21
82 331 33
277 222 42
174 50 85
233 254 62
11 275 76
160 305 59
157 337 92
251 236 45
284 55 1
19 364 35
384 266 38
9 207 24
72 88 19
280 16 85
383 34 52
28 253 34
125 379 75
77 373 69
17 183 42
134 319 86
37 212 26
209 159 49
310 105 54
111 122 68
351 225 7
174 399 52
258 89 56
388 173 95
1 245 96
119 124 36
236 372 35
126 219 57
93 22 77
2 307 85
359 306 66
383 26 42
290 313 58
40 236 55
240 219 80
323 92 54
263 61 19
64 360 46
226 244 49
226 99 61
93 231 82
357 276 21
168 222 10
180 319 14
31 236 43
167 147 91
334 101 73
21 399 61
229 155 45
199 303 7
58 243 10
150 366 41
128 255 62
39 358 72
68 263 8
255 217 85
351 175 93
288 170 30
398 171 30
101 255 3
281 1 45
116 376 48
158 197 92
10 134 76
362 289 28
379 291 73
153 361 36
214 354 95
17 293 51
111 70 69
99 322 11
14 316 81
351 352 78
107 271 57
338 243 18
60 44 65
312 103 85
242 44 39
241 232 62
50 52 11
343 71 37
186 106 12
8 98 3
397 26 90
53 321 34
99 239 97
128 35 67
17 372 56
110 384 96
25 40 25
369 342 67
379 129 32
73 46 73
259 383 14
174 131 65
83 257 16
358 346 43
142 202 31
384 219 83
51 380 47
284 385 3
139 329 95
261 265 34
362 338 59
306 254 91
120 112 99
106 6 79
108 394 78
283 164 29
254 214 23
132 77 68
317 116 12
23 362 97
283 158 45
4 386 63
238 209 45
23 374 13
193 181 41
140 349 90
39 262 15
202 160 12
18 348 39
14 214 63
64 67 55
14 96 16
174 161 10
345 327 90
237 379 86
241 273 87
353 383 24
296 196 34
322 24 56
113 358 33
239 13 2
234 159 61
77 27 61
234 400 80
380 226 63
358 382 14
388 226 77
173 199 40
198 31 8
331 374 73
79 54 54
31 207 54
165 44 45
265 60 48
149 146 61
356 25 74
150 6 44
11 88 23
294 198 39
61 311 78
357 136 41
215 27 27
73 77 22
79 356 97
250 152 10
120 211 25
280 250 13
293 307 65
374 101 92
75 364 84
73 169 28
184 248 93
189 207 74
169 218 90
190 165 4
285 180 26
374 55 16
52 341 43
128 101 90
255 245 47
273 89 16
215 71 68
93 238 33
151 216 46
200 179 17
219 109 12
269 248 54
306 298 89
171 215 72
78 133 58
257 295 82
343 309 68
180 288 46
349 390 95
121 362 64
316 210 19
227 210 21
52 12 49
41 23 16
391 261 38
272 388 65
346 225 58
70 64 10
308 85 63
233 265 41
30 200 28
95 276 81
39 297 57
176 253 50
99 59 1
237 185 10
388 36 50
148 180 91
298 229 82
365 264 98
204 163 55
286 367 71
46 99 72
206 265 60
90 260 99
80 64 55
277 391 79
135 208 6
142 201 46
169 336 71
101 173 13
11 152 68
153 398 10
124 269 27
260 50 4
64 366 71
393 344 53
227 153 13
83 33 28
268 160 31
231 207 44
126 81 86
13 289 13
257 247 18
174 285 96
193 74 49
172 108 84
75 161 62
334 183 68
348 146 67
173 177 35
136 67 41
177 28 79
92 309 24
261 156 87
40 47 68
253 220 86
51 253 57
98 372 86
181 114 83
251 315 92
4 79 11
198 150 96
148 97 23
71 295 20
162 291 31
160 257 25
13 67 8
136 342 99
234 276 98
237 322 25
135 241 77
337 211 28
270 249 71
31 353 99
56 285 8
360 266 96
3 82 15
172 268 20
253 385 86
341 51 9
93 230 92
217 386 83
37 313 31
335 156 17
122 203 54
311 386 16
99 258 86
148 74 51
269 215 90
14 70 86
147 339 81
151 258 31
28 294 48
201 347 7
108 76 38
286 291 19
333 172 51
98 114 18
360 318 33
283 326 28
188 252 83
222 44 92
144 171 96
218 361 1
144 169 34
235 305 91
60 319 67
123 393 8
95 93 2
313 162 73
9 110 82
354 382 19
127 344 3
38 113 38
348 384 4
13 188 3
127 235 44
221 93 91
295 361 5
373 119 2
310 84 90
193 18 39
121 284 26
153 294 43
340 150 85
283 91 63
372 102 51
125 196 74
337 176 17
266 184 87
111 106 66
48 66 26
40 303 18
313 254 10
89 186 57
260 29 78
309 11 77
276 179 62
174 33 8
314 269 80
236 156 15
213 73 95
229 236 94
384 57 9
254 172 93
97 149 68
82 91 8
380 218 91
213 144 36
13 398 91
361 195 89
366 150 99
371 61 71
101 221 77
79 208 2
105 381 29
322 31 21
188 30 76
312 131 75
3 156 27
345 214 75
54 145 77
17 199 60
229 344 88
296 41 48
10 36 42
348 216 68
101 144 26
166 231 10
226 345 20
340 334 83
108 82 50
163 119 92
203 213 73
324 8 62
146 247 11
200 339 36
314 391 70
80 295 39
101 112 48
186 230 88
171 249 94
114 269 20
187 399 53
365 214 24
143 389 97
151 118 77
365 182 91
382 384 100
219 352 45
295 194 4
179 222 85
92 179 100
141 59 48
217 129 32
262 40 54
300 337 80
191 6 93
400 242 35
337 45 61
18 4 94
131 109 99
321 355 21
260 193 57
118 360 37
297 167 33
99 354 42
149 397 8
328 57 24
252 76 59
217 311 93
242 265 92
44 47 40
310 231 4
141 179 86
202 252 27
163 244 28
243 357 34
207 168 17
375 147 39
153 327 25
250 244 56
29 120 61
229 143 73
264 56 5
387 50 90
39 171 25
251 393 43
214 351 87
255 164 33
157 358 16
95 379 81
237 110 55
108 297 23
13 121 30
314 368 62
204 146 91
209 362 46
195 134 48
334 203 25
48 349 80
136 395 57
54 371 85
7 354 98
292 164 50
87 346 53
265 216 50
191 136 71
56 111 9
61 23 20
213 300 10
72 10 49
390 108 9
368 307 66
86 204 85
21 204 26
286 5 43
178 68 61
294 106 77
21 383 73
250 17 3
340 371 20
120 52 32
33 344 19
211 176 99
289 284 87
198 59 85
153 64 22
168 99 37
171 141 10
29 22 88
64 18 28
51 78 61
318 128 45
315 142 53
160 142 92
275 66 21
318 120 56
153 200 64
57 357 54
11 327 16
386 193 49
360 365 70
187 115 61
379 142 6
128 104 41
320 315 80
373 173 14
236 282 33
198 229 52
326 146 25
381 372 68
33 313 80
179 203 1
290 74 81
108 320 75
91 105 82
73 381 81
398 94 36
370 133 67
70 37 93
205 296 20
16 232 52
358 269 58
76 387 10
250 13 63
226 222 3
370 283 98
380 178 14
301 327 92
41 200 39
159 50 13
188 274 71
78 74 88
218 132 71
226 5 30
146 147 72
273 365 47
298 232 26
278 337 11
46 34 14
349 201 16
68 86 22
75 24 26
362 242 45
108 387 54
225 326 31
30 47 30
308 167 59
340 151 39
115 400 48
282 123 86
28 215 83
4 341 87
115 184 85
64 263 67
74 4 32
338 97 92
204 191 90
322 345 5
194 132 96
51 150 84
391 39 67
373 231 87
346 67 32
44 122 82
89 357 44
167 340 85
75 123 93
361 184 100
154 365 71
238 96 14
391 242 56
251 138 89
344 90 61
66 79 54
122 101 33
166 198 99
44 108 6
93 200 15
132 50 97
43 172 15
91 343 68
194 305 91
102 203 58
274 301 97
176 313 81
299 377 82
364 249 88
363 173 18
71 395 26
382 122 38
329 327 68
303 238 11
363 35 69
99 138 67
291 274 62
75 296 28
321 359 100
166 197 52
392 83 50
368 242 11
128 20 18
294 368 62
139 247 60
218 377 97
69 380 8
77 137 98
101 233 10
304 220 45
274 337 6
128 147 8
379 214 32
255 303 7
240 354 44
26 78 27
111 303 82
264 127 82
292 50 2
165 362 81
340 287 7
252 61 51
213 363 86
58 318 18
390 368 39
327 133 94
172 50 1
91 20 80
297 232 76
394 238 56
30 188 100
398 40 26
369 105 41
189 119 1
311 289 88
75 49 57
306 313 43
52 273 31
184 15 48
329 288 3
185 110 62
80 56 100
259 194 6
53 343 71
219 317 43
265 70 5
212 17 7
68 27 76
189 4 34
217 393 23
161 60 47
202 125 42
212 38 53
108 84 89
22 388 4
267 21 53
206 166 58
70 100 99
235 346 7
322 352 95
97 87 74
293 196 78
311 252 56
143 125 28
243 179 75
280 180 35
58 237 70
102 275 9
297 361 88
95 53 37
213 388 34
245 341 78
36 348 5
20 57 1
77 359 91
325 153 84
329 121 73
314 265 96
176 56 59
100 213 66
17 200 47
260 134 40
391 400 36
65 283 46
33 246 93
120 36 100
333 395 57
312 231 23
122 34 96
229 260 10
142 51 54
304 375 8
4 374 51
354 98 81
340 128 17
3 58 40
182 343 46
137 111 18
31 384 15
270 364 4
58 144 53
83 287 9
308 387 35
393 161 49
255 187 33
324 326 16
168 89 2
168 353 99
191 65 50
361 207 29
396 287 95
370 324 9
370 243 51
113 269 38
171 71 7
208 174 22
258 281 26
90 230 21
66 327 12
266 172 31
130 139 67
12 61 80
47 117 22
206 95 99
361 365 62
186 255 41
302 368 27
114 41 36
372 255 24
232 304 57
352 177 84
363 342 43
394 181 51
279 263 2
93 83 83
318 333 2
225 52 41
72 264 18
396 369 26
22 55 83
146 189 91
368 65 71
144 334 80
102 240 40
41 334 16
136 23 60
150 105 51
241 44 42
145 214 48
7 194 82
349 114 34
104 124 79
237 265 86
339 358 95
325 359 76
211 33 19
281 341 21
261 260 18
187 4 65
114 64 85
274 227 79
316 112 28
132 362 92
118 39 37
244 160 90
341 181 81
264 190 45
363 31 50
179 253 1
24 70 10
113 308 100
152 116 14
173 6 34
85 326 10
132 237 74
153 97 97
270 192 56
336 315 83
336 222 70
396 111 89
115 54 11
298 335 94
150 354 59
106 191 93
132 116 49
306 264 50
376 323 92
360 246 37
140 277 31
347 24 93
164 116 44
45 41 87
107 121 29
318 391 12
370 273 100
358 265 44
14 10 67
387 191 40
29 234 86
40 257 68
365 161 29
315 345 73
399 317 79
373 62 78
213 131 80
193 55 18
81 243 4
50 287 74
312 225 22
390 289 10
217 87 70
229 258 44
386 378 45
158 245 100
346 120 69
366 254 21
220 256 98
170 287 43
165 275 100
130 345 25
284 4 36
33 338 55
272 155 78
233 132 91
397 214 60
259 260 79
151 291 63
298 208 26
200 266 28
254 132 52
1 302 66
130 278 21
309 27 21
17 191 31
165 85 99
144 309 12
50 268 68
192 349 14
263 90 94
260 271 30
306 54 96
297 34 12
327 252 52
232 294 100
312 222 34
308 395 99
110 14 92
355 339 74
5 257 44
20 140 38
69 220 72
269 364 87
239 158 23
390 224 22
205 212 64
272 79 20
136 56 17
172 6 82
189 312 95
40 135 86
238 19 93
392 55 68
305 398 30
275 237 50
61 92 11
77 75 45
301 224 67
74 290 46
364 111 38
56 74 39
226 374 37
18 75 44
88 260 45
173 53 78
367 119 7
370 238 8
255 206 57
118 68 98
90 349 81
183 90 60
400 342 14
249 209 45
399 7 59
134 347 81
354 309 8
233 308 68
41 5 61
289 111 36
370 224 81
208 241 78
303 110 11
221 307 82
353 184 9
314 176 62
48 101 18
114 113 57
30 354 44
116 75 92
386 237 91
4 238 91
256 307 90
86 398 36
216 330 43
289 303 52
358 272 60
62 58 42
162 186 83
11 349 66
83 356 94
174 10 14
242 24 26
90 228 98
11 114 44
173 79 43
21 13 54
104 165 80
230 290 3
85 373 2
147 357 16
370 111 15
240 196 91
208 339 24
355 52 10
189 291 76
190 159 18
314 282 64
19 153 99
368 349 90
212 257 22
130 221 30
175 69 87
363 154 50
250 134 8
31 373 77
392 324 1
40 127 39
193 40 73
110 381 60
304 221 2
179 391 89
260 311 42
120 169 32
337 279 70
283 67 4
71 393 39
178 159 14
64 107 67
183 172 3
348 356 13
337 115 50
10 203 93
13 378 82
368 9 17
334 201 44
373 203 24
7 83 24
21 340 22
62 293 87
39 281 60
120 13 58
164 317 23
284 98 68
352 65 67
295 177 56
134 117 74
296 35 48
122 70 23
349 324 3
259 164 62
16 254 33
291 398 63
209 322 34
366 145 12
45 198 20
186 175 27
211 235 5
369 146 83
225 104 81
313 185 85
136 258 82
5 54 27
174 153 4
307 115 38
85 132 27
373 369 12
370 383 46
104 254 71
171 4 75
326 192 43
16 19 94
357 113 92
233 284 96
51 169 52
64 180 74
188 14 2
394 169 74
200 93 70
244 93 71
327 376 23
105 22 99
145 149 86
344 15 15
230 66 34
12 246 26
8 115 24
10 40 48
202 275 58
120 277 40
302 66 9
333 87 63
356 139 7
117 32 12
379 289 41
317 143 74
255 122 95
68 371 71
324 45 31
324 58 59
219 254 22
174 323 92
59 303 30
238 353 16
236 93 97
318 219 71
107 229 82
202 377 87
274 323 15
272 378 15
20 36 7
49 16 58
267 141 2
187 45 85
4 142 68
59 232 94
215 166 94
397 361 56
215 80 90
287 260 66
266 370 55
309 28 79
257 94 10
106 209 9
215 392 56
134 101 89
377 370 60
131 279 8
27 373 61
121 193 63
105 306 15
222 400 93
360 78 92
67 217 77
355 289 42
255 376 44
372 132 80
393 136 14
246 136 12
16 54 44
273 143 38
80 177 70
114 69 58
39 42 76
254 19 13
73 304 90
40 36 15
305 312 7
174 215 52
204 112 83
295 77 69
2 292 93
72 216 14
340 126 69
66 61 86
96 143 71
399 232 2
283 268 93
70 281 86
286 97 41
259 172 3
278 168 69
235 255 16
198 343 78
184 102 33
179 142 44
296 222 38
138 16 72
261 223 5
81 268 2
316 57 49
125 163 65
272 328 78
96 261 93
298 344 68
252 51 61
217 3 81
59 249 84
246 399 96
322 262 69
196 157 90
275 210 44
142 17 68
379 241 16
187 13 35
28 98 56
138 280 97
73 308 66
233 109 36
353 376 33
98 261 38
392 302 41
269 243 56
46 50 98
342 6 1
