700 6606 554
116 233 60
676 103 53
644 692 77
453 54 59
1 178 46
197 44 50
380 590 38
602 392 55
200 451 18
360 327 58
484 482 76
114 466 43
166 573 33
110 113 33
511 89 8
548 314 27
545 137 15
563 239 45
361 82 61
198 486 93
669 585 20
511 144 26
272 336 8
88 267 66
90 298 70
646 36 41
481 506 42
267 542 70
689 455 90
513 31 66
675 105 10
158 307 9
635 204 65
554 654 79
662 100 11
119 403 75
515 604 62
677 485 43
172 157 38
305 184 57
99 346 1
636 213 36
465 79 69
485 154 57
449 14 10
429 650 9
37 247 16
336 645 1
323 275 14
234 552 23
255 440 87
668 541 59
62 96 85
234 393 77
75 370 79
245 509 83
78 80 25
662 231 58
428 512 9
601 63 5
513 321 86
561 248 94
558 669 20
602 599 33
561 560 51
308 422 12
166 137 63
648 278 16
332 346 12
392 389 70
572 200 51
399 306 36
335 161 42
26 237 38
84 312 84
214 231 19
229 474 59
308 541 32
97 566 6
591 612 1
444 498 85
313 180 76
214 622 98
5 502 50
320 487 10
622 154 8
239 345 44
394 112 90
38 363 27
75 642 9
455 569 37
64 562 25
151 254 55
66 612 58
577 99 62
83 419 5
685 110 6
523 515 2
144 444 84
188 179 64
462 598 33
407 652 3
408 538 32
412 189 56
64 561 72
292 571 7
556 487 76
57 97 93
537 321 1
359 39 80
264 643 5
396 289 35
116 40 10
495 578 25
147 554 42
596 270 47
586 140 63
296 606 37
64 163 24
613 184 30
68 475 99
88 479 5
301 682 98
546 644 92
353 160 11
45 621 30
461 480 48
209 17 28
43 539 7
120 156 88
51 495 91
205 616 55
663 311 44
449 265 58
102 316 92
501 192 13
301 523 54
195 677 86
426 614 80
142 42 14
425 370 35
24 651 63
267 192 78
641 358 33
571 67 56
373 308 72
638 282 3
267 237 79
596 455 99
391 33 91
565 507 94
53 97 27
185 200 81
662 319 68
151 9 92
265 662 17
316 482 57
580 11 11
519 542 5
313 374 67
609 221 24
84 267 51
395 478 85
464 636 18
191 243 63
148 265 36
392 529 9
510 293 66
124 302 18
246 310 31
425 650 73
364 15 49
357 352 23
326 397 68
298 100 2
194 130 29
518 93 67
304 654 85
122 441 75
80 172 72
56 193 86
452 12 80
283 325 84
122 339 22
600 115 9
464 35 61
456 333 34
543 353 96
656 546 84
573 179 14
499 587 34
364 131 89
107 458 54
626 75 39
101 552 20
537 463 90
514 265 45
76 18 22
171 639 62
445 687 34
181 567 1
349 270 50
559 212 26
281 106 46
63 327 32
474 582 63
303 73 40
133 165 10
105 227 22
226 393 74
335 100 80
531 61 28
664 206 6
242 628 93
561 602 23
120 684 81
561 280 52
67 217 9
517 594 48
617 420 97
213 10 33
682 501 59
378 289 61
493 539 71
633 467 29
666 136 64
480 1 62
140 152 74
624 678 99
154 194 44
699 352 21
36 551 94
592 597 2
476 544 53
556 495 15
470 364 25
293 82 74
602 12 56
326 319 50
171 45 84
312 457 69
671 594 16
159 554 24
292 28 57
371 241 56
9 339 98
40 157 55
211 581 19
360 331 10
677 687 64
317 85 66
699 132 25
383 191 91
515 525 77
4 220 71
390 35 83
428 440 44
24 62 30
689 126 81
137 160 82
670 678 13
693 371 6
95 403 45
12 181 37
685 386 22
404 350 39
90 419 28
383 543 75
157 231 46
229 640 34
244 412 75
12 427 11
535 347 22
613 111 79
27 611 77
146 162 2
120 344 15
526 143 71
559 546 57
418 169 9
461 615 82
640 319 42
221 285 28
180 121 19
654 601 63
203 672 14
416 226 37
605 671 12
2 448 91
293 489 72
436 214 55
399 206 22
290 457 22
389 335 96
552 369 54
129 384 43
660 636 61
544 324 67
650 525 57
315 491 56
354 584 28
627 259 98
69 434 87
356 121 8
607 608 55
62 94 63
322 304 57
626 383 8
349 417 45
380 415 71
423 330 23
494 94 6
536 357 65
336 547 51
444 358 78
698 454 24
139 347 69
58 436 24
427 490 89
323 678 30
476 141 67
464 277 51
508 605 3
679 279 79
281 331 14
126 180 5
289 25 20
134 421 12
361 229 46
281 460 30
174 567 66
312 323 26
640 114 47
489 67 61
40 532 10
230 587 38
530 130 12
230 482 59
138 16 19
5 310 94
549 93 90
347 698 100
436 236 39
355 24 18
165 629 58
515 193 95
183 388 72
267 463 50
504 499 44
216 55 8
609 293 53
516 109 34
211 313 32
470 10 59
410 195 17
173 331 4
231 647 58
5 473 10
159 655 79
509 631 65
504 590 9
598 511 44
254 259 99
124 688 19
130 585 80
258 38 9
665 527 64
624 297 25
389 43 70
163 534 89
655 219 59
632 96 44
100 700 43
592 182 100
401 532 51
41 8 77
500 679 90
31 375 5
150 416 70
112 277 15
110 319 4
202 371 10
137 124 39
88 227 3
405 69 41
309 28 12
197 465 32
57 277 17
185 214 70
518 554 95
317 507 51
456 203 41
445 190 79
183 553 89
22 101 68
652 534 2
630 293 19
466 618 10
186 173 89
456 506 74
137 660 100
115 8 67
502 469 49
674 424 83
278 493 11
230 62 100
86 419 93
324 210 32
238 467 20
339 128 42
340 397 40
505 28 7
574 200 86
287 302 53
515 540 85
339 444 37
636 493 19
619 32 57
438 446 54
383 37 43
509 368 18
103 238 24
12 170 84
612 144 65
16 480 52
328 22 72
32 508 97
404 304 48
199 325 39
466 329 10
172 697 85
303 354 12
637 204 48
141 211 6
523 543 65
406 543 33
279 522 56
261 306 100
360 36 91
567 77 50
609 96 45
468 648 62
562 244 90
594 511 80
202 394 38
567 638 39
584 369 49
592 594 89
518 13 57
572 308 4
284 527 66
514 592 9
497 73 16
658 83 5
463 299 82
73 7 15
490 519 51
162 39 30
87 584 46
567 578 28
325 666 28
661 398 99
630 60 40
641 62 51
388 109 47
498 279 42
409 304 59
379 537 29
191 465 15
241 222 15
523 159 27
431 269 55
258 252 25
213 523 81
343 219 36
239 519 92
428 617 23
222 113 46
680 473 53
336 451 98
541 436 76
147 638 19
404 47 57
659 258 47
199 121 63
98 116 57
319 391 73
594 463 57
641 213 5
16 554 60
669 353 20
243 65 54
153 197 27
143 428 46
430 628 67
669 666 60
204 154 71
281 68 42
404 537 91
326 585 32
558 563 42
647 162 3
275 365 76
5 32 88
366 493 83
574 461 74
424 108 71
579 512 75
602 444 90
621 166 67
138 386 4
55 211 24
136 216 96
52 556 35
445 98 53
74 115 90
257 67 73
192 141 46
28 404 10
79 27 44
238 290 73
52 411 60
493 74 77
438 245 19
324 21 29
263 204 68
72 453 17
422 500 62
356 54 30
236 698 9
193 123 67
180 584 16
645 206 82
34 110 69
302 370 60
512 91 60
644 519 98
619 128 15
521 363 49
691 442 13
67 552 41
302 95 43
234 225 51
380 570 11
404 7 28
76 40 28
27 523 41
41 498 25
438 126 3
514 305 76
35 24 9
215 170 40
572 489 90
294 28 36
187 149 85
101 130 39
22 261 16
410 457 52
681 483 84
177 67 70
374 317 37
510 496 44
373 490 96
476 61 56
544 99 46
357 95 23
157 637 93
207 695 36
331 221 90
678 296 94
460 187 54
310 515 22
365 553 62
199 118 53
499 218 62
465 525 98
552 328 100
29 205 2
255 282 83
540 414 73
8 143 52
346 127 7
682 688 18
59 8 43
298 620 59
168 616 29
156 304 66
26 320 84
242 578 49
287 389 53
212 412 14
118 103 90
255 675 17
353 89 18
244 495 84
396 374 70
137 61 94
564 256 47
689 381 24
210 16 19
65 223 21
216 616 91
66 223 52
571 49 32
412 686 53
549 572 23
47 401 86
163 252 97
426 172 18
344 499 39
289 307 51
132 481 16
404 568 49
477 309 3
473 325 21
122 48 4
70 59 59
548 325 76
302 215 59
237 424 45
551 677 24
109 563 18
343 188 76
323 483 13
238 535 94
241 447 60
528 445 6
185 429 80
647 312 3
594 57 66
434 265 92
640 532 79
569 2 95
389 191 2
225 655 63
47 128 99
185 662 86
90 556 33
650 304 44
14 43 3
439 31 13
263 639 11
154 297 53
427 270 85
173 419 90
617 60 74
558 31 33
569 269 50
377 655 89
376 45 68
695 573 1
695 636 43
66 580 13
370 280 91
272 187 49
659 383 45
85 206 12
681 254 17
286 265 39
590 292 64
304 592 95
229 460 39
616 154 55
437 30 70
696 540 45
416 341 41
64 278 10
349 192 70
608 18 33
236 535 63
468 581 78
343 230 26
10 199 9
291 548 11
480 361 66
44 75 10
72 27 52
352 691 32
307 365 19
515 297 90
402 122 11
114 256 13
485 512 32
595 210 90
555 698 96
172 335 25
357 644 62
507 591 96
397 102 72
643 583 93
191 287 90
195 349 99
693 30 27
263 286 67
155 604 82
466 102 54
397 223 89
79 536 14
282 1 14
93 177 27
620 436 14
12 673 2
521 216 40
161 89 20
485 342 53
660 439 50
277 659 98
200 379 45
240 380 81
552 243 91
118 217 91
300 627 44
166 315 4
390 419 40
523 46 19
601 424 30
97 659 61
296 393 39
445 429 31
609 535 95
469 405 100
657 482 9
81 591 68
189 350 89
145 73 4
237 29 44
223 367 27
370 148 39
26 171 72
548 357 40
353 308 58
327 303 40
414 58 49
290 397 37
318 459 70
233 601 82
244 59 51
366 335 92
123 55 52
85 459 44
135 151 63
259 524 5
10 433 76
313 131 72
484 655 76
294 374 99
605 432 31
218 480 67
124 180 33
437 213 89
7 196 47
220 252 46
565 3 14
548 686 40
578 397 9
295 629 97
40 553 64
231 581 12
389 154 94
317 308 11
596 343 63
664 207 64
528 295 95
108 150 46
694 44 39
685 236 93
693 449 83
9 420 56
300 591 98
628 681 58
508 528 5
658 177 17
561 67 28
629 109 93
459 626 86
65 217 85
209 504 23
609 512 93
567 137 71
417 336 96
217 596 14
1 392 3
241 238 55
652 212 29
83 650 20
436 476 46
505 508 88
173 448 17
608 123 25
377 698 43
371 143 34
127 498 69
25 331 88
487 600 13
227 206 77
91 58 5
46 637 54
259 549 96
271 453 15
696 475 61
665 9 78
468 465 15
691 4 25
147 158 36
339 508 14
32 35 16
601 532 78
384 405 36
652 121 1
314 73 7
417 47 4
138 542 47
204 664 45
634 354 10
698 402 14
70 268 39
613 540 84
169 251 76
125 38 6
120 526 3
395 58 10
78 367 12
651 500 48
541 106 20
129 535 29
413 200 35
46 692 19
37 387 41
109 69 71
50 697 12
233 204 83
215 202 67
482 125 3
428 58 91
276 49 14
217 214 7
505 107 60
478 73 65
160 486 64
522 255 58
198 575 22
46 515 87
639 448 97
530 305 6
28 190 11
233 358 9
554 2 33
225 577 82
383 601 60
23 92 97
48 341 34
103 335 4
125 414 78
456 108 31
499 290 84
418 396 53
19 419 61
261 588 34
357 319 33
208 422 41
401 28 79
107 135 77
549 126 55
344 214 16
259 19 74
81 384 95
570 276 11
235 350 56
110 515 85
493 396 40
452 250 99
348 199 57
127 332 55
77 171 24
489 282 79
404 121 90
318 604 98
470 61 5
445 308 67
117 501 40
386 163 94
133 326 97
485 422 73
290 410 64
679 107 39
105 142 84
609 405 9
239 268 64
476 256 47
412 660 63
436 593 4
238 73 18
123 283 36
226 424 25
685 239 10
14 25 29
74 108 13
430 345 90
559 45 82
642 60 77
291 540 47
143 3 73
449 446 24
517 577 89
414 598 90
367 600 3
399 427 81
80 546 42
682 622 40
229 654 33
195 89 57
275 146 74
45 332 57
668 434 48
156 260 90
389 173 22
213 334 100
566 389 55
199 500 35
266 670 64
12 386 9
578 127 97
35 671 44
263 674 80
690 160 44
346 684 66
559 159 81
41 329 42
532 479 69
505 394 60
666 523 96
676 261 88
27 306 77
209 699 37
583 291 58
373 370 20
340 149 80
75 368 22
141 244 100
210 492 4
272 505 58
337 520 5
59 270 90
24 18 75
41 520 8
79 489 13
154 177 39
180 102 83
549 458 64
201 347 89
328 21 51
143 470 83
194 463 13
497 347 84
664 221 47
463 3 70
610 553 2
143 417 61
611 62 24
499 240 20
283 328 2
277 391 92
248 83 66
138 687 26
15 82 47
103 606 65
642 445 100
660 680 28
266 18 91
203 227 4
564 155 95
6 509 22
173 340 28
629 493 16
508 502 19
341 526 37
298 277 91
301 152 19
560 197 12
496 134 88
510 79 52
482 48 14
365 644 1
431 158 61
670 67 32
309 502 10
209 690 42
199 277 78
249 241 35
269 126 50
365 632 16
655 36 60
417 89 15
62 502 78
506 511 38
534 518 63
373 568 84
584 198 8
28 80 29
399 643 51
246 213 74
54 378 57
132 174 47
13 469 1
29 448 17
490 208 6
324 20 91
187 359 61
236 690 8
83 389 59
141 666 89
663 651 11
251 171 68
88 629 48
441 257 90
241 189 71
365 518 5
3 109 3
155 214 29
248 41 34
251 219 34
327 10 58
518 295 52
48 24 94
157 666 1
526 315 18
700 174 68
582 249 6
271 77 74
590 328 23
619 115 59
335 272 66
173 666 97
302 484 29
197 596 100
681 663 8
599 330 44
7 654 54
377 59 76
336 369 27
55 405 66
144 648 25
461 335 84
497 6 63
12 488 93
389 336 91
197 574 20
129 67 98
595 571 75
131 349 96
377 507 6
329 474 41
279 171 84
637 453 13
531 47 20
356 9 86
649 567 77
598 151 60
492 594 6
112 460 90
537 6 12
607 54 39
63 336 68
680 540 98
364 413 91
427 651 61
550 455 94
194 142 22
451 26 94
564 476 70
116 543 81
573 276 19
543 460 90
288 154 89
247 560 10
546 2 40
73 660 42
416 8 35
228 27 9
95 699 96
68 111 96
500 208 1
583 423 24
591 205 60
37 229 36
56 327 3
680 537 79
36 23 41
527 698 39
560 500 64
210 162 87
653 578 7
639 455 63
487 426 49
498 621 38
392 587 1
586 188 5
261 149 1
684 390 30
400 43 43
425 287 51
22 608 88
644 45 86
694 330 26
580 488 83
275 137 99
28 533 35
81 493 63
490 463 92
142 505 71
408 198 7
151 158 92
484 150 40
569 116 74
446 17 95
514 646 30
669 232 7
174 664 79
220 532 99
91 537 30
581 421 34
483 231 1
583 403 75
225 280 33
654 176 22
16 318 38
501 61 63
670 348 70
666 449 34
424 564 13
186 138 26
470 85 59
1 479 62
508 344 72
507 196 15
243 50 71
506 21 66
218 34 82
163 215 48
376 11 67
660 255 23
174 515 49
293 93 80
320 547 15
499 28 96
153 408 15
474 378 87
666 220 83
427 338 44
158 284 18
227 157 91
535 416 93
265 534 23
520 221 88
203 148 22
512 493 69
260 692 50
624 464 21
475 241 6
229 463 2
58 118 91
225 282 36
445 77 99
177 501 43
403 676 44
18 698 16
469 444 96
571 618 47
113 115 11
316 326 79
13 69 63
289 309 77
585 99 10
488 14 47
256 72 59
71 303 95
626 649 100
417 59 71
2 469 56
683 3 35
535 673 96
69 431 29
455 151 3
426 191 11
450 687 17
481 684 54
161 661 72
258 690 62
618 213 38
571 214 9
498 692 6
690 402 63
69 377 67
156 137 87
316 518 50
117 106 54
359 267 76
421 80 75
11 589 1
375 383 16
390 21 69
421 131 70
433 231 22
417 151 3
6 506 98
164 3 6
85 541 24
284 98 35
35 372 35
347 55 100
35 154 86
192 489 55
329 150 43
345 177 77
109 510 59
370 95 31
100 565 77
261 610 69
681 646 93
602 62 84
525 153 15
323 118 37
66 202 77
225 598 88
231 302 43
227 564 31
152 177 10
482 369 5
473 316 39
152 153 28
697 388 6
200 324 12
375 120 72
170 143 19
184 206 51
476 120 75
12 165 26
623 272 94
251 334 22
583 395 39
587 258 70
283 455 100
576 633 17
82 580 34
282 189 64
89 146 61
576 182 24
413 192 69
603 411 78
108 597 85
289 408 9
445 150 92
83 105 37
114 479 6
324 580 74
346 54 54
268 535 7
672 507 74
137 375 58
492 34 63
122 367 76
119 105 20
402 648 63
32 421 39
438 389 41
422 128 66
618 265 72
649 481 45
25 444 3
380 502 6
339 166 47
604 130 48
135 659 56
215 487 87
458 111 77
5 300 49
72 121 36
45 323 4
158 700 36
47 509 49
171 199 45
490 415 64
270 490 36
383 642 29
6 545 27
283 89 8
299 616 57
344 268 32
360 307 2
410 86 68
590 398 76
362 232 12
424 107 32
31 147 23
354 429 96
135 488 35
569 661 72
421 596 94
26 220 96
414 609 47
211 55 68
27 302 68
352 142 62
562 437 73
221 123 22
357 159 87
485 359 90
173 318 90
556 560 2
22 182 57
339 355 40
46 642 28
8 195 18
128 43 12
215 237 46
40 73 91
212 388 42
539 32 99
101 461 94
357 472 38
179 281 84
246 293 79
528 173 27
37 376 92
136 638 51
535 685 37
631 280 42
523 35 42
82 503 48
332 562 33
692 652 22
373 37 71
377 653 26
225 698 98
239 584 72
382 177 94
311 426 20
308 483 35
552 458 32
262 57 11
663 424 39
503 52 1
488 684 24
625 284 65
638 528 52
498 332 14
242 63 35
299 464 63
663 532 1
525 52 63
387 176 61
267 563 52
553 678 27
239 628 81
198 561 66
153 257 28
327 402 40
379 610 21
287 268 3
214 70 8
315 606 98
406 614 89
574 675 44
159 340 29
634 407 49
301 679 45
500 203 23
568 585 96
496 271 9
285 279 78
427 650 40
203 550 80
627 482 86
72 626 80
353 549 81
43 663 25
413 354 19
58 76 2
303 455 60
242 318 44
90 615 61
389 613 43
100 219 75
631 441 27
666 86 48
365 499 96
117 528 11
110 656 31
267 88 40
83 274 33
66 246 61
209 470 43
266 425 70
679 547 83
85 612 45
268 279 79
172 430 72
655 390 17
350 460 36
368 318 98
623 192 37
326 375 9
239 21 4
530 449 83
462 378 20
50 647 62
365 396 45
641 434 74
109 393 41
290 642 16
183 298 95
643 183 58
501 290 37
215 271 80
393 261 58
88 497 18
331 148 54
424 318 86
197 505 65
436 196 33
406 131 90
104 485 23
221 20 38
120 242 37
86 109 23
575 635 10
612 16 97
619 130 75
450 180 63
356 298 17
521 373 3
310 11 24
298 447 65
389 239 100
120 523 10
233 621 62
614 204 13
292 186 79
373 361 90
3 358 83
655 657 83
661 70 8
634 518 78
39 329 81
180 621 50
156 574 74
309 326 75
488 428 18
646 6 63
1 577 95
49 201 56
119 418 87
94 677 31
265 408 4
327 584 96
271 328 77
687 102 1
439 621 80
437 481 64
598 548 48
340 225 91
375 362 11
158 577 60
498 86 66
148 325 37
386 79 99
429 278 64
133 215 81
345 23 100
194 37 22
604 494 66
188 154 25
541 53 36
424 640 9
403 442 99
326 570 10
646 16 83
603 26 89
666 395 98
189 461 85
368 230 43
431 368 45
253 487 4
278 614 96
297 348 98
62 665 16
169 86 69
126 97 20
69 576 65
134 289 79
476 470 34
15 641 91
114 447 24
88 564 25
357 92 84
347 271 89
161 242 44
665 263 12
64 209 62
150 618 52
321 53 19
616 439 37
63 74 47
274 248 18
162 186 44
329 39 34
476 632 2
556 397 26
253 485 87
381 300 67
572 233 53
453 414 50
311 74 64
202 86 75
185 322 55
584 314 82
296 196 37
626 651 24
535 600 23
261 624 31
423 9 99
372 210 48
51 511 31
75 692 36
558 208 47
148 97 63
353 686 60
92 213 41
263 187 96
372 214 21
132 39 75
107 73 47
46 100 71
473 337 13
76 607 89
113 145 16
13 339 42
254 621 62
115 208 74
492 505 52
8 460 78
69 132 58
483 402 31
522 54 55
667 271 7
444 624 77
500 695 30
327 357 21
129 298 61
632 124 84
145 482 10
564 168 26
266 366 52
67 219 17
319 86 23
96 62 97
259 682 71
28 535 17
493 255 6
476 372 32
481 347 92
134 5 3
314 193 86
3 321 44
608 239 63
41 175 39
177 120 67
154 527 39
354 663 38
349 698 95
350 572 82
469 244 35
27 466 73
467 194 9
325 189 84
62 286 36
358 389 47
557 542 78
507 129 42
426 374 25
628 241 31
692 557 5
355 276 26
697 473 86
399 464 86
188 346 15
431 272 4
670 56 46
90 126 28
677 183 2
266 170 35
448 330 13
75 149 73
548 64 60
81 404 2
247 652 23
442 310 82
488 513 10
577 21 1
318 177 7
233 591 45
157 445 9
632 166 1
463 67 60
159 203 74
149 105 11
696 669 35
615 328 40
349 108 10
378 13 65
587 187 76
328 657 32
161 399 32
459 665 80
564 194 37
397 3 63
277 476 14
331 439 18
369 56 76
530 578 7
381 196 26
666 164 87
446 26 3
116 367 13
265 168 49
518 480 63
325 264 87
66 393 8
81 222 8
517 190 14
394 26 41
327 173 67
345 342 9
636 175 10
209 95 28
234 466 30
347 177 3
352 130 40
574 660 6
25 426 74
319 333 30
150 176 26
612 195 3
6 138 21
561 650 9
13 681 20
478 460 14
603 346 1
173 232 29
275 140 69
574 428 23
331 477 52
292 517 5
396 318 59
8 397 30
92 124 24
286 236 10
663 341 21
30 97 82
572 444 70
424 122 81
621 262 56
223 603 68
240 514 32
102 488 59
348 164 80
317 358 2
331 573 88
236 266 10
507 516 97
374 256 50
270 447 11
329 87 9
131 472 90
515 471 72
47 153 83
560 542 93
298 253 57
276 346 55
660 46 8
607 347 21
341 491 84
147 398 46
381 303 64
85 648 21
432 34 26
240 69 2
225 263 61
495 102 11
45 270 45
340 219 47
297 518 90
269 491 61
493 371 58
660 223 69
350 255 71
434 554 28
274 519 34
548 553 84
121 565 85
569 546 65
608 228 29
684 134 53
468 583 52
290 278 97
455 437 16
378 364 14
295 18 23
121 389 39
149 676 43
178 231 57
546 72 51
378 257 63
29 400 47
306 411 61
205 518 5
417 654 94
191 84 48
65 471 6
166 505 42
623 432 56
138 552 47
451 673 21
398 193 28
177 80 37
514 534 3
149 343 22
191 46 17
283 19 18
534 349 25
554 398 13
156 484 58
523 367 98
373 445 76
600 110 35
238 650 54
231 371 81
3 6 72
83 614 82
246 317 57
441 181 65
99 430 83
313 508 19
47 50 64
107 583 64
251 8 79
101 335 99
418 220 45
382 401 32
264 655 74
153 111 60
335 63 37
691 321 48
159 74 47
55 268 61
678 662 88
579 245 47
99 626 84
503 159 39
62 290 33
373 247 15
164 693 75
443 347 46
245 20 51
70 247 28
387 628 95
525 184 12
537 88 76
124 313 21
163 84 95
97 592 4
317 578 44
448 541 42
168 15 81
537 547 98
269 93 100
375 531 54
402 699 1
409 20 87
169 436 60
432 662 84
436 643 8
113 693 3
519 530 74
241 208 21
398 264 36
206 330 89
85 35 78
60 355 29
623 244 83
237 68 15
6 13 91
70 575 24
611 647 78
586 547 3
320 585 41
667 526 21
460 73 27
34 24 61
632 228 40
685 407 2
388 643 32
659 443 70
390 301 62
330 668 58
543 457 66
373 168 22
487 316 68
319 668 43
279 395 3
18 464 33
72 471 36
516 292 86
420 51 28
80 131 19
584 657 53
354 356 77
491 150 41
677 600 79
381 307 8
101 17 11
55 433 35
324 684 9
419 594 54
310 657 45
326 654 63
290 174 67
165 173 74
615 262 83
505 428 97
316 227 89
436 616 40
185 615 97
59 607 56
444 212 67
509 560 39
17 423 3
670 659 22
653 604 20
697 346 4
530 344 79
471 307 63
407 357 16
560 38 39
97 23 66
168 565 77
78 581 93
691 435 41
251 293 57
151 641 7
278 686 10
446 184 30
84 350 25
204 374 46
411 354 80
553 522 60
373 312 93
586 581 40
126 427 23
265 573 41
164 195 23
78 448 88
40 246 84
358 511 90
269 110 64
289 160 89
170 1 51
698 86 4
478 121 84
467 342 23
305 683 46
345 525 6
347 81 97
380 78 62
67 323 31
651 225 48
548 187 4
639 213 44
486 676 67
662 177 7
568 113 9
76 322 85
192 308 36
65 261 80
683 378 35
483 112 30
174 522 65
680 282 22
602 421 71
626 694 3
413 25 86
677 254 70
630 520 64
314 566 45
50 650 82
103 482 49
629 65 4
457 102 47
162 405 80
661 67 29
252 465 25
506 136 51
322 303 82
133 217 65
114 548 66
41 640 44
11 111 81
342 289 47
327 276 99
477 168 61
685 687 4
43 615 38
449 229 82
164 635 89
187 368 47
566 260 63
224 121 56
219 429 73
523 509 18
536 348 34
113 40 80
582 490 46
584 140 82
505 51 65
417 158 15
337 290 88
496 410 43
330 552 34
693 660 44
315 553 6
331 536 16
550 294 19
124 92 32
309 15 67
259 134 63
495 567 18
255 192 21
127 449 48
363 216 12
341 678 53
188 210 99
251 504 36
18 254 91
647 324 74
215 193 88
287 682 61
17 328 49
489 569 18
597 594 53
664 619 44
95 666 88
416 172 15
30 72 20
699 54 87
490 65 10
661 501 95
525 30 95
323 132 16
351 534 52
201 122 44
669 423 17
251 557 5
666 599 97
93 656 81
547 430 28
586 121 43
49 188 71
659 362 39
427 149 85
376 662 94
511 100 79
556 638 36
533 312 74
460 462 54
510 78 65
43 620 37
506 515 85
670 75 64
544 617 45
389 77 75
5 187 12
86 33 17
383 478 54
134 117 99
490 284 28
639 496 78
142 537 3
267 6 45
209 233 17
375 262 67
347 398 75
435 369 58
215 22 86
346 43 13
69 429 40
196 25 3
315 601 8
598 292 15
292 371 68
635 371 91
152 83 20
554 301 81
434 483 73
247 277 100
681 533 71
130 497 98
396 568 81
462 533 5
681 26 94
80 348 6
386 347 40
657 367 34
673 479 82
225 607 87
132 208 12
549 614 79
123 153 46
413 250 78
322 500 58
358 72 46
144 418 71
283 134 24
93 502 48
111 346 12
365 323 64
423 517 86
451 611 67
11 622 95
114 536 3
694 231 17
531 527 18
447 390 97
223 13 50
107 451 70
217 397 11
155 128 4
402 304 57
559 494 70
441 313 29
262 395 84
121 164 11
386 629 40
462 487 9
536 525 68
368 480 8
627 389 7
653 355 81
235 533 49
314 623 99
479 215 82
406 536 30
14 160 36
670 578 32
377 14 89
615 257 89
537 226 15
28 83 43
193 324 47
567 535 89
542 659 85
460 493 5
305 479 1
269 131 63
113 303 17
672 92 91
251 433 72
232 31 6
78 273 49
609 639 42
69 261 90
165 300 84
431 116 43
669 411 34
173 133 1
700 589 69
349 366 41
651 223 46
173 280 73
560 391 39
656 326 25
292 281 98
496 654 99
550 685 28
74 436 2
374 301 4
183 523 31
529 624 11
273 395 36
331 375 54
607 252 77
389 281 46
618 238 63
124 48 56
583 27 25
524 7 66
287 361 7
623 134 50
520 627 49
405 51 15
594 58 70
636 192 8
679 640 82
535 342 21
326 633 85
518 26 54
250 540 49
503 217 98
541 662 87
188 687 52
426 320 23
86 393 58
167 689 15
17 10 43
311 534 30
347 691 25
289 576 97
51 542 12
297 155 56
81 72 7
667 523 53
293 415 8
134 480 89
151 417 53
695 679 87
139 155 76
552 218 75
76 21 11
691 251 83
311 427 55
29 59 27
621 311 18
265 592 11
65 110 36
296 635 71
454 22 71
521 518 9
3 519 68
94 558 75
296 466 17
183 660 8
137 505 68
133 592 49
536 517 91
278 528 53
51 424 79
571 255 77
616 254 60
333 106 59
285 506 11
223 606 91
544 202 32
60 567 71
83 619 5
548 466 34
261 277 38
45 200 60
106 433 30
631 614 45
169 266 43
388 268 82
45 304 15
71 154 21
666 65 66
176 499 36
420 545 20
270 468 7
360 683 33
564 700 8
25 292 5
129 274 22
64 259 79
12 18 42
403 339 33
538 658 59
114 49 70
44 237 92
188 93 34
273 499 99
586 632 64
622 257 69
642 135 69
258 192 25
427 453 9
394 384 36
182 193 79
358 299 21
128 525 19
163 132 98
357 136 28
581 175 93
75 242 72
551 340 34
175 591 83
102 217 30
515 557 3
40 20 36
36 398 26
31 256 58
325 694 86
498 514 73
175 79 34
307 212 87
686 229 60
4 59 98
69 516 42
386 293 78
35 63 12
423 341 31
568 428 53
336 23 69
16 257 24
295 278 94
329 522 89
237 88 6
625 617 65
251 493 59
695 431 78
87 673 38
571 229 66
36 220 1
260 362 55
228 154 2
147 501 20
396 491 75
671 49 23
103 425 64
413 167 29
697 211 56
527 549 26
217 267 87
366 306 80
116 397 72
372 206 17
497 104 46
74 242 64
259 652 71
360 373 28
324 125 54
488 457 3
156 232 39
295 603 24
329 424 4
31 691 22
625 629 54
258 235 8
328 528 46
315 7 74
196 415 56
80 693 35
216 93 17
400 626 81
611 496 94
359 84 22
342 461 87
285 548 45
419 576 7
299 230 82
233 160 45
567 448 5
615 539 91
572 358 53
264 698 87
351 123 38
186 220 69
417 599 26
654 26 87
609 672 84
473 552 74
438 90 54
104 446 99
120 211 77
226 665 55
25 84 54
342 8 30
623 636 25
645 221 57
549 654 25
371 535 17
57 689 79
501 70 80
359 201 66
611 35 2
227 656 51
333 103 80
406 426 45
359 461 89
240 674 49
692 19 72
509 49 61
212 684 74
450 351 41
658 193 25
331 425 75
678 99 42
263 5 92
656 216 5
611 340 49
122 359 10
303 427 70
202 428 41
208 163 49
246 564 16
53 359 36
363 697 19
342 300 31
385 585 87
215 299 29
249 50 96
530 370 41
143 289 18
354 450 32
354 173 17
71 1 30
490 219 13
629 461 20
306 534 92
194 120 2
349 147 12
409 123 7
334 441 14
147 384 35
509 59 62
237 164 46
149 272 62
400 265 23
373 148 68
467 33 82
482 53 51
138 342 57
130 689 90
631 318 95
301 231 62
618 360 9
111 151 75
127 191 26
173 47 79
450 43 92
421 410 93
696 353 49
289 225 18
137 89 20
187 162 11
467 91 93
619 441 30
483 39 76
161 102 17
349 255 92
530 332 73
121 274 3
190 98 88
75 459 98
407 230 11
348 305 69
279 327 67
465 284 17
109 197 59
319 372 30
429 175 41
347 202 88
599 498 52
646 412 70
25 513 84
102 525 60
47 294 77
121 632 93
222 299 70
299 178 66
374 236 84
314 64 25
67 538 78
153 177 95
119 270 24
178 89 93
456 282 86
167 242 62
335 25 44
85 249 63
678 182 23
197 621 27
600 522 91
60 211 24
394 121 72
435 403 48
317 405 49
36 277 6
166 67 23
538 38 4
150 163 91
368 680 59
328 406 96
62 201 94
293 447 18
304 220 57
644 200 24
160 68 51
452 669 45
7 640 94
512 192 58
641 617 48
464 516 49
220 409 29
426 575 48
575 183 34
613 260 65
537 399 24
665 534 28
307 310 79
391 538 57
92 600 36
691 301 91
678 244 9
106 11 2
360 364 42
575 310 58
568 255 52
185 551 79
426 228 39
598 566 43
127 658 89
616 655 23
299 305 39
192 688 67
192 597 64
86 465 35
402 428 70
373 460 90
508 400 50
552 651 14
381 189 71
412 606 91
204 187 72
47 406 30
346 452 25
418 692 89
545 323 55
449 652 81
570 55 42
638 28 16
626 664 24
419 360 40
208 219 18
164 337 85
34 279 46
330 56 43
7 477 96
419 420 56
635 441 46
539 519 58
128 645 12
560 486 51
400 381 71
443 569 70
473 609 65
644 625 48
35 250 30
383 116 23
457 161 40
622 211 38
154 544 24
510 657 16
516 96 13
162 238 80
125 456 46
181 354 20
94 698 76
188 5 30
52 486 68
657 49 96
242 72 7
531 697 24
241 318 53
195 370 94
329 328 86
679 80 16
537 154 70
185 193 77
699 174 96
681 227 79
80 303 10
690 126 45
569 82 12
352 362 83
390 178 41
262 620 32
192 163 66
277 580 24
664 604 36
331 195 68
46 107 84
86 376 35
303 160 36
220 346 40
595 456 43
598 642 2
123 109 86
360 245 10
290 243 67
363 470 46
275 59 82
334 540 59
123 80 14
41 334 22
655 478 31
207 580 94
107 645 64
542 57 46
223 461 5
279 245 48
234 622 11
86 530 30
430 272 28
623 420 36
305 581 48
228 70 87
533 257 85
434 201 1
29 482 34
286 107 15
473 524 99
228 195 32
164 246 1
178 254 26
591 680 36
304 367 24
273 144 18
433 67 58
299 320 44
662 59 100
284 447 93
259 15 91
167 71 89
271 129 1
126 681 88
331 117 39
385 468 56
386 267 52
218 447 55
245 4 5
63 633 64
379 680 24
694 467 15
93 659 79
226 564 92
203 180 63
449 151 43
666 226 86
93 499 42
347 391 50
201 427 92
139 481 64
70 493 73
208 312 43
466 153 36
33 19 72
89 237 67
243 611 27
648 675 58
678 150 46
169 83 52
605 43 55
282 429 71
244 544 95
308 84 42
554 567 38
72 128 53
269 456 35
295 530 9
545 507 12
130 310 47
630 396 42
293 473 49
22 658 99
576 302 25
653 659 16
334 440 22
395 467 24
666 393 22
653 700 15
308 517 83
510 698 38
201 204 38
76 47 47
56 24 1
499 366 2
652 671 50
438 66 66
629 249 23
30 623 14
682 181 17
159 64 78
246 422 10
246 283 7
193 339 69
167 13 33
683 29 55
679 651 81
99 628 9
630 136 98
39 73 7
195 468 34
314 663 19
181 546 17
521 281 58
318 186 87
66 645 5
607 634 83
530 654 91
303 20 64
604 589 54
268 321 93
139 356 52
93 418 99
348 86 35
320 107 79
254 536 54
502 167 55
130 533 67
439 353 76
342 526 95
363 410 1
74 131 22
148 432 36
570 356 40
113 174 55
606 651 74
263 95 51
13 337 76
479 101 79
285 411 34
4 437 52
404 335 44
184 78 15
5 359 60
357 458 74
669 94 85
234 210 11
515 595 93
426 42 42
161 179 31
463 492 94
162 423 95
291 514 17
447 99 23
536 396 5
390 196 86
358 374 64
677 516 96
223 497 9
94 246 98
302 219 6
690 609 66
313 260 24
156 79 4
531 2 9
9 229 40
533 169 46
635 677 51
47 365 12
389 482 30
350 593 76
629 698 37
200 177 30
538 310 21
671 669 76
259 655 87
20 592 19
231 334 30
684 433 95
62 523 10
190 252 87
345 589 17
552 224 36
255 550 23
94 43 48
468 452 72
425 479 30
614 579 100
646 217 30
411 16 83
71 603 16
387 222 79
426 295 36
341 291 61
553 467 10
73 121 98
550 22 69
553 307 22
53 235 79
91 263 1
362 600 58
26 596 99
325 311 98
220 234 56
291 685 54
380 557 11
481 602 6
322 209 4
360 249 36
377 413 8
699 337 42
437 474 100
670 384 68
448 410 62
353 546 100
252 143 59
592 570 45
594 273 50
103 385 24
441 514 37
670 692 30
118 631 34
257 231 95
402 129 50
696 346 82
559 664 19
138 530 37
512 381 94
142 283 77
604 567 95
353 268 84
131 575 94
98 11 4
527 670 13
219 410 54
209 538 50
41 472 36
173 75 18
77 131 85
430 664 91
614 224 74
630 566 81
232 10 2
273 426 36
572 241 53
136 540 37
114 316 31
469 428 96
46 216 73
9 687 66
695 41 20
522 221 54
76 130 63
497 603 38
361 412 24
346 252 63
4 668 65
396 12 93
616 690 91
151 128 71
675 430 76
264 33 99
553 184 47
362 369 79
253 7 27
190 426 16
636 120 96
617 94 99
78 531 34
243 677 13
691 234 21
196 113 1
466 314 20
401 626 97
285 542 65
133 166 72
690 7 64
255 623 19
324 112 97
69 187 100
228 611 63
57 578 71
183 379 90
643 688 93
606 652 21
187 282 46
335 403 41
108 698 75
54 556 36
60 415 22
83 261 5
170 361 69
141 355 66
551 105 73
410 91 21
641 283 13
440 296 49
302 446 37
168 544 88
27 558 11
58 438 34
649 687 29
560 413 18
220 110 60
8 14 30
432 153 50
553 438 4
413 375 61
17 115 75
287 317 44
442 404 97
301 520 49
690 243 87
266 393 2
134 575 53
285 172 91
530 689 45
406 164 43
464 350 15
127 659 48
462 539 56
388 313 23
92 264 19
182 485 16
631 633 96
551 95 90
183 289 18
240 611 86
547 417 57
639 39 56
124 462 37
488 591 50
64 16 3
527 277 69
655 458 7
213 286 37
43 317 64
650 403 81
509 38 30
643 579 44
73 149 50
458 689 19
524 319 56
560 645 89
692 668 17
661 574 10
501 241 75
166 668 73
477 190 29
441 627 81
175 422 74
524 380 87
287 408 51
266 673 31
578 663 57
67 407 32
162 252 73
358 158 21
333 267 78
78 201 72
209 575 76
600 513 28
235 490 33
115 188 36
42 606 98
585 290 98
352 388 81
571 533 41
424 251 19
343 524 53
155 158 9
49 236 52
138 73 99
67 586 81
471 576 99
359 4 78
74 209 30
320 455 64
491 469 98
134 172 90
274 354 92
624 222 75
325 583 9
2 628 73
570 92 55
347 396 32
34 327 50
500 671 25
679 21 85
143 199 3
158 403 37
491 483 78
172 277 1
347 631 97
150 188 70
357 550 81
362 295 26
39 488 83
628 375 65
540 660 54
144 339 94
219 528 3
238 691 43
491 409 4
355 665 92
685 97 97
382 649 4
158 489 79
655 86 5
49 501 11
496 119 75
568 553 13
443 94 99
455 180 73
344 118 74
314 687 24
659 314 68
168 38 55
102 566 75
457 357 31
87 560 44
646 530 4
692 570 22
401 179 56
226 224 28
495 459 21
172 556 25
394 407 21
29 524 15
549 73 21
598 83 36
178 126 98
608 673 58
346 286 26
630 431 81
30 427 50
162 24 16
426 326 40
557 373 84
399 578 95
464 520 90
538 204 52
296 363 38
149 113 8
530 538 72
215 478 56
435 469 79
528 630 34
350 231 24
24 187 50
680 65 24
280 450 7
357 372 83
586 207 27
143 661 95
505 460 61
440 287 25
148 183 5
257 535 22
637 570 17
270 576 13
143 494 75
14 68 9
493 315 71
267 43 18
284 667 92
288 184 87
453 696 57
425 560 12
545 685 73
572 568 42
377 505 72
341 295 6
177 51 67
592 10 31
189 27 98
512 565 86
354 668 4
163 169 1
659 180 69
151 667 1
402 590 49
352 481 61
310 601 67
384 178 49
653 2 69
681 362 6
222 51 95
326 567 29
439 288 72
581 503 88
499 76 83
511 24 89
429 411 42
96 205 23
378 560 43
552 171 46
313 167 57
355 528 65
622 551 52
37 33 39
634 333 97
336 450 16
330 153 61
174 694 8
173 524 51
467 178 41
431 436 59
397 268 1
229 618 28
170 611 44
140 681 71
409 441 43
148 157 95
152 181 66
686 134 84
59 377 47
346 394 33
388 215 3
482 299 61
544 31 15
286 154 92
273 617 73
187 307 96
470 616 30
84 160 50
469 301 9
240 584 61
290 205 10
658 227 17
67 322 1
389 286 20
445 629 7
579 260 55
96 483 31
422 126 38
252 89 33
185 493 92
2 583 54
695 449 90
66 108 35
641 330 73
272 486 34
223 390 42
692 661 26
353 506 36
95 146 78
623 667 90
200 170 44
679 608 86
164 101 68
307 629 12
192 202 88
385 648 6
595 46 74
353 560 55
8 662 92
626 560 81
264 301 59
108 662 50
399 361 80
515 221 42
488 575 25
439 523 13
494 506 88
648 429 47
643 607 61
587 639 38
102 119 15
328 499 53
424 622 64
334 396 88
48 564 45
351 458 97
476 94 54
13 200 21
470 600 30
367 221 28
183 62 24
34 592 81
16 403 20
377 691 1
324 508 10
217 130 42
538 455 92
88 574 4
487 515 29
276 657 21
120 656 100
95 434 94
612 498 14
546 572 73
356 195 88
95 172 2
601 569 35
38 226 51
675 282 70
36 558 11
605 23 22
232 499 11
423 210 70
625 492 99
464 356 19
592 393 37
599 411 78
33 299 10
46 144 45
404 92 98
560 615 29
560 162 44
575 503 8
131 6 97
427 98 38
485 627 39
282 183 30
655 140 84
540 106 96
517 408 57
197 71 61
111 233 47
245 567 92
248 222 16
405 453 95
274 668 99
449 624 47
119 136 43
627 156 15
674 301 27
527 579 21
402 603 21
530 570 79
469 171 36
682 198 94
399 40 44
121 124 74
45 325 26
128 303 79
663 107 32
528 95 32
534 329 91
519 13 79
376 276 44
31 405 99
548 381 38
582 51 26
499 471 4
431 521 51
522 492 3
615 637 57
439 157 79
212 218 25
628 416 81
215 537 48
578 428 79
486 602 37
132 38 44
71 313 89
682 389 76
227 154 22
660 381 77
75 94 27
611 324 14
257 665 50
523 699 26
284 547 6
95 28 74
109 231 53
657 372 27
326 402 72
646 637 38
389 14 53
682 274 90
395 340 31
64 651 35
600 243 48
449 548 62
487 580 16
127 627 62
286 24 73
558 685 90
231 403 49
532 202 27
49 389 1
618 519 48
200 540 60
272 333 97
325 168 77
591 213 56
614 637 92
325 44 14
543 334 98
556 129 67
178 586 82
278 624 76
238 52 38
393 536 41
260 101 59
187 318 16
452 252 74
559 41 78
156 490 46
234 571 97
151 28 50
419 85 34
58 524 52
680 650 26
387 635 1
526 349 8
571 588 25
326 586 4
697 546 10
278 77 27
298 240 97
79 677 34
197 377 9
403 160 23
619 123 59
241 548 68
301 206 31
221 575 3
214 179 96
118 207 57
208 132 59
111 484 88
540 430 93
122 67 29
686 380 82
692 298 56
357 18 82
80 272 42
131 326 6
73 313 98
229 375 35
281 463 36
85 651 20
158 372 51
277 76 22
77 73 60
594 480 26
535 140 14
230 480 19
584 270 44
570 422 19
406 334 99
3 360 30
213 102 36
488 532 34
457 191 46
372 656 60
570 624 74
50 481 90
93 76 58
334 695 85
315 309 49
394 526 81
476 591 8
366 640 57
699 482 31
21 396 34
632 29 49
67 575 47
595 44 32
374 482 40
305 197 7
482 177 25
338 363 71
2 558 80
596 341 26
105 440 33
621 173 18
144 372 42
401 299 82
335 353 100
229 409 51
674 451 43
238 474 7
90 186 29
561 499 62
250 312 86
556 178 30
15 411 29
565 506 8
166 184 29
57 582 31
293 596 49
384 349 51
673 106 33
356 296 71
65 374 67
192 414 72
532 516 13
522 152 15
305 60 8
416 396 92
115 97 45
52 342 80
27 473 42
39 21 51
204 641 93
468 213 40
68 485 35
496 526 10
177 336 100
450 145 73
427 209 68
233 482 89
518 459 87
677 327 47
254 17 97
515 67 3
547 331 21
427 673 92
42 433 80
453 393 9
396 685 42
548 17 9
109 173 63
665 585 55
41 654 38
465 344 83
409 397 43
82 219 49
334 172 1
142 264 43
626 475 5
12 113 7
24 249 69
370 243 81
494 273 72
421 42 75
532 277 52
146 339 44
219 134 83
540 50 17
300 678 2
171 335 89
165 80 93
8 166 91
16 164 33
569 644 2
465 475 3
139 438 46
537 602 40
256 101 74
681 608 65
159 682 65
304 656 93
133 230 91
433 328 24
113 666 38
549 41 35
577 447 10
121 425 10
255 594 98
257 459 30
232 303 42
424 42 46
230 477 57
278 333 28
661 427 34
538 579 86
106 372 73
545 513 37
612 2 68
557 128 6
654 646 1
98 6 15
536 118 3
202 347 12
623 478 46
643 3 32
58 620 87
229 71 29
274 193 65
60 525 98
98 59 56
588 631 34
419 600 64
296 70 71
361 517 76
428 359 7
577 216 2
555 335 49
395 519 93
345 641 34
1 380 4
507 444 93
667 530 47
325 422 43
404 160 58
609 661 60
556 238 16
99 75 63
556 104 54
554 11 61
533 342 97
32 462 67
528 211 19
479 4 89
263 41 48
325 362 75
241 213 77
513 419 35
637 188 79
263 234 59
480 686 63
9 168 5
68 539 96
268 165 77
466 560 45
692 223 35
593 509 1
120 442 92
31 59 80
9 591 21
241 679 87
11 521 59
131 547 71
147 513 72
547 352 34
263 50 49
188 533 75
401 53 11
655 355 31
680 664 7
172 402 93
411 297 68
225 356 89
270 661 95
47 1 75
472 31 21
136 456 44
580 160 52
528 544 69
37 344 88
413 502 24
159 428 10
245 638 65
95 339 79
551 110 41
389 119 40
270 682 17
440 199 75
568 626 19
639 586 59
534 350 83
82 473 71
396 111 44
580 224 82
400 105 34
541 112 71
489 666 91
491 383 83
700 598 84
395 37 6
387 694 4
410 430 39
367 646 31
473 113 26
182 244 16
189 119 36
588 288 89
519 376 51
36 341 26
531 559 91
109 568 66
61 543 1
315 89 16
205 477 60
270 251 18
53 191 3
395 343 20
423 149 34
187 433 38
141 275 77
412 330 98
670 340 31
649 195 47
339 236 39
158 618 2
47 229 94
143 700 89
486 646 32
220 369 75
45 648 46
649 217 52
275 385 49
375 666 56
492 140 27
365 134 97
303 382 6
220 453 44
460 463 63
485 102 99
351 158 45
491 222 82
650 250 92
534 191 30
142 216 100
591 569 77
494 567 92
361 503 67
459 186 53
542 108 54
195 692 94
640 246 86
121 178 49
420 654 94
631 27 67
598 168 76
24 27 10
16 535 40
241 257 77
396 553 94
450 68 60
287 131 45
263 43 34
130 560 41
287 616 49
344 384 98
439 159 33
312 386 20
425 171 48
192 327 43
616 83 81
399 268 52
83 4 56
540 519 85
597 539 99
18 506 99
607 332 54
180 96 67
374 424 90
365 684 91
549 102 37
441 269 80
323 171 20
194 530 56
38 419 31
289 528 64
405 3 86
107 44 99
125 205 99
570 189 90
434 418 98
190 360 65
146 595 89
444 102 26
135 463 88
694 195 83
321 159 26
172 174 91
37 656 92
673 668 67
160 339 13
157 188 62
105 117 19
455 259 20
243 457 66
237 605 100
83 61 85
211 398 50
427 573 89
176 216 32
497 456 1
196 662 40
17 251 5
590 261 97
552 561 41
546 628 86
593 245 22
11 477 7
24 513 4
133 253 29
311 614 83
343 189 100
520 411 2
529 471 81
516 213 16
516 14 98
507 414 59
134 525 6
209 204 88
505 135 42
640 136 67
90 197 66
264 584 51
503 215 39
91 212 100
649 428 14
468 188 30
461 149 27
342 532 77
1 82 2
286 61 90
602 101 9
191 563 6
467 247 90
479 669 66
645 229 48
627 698 59
301 38 95
373 507 44
590 232 39
383 344 58
409 672 46
580 590 62
472 662 62
533 601 72
244 307 67
322 8 45
595 101 93
549 488 52
47 603 1
379 598 38
271 323 63
117 567 94
62 149 60
486 641 24
313 656 68
502 569 5
450 175 47
24 31 61
240 569 46
80 263 75
397 243 55
257 54 49
351 349 60
440 62 64
695 96 16
516 13 88
641 404 17
608 81 46
620 650 19
550 261 2
194 162 100
271 237 3
575 488 97
607 361 32
544 689 8
390 352 56
593 507 34
380 14 60
168 537 71
299 258 53
535 21 24
536 509 9
483 578 74
283 685 82
313 332 73
356 590 41
75 164 67
122 236 100
500 444 66
522 573 40
687 443 41
686 503 83
365 686 30
631 322 42
378 138 7
160 181 95
170 441 59
651 629 98
31 234 60
130 578 8
53 17 40
416 307 40
57 569 87
608 347 84
47 435 58
433 176 16
396 572 75
151 391 10
51 649 71
588 433 57
392 597 12
615 243 44
80 219 68
452 564 97
301 393 71
696 152 37
455 109 82
461 115 54
639 562 11
434 40 3
520 486 12
135 494 69
362 231 72
192 495 6
163 148 23
520 235 52
205 112 93
94 599 100
194 562 90
604 26 89
218 259 9
375 522 59
278 319 56
52 349 49
682 427 86
338 379 59
78 555 7
436 341 36
244 534 41
19 446 27
522 563 54
236 679 43
23 325 24
289 684 53
132 549 21
665 449 54
400 47 54
526 303 74
28 145 7
506 76 26
622 506 99
115 662 22
667 570 97
477 462 80
40 480 4
141 320 87
237 428 81
352 647 8
449 281 86
279 281 70
138 582 50
336 65 82
451 500 36
301 177 43
361 267 15
153 567 35
167 480 10
669 152 82
30 206 54
95 658 70
23 444 95
344 646 98
167 246 38
100 335 35
11 138 36
75 365 26
85 506 70
121 171 100
40 477 67
54 68 74
124 396 23
117 105 35
407 160 57
369 361 12
607 409 96
599 636 3
614 558 75
254 417 70
661 685 37
116 177 50
600 331 77
347 103 81
681 335 43
310 168 55
266 668 53
677 642 78
92 231 14
540 349 44
77 575 95
436 303 17
141 418 3
530 245 27
49 700 62
520 383 88
400 254 59
170 161 65
311 387 34
15 589 37
506 431 4
235 630 42
263 698 58
140 312 23
99 678 83
669 178 31
640 21 64
596 182 21
314 120 82
18 671 92
555 317 2
568 531 39
430 638 3
680 457 34
110 581 84
94 356 61
445 667 36
491 45 85
674 260 80
355 10 86
18 609 33
116 655 1
143 60 98
569 316 54
685 572 99
262 384 10
319 213 44
220 148 64
598 39 7
264 124 73
573 92 31
55 373 73
603 108 6
524 514 57
254 118 19
256 594 76
294 7 90
431 7 15
401 124 92
56 16 13
366 10 94
325 672 100
156 266 6
257 502 11
264 172 6
634 55 20
494 588 78
8 484 27
493 603 34
381 30 75
307 523 14
259 313 54
178 394 99
105 121 46
193 55 5
494 622 3
316 587 45
414 445 85
549 651 83
660 266 94
593 181 15
245 366 79
282 178 28
129 116 43
455 601 29
174 672 77
456 29 46
282 478 57
275 587 65
517 216 63
571 574 69
272 572 4
553 486 41
76 372 39
353 696 14
477 437 42
506 563 90
588 551 84
169 543 91
172 444 15
357 579 68
254 217 23
147 693 85
228 574 79
502 10 89
287 619 91
193 217 54
28 674 56
88 437 14
646 654 78
266 667 25
136 193 86
674 287 70
370 234 46
285 540 51
34 467 42
488 186 25
543 174 66
155 412 12
545 22 95
635 189 8
33 465 62
462 10 47
94 574 35
2 607 90
35 527 81
533 455 29
166 541 22
558 15 48
273 461 45
51 442 43
532 44 11
481 474 75
449 321 23
587 226 70
512 389 20
541 137 62
491 470 100
333 137 79
22 699 27
3 196 10
554 330 11
383 400 96
587 616 17
51 658 6
109 385 83
431 442 50
429 526 86
465 214 41
691 213 48
287 330 27
686 419 21
455 210 2
403 627 78
181 244 70
368 393 30
548 542 46
467 249 30
201 276 61
66 453 13
11 396 56
606 613 36
55 85 46
626 303 93
649 49 18
147 382 96
305 331 18
537 415 45
607 523 59
236 92 8
241 43 66
318 514 86
232 257 100
107 649 30
396 78 91
467 523 66
666 662 39
425 245 78
267 617 100
304 604 75
586 651 25
49 509 6
505 335 13
621 296 3
405 374 47
338 176 89
540 488 6
535 650 31
569 603 12
39 111 13
640 277 93
103 42 78
169 621 39
533 325 73
305 423 30
420 117 73
230 695 31
558 629 3
619 312 44
191 332 3
71 622 86
400 342 3
30 218 47
584 155 88
689 173 75
548 444 77
382 34 35
613 409 55
234 395 19
463 6 68
528 37 97
434 432 39
26 481 7
290 577 100
160 278 7
210 651 37
193 566 98
484 481 95
284 436 80
414 321 23
571 523 87
365 316 11
579 386 76
651 596 76
479 356 75
245 142 18
540 440 49
628 206 77
490 653 35
222 71 16
31 60 8
414 671 78
495 50 39
591 677 98
460 337 76
326 531 4
255 66 44
433 336 47
34 25 71
153 151 14
259 535 92
41 150 66
585 431 92
23 537 38
518 548 6
297 408 85
544 410 33
371 483 95
41 416 70
275 280 96
409 360 51
581 621 65
464 471 97
107 457 66
525 447 82
304 82 9
342 305 6
290 385 39
143 313 38
88 678 93
76 483 1
330 520 52
146 275 79
292 90 24
452 329 28
587 39 95
362 40 67
564 70 28
267 415 45
55 47 19
381 50 93
286 71 31
123 236 38
594 698 84
325 523 29
159 290 93
156 336 95
207 486 25
697 370 31
476 585 5
73 480 12
113 239 29
225 64 11
323 540 6
531 547 78
690 358 29
666 423 25
110 382 34
212 189 38
645 337 64
475 228 66
167 48 83
505 81 2
205 270 13
310 147 48
31 591 20
13 563 96
300 443 62
619 390 45
304 474 78
511 629 86
14 409 58
102 45 18
131 601 42
159 522 91
138 89 3
217 208 57
330 459 100
203 112 74
562 541 49
214 264 53
465 622 35
180 679 37
274 644 74
559 619 36
402 592 54
646 218 52
599 618 70
196 199 9
63 456 18
625 446 58
364 611 53
98 238 56
552 270 38
264 692 55
561 392 41
673 535 91
417 395 48
324 226 39
230 586 8
681 171 51
617 397 96
449 497 70
351 482 38
144 669 75
187 174 98
15 194 85
617 145 28
155 387 67
44 39 56
36 128 4
276 645 87
112 379 11
281 399 78
400 569 92
464 55 48
443 381 61
191 272 29
310 499 47
460 539 38
309 533 13
17 122 1
625 451 74
686 662 81
421 671 52
76 538 6
366 283 63
263 550 94
35 394 39
61 196 24
632 429 84
582 519 63
506 27 45
311 580 91
508 24 47
191 245 33
93 615 82
51 342 82
567 504 98
232 569 39
98 78 2
605 225 14
501 109 92
433 14 93
110 324 94
378 650 78
165 499 33
670 427 81
498 256 8
424 482 38
156 503 6
358 579 37
675 194 26
419 514 22
555 452 45
247 253 82
441 88 16
699 158 6
375 88 60
28 538 77
312 184 50
121 562 47
255 524 39
182 38 2
262 586 36
93 467 45
57 633 21
675 395 15
481 312 13
240 401 58
252 127 73
389 633 66
159 605 53
169 598 28
673 284 54
605 680 99
209 638 26
691 517 41
342 264 14
648 274 28
469 275 63
655 29 54
218 501 92
235 67 52
170 636 69
123 439 14
453 419 26
482 392 19
212 635 60
254 21 40
521 52 65
212 660 68
373 407 53
436 285 39
406 90 77
271 55 27
351 47 7
497 360 64
187 117 72
148 41 29
419 253 60
650 277 26
262 366 38
195 550 21
135 699 95
429 384 51
92 70 46
264 602 31
538 256 75
575 414 93
172 423 68
2 266 12
529 666 12
475 240 66
124 363 71
458 194 50
16 611 57
108 344 64
673 637 29
46 624 90
242 444 54
622 31 47
418 228 36
343 370 7
234 378 90
377 108 21
547 13 80
503 360 69
90 404 4
55 576 99
499 394 19
472 569 31
116 361 26
328 207 29
544 528 48
101 498 80
391 422 79
202 686 20
478 617 20
70 195 76
328 158 26
286 165 38
686 109 73
327 133 42
137 56 58
489 687 86
423 392 15
455 296 85
482 401 19
483 625 77
362 446 8
543 538 8
126 204 53
38 19 37
115 421 20
593 327 90
313 469 73
276 155 85
529 63 92
5 89 34
537 695 49
687 328 98
636 321 67
548 685 67
240 322 53
247 286 1
187 620 12
303 177 4
697 212 59
300 467 89
486 43 64
76 187 33
190 201 87
105 42 25
473 366 52
433 586 51
260 357 92
324 496 89
298 183 40
392 643 86
18 76 13
638 607 25
201 337 50
665 428 33
140 239 59
197 487 50
106 412 63
657 373 30
273 129 97
21 522 74
530 641 83
77 525 79
47 665 11
400 598 73
634 8 71
682 28 33
17 186 98
606 229 52
371 111 51
689 361 86
61 193 71
191 364 78
168 353 6
110 610 65
692 347 34
198 697 68
436 561 10
225 670 33
511 547 34
218 670 41
231 175 27
471 31 46
664 429 78
176 229 54
534 188 23
641 352 64
492 359 50
141 302 19
585 158 10
131 113 12
202 695 75
316 103 14
9 157 51
283 648 28
209 382 54
106 210 84
631 293 82
473 7 17
494 259 100
540 640 14
72 599 20
62 583 23
552 652 50
489 456 68
630 346 84
330 623 62
143 272 40
37 474 48
354 642 16
439 495 63
335 460 48
665 558 21
270 282 60
431 470 17
281 244 99
465 112 22
293 148 73
37 674 72
124 173 12
247 469 53
605 612 73
551 481 42
554 493 6
400 554 15
592 461 89
607 452 81
364 65 95
100 320 15
482 243 68
559 440 40
518 402 58
261 88 57
422 601 74
130 524 50
182 230 13
485 12 60
112 650 27
424 233 31
500 445 40
313 662 4
375 242 58
554 639 49
255 568 96
161 20 24
7 495 4
178 40 66
510 104 92
125 139 48
552 300 97
36 679 15
442 390 56
220 116 80
524 241 2
590 335 57
190 34 100
95 432 21
118 327 48
683 231 18
251 439 4
276 628 100
387 340 60
686 337 14
190 390 44
431 473 55
342 194 18
458 338 6
558 5 66
165 516 73
90 71 99
17 380 74
203 285 45
504 16 84
271 517 71
230 456 74
60 577 97
694 299 62
646 513 59
695 645 91
43 418 53
286 463 60
481 286 7
510 125 91
626 524 56
192 18 13
307 155 71
691 253 56
497 183 72
459 489 10
422 361 85
237 363 94
11 326 79
384 248 97
18 242 23
402 164 51
689 391 2
17 462 84
474 589 72
393 355 85
57 24 75
375 503 15
153 356 23
68 188 17
475 436 77
360 321 1
6 250 43
352 36 100
505 133 23
480 219 35
327 89 20
227 181 46
183 109 14
422 63 50
99 212 62
20 478 77
350 590 35
590 632 19
262 640 56
98 45 65
1 623 41
69 212 100
166 629 15
176 259 78
12 60 38
473 119 49
619 586 88
589 411 18
248 621 56
666 351 59
387 185 71
71 677 49
123 139 94
292 553 47
627 200 28
74 110 53
121 323 59
610 565 74
175 55 49
169 211 51
442 698 58
264 202 47
351 196 100
216 119 21
147 591 24
251 490 43
307 277 44
329 687 41
45 39 2
487 170 33
434 659 70
70 582 58
609 9 86
610 697 23
96 97 7
251 625 73
295 319 19
620 279 56
284 101 61
117 411 53
130 407 73
628 278 81
267 113 82
78 591 71
237 352 36
216 46 8
305 470 84
329 160 60
227 462 63
292 34 10
287 663 2
198 429 80
142 686 34
520 460 91
417 689 79
480 554 18
136 119 90
198 222 6
202 545 5
15 579 32
463 524 47
155 417 10
312 263 83
189 169 81
375 411 94
97 55 1
668 383 66
667 350 63
416 389 13
291 624 44
306 129 49
238 605 78
160 608 92
543 493 66
125 526 84
530 337 43
674 18 93
422 652 32
211 492 43
531 329 50
285 403 67
577 39 80
42 48 43
51 144 74
471 246 87
96 231 5
242 198 16
380 341 21
633 618 40
96 327 27
218 309 79
147 330 23
83 387 39
685 33 27
332 62 26
96 305 30
487 414 21
252 236 46
492 634 74
698 624 40
527 485 80
97 655 53
615 98 73
106 375 41
123 285 99
97 174 96
529 574 45
372 566 15
499 320 91
150 227 32
101 12 12
461 347 42
685 631 58
591 442 65
525 543 28
236 7 91
634 6 74
238 88 80
489 216 4
50 548 65
71 478 86
116 589 84
215 408 64
48 512 74
98 236 35
620 621 52
431 46 2
531 552 8
161 308 14
239 364 1
340 407 6
490 179 11
211 265 16
63 681 36
371 239 52
268 212 4
133 565 27
545 51 51
610 402 28
115 82 51
563 308 7
543 261 15
664 675 33
25 579 46
379 520 88
165 161 25
532 195 85
572 635 91
289 60 94
144 644 57
83 110 24
623 258 74
116 329 5
538 152 94
698 198 95
587 260 86
452 541 35
297 456 96
79 145 35
128 147 60
357 87 54
690 415 7
399 176 46
369 682 53
75 518 67
695 84 85
665 284 62
38 593 86
347 54 32
583 614 74
581 413 4
284 320 52
74 335 36
389 16 66
624 124 12
253 276 21
499 291 100
600 535 11
678 205 86
192 376 37
425 623 68
366 449 52
447 280 82
555 71 61
114 249 41
574 584 29
187 524 80
676 510 58
186 665 26
667 656 84
584 222 41
481 153 24
107 64 89
206 426 100
10 204 50
504 662 49
49 360 22
623 522 40
454 602 39
686 273 56
130 34 73
111 442 34
506 359 23
15 581 54
399 309 20
5 231 50
596 311 43
201 471 11
513 176 75
331 427 72
255 460 75
605 209 61
83 410 32
10 65 61
606 363 40
302 269 53
147 628 33
377 673 89
421 349 2
375 631 62
590 399 41
234 12 53
378 646 92
248 171 91
320 259 30
294 55 8
425 4 51
680 51 83
556 35 28
663 189 85
229 399 39
281 93 40
152 534 42
498 538 100
260 648 4
120 168 95
128 37 51
322 550 4
500 21 12
95 344 53
234 419 25
266 295 88
113 104 36
528 683 99
197 362 1
466 90 56
116 366 84
576 281 34
209 431 58
506 153 57
187 152 23
307 85 28
363 127 88
280 563 19
652 611 28
333 674 3
322 126 19
522 78 46
119 518 76
343 72 14
607 145 91
348 11 17
678 119 41
345 427 26
228 248 28
130 7 73
175 326 46
385 140 53
171 524 25
583 90 41
25 545 90
362 344 7
125 114 50
95 341 61
593 532 73
660 457 51
440 14 70
588 332 33
592 588 54
477 330 5
619 626 83
35 482 84
566 486 17
468 348 100
25 121 24
324 374 83
410 383 90
683 626 74
208 383 95
27 456 81
599 93 33
86 369 99
99 195 7
504 655 68
297 88 20
535 437 61
523 467 99
312 688 49
336 70 14
103 675 83
101 583 48
550 479 31
652 97 22
79 168 74
487 390 60
293 449 16
183 456 60
315 345 5
64 348 84
387 475 77
467 375 18
1 452 40
657 355 4
165 261 55
112 206 14
161 10 26
574 384 32
424 577 46
208 71 13
120 505 62
497 412 13
240 225 85
679 187 83
352 561 84
220 302 14
367 490 76
650 26 12
501 278 37
423 264 63
641 399 65
569 466 94
652 283 92
519 148 18
519 380 21
535 126 7
630 420 74
121 110 65
200 8 91
519 280 99
519 138 22
420 259 96
549 233 5
13 450 86
402 476 15
621 640 21
45 635 80
109 403 94
108 375 32
100 523 37
291 183 45
566 48 45
232 96 30
226 599 2
451 252 62
218 67 67
30 665 9
160 642 75
98 146 26
32 55 83
20 82 1
668 464 3
335 645 5
375 356 47
412 37 30
146 662 21
570 425 50
238 553 99
532 696 86
349 401 93
133 286 2
259 567 82
179 574 39
209 457 48
169 538 70
536 21 87
672 11 38
480 272 80
119 356 92
231 481 50
312 272 6
520 50 17
430 96 67
333 520 92
96 282 23
651 8 18
494 252 20
129 369 91
617 162 49
658 296 87
517 142 84
554 678 94
471 354 80
522 686 1
338 164 26
427 431 79
407 199 26
309 192 100
51 623 11
190 56 26
579 122 15
84 351 56
324 267 69
688 465 13
424 589 44
114 57 90
426 394 61
249 42 31
158 347 97
699 23 35
134 643 83
649 431 92
661 596 9
313 419 61
430 213 47
460 377 91
185 255 33
453 546 89
514 241 49
12 592 57
636 322 52
102 581 80
16 212 1
257 250 79
492 133 28
360 275 53
378 554 83
290 212 87
499 364 14
136 335 38
462 400 85
74 217 39
288 62 40
226 232 85
680 645 94
270 264 25
452 471 30
479 142 85
388 113 74
43 480 3
149 184 46
592 527 77
377 238 38
587 321 48
142 536 48
423 179 20
86 623 53
43 177 30
339 133 100
537 528 41
239 10 79
687 264 1
26 32 5
435 317 86
87 88 90
496 565 73
63 238 55
401 260 52
455 547 38
73 97 40
653 407 84
241 61 54
517 424 46
73 604 14
266 35 40
124 369 70
35 202 76
620 37 77
487 339 1
690 419 79
506 462 80
441 466 95
86 670 12
623 255 52
639 276 40
348 398 31
147 589 26
105 437 3
351 126 23
472 574 68
286 3 31
102 1 23
636 558 70
695 424 12
132 267 57
410 456 17
124 607 35
419 417 31
622 696 56
506 531 67
494 538 24
404 612 75
497 22 73
483 57 1
62 190 42
220 111 52
219 654 4
236 81 1
609 555 88
531 45 53
654 96 53
16 14 67
124 263 59
573 114 80
483 167 13
277 478 16
492 244 6
82 26 45
485 387 21
200 232 71
88 387 93
8 257 8
340 214 55
167 218 36
599 166 72
355 425 90
522 413 34
626 377 41
472 394 25
433 153 65
683 196 15
133 652 5
155 695 54
580 53 42
535 291 51
419 646 37
641 93 29
583 208 99
452 466 75
539 188 23
212 310 63
546 301 9
647 132 17
200 97 65
496 199 80
480 611 53
199 645 3
14 659 75
584 192 19
201 439 94
363 590 3
653 4 99
502 219 88
412 371 12
409 340 87
534 184 4
663 212 6
639 36 86
551 397 100
24 356 33
11 628 3
317 352 34
678 695 82
318 87 38
171 215 7
690 180 68
112 216 61
94 661 32
224 89 32
328 289 16
385 359 82
132 32 87
426 440 37
319 210 45
384 11 93
305 36 89
104 688 93
382 30 28
515 165 33
502 644 62
549 517 64
508 294 17
444 698 17
600 220 39
598 565 68
132 616 5
144 23 30
146 202 97
453 362 48
179 634 12
150 76 81
284 435 17
2 161 100
559 227 62
300 321 90
141 22 89
13 424 79
233 91 77
55 689 72
106 434 55
143 156 39
85 659 91
293 446 97
585 489 100
665 370 67
430 151 5
416 274 42
88 70 87
201 297 61
130 454 79
35 598 49
264 215 7
155 314 32
16 366 91
66 543 25
288 659 37
688 583 52
629 389 96
334 566 87
591 329 53
496 520 69
183 83 30
182 83 99
480 490 27
37 377 61
364 406 24
38 655 57
172 303 61
365 636 5
554 450 5
401 350 20
446 5 91
389 584 15
679 521 35
531 250 55
241 368 99
625 674 14
203 390 32
149 64 15
240 171 42
472 488 61
396 217 90
399 146 56
417 428 87
8 38 37
65 407 50
289 170 68
310 356 42
300 155 33
22 238 60
678 699 12
520 327 32
128 436 27
379 583 89
299 518 77
293 211 25
589 96 58
528 546 92
579 439 6
234 573 80
166 328 16
696 242 82
321 17 67
16 585 63
246 691 49
345 206 28
304 490 13
143 83 79
231 561 93
403 244 59
23 502 59
56 202 82
343 648 33
236 601 79
188 305 38
313 197 64
438 11 61
95 600 51
474 388 24
35 488 50
659 19 36
347 470 44
204 45 10
32 157 32
330 351 37
530 157 78
1 290 2
335 374 17
249 248 41
106 188 88
209 435 6
239 208 28
382 304 10
480 479 8
57 670 79
182 256 94
386 374 23
3 532 98
159 35 73
358 470 13
647 338 88
455 553 70
699 517 4
196 360 24
371 18 35
673 671 30
453 664 10
690 192 69
383 689 15
174 291 37
643 379 54
23 377 13
49 499 40
9 574 65
413 652 45
168 262 58
522 641 20
116 667 8
144 445 75
177 463 98
7 45 49
294 20 25
79 590 49
612 469 24
26 369 19
49 673 32
241 661 41
606 540 31
204 81 79
46 621 44
144 178 97
502 47 10
421 14 20
502 89 28
256 39 88
574 576 49
485 277 3
232 215 65
577 561 4
477 64 24
452 390 86
465 467 100
394 137 10
675 550 63
210 290 14
66 205 24
113 255 6
359 572 45
231 381 59
297 365 37
672 663 63
223 9 84
271 96 70
226 446 44
290 97 6
464 90 91
677 438 60
86 20 18
412 216 61
548 529 71
672 376 46
595 415 1
478 613 28
253 41 61
12 615 48
482 230 14
328 544 22
365 401 78
614 587 12
533 132 46
611 197 42
606 109 98
290 191 86
70 274 83
427 206 11
669 469 62
28 243 34
396 382 57
569 299 42
290 359 68
426 490 14
553 427 28
585 634 30
334 700 73
185 524 13
537 669 61
615 485 90
184 310 37
58 341 3
281 598 10
230 5 9
540 649 21
114 502 55
514 325 46
36 536 37
333 574 50
292 188 89
227 238 88
319 398 70
254 24 24
643 251 68
648 366 29
44 376 65
75 61 30
55 314 19
377 309 33
115 21 45
485 75 100
300 400 54
667 154 3
330 424 40
610 173 13
37 497 4
29 406 88
346 294 18
134 20 7
286 94 71
574 176 97
134 12 6
24 566 8
237 305 63
314 295 43
345 401 82
391 280 90
470 672 7
94 601 43
19 106 88
284 434 85
156 640 69
308 155 51
135 137 97
151 179 20
610 57 41
426 313 100
632 66 57
180 574 70
339 153 76
353 203 60
496 343 39
473 633 26
350 198 5
286 64 38
509 171 27
357 616 53
161 651 100
329 639 60
302 114 93
179 232 58
659 334 6
386 35 28
620 440 64
336 181 35
91 105 97
128 56 67
450 395 79
281 1 87
123 211 43
494 71 82
134 100 83
277 11 36
405 478 36
220 605 34
326 412 82
29 631 49
78 570 88
114 307 65
530 544 86
461 210 67
573 393 11
352 376 18
351 363 97
603 201 40
421 643 69
198 460 98
411 160 76
6 601 56
33 388 64
504 676 27
642 531 82
253 2 88
338 276 63
685 247 58
641 234 91
244 196 83
3 371 50
484 40 72
553 211 5
542 518 35
609 449 12
475 35 42
123 149 9
392 542 4
375 636 34
672 636 72
57 612 41
449 304 76
224 292 41
625 318 22
556 442 73
326 346 32
257 247 2
139 465 1
612 70 88
341 463 89
277 288 64
610 491 39
607 294 21
641 452 21
357 37 86
555 424 47
470 16 22
28 216 98
681 260 61
350 615 80
461 385 72
444 223 83
689 258 37
157 363 56
238 607 94
298 29 75
621 224 8
161 594 58
680 563 75
617 170 24
604 137 35
124 613 79
300 221 59
194 253 17
614 132 76
470 553 26
116 435 93
228 402 45
491 477 58
168 629 43
83 156 87
569 205 6
602 394 27
31 376 78
124 594 45
18 372 84
242 116 87
465 440 19
566 202 47
636 527 15
464 534 2
326 484 76
335 159 69
576 190 96
438 78 29
272 94 89
65 68 61
133 399 27
166 114 35
207 120 92
372 412 25
262 170 93
38 215 88
106 243 58
459 207 60
99 635 10
280 226 89
257 183 51
507 525 78
656 384 77
83 135 12
650 115 40
402 569 33
134 465 56
233 432 8
617 253 27
317 437 43
211 699 67
15 599 6
347 586 57
167 562 79
373 82 87
192 556 96
87 553 76
408 585 1
386 140 67
225 669 52
149 341 53
579 388 52
230 608 73
83 137 19
127 277 48
480 545 41
82 184 44
140 469 99
313 182 4
165 622 67
3 159 83
286 605 5
515 624 68
661 482 18
471 643 93
41 23 79
440 105 10
550 340 53
570 288 81
608 118 77
189 615 10
460 302 23
531 272 57
346 473 17
679 501 80
390 52 47
60 283 13
625 249 1
614 257 37
61 57 71
144 57 17
422 603 13
555 119 12
466 21 71
700 164 92
242 405 5
239 220 86
467 292 67
317 163 18
598 92 72
664 292 10
473 494 79
588 111 85
574 446 17
196 601 7
657 408 41
34 380 31
455 461 13
200 161 20
146 74 31
25 150 51
618 329 13
215 558 79
618 25 49
343 150 41
415 682 94
367 693 3
431 75 1
177 635 82
331 412 15
43 592 90
354 153 61
163 385 49
176 146 69
167 563 65
205 589 70
311 69 6
122 64 57
228 177 26
618 237 95
695 389 100
393 105 18
303 326 89
348 339 96
99 102 22
432 390 77
616 268 79
83 81 48
622 479 54
651 397 86
162 667 19
474 287 27
324 344 85
412 300 84
269 122 45
287 362 69
576 148 69
55 406 40
107 152 23
338 656 3
644 95 36
355 354 92
488 594 66
69 542 80
102 291 33
339 319 37
485 445 97
652 605 91
308 379 89
641 369 60
314 354 24
340 436 29
247 688 32
208 211 1
342 484 89
658 693 78
527 96 72
560 512 42
351 211 70
277 591 19
674 57 13
75 690 54
294 487 62
126 418 63
211 120 11
546 631 88
689 211 40
16 538 11
425 626 80
95 38 47
199 551 4
531 213 10
360 70 29
88 47 58
620 294 46
438 362 73
286 411 2
90 158 48
248 253 92
632 567 71
262 671 24
196 302 32
513 120 52
226 21 53
597 384 83
450 264 74
270 410 89
237 52 48
481 582 93
138 417 3
533 608 20
133 132 42
299 570 54
4 84 94
208 597 95
563 366 58
209 81 64
188 659 67
166 624 45
308 555 78
484 177 34
521 258 59
152 337 5
99 120 78
6 88 16
164 562 36
662 286 61
415 631 39
302 485 80
439 347 23
206 50 65
304 337 38
687 303 31
694 515 67
162 235 65
386 529 58
311 3 10
554 196 72
617 288 65
131 36 24
85 127 44
21 108 57
82 231 82
599 442 84
269 40 12
478 240 37
256 148 66
76 652 87
390 48 54
354 384 28
384 455 88
51 154 56
613 695 18
349 289 73
648 640 91
469 539 87
681 597 96
261 135 27
504 624 20
274 172 17
139 58 12
152 20 37
315 45 97
332 97 87
379 562 6
557 357 57
55 659 31
586 338 85
543 11 27
649 492 88
384 221 30
315 621 16
542 623 28
378 122 66
383 118 28
437 627 91
487 497 43
128 134 100
130 141 92
302 553 91
680 496 32
235 469 52
246 490 80
454 252 3
69 383 42
425 40 40
312 194 54
601 428 13
366 298 75
204 639 30
185 657 86
639 80 58
53 273 68
262 228 46
437 326 35
353 621 4
87 413 89
447 276 65
177 207 3
414 670 18
353 108 40
63 352 64
184 550 60
1 7 65
677 247 55
557 563 100
434 463 41
205 273 21
690 272 63
684 653 50
130 16 53
540 105 6
112 153 87
568 315 50
554 546 82
12 271 92
212 306 42
487 102 64
41 21 17
527 465 27
656 211 68
397 106 45
505 161 36
424 93 91
263 546 78
393 601 98
41 425 60
466 640 39
107 446 88
341 419 23
441 396 17
204 115 17
298 232 79
480 491 98
231 268 94
42 86 6
657 497 8
314 230 31
300 360 22
638 139 75
49 698 80
668 174 11
596 97 92
330 500 28
377 67 17
133 250 74
27 34 2
373 509 74
529 506 40
136 180 2
637 542 72
652 388 26
596 42 27
384 72 49
488 343 26
127 158 92
253 666 25
332 188 26
603 18 15
47 173 33
282 200 55
359 635 67
341 634 88
118 543 22
633 525 30
684 38 74
387 304 9
657 407 37
503 692 43
553 291 66
634 27 54
197 21 33
65 413 22
565 516 59
377 547 89
244 58 12
41 107 59
694 37 81
245 328 63
474 469 79
77 390 85
536 398 97
582 136 44
312 256 74
614 421 80
592 67 48
446 305 99
67 223 45
609 184 16
429 252 49
312 60 45
72 570 94
4 3 51
501 299 6
307 189 49
231 229 84
48 495 4
150 640 26
114 73 8
603 140 12
350 497 28
353 611 80
574 245 38
493 191 87
538 623 45
587 684 23
591 144 54
131 52 79
324 360 29
51 104 25
8 558 41
566 130 45
412 438 85
175 123 77
627 518 21
613 453 23
685 359 27
591 594 57
51 405 43
217 184 81
212 28 21
626 469 39
22 517 94
54 266 54
487 404 6
342 324 79
349 593 47
444 552 33
428 456 68
315 126 12
622 398 32
538 50 21
583 106 99
75 490 92
590 689 86
558 697 40
267 672 94
542 366 18
603 78 60
170 544 10
159 567 44
255 12 36
12 457 57
157 478 25
516 631 68
373 412 95
31 483 58
237 155 24
334 489 80
527 147 21
131 468 100
68 505 78
581 58 95
28 237 21
234 267 1
576 253 73
85 202 93
40 185 66
409 306 47
4 570 75
127 358 48
679 639 76
622 278 85
492 526 42
565 194 36
356 23 15
205 65 29
345 359 6
684 407 3
665 329 12
650 114 86
477 128 78
562 118 30
267 553 10
273 145 83
244 172 84
212 488 23
209 296 50
196 373 8
427 394 23
336 697 55
561 158 30
306 46 55
164 462 18
262 507 18
135 598 6
89 131 43
191 315 74
374 386 61
25 459 15
313 315 60
83 646 31
327 470 72
44 133 62
502 165 74
283 81 57
160 177 75
3 98 3
111 156 37
611 387 44
698 485 58
662 438 64
602 9 78
690 564 99
624 327 18
314 300 42
606 338 12
59 550 62
392 593 95
634 461 38
458 172 26
458 580 25
40 165 89
503 84 83
447 569 67
570 567 43
230 207 76
494 297 13
91 186 28
374 75 94
364 610 54
279 83 1
283 674 16
296 21 35
345 44 69
634 221 74
620 23 32
618 695 44
329 597 6
216 443 32
29 517 99
660 205 67
597 394 20
207 21 52
648 589 68
673 14 74
467 383 100
284 623 28
663 607 38
573 447 11
581 191 43
287 510 10
325 454 31
330 105 97
68 618 65
632 434 22
626 604 44
342 277 68
223 499 48
602 516 88
186 121 25
53 427 20
64 19 9
46 630 76
692 284 92
580 584 26
498 448 53
681 417 14
238 76 59
241 18 58
143 276 35
504 27 8
621 432 33
69 105 80
563 543 22
477 697 9
157 290 39
361 406 99
119 492 99
242 637 3
334 220 18
697 44 35
454 106 63
363 693 67
481 103 32
623 609 18
17 346 46
397 328 4
622 422 4
124 253 97
369 669 73
282 363 24
192 119 51
511 463 83
128 606 86
12 314 9
126 301 66
121 42 63
196 574 33
265 624 95
470 650 47
356 354 38
478 549 26
171 28 56
252 225 32
173 523 91
453 151 40
320 253 2
297 694 52
502 532 15
698 351 41
421 629 35
252 346 11
184 235 87
92 238 52
484 645 3
637 133 97
374 308 35
234 676 34
106 170 93
435 609 23
90 428 11
80 183 4
629 195 28
278 472 83
600 671 84
253 489 11
9 622 1
410 592 82
220 221 62
556 87 17
53 344 61
339 663 25
76 33 67
40 66 28
676 641 13
382 41 97
475 238 35
604 266 49
573 183 30
595 534 48
24 675 46
325 172 51
397 591 62
324 337 76
570 524 98
638 88 77
136 629 93
17 371 19
63 254 18
43 54 72
274 184 84
496 280 10
410 216 50
1 425 16
510 181 32
587 475 42
438 139 76
185 390 53
26 575 97
676 61 44
560 503 78
534 183 61
212 328 21
197 97 81
684 606 18
149 464 73
361 225 15
377 597 50
308 61 15
644 72 60
68 224 36
585 455 68
604 438 57
185 335 91
362 418 97
18 690 23
161 213 51
288 639 86
696 226 1
330 366 98
332 438 31
566 521 54
89 253 4
322 659 43
669 109 46
35 490 95
381 258 44
180 53 29
365 591 64
327 546 20
688 478 84
300 432 34
244 417 10
421 507 61
659 72 27
164 595 54
592 574 7
464 381 53
356 17 55
603 389 51
338 298 32
318 413 61
489 643 53
558 228 40
241 601 56
198 497 48
500 426 70
546 248 64
564 21 55
285 203 95
52 116 31
545 227 87
335 627 77
659 248 34
262 206 37
35 446 59
254 620 30
71 394 64
445 326 69
275 694 27
242 291 28
381 123 40
247 354 6
627 601 93
149 77 13
51 97 58
54 41 32
420 31 5
2 536 97
174 628 84
426 141 40
678 289 57
340 176 46
54 214 80
692 141 95
258 87 3
655 280 63
115 209 93
62 612 3
493 669 76
220 160 50
590 204 96
700 110 56
216 487 82
455 631 78
279 447 58
575 290 88
105 453 33
22 523 27
640 109 23
352 684 86
14 510 33
544 78 24
279 500 1
447 608 24
279 479 67
517 360 6
340 572 62
133 95 94
201 639 6
436 207 30
398 546 6
195 532 2
216 613 24
19 343 45
527 322 85
680 314 5
493 394 13
419 202 5
485 399 96
525 520 68
449 251 3
344 466 36
446 227 90
287 553 19
361 581 67
153 297 60
178 563 57
494 434 12
603 368 3
631 279 22
595 92 8
24 329 75
431 445 31
171 134 55
222 450 16
689 154 55
464 130 95
438 525 72
594 147 61
307 467 80
512 1 5
620 557 21
248 546 79
621 447 92
371 289 43
113 561 38
152 470 29
700 255 39
544 687 2
628 591 59
680 425 45
55 480 3
652 384 67
272 178 3
547 199 21
696 483 32
236 515 80
464 675 15
327 220 13
585 240 94
305 11 45
697 304 18
500 534 92
453 616 2
516 475 11
638 242 87
19 329 8
633 50 97
492 108 72
49 486 26
647 589 31
635 534 78
195 658 89
600 471 36
196 561 81
402 538 99
587 161 8
261 102 81
497 486 46
430 565 39
250 210 85
50 514 58
457 430 96
310 160 17
699 292 47
16 225 52
184 470 57
172 145 95
372 176 46
578 523 87
447 381 56
4 306 44
144 662 63
193 78 84
185 430 2
107 284 47
200 361 35
30 202 94
303 344 75
481 549 81
190 369 5
643 390 13
155 431 99
145 611 17
345 254 59
578 623 11
364 446 23
401 661 55
223 288 26
262 699 55
677 200 62
253 665 73
532 136 33
628 267 100
600 533 3
393 250 93
614 650 44
683 390 45
501 697 1
519 133 29
230 130 5
203 559 64
671 216 96
674 256 50
535 413 49
404 424 71
122 393 39
338 44 52
243 636 67
291 185 31
91 372 29
199 666 71
129 152 50
233 228 25
587 173 96
245 259 21
691 37 29
539 550 38
672 192 31
485 232 88
113 316 63
420 522 60
273 325 88
151 416 86
67 530 29
639 138 22
298 206 27
43 42 10
432 387 6
355 455 80
294 116 63
649 176 95
6 556 26
55 249 57
510 656 72
317 220 91
67 616 17
331 645 40
176 600 60
229 75 71
528 367 39
643 241 34
588 550 25
141 71 35
461 207 12
299 283 91
310 1 28
615 197 79
375 147 84
437 245 5
306 468 30
488 573 55
380 57 5
261 538 9
327 39 28
328 150 19
646 1 22
318 314 67
698 122 82
272 125 3
1 580 21
242 440 52
524 590 23
400 272 63
374 441 36
164 263 83
492 301 29
370 433 85
389 376 41
556 431 74
317 181 7
518 183 62
350 281 63
195 688 16
353 348 3
176 17 13
236 574 65
692 412 12
570 22 82
409 1 10
406 699 12
299 169 87
281 355 100
145 499 67
650 397 71
8 250 1
128 270 24
667 218 69
263 462 19
443 583 67
204 377 73
29 462 59
627 345 46
601 351 73
589 698 6
160 420 91
234 632 68
203 326 3
490 554 16
16 162 23
42 343 71
698 37 24
358 173 88
248 292 29
444 465 13
185 31 83
335 143 42
426 18 90
93 11 42
72 537 94
231 683 5
128 612 11
361 675 92
545 658 57
177 103 30
156 38 85
265 637 65
568 636 12
49 58 17
551 661 31
102 243 90
590 512 95
281 599 43
543 257 43
681 4 23
128 316 80
514 699 28
441 622 59
669 244 100
264 120 84
132 436 79
221 414 64
458 377 36
270 505 30
211 208 29
55 244 29
536 692 26
210 178 14
336 476 38
655 247 8
156 211 26
219 659 66
581 105 11
691 549 87
652 579 50
291 484 81
352 543 36
352 42 85
232 253 43
394 693 75
55 404 40
257 266 30
171 651 75
430 375 35
376 40 2
673 280 30
448 144 45
569 337 68
75 95 61
541 385 55
246 533 50
512 669 53
683 450 51
403 279 21
475 688 86
179 121 12
667 88 56
230 428 21
455 486 7
86 481 53
398 123 7
228 358 52
662 491 65
147 94 67
149 270 32
481 444 2
511 313 89
415 653 71
399 581 95
117 669 22
51 341 10
361 608 20
482 435 84
203 264 88
681 618 57
321 573 90
380 7 96
83 580 13
254 405 32
406 453 30
473 329 99
237 321 3
404 370 9
691 339 74
64 646 91
688 491 69
200 504 92
630 533 26
215 640 84
186 89 19
648 59 47
509 567 18
559 387 76
661 177 34
70 559 81
398 486 41
251 199 21
586 7 77
126 11 90
502 106 46
72 214 25
563 135 92
164 439 84
218 660 73
337 233 98
270 125 80
53 680 52
390 10 29
113 364 29
291 12 21
451 631 97
688 313 65
692 476 19
546 225 11
478 600 62
230 513 26
113 201 52
42 57 47
342 104 11
605 629 11
472 674 51
113 642 98
372 674 44
104 369 85
121 10 47
228 287 12
328 190 31
105 281 37
145 130 33
384 458 95
561 269 50
175 109 19
460 605 41
320 94 88
655 253 61
324 176 55
552 418 98
536 312 55
513 313 8
488 524 82
346 556 86
310 173 96
528 325 92
519 265 39
309 11 57
3 514 92
334 110 36
202 402 66
59 188 2
544 75 5
77 461 3
121 269 15
240 230 59
441 224 67
554 310 73
545 549 3
178 46 21
188 499 39
672 200 51
24 437 86
576 306 21
34 498 78
567 530 31
647 241 16
415 379 7
234 390 38
208 624 58
291 219 84
613 162 44
192 43 18
322 555 43
171 491 61
584 599 18
681 630 74
213 168 30
142 235 91
466 292 95
7 684 12
318 480 42
247 10 57
130 27 31
138 466 23
534 459 87
32 464 36
58 591 43
339 656 55
239 154 14
533 188 13
63 547 35
292 692 18
100 115 52
519 14 16
449 427 95
430 530 9
344 355 76
488 135 90
59 475 36
682 698 34
174 130 25
590 293 50
369 154 68
376 469 24
305 678 97
252 367 75
253 306 67
188 344 11
534 659 43
484 98 64
499 18 62
600 216 33
215 620 58
115 52 55
365 240 82
334 15 28
113 335 4
204 605 80
375 133 36
450 56 13
672 389 33
211 52 37
552 565 39
469 345 44
100 192 16
43 431 65
502 620 68
423 281 32
626 93 85
398 135 82
372 1 30
164 472 97
255 634 43
195 334 16
83 683 31
481 620 35
113 683 11
697 589 30
100 38 33
262 322 53
445 78 53
427 72 50
408 514 11
482 317 85
21 120 24
134 659 46
292 663 52
377 257 61
479 572 66
383 670 42
546 618 61
386 633 91
427 301 51
372 155 40
94 302 75
61 455 46
146 224 63
626 328 47
528 523 15
577 565 9
543 678 62
158 581 36
323 515 67
167 460 67
126 107 93
653 349 86
459 161 85
397 175 62
410 648 9
366 538 88
227 521 83
439 95 14
649 548 18
360 232 25
635 52 55
407 192 100
326 441 27
128 569 91
639 218 85
188 476 55
319 182 32
12 167 81
496 26 7
219 51 58
219 374 29
467 583 14
266 369 47
329 503 10
526 376 5
443 258 32
21 206 99
89 457 45
667 25 97
585 272 24
648 244 48
115 604 72
357 642 26
593 7 19
311 661 23
235 120 93
397 475 85
187 365 48
140 54 38
318 682 5
367 619 74
556 262 2
45 479 98
354 478 40
191 415 41
93 460 88
225 374 90
53 474 43
590 441 32
337 147 80
522 169 58
268 566 25
