1000 1000 1
1 2 14
2 3 71
3 4 11
4 5 20
5 6 64
6 7 71
7 8 33
8 9 58
9 10 51
10 11 5
11 12 40
12 13 56
13 14 5
14 15 99
15 16 38
16 17 84
17 18 80
18 19 31
19 20 26
20 21 60
21 22 92
22 23 75
23 24 9
24 25 8
25 26 40
26 27 91
27 28 72
28 29 25
29 30 28
30 31 73
31 32 87
32 33 19
33 34 58
34 35 41
35 36 73
36 37 4
37 38 61
38 39 72
39 40 64
40 41 62
41 42 29
42 43 11
43 44 63
44 45 43
45 46 41
46 47 32
47 48 11
48 49 29
49 50 37
50 51 40
51 52 14
52 53 61
53 54 8
54 55 73
55 56 82
56 57 11
57 58 28
58 59 25
59 60 37
60 61 78
61 62 44
62 63 51
63 64 59
64 65 51
65 66 27
66 67 54
67 68 56
68 69 56
69 70 89
70 71 89
71 72 88
72 73 87
73 74 91
74 75 78
75 76 93
76 77 48
77 78 10
78 79 70
79 80 16
80 81 31
81 82 60
82 83 59
83 84 26
84 85 69
85 86 14
86 87 70
87 88 80
88 89 74
89 90 69
90 91 11
91 92 44
92 93 4
93 94 76
94 95 15
95 96 70
96 97 82
97 98 18
98 99 74
99 100 92
100 101 95
101 102 76
102 103 93
103 104 17
104 105 95
105 106 80
106 107 42
107 108 44
108 109 78
109 110 79
110 111 69
111 112 8
112 113 20
113 114 93
114 115 57
115 116 22
116 117 5
117 118 75
118 119 99
119 120 27
120 121 50
121 122 98
122 123 6
123 124 50
124 125 27
125 126 45
126 127 32
127 128 73
128 129 14
129 130 18
130 131 4
131 132 27
132 133 8
133 134 53
134 135 81
135 136 56
136 137 63
137 138 22
138 139 78
139 140 82
140 141 8
141 142 86
142 143 46
143 144 35
144 145 70
145 146 95
146 147 42
147 148 71
148 149 87
149 150 23
150 151 52
151 152 75
152 153 37
153 154 66
154 155 74
155 156 22
156 157 35
157 158 3
158 159 31
159 160 47
160 161 33
161 162 29
162 163 57
163 164 19
164 165 81
165 166 26
166 167 5
167 168 4
168 169 52
169 170 63
170 171 39
171 172 10
172 173 44
173 174 5
174 175 5
175 176 9
176 177 75
177 178 16
178 179 93
179 180 52
180 181 32
181 182 30
182 183 44
183 184 73
184 185 88
185 186 82
186 187 18
187 188 72
188 189 52
189 190 77
190 191 92
191 192 100
192 193 70
193 194 45
194 195 17
195 196 71
196 197 65
197 198 29
198 199 8
199 200 22
200 201 68
201 202 4
202 203 80
203 204 81
204 205 25
205 206 77
206 207 5
207 208 35
208 209 42
209 210 22
210 211 2
211 212 90
212 213 60
213 214 67
214 215 12
215 216 28
216 217 68
217 218 6
218 219 50
219 220 89
220 221 99
221 222 61
222 223 90
223 224 69
224 225 8
225 226 7
226 227 43
227 228 64
228 229 76
229 230 39
230 231 58
231 232 32
232 233 69
233 234 33
234 235 2
235 236 90
236 237 87
237 238 50
238 239 3
239 240 49
240 241 63
241 242 2
242 243 31
243 244 87
244 245 52
245 246 80
246 247 20
247 248 76
248 249 28
249 250 18
250 251 92
251 252 76
252 253 62
253 254 21
254 255 57
255 256 84
256 257 13
257 258 15
258 259 67
259 260 89
260 261 30
261 262 100
262 263 49
263 264 20
264 265 61
265 266 54
266 267 76
267 268 77
268 269 34
269 270 40
270 271 6
271 272 9
272 273 41
273 274 28
274 275 81
275 276 25
276 277 58
277 278 11
278 279 54
279 280 50
280 281 27
281 282 50
282 283 65
283 284 14
284 285 95
285 286 22
286 287 82
287 288 40
288 289 32
289 290 17
290 291 66
291 292 82
292 293 42
293 294 59
294 295 58
295 296 97
296 297 34
297 298 94
298 299 51
299 300 63
300 301 34
301 302 66
302 303 15
303 304 9
304 305 34
305 306 60
306 307 67
307 308 64
308 309 24
309 310 13
310 311 93
311 312 9
312 313 83
313 314 21
314 315 72
315 316 57
316 317 80
317 318 72
318 319 9
319 320 90
320 321 61
321 322 53
322 323 20
323 324 59
324 325 59
325 326 2
326 327 28
327 328 36
328 329 23
329 330 67
330 331 79
331 332 42
332 333 87
333 334 50
334 335 89
335 336 64
336 337 77
337 338 13
338 339 71
339 340 38
340 341 64
341 342 70
342 343 71
343 344 73
344 345 23
345 346 4
346 347 54
347 348 11
348 349 71
349 350 75
350 351 77
351 352 48
352 353 44
353 354 42
354 355 84
355 356 13
356 357 94
357 358 47
358 359 20
359 360 40
360 361 84
361 362 3
362 363 87
363 364 93
364 365 61
365 366 18
366 367 41
367 368 23
368 369 26
369 370 53
370 371 53
371 372 33
372 373 24
373 374 69
374 375 45
375 376 58
376 377 22
377 378 59
378 379 58
379 380 55
380 381 46
381 382 75
382 383 11
383 384 93
384 385 9
385 386 98
386 387 19
387 388 15
388 389 24
389 390 19
390 391 25
391 392 5
392 393 16
393 394 23
394 395 12
395 396 65
396 397 20
397 398 31
398 399 47
399 400 24
400 401 46
401 402 66
402 403 78
403 404 41
404 405 46
405 406 40
406 407 66
407 408 77
408 409 10
409 410 30
410 411 74
411 412 82
412 413 91
413 414 87
414 415 62
415 416 30
416 417 32
417 418 15
418 419 96
419 420 82
420 421 61
421 422 78
422 423 17
423 424 56
424 425 5
425 426 30
426 427 61
427 428 92
428 429 64
429 430 57
430 431 66
431 432 6
432 433 23
433 434 93
434 435 54
435 436 100
436 437 76
437 438 73
438 439 7
439 440 33
440 441 62
441 442 17
442 443 30
443 444 95
444 445 85
445 446 60
446 447 39
447 448 57
448 449 6
449 450 41
450 451 60
451 452 72
452 453 13
453 454 87
454 455 32
455 456 12
456 457 18
457 458 86
458 459 19
459 460 81
460 461 22
461 462 27
462 463 87
463 464 30
464 465 22
465 466 90
466 467 28
467 468 60
468 469 21
469 470 69
470 471 31
471 472 95
472 473 34
473 474 3
474 475 63
475 476 78
476 477 8
477 478 14
478 479 10
479 480 4
480 481 37
481 482 82
482 483 59
483 484 28
484 485 89
485 486 48
486 487 32
487 488 21
488 489 3
489 490 65
490 491 41
491 492 56
492 493 88
493 494 15
494 495 21
495 496 58
496 497 91
497 498 72
498 499 53
499 500 48
500 501 57
501 502 28
502 503 27
503 504 22
504 505 66
505 506 61
506 507 17
507 508 88
508 509 35
509 510 73
510 511 94
511 512 27
512 513 14
513 514 57
514 515 20
515 516 95
516 517 63
517 518 27
518 519 62
519 520 23
520 521 24
521 522 69
522 523 92
523 524 14
524 525 59
525 526 27
526 527 69
527 528 41
528 529 99
529 530 36
530 531 92
531 532 5
532 533 24
533 534 90
534 535 38
535 536 38
536 537 51
537 538 16
538 539 11
539 540 32
540 541 48
541 542 29
542 543 39
543 544 77
544 545 46
545 546 77
546 547 7
547 548 7
548 549 8
549 550 65
550 551 32
551 552 59
552 553 98
553 554 80
554 555 12
555 556 66
556 557 60
557 558 76
558 559 90
559 560 27
560 561 20
561 562 71
562 563 82
563 564 82
564 565 94
565 566 26
566 567 69
567 568 95
568 569 55
569 570 77
570 571 2
571 572 58
572 573 22
573 574 9
574 575 51
575 576 98
576 577 51
577 578 35
578 579 62
579 580 99
580 581 65
581 582 38
582 583 74
583 584 92
584 585 83
585 586 2
586 587 76
587 588 100
588 589 85
589 590 74
590 591 1
591 592 29
592 593 20
593 594 11
594 595 31
595 596 7
596 597 71
597 598 81
598 599 12
599 600 38
600 601 67
601 602 11
602 603 89
603 604 94
604 605 66
605 606 82
606 607 23
607 608 66
608 609 67
609 610 15
610 611 94
611 612 59
612 613 1
613 614 58
614 615 8
615 616 50
616 617 92
617 618 61
618 619 72
619 620 17
620 621 92
621 622 40
622 623 42
623 624 50
624 625 41
625 626 49
626 627 90
627 628 52
628 629 27
629 630 72
630 631 50
631 632 42
632 633 23
633 634 1
634 635 45
635 636 13
636 637 86
637 638 48
638 639 42
639 640 81
640 641 44
641 642 17
642 643 62
643 644 15
644 645 87
645 646 72
646 647 13
647 648 86
648 649 85
649 650 67
650 651 61
651 652 28
652 653 4
653 654 60
654 655 76
655 656 54
656 657 45
657 658 96
658 659 83
659 660 6
660 661 30
661 662 45
662 663 24
663 664 75
664 665 76
665 666 82
666 667 86
667 668 66
668 669 55
669 670 79
670 671 81
671 672 76
672 673 88
673 674 96
674 675 92
675 676 8
676 677 93
677 678 70
678 679 57
679 680 19
680 681 7
681 682 50
682 683 43
683 684 89
684 685 76
685 686 24
686 687 91
687 688 38
688 689 74
689 690 86
690 691 75
691 692 96
692 693 17
693 694 88
694 695 33
695 696 70
696 697 24
697 698 47
698 699 31
699 700 14
700 701 81
701 702 51
702 703 11
703 704 7
704 705 78
705 706 26
706 707 84
707 708 26
708 709 86
709 710 34
710 711 37
711 712 57
712 713 80
713 714 92
714 715 94
715 716 69
716 717 66
717 718 25
718 719 1
719 720 57
720 721 86
721 722 33
722 723 6
723 724 98
724 725 18
725 726 59
726 727 98
727 728 82
728 729 85
729 730 4
730 731 8
731 732 63
732 733 100
733 734 76
734 735 54
735 736 60
736 737 81
737 738 1
738 739 51
739 740 95
740 741 34
741 742 61
742 743 69
743 744 9
744 745 14
745 746 66
746 747 92
747 748 46
748 749 61
749 750 27
750 751 39
751 752 27
752 753 20
753 754 42
754 755 55
755 756 33
756 757 70
757 758 48
758 759 66
759 760 99
760 761 57
761 762 17
762 763 87
763 764 67
764 765 17
765 766 65
766 767 22
767 768 85
768 769 47
769 770 70
770 771 72
771 772 61
772 773 1
773 774 74
774 775 60
775 776 6
776 777 96
777 778 91
778 779 64
779 780 79
780 781 77
781 782 62
782 783 68
783 784 60
784 785 68
785 786 37
786 787 43
787 788 96
788 789 38
789 790 88
790 791 74
791 792 70
792 793 86
793 794 70
794 795 9
795 796 22
796 797 66
797 798 7
798 799 24
799 800 57
800 801 71
801 802 96
802 803 9
803 804 43
804 805 19
805 806 7
806 807 43
807 808 80
808 809 65
809 810 81
810 811 36
811 812 33
812 813 70
813 814 33
814 815 70
815 816 97
816 817 66
817 818 62
818 819 30
819 820 31
820 821 16
821 822 75
822 823 82
823 824 70
824 825 71
825 826 30
826 827 61
827 828 34
828 829 17
829 830 86
830 831 56
831 832 13
832 833 33
833 834 37
834 835 23
835 836 6
836 837 84
837 838 94
838 839 73
839 840 52
840 841 11
841 842 62
842 843 48
843 844 26
844 845 56
845 846 46
846 847 53
847 848 73
848 849 2
849 850 80
850 851 83
851 852 91
852 853 70
853 854 81
854 855 41
855 856 71
856 857 87
857 858 22
858 859 96
859 860 57
860 861 68
861 862 94
862 863 1
863 864 52
864 865 61
865 866 32
866 867 20
867 868 25
868 869 60
869 870 5
870 871 99
871 872 9
872 873 33
873 874 51
874 875 10
875 876 81
876 877 83
877 878 75
878 879 82
879 880 17
880 881 44
881 882 8
882 883 78
883 884 43
884 885 94
885 886 42
886 887 28
887 888 6
888 889 64
889 890 86
890 891 49
891 892 55
892 893 21
893 894 58
894 895 72
895 896 34
896 897 67
897 898 72
898 899 12
899 900 56
900 901 43
901 902 46
902 903 56
903 904 95
904 905 87
905 906 84
906 907 7
907 908 35
908 909 3
909 910 1
910 911 81
911 912 88
912 913 80
913 914 83
914 915 32
915 916 63
916 917 18
917 918 69
918 919 6
919 920 66
920 921 45
921 922 86
922 923 58
923 924 70
924 925 39
925 926 76
926 927 36
927 928 15
928 929 43
929 930 70
930 931 87
931 932 63
932 933 57
933 934 61
934 935 73
935 936 55
936 937 36
937 938 49
938 939 65
939 940 34
940 941 28
941 942 4
942 943 61
943 944 2
944 945 42
945 946 59
946 947 69
947 948 72
948 949 65
949 950 71
950 951 68
951 952 43
952 953 22
953 954 70
954 955 67
955 956 56
956 957 86
957 958 46
958 959 18
959 960 44
960 961 98
961 962 62
962 963 4
963 964 59
964 965 30
965 966 32
966 967 34
967 968 55
968 969 34
969 970 53
970 971 16
971 972 40
972 973 7
973 974 35
974 975 26
975 976 43
976 977 14
977 978 12
978 979 84
979 980 5
980 981 31
981 982 32
982 983 25
983 984 85
984 985 35
985 986 5
986 987 97
987 988 44
988 989 25
989 990 5
990 991 2
991 992 100
992 993 22
993 994 63
994 995 63
995 996 99
996 997 87
997 998 74
998 999 50
999 1000 62
1000 1 80
