82 282
1 1 0
1 4 0
1 2 0
1 3 1
2 7 1
2 6 0
2 4 0
3 7 1
4 1 0
4 5 0
4 9 0
4 7 0
5 1 0
6 4 1
6 8 1
6 9 0
7 10 1
7 2 1
7 9 1
7 7 0
7 1 0
8 5 1
8 6 0
8 7 0
8 3 0
8 10 1
8 2 1
9 8 0
9 4 1
9 10 0
10 9 0
10 5 0
10 12 1
10 4 0
10 14 0
11 7 0
11 10 1
11 9 0
11 14 0
11 5 1
11 12 1
11 13 0
12 13 0
12 11 1
12 12 0
12 6 1
13 16 0
13 10 0
13 8 1
13 7 0
13 18 0
13 12 1
13 15 1
14 18 1
14 9 0
14 11 1
14 13 0
14 12 1
14 14 1
14 10 1
15 13 1
15 19 1
15 16 1
15 10 0
15 11 1
15 20 1
16 13 0
17 15 1
17 19 0
17 22 0
17 14 1
17 13 1
18 22 0
19 18 1
20 23 0
20 24 1
20 22 1
20 14 1
21 24 0
22 24 0
23 20 0
23 24 0
23 17 0
23 26 0
23 23 1
24 18 0
24 24 1
24 25 1
24 23 1
24 29 0
25 26 1
25 29 0
25 19 0
25 25 1
25 23 0
25 28 1
26 30 0
26 20 1
26 23 0
27 23 0
27 28 1
27 26 1
27 27 1
27 30 1
28 28 0
28 29 1
29 23 0
29 27 0
29 33 1
29 31 1
30 24 0
30 31 0
30 35 1
31 36 0
31 34 1
31 31 0
32 34 1
32 37 0
32 28 0
32 33 1
32 31 0
33 30 0
34 32 0
34 38 1
35 33 0
35 39 0
36 38 0
36 34 0
37 32 0
38 41 0
38 39 1
38 34 1
38 42 1
38 33 0
38 43 0
39 34 1
39 41 1
40 44 1
41 39 0
42 44 1
42 39 0
42 36 1
42 47 1
42 37 1
43 37 0
43 39 1
43 44 1
43 41 1
43 43 0
43 40 0
44 48 0
45 39 0
45 45 0
45 48 0
45 47 1
45 49 0
45 50 1
46 45 0
46 44 1
46 42 1
46 49 0
46 47 1
47 47 1
47 43 0
47 44 0
47 46 1
48 42 0
48 49 1
48 50 0
48 53 1
49 50 1
49 43 1
50 54 1
50 50 0
50 52 1
51 53 1
52 46 0
52 49 0
53 55 1
53 56 0
53 54 1
53 49 0
53 50 0
54 50 0
54 49 1
54 51 1
54 52 1
54 48 1
54 53 0
55 52 0
55 53 0
55 60 0
56 58 0
56 55 0
56 52 1
57 55 1
57 60 0
57 58 0
57 51 1
57 53 0
58 62 0
58 55 1
59 60 1
59 54 0
59 59 1
60 63 0
60 57 0
60 59 0
61 65 1
61 59 0
61 55 0
61 61 0
61 62 1
62 67 0
62 62 0
62 56 0
63 58 1
64 61 1
64 59 1
64 67 0
65 69 1
65 66 1
65 64 1
65 67 0
65 60 0
66 61 0
66 66 1
66 63 1
67 69 0
68 65 0
68 70 1
68 67 1
68 66 1
68 63 0
68 68 1
69 72 0
69 70 1
69 71 1
69 66 0
69 67 0
69 69 0
70 69 0
71 72 0
71 76 0
71 65 0
72 76 1
72 66 0
72 72 0
72 67 0
72 69 0
72 71 0
73 69 1
74 72 1
74 75 1
74 68 1
75 74 0
75 78 0
76 77 0
76 72 1
76 78 1
76 76 0
76 79 0
77 78 1
77 81 1
77 80 1
77 82 1
78 79 1
78 81 0
78 75 1
78 78 0
78 73 0
79 78 0
79 74 1
79 80 1
80 76 1
80 81 1
81 80 1
82 80 0
82 76 1
82 81 0
82 78 1
82 79 0
