72
39 193 941 622 726 351 140 850 398 432 83 119 798 634 64 592 982 884 148 964 790 37 184 45 712 628 518 308 37 632 566 904 890 603 578 948 413 705 869 361 211 263 538 629 133 535 452 663 122 365 328 939 54 356 696 906 320 552 985 179 469 41 893 601 641 398 909 260 731 560 84 725
40
124 999 24 778 555 754 495 493 443 272 438 721 6 614 528 881 381 335 284 331 736 347 61 389 953 405 932 950 306 713 457 315 677 883 481 577 426 469 723 604
57
761 573 965 227 661 786 333 665 281 491 691 917 802 939 203 350 131 453 258 873 103 101 906 264 339 384 593 970 786 698 107 403 371 790 682 481 427 899 379 129 337 326 948 85 476 759 149 435 763 151 306 942 338 794 368 775 263
55
777 96 516 957 605 340 887 431 958 348 897 668 279 624 475 220 419 902 94 716 278 743 521 258 437 709 99 743 710 425 191 230 310 557 198 401 621 630 332 854 919 788 253 315 958 473 804 747 886 771 109 351 316 517 728
71
466 332 686 67 585 629 435 947 361 618 679 215 537 679 839 715 603 35 460 75 672 986 519 932 605 290 835 457 495 367 617 866 153 625 942 265 311 712 71 743 521 443 566 121 799 87 749 143 393 813 46 70 625 633 344 955 366 951 677 890 961 660 939 46 873 297 917 418 428 3 151
