13
346058723 133127091 497834778 139621446 822058023 461729422 825274295 818889429 350672341 837324823 444167331 17419168 557906254 
8
187147386 45672532 56711527 326828675 772102763 718092074 822045336 663915072 
11
999914193 999986604 999953576 999977812 999959786 999903993 999993987 999907196 999942461 999903160 999920240 
14
999919773 999972838 999902873 999934567 999969354 999919934 999966978 999912667 999937092 999916434 999977487 999978651 999973469 999937048 
12
636081459 574596523 113766457 810739349 89673313 311418882 207821560 386498040 152778158 59527846 779841990 706994480 
13
999935887 999967074 999981004 999982794 999909678 999953567 999932169 999997179 999922966 999976798 999956548 999993759 999986783 
11
453839571 865865391 476158359 722284324 442195446 113614691 849150619 784827765 165375342 598392389 949626367 
13
999912121 999926117 999945082 999923281 999963414 999962230 999924934 999966517 999900954 999914537 999992132 999970914 999915575 
14
64650828 112955049 80470097 76752319 851166695 277716170 257134900 920916485 40653229 265560531 814922991 962518274 13577069 558357957 
14
850399273 314399834 458247449 138783045 172696092 641567713 713537979 923753633 180273428 286367610 700155828 415644018 387632857 82399770 
