1000
1382 853
41 107
580 629
571 766
54 507
899 1064
1515 1626
1111 853
1620 1693
321 26
989 325
1718 1098
1929 1359
53 505
1013 859
1664 595
79 1551
1538 507
532 1853
1639 305
144 1600
1147 1184
540 640
285 1548
1760 1742
592 17
1996 161
619 161
1648 400
1368 1961
218 161
779 1222
1177 640
579 267
994 1115
906 1280
541 1335
964 491
486 1700
1277 887
877 890
1878 927
1431 509
691 539
1030 1834
1458 906
752 1924
1674 300
1454 928
1651 770
217 1916
1207 1616
809 1844
641 1335
1123 449
154 1108
1704 521
347 207
1578 619
330 507
1951 1787
1145 704
1548 1886
730 1678
1175 1698
1576 1958
406 1000
568 1984
1143 1525
1877 576
317 1688
1074 1757
1473 926
1369 1516
1352 287
187 1634
1575 1576
1453 140
1707 1757
1180 144
501 449
311 1897
814 142
1107 1357
1938 487
927 1335
848 305
380 1220
122 1064
1693 728
36 423
819 753
167 1107
92 1594
1350 140
911 853
514 1406
520 1441
389 1730
881 880
593 954
1624 808
1892 1085
1755 1700
1846 437
1404 1107
332 578
375 641
1626 107
1573 629
173 578
206 619
1777 1553
91 1477
253 1730
1961 1406
1649 492
2000 1431
1642 878
829 514
461 1626
845 1515
839 1315
633 1852
1605 1872
1405 1206
480 1634
1807 1681
783 1093
1793 1739
387 926
636 455
586 1525
993 878
1604 1157
1171 1489
1525 760
621 154
1486 310
607 122
1824 1115
102 213
1228 351
887 1064
1549 814
738 1166
1634 1204
545 1441
498 116
1312 34
1430 1516
530 316
857 1725
15 1578
862 690
797 1010
1958 1317
1696 651
597 686
912 1313
980 92
263 1114
1079 41
28 845
1993 1329
1853 1431
1022 1516
420 198
1776 1844
300 1730
859 1085
1371 666
505 1708
780 1393
465 207
880 1594
1826 568
850 1961
172 1414
1804 1944
1943 472
552 1539
314 1852
1284 1539
1302 1573
534 892
1806 1339
699 33
982 1204
348 1180
1553 1206
1924 1209
1706 142
120 903
1614 1191
254 1940
1238 1852
1725 1257
577 1044
1781 1605
897 92
1668 1107
711 1938
661 102
271 835
1455 654
707 870
628 562
1730 1123
252 1529
1320 1010
80 1795
1670 1200
1313 1238
1844 1616
1933 1166
460 1872
1098 1391
4 1084
1112 449
398 850
316 1073
1252 455
1795 690
1152 17
1444 761
184 1318
1600 1111
1349 381
1952 1065
640 461
1739 202
1665 1051
1249 142
366 1696
1195 1715
472 1406
1010 194
1596 1565
453 608
1828 1547
1963 406
998 1906
307 534
1426 745
1017 595
1176 829
1354 1106
1448 672
696 1407
1008 1406
469 911
400 1964
1413 933
19 1228
1094 122
1080 902
1590 617
433 1781
507 1938
1992 1634
676 1553
494 302
1656 1564
572 1522
1232 514
798 1689
723 115
787 1368
270 1400
969 179
788 251
1491 1522
298 1408
430 1730
795 514
115 1046
581 439
1900 1472
1564 346
1122 475
1117 760
1142 491
1602 1165
756 1329
459 455
1636 195
251 133
1942 1220
1446 209
161 1901
3 1575
81 1777
1329 517
1073 1106
239 1205
1253 419
1254 356
191 541
878 1064
517 829
1136 612
1468 1622
684 346
772 980
617 1616
232 1129
1416 1713
213 1208
1916 829
903 994
1791 704
1852 641
1246 1834
156 1184
1157 337
536 1594
554 1317
1746 461
521 1130
584 1123
275 1631
718 1713
1835 1327
95 302
1593 1204
1678 393
913 698
714 730
1280 541
1901 1064
1972 1922
1016 275
323 1535
1135 393
168 868
668 606
1493 611
1539 1642
1522 697
1119 1135
1243 1059
1637 1547
495 1000
427 787
1507 690
1681 1901
458 41
674 1222
1335 1106
1014 1416
135 1426
166 853
506 1123
701 549
742 993
74 753
1052 406
279 684
1223 885
737 581
648 467
1257 305
1106 853
1761 1440
1866 1335
1115 1924
179 102
697 1404
569 314
339 389
1839 470
990 881
1500 783
264 1414
1220 1106
610 150
194 1123
193 752
690 1228
1540 629
1959 714
1261 1580
695 1953
1646 1315
1617 730
1478 1576
559 389
1181 738
1339 831
14 179
817 1715
1537 1257
1542 1940
715 1924
1607 1118
1286 1793
1225 191
710 1807
672 218
376 620
180 1404
1299 325
1131 1604
1032 419
939 1098
1327 663
1406 1115
69 1735
1021 1298
1616 799
1751 107
299 1996
1526 1689
1316 1858
140 1000
1708 1166
1608 423
242 1133
1887 1491
1024 1209
847 617
835 1107
601 1107
52 1098
1550 880
1233 514
325 1640
1337 487
1051 912
1565 1693
1401 786
1551 1130
705 202
483 1165
104 217
1200 52
1801 1129
570 1730
475 1488
974 339
1536 1233
143 1419
1940 459
1078 683
824 300
331 1422
786 686
1393 17
369 1713
931 251
1441 501
1967 251
1732 1526
312 1942
1752 161
618 1953
449 1106
1364 618
1944 267
1477 1313
608 629
698 619
876 805
1166 1208
1818 635
48 1236
595 65
1377 752
1318 927
424 1501
411 1114
1740 1808
335 994
245 592
1757 1024
866 779
671 1220
1161 492
709 1671
1436 1220
1184 1382
1165 562
928 1184
97 1674
1671 1807
198 1277
368 470
1675 1448
1114 172
370 924
967 760
970 666
1009 1013
473 1989
1099 406
487 1106
5 1890
1168 1715
1503 437
63 899
338 1942
1456 571
1372 1046
1721 711
1315 455
1483 1239
1999 1824
991 1209
1908 535
879 191
550 1426
1563 1526
1688 1335
1939 584
885 1725
663 1734
351 419
137 277
482 1529
624 501
585 1368
1508 207
1657 1052
25 509
995 25
1031 1824
83 779
1529 911
1787 1866
491 1208
1357 745
1615 1832
1408 654
1414 829
909 1538
936 845
1871 1045
808 1539
195 1651
439 191
1479 1757
1398 1252
419 1107
1874 1017
31 1320
509 1600
755 1003
374 795
790 368
1870 186
924 1698
642 821
1400 1143
1989 1302
539 1858
133 1391
1897 1317
414 1349
1580 850
1917 628
1982 22
1779 1704
226 853
1208 902
1085 545
1346 1725
425 866
284 1984
1351 1289
1222 967
1326 1923
1862 601
761 780
683 509
211 1192
1619 1853
1132 260
1011 1404
1628 430
1521 419
207 218
309 1835
391 1468
11 1967
93 9
1984 991
65 1265
853 1858
1876 1967
1058 592
119 1094
669 667
1321 1404
943 389
412 1689
1182 1080
1589 122
390 1446
1953 636
22 1886
9 294
686 1265
1298 514
396 1916
1799 1433
381 586
766 760
1758 1730
513 239
658 1661
1504 829
888 1441
867 964
1855 780
150 562
793 970
1191 4
88 638
794 509
224 865
305 745
562 899
444 411
854 562
666 487
954 759
1 142
437 899
310 1657
1440 982
1000 449
1653 80
1705 1605
951 115
346 901
205 186
1903 1422
302 1391
1571 375
620 552
529 1680
1810 1742
770 142
1698 469
1118 1761
1911 1592
1194 1168
1821 374
1858 -1
1533 140
476 1044
492 1681
1028 1984
1711 1807
1830 332
1387 1003
1045 1136
921 1600
1358 1735
294 691
1247 1830
547 621
1054 617
1519 180
1322 906
1742 579
225 326
57 927
638 617
283 1460
1063 260
653 850
1215 945
1245 80
1239 1634
174 1891
1289 672
244 878
774 1444
1554 1165
1598 1550
749 824
499 1446
745 144
1090 387
1190 1999
687 1289
724 331
1823 1422
392 1108
1766 636
1092 1431
1756 15
1734 1626
428 831
267 840
1110 381
1782 1157
1763 1522
436 1157
1592 1828
190 1961
1494 300
107 745
26 868
799 1208
393 1534
789 375
186 1924
1209 161
1638 829
840 92
767 1639
1964 300
152 1436
1471 56
1837 52
734 1939
1889 1721
892 1130
94 1593
355 1834
1226 1828
1499 150
645 676
408 226
813 982
1735 122
1497 1605
1976 551
1242 903
890 571
1472 1886
423 465
209 1811
910 1563
1980 610
1890 519
1407 1328
202 1681
629 899
1328 1439
110 492
523 698
1068 1889
578 1107
882 1398
1103 699
1347 190
1922 523
455 950
467 1079
470 1681
116 1824
1460 253
1044 1515
1729 1801
322 715
733 1834
1421 435
142 161
145 580
1489 1872
1374 579
926 982
902 899
868 967
1059 1526
1391 1681
484 1329
1053 25
360 931
1680 694
318 1391
260 1228
1419 363
1126 14
535 704
35 831
417 218
635 1404
1872 745
1317 892
694 1992
965 943
1703 1052
675 428
386 1129
776 161
950 1853
1394 690
916 520
1300 1877
441 355
1935 1755
1348 993
277 423
1633 408
326 835
1047 156
1934 271
445 490
1902 766
865 467
1064 1858
1811 1681
525 1515
611 883
77 260
1179 1257
1813 671
96 1739
519 419
1043 1030
901 550
20 1131
883 363
1886 491
870 1923
760 853
728 745
1003 1573
1070 1123
606 890
612 1208
1932 325
725 1886
1800 554
1689 994
1172 1877
1490 299
345 1207
297 1734
1266 1053
1891 549
123 356
1720 879
886 1168
1301 1339
1535 1094
933 17
246 788
1610 302
591 1605
1275 1834
1923 1312
1206 1700
651 927
834 619
609 1046
1340 392
502 1092
304 480
1265 1886
262 1707
1487 393
212 1870
958 911
983 667
590 1855
781 1000
1700 1431
846 226
1449 1651
1192 1008
576 906
1599 1209
1643 166
1325 980
241 1458
1673 1166
1310 911
1925 1526
1292 568
1863 1045
44 97
1753 102
1631 1440
435 253
490 369
1130 135
73 867
1545 939
1780 933
1547 41
1129 1795
1843 584
1715 194
1834 829
831 799
1026 1576
1163 161
1644 408
363 1938
821 179
1501 244
945 1963
1388 1026
214 1063
1775 253
650 1092
1640 1735
1422 484
655 1359
518 1725
747 1933
1597 346
450 672
1832 460
1622 1961
1516 1651
1968 571
466 275
1046 1853
667 33
1425 562
1594 144
551 260
1235 116
874 1621
1236 541
33 635
1713 848
56 1523
448 1327
356 641
1621 619
748 1257
1534 517
1439 658
1133 1843
1488 483
1433 1145
1814 1393
1108 102
1988 795
1359 633
1672 1855
1272 642
429 911
1716 633
791 1494
759 389
975 1010
182 514
527 209
647 1044
805 239
1983 191
1474 1117
337 1391
34 853
1205 1872
654 1166
1658 1008
1224 1352
160 453
192 715
1084 1123
497 1963
1065 1016
6 1080
528 1658
1906 428
362 307
1093 1204
38 879
1432 1668
1854 967
1769 539
1204 1316
955 618
1632 1404
904 1924
1279 1917
287 1426
443 226
704 1924
929 1275
1762 786
753 1828
549 1521
1661 794
1341 541
637 1891
1684 964
1403 1030
934 683
148 1810
1162 1640
1808 494
90 786
678 1280
1457 307
17 509
820 1032
713 714
1827 1407
1523 1131
1000
1522 572
427 787
1504 304
480 1204
1106 611
1 1064
933 1575
998 831
687 218
325 1858
1858 793
760 877
1106 641
911 868
1855 1791
1696 853
902 821
1275 214
760 270
391 1209
633 641
1537 655
967 168
1516 300
1388 853
441 1858
123 1257
1106 316
142 1064
1431 1658
1939 1206
1398 1224
1335 1858
1335 1051
467 635
419 637
144 369
1406 161
370 1698
1280 1877
1325 853
1824 1209
137 161
161 1993
1890 1207
1858 536
360 1636
541 323
1814 728
1607 35
1742 144
1147 1426
1858 1115
1824 1172
1013 554
766 1456
1858 1661
789 1628
1106 1010
710 25
745 1253
1013 1942
1923 1312
1858 1855
1640 1162
34 1858
142 1516
617 1208
527 1064
1553 1620
609 1111
302 1391
1045 1136
1118 982
1596 1565
1223 745
1781 1398
1854 1959
1878 1858
610 666
545 813
1951 1858
1351 805
745 433
430 1858
1111 1751
144 1247
738 899
1858 305
1732 668
853 1668
853 584
1681 1604
1942 1106
1357 173
853 487
1821 597
195 1901
853 624
1858 663
1207 1823
506 1858
1130 1575
279 1478
853 1191
1858 2000
1028 1209
883 853
1064 1675
95 193
1209 1916
497 853
1942 853
279 1111
351 1706
518 1636
1301 636
1123 1858
1548 1886
577 144
1858 580
54 730
1716 571
601 1681
1488 1064
678 160
661 1166
831 1339
1858 958
501 449
853 1393
52 1901
1858 1550
326 22
1377 1538
122 1932
400 300
549 433
417 1408
1107 1228
1656 346
678 1862
1208 1207
638 1208
1932 325
1209 212
1064 1022
1600 1111
1889 642
1632 144
1858 1106
899 675
929 1064
400 1730
1617 449
161 277
606 635
161 528
225 1184
641 655
1093 1316
1858 299
814 1064
1414 351
580 629
580 1858
495 1858
786 1405
853 1426
1940 1064
1111 550
1932 122
584 636
1600 1111
161 1329
879 853
1665 400
571 294
831 1806
1698 924
853 380
298 133
1359 1335
1705 745
924 1653
1400 1143
1176 1924
1416 1014
297 1793
1108 392
1887 1357
1961 427
1328 951
982 1440
1730 283
1106 1813
1010 1123
1393 590
326 1107
473 1147
853 433
1499 505
1111 933
491 899
1335 1321
969 577
1837 738
469 911
191 1106
1180 1600
870 1923
745 845
1340 310
1317 927
25 723
1106 1533
1112 950
246 1391
97 449
761 387
1064 770
760 83
1208 1858
11 1923
1644 226
817 122
161 1984
1046 1549
1064 420
1249 191
1538 909
853 389
899 902
1675 1580
305 1590
1858 1163
218 1064
1852 1238
668 1339
525 1795
709 1162
791 853
853 1441
9 1858
144 476
1440 1917
1598 1678
1232 1533
1631 1010
194 1468
459 853
562 1958
1631 982
1106 853
1298 1901
1576 760
1028 161
1795 1858
287 144
161 991
19 853
853 1328
1456 1858
853 1046
1265 686
1249 1720
1963 497
95 69
1316 982
1858 580
1123 1168
449 1892
1648 1730
876 881
1080 1064
1064 1858
1145 1413
1539 239
1858 417
345 304
1405 509
1858 1419
420 874
1858 428
943 1730
102 969
1858 678
853 745
1310 911
1249 1858
1858 1382
1858 347
480 1090
1299 362
192 629
1194 17
430 1628
252 1858
1064 1563
1106 143
1064 1292
1479 1538
325 1299
1622 1961
760 1117
1673 921
1952 982
958 195
325 41
780 883
1310 1628
1106 194
1730 1123
1901 1658
1549 967
1111 690
853 870
853 1280
745 1257
191 1106
1419 1858
1735 122
1858 559
161 1289
1811 1858
1388 1359
853 38
1858 1084
879 1720
1000 1963
539 1432
1107 260
1858 924
156 1382
1858 56
411 974
429 1818
633 641
752 1901
1106 1070
669 667
150 1536
285 1776
1858 786
1598 1600
1453 865
1073 853
1866 1787
1901 1599
1858 1474
1064 20
888 217
636 1858
1776 799
161 1730
1565 1600
1272 396
1855 1497
1325 853
767 1639
850 1064
1644 1180
224 107
337 1157
1886 1064
886 1123
1807 1858
1064 742
1302 435
144 1245
853 166
1858 1176
715 322
174 144
1372 483
1206 1858
653 1863
1545 1064
853 1725
1870 1858
1247 1830
376 1539
122 119
1064 902
484 1537
1320 194
1406 1261
275 1858
1858 1254
888 449
1761 483
1600 271
1257 1858
1488 1064
982 387
1107 326
814 1312
195 1672
1901 116
161 1870
980 144
1621 547
294 539
1486 1871
1220 675
617 88
1858 641
331 724
458 144
1761 1862
1858 1064
161 704
1891 1521
1858 1063
1769 539
675 831
1580 1924
658 1407
527 1681
1074 1757
868 967
902 1664
1751 1906
360 931
1064 1906
709 1644
620 552
246 1681
501 853
25 1053
668 766
1563 1112
799 1157
1903 1858
629 1540
1958 1454
473 718
1573 1238
1529 482
766 1604
297 931
853 338
1400 1143
1220 1436
648 647
745 74
1858 362
1858 1853
480 304
207 347
398 1209
799 345
1444 1547
1398 982
1858 1732
745 476
1858 1608
1539 1064
41 1600
1478 144
104 398
1232 1924
1440 982
80 302
133 1858
1325 9
817 449
1111 667
1408 1298
1716 641
562 1064
1163 1064
766 1858
331 998
853 1777
337 1471
239 187
734 584
1858 691
161 1858
612 448
501 1228
1761 1118
205 186
1934 316
1890 519
486 853
899 1064
559 486
831 1301
1106 143
629 580
1766 283
1236 1335
724 1406
1400 853
116 1575
1872 1205
1491 1404
1421 640
879 1791
761 1111
1064 450
461 1600
1126 1616
1064 1003
1010 486
1858 1523
1064 1535
899 6
1130 1426
207 137
1644 853
853 683
486 1944
1349 1858
1115 1732
933 1780
1858 484
1106 184
1433 1858
562 1488
829 1209
539 933
1535 122
1721 1068
1649 1471
876 593
853 857
710 1858
142 1706
144 309
853 1460
853 909
513 853
581 1858
11 251
251 1858
1106 1730
799 899
1106 317
998 211
1499 1858
1064 172
1277 17
1872 580
142 1636
1834 1115
1349 1068
1106 380
902 1519
853 1983
73 867
445 1391
520 449
317 1335
1539 808
1916 1576
1369 1782
423 218
752 1539
1680 480
1111 1257
218 207
1065 1952
1858 375
330 1358
1858 1604
1106 57
1529 482
1431 1046
226 1633
116 1235
469 1175
1317 892
498 1051
1643 56
1175 245
1703 1106
760 866
1111 840
332 1357
1874 506
1858 1624
449 593
506 1123
1598 783
1758 1074
172 514
899 1142
945 507
1858 880
1901 161
995 1111
853 1626
1080 902
1009 1106
1440 1065
17 725
277 787
1634 1204
1448 1858
899 1573
1115 335
1858 1404
217 829
1228 77
1377 536
1858 906
1357 820
1769 116
1044 1651
1051 192
1943 890
1529 699
1631 298
885 1982
1600 19
1858 73
1600 1111
1858 853
1501 1064
527 1681
767 144
1858 539
1751 745
1889 1106
1493 1858
11 251
1700 509
1996 161
790 1064
1858 1804
1064 1340
1419 853
1430 1858
1209 752
1844 1776
195 1964
19 1133
1972 482
161 1235
745 865
1858 982
144 307
1858 752
527 3
351 1653
1031 1924
41 1554
406 487
224 772
1123 1070
853 1224
120 1901
760 381
226 1644
749 1327
144 718
1639 140
390 1536
694 1368
1098 1681
1404 1858
412 1404
38 924
1890 1194
325 1064
902 969
975 1043
1430 1781
1318 980
314 1680
1401 1064
1571 641
1431 509
569 881
638 902
1300 5
1550 172
1208 1548
448 1832
853 791
1064 423
1275 929
1874 1449
857 1129
1340 213
1924 1119
1751 1600
1592 107
173 355
853 123
1901 1876
1964 853
1346 1725
1858 1594
144 1705
1031 1758
156 562
899 1408
640 1111
1624 1734
1000 1099
1858 535
1858 17
748 1111
1064 1999
1858 427
1600 1605
161 1908
309 1477
1252 1563
547 1108
1600 1725
1746 242
1620 1600
684 745
1111 592
160 1746
1801 772
1094 122
1871 1133
1094 122
287 1422
1762 1320
699 635
1624 1938
368 1602
1858 1525
1494 1730
1858 955
1209 991
704 1106
1312 34
1430 709
1996 1858
1951 1787
392 1064
1179 585
1335 1852
1205 1858
1184 853
1600 934
275 1016
35 799
1257 305
1300 1346
1382 853
1675 1497
1787 904
1779 745
396 400
26 1133
1681 337
687 1021
906 1458
484 1046
943 1317
213 902
1578 1871
317 650
1165 396
571 853
314 1145
1328 1600
1852 120
690 853
213 1858
1642 1858
1858 1182
1858 1118
568 1858
593 1858
56 1391
133 1064
857 1858
1968 1746
1700 1431
453 160
772 1705
513 1858
1351 1289
853 33
783 1487
1292 482
1600 1742
1106 487
1858 552
1064 424
1008 1115
424 1068
1901 472
251 142
1215 853
270 1525
1106 584
348 1600
310 1052
931 133
494 983
924 1080
1858 1382
1080 1182
675 902
1858 1107
1621 1858
1547 1111
252 1858
853 1862
793 667
1563 1526
1886 1762
1858 186
1968 73
81 1289
460 1616
1681 1064
480 1204
213 1126
1247 1715
1277 887
633 1106
759 954
1393 774
1504 414
1092 747
1003 879
1923 1858
480 304
1431 1315
1325 1600
1416 687
1761 1316
1804 853
559 1052
73 964
1858 989
144 1958
699 1456
1064 621
886 1106
1000 1350
1238 1933
459 1431
943 1897
1858 1901
1064 1277
711 487
1779 867
1059 994
182 1708
698 161
331 713
1045 11
1721 1892
1634 1239
1835 1440
1649 1580
1257 745
1413 651
1799 300
1807 1064
398 1961
33 642
581 439
853 1168
1968 1369
1111 697
853 1416
218 1448
1064 1846
448 853
651 490
899 902
156 444
1858 63
300 1106
899 1602
924 1119
1011 1640
1460 1123
514 795
1939 1878
853 954
161 417
1357 650
161 850
647 1626
1115 1176
1369 22
541 1280
1908 1249
144 1746
1735 455
745 857
107 753
672 450
1924 444
57 1335
102 1208
745 640
1339 53
1852 1359
964 73
1858 911
1222 760
253 862
1022 770
1715 460
1357 635
1735 1932
853 28
715 390
17 1058
883 1122
704 541
1024 1064
1111 1152
1358 989
239 745
1858 1600
360 1064
929 829
1208 491
1175 469
1107 1795
619 330
1257 1725
161 15
1968 571
1272 1152
1111 3
1024 17
1031 576
1600 224
1600 1206
1892 853
1175 1698
808 1853
3 1858
483 1488
1458 1106
1806 799
1922 1972
1175 1063
1858 389
554 53
449 501
1681 710
1064 1706
322 1924
81 187
1316 1093
1357 1032
562 899
1608 207
1858 1892
1638 1115
1858 995
654 172
1890 1608
1959 821
1901 814
1521 1600
355 1147
760 766
190 1959
207 1608
1642 1624
1064 1501
1632 1118
1065 1126
779 31
1494 853
1233 161
167 1600
1889 899
534 1756
1834 1858
590 17
635 1858
982 1607
1821 374
902 1753
1964 1123
1205 338
1431 1542
120 1209
1106 1866
904 1858
1064 263
854 899
601 994
1858 934
1925 1689
1858 33
1346 1862
901 1858
562 1165
