2 300 1 2
1 2 8 67
1 2 68 15
2 1 89 4
1 2 24 64
1 2 44 73
1 2 60 77
1 2 30 6
2 1 88 71
1 2 86 66
2 1 11 36
2 1 84 40
1 2 69 60
2 1 46 73
1 2 34 63
1 2 42 60
2 1 33 76
2 1 41 74
2 1 4 87
1 2 33 88
1 2 71 58
2 1 31 46
2 1 48 68
2 1 42 75
1 2 84 40
2 1 78 57
1 2 91 76
1 2 36 92
2 1 28 7
1 2 41 39
2 1 79 81
1 2 41 80
1 2 73 83
1 2 21 84
2 1 87 95
1 2 2 52
2 1 94 7
1 2 43 23
2 1 58 10
2 1 71 87
2 1 46 46
2 1 28 74
1 2 24 69
2 1 14 55
1 2 85 23
2 1 68 92
1 2 44 71
1 2 75 9
1 2 7 16
2 1 71 100
1 2 99 39
1 2 12 61
1 2 93 58
2 1 56 34
1 2 57 58
1 2 57 90
1 2 29 99
2 1 90 22
2 1 89 12
2 1 93 16
1 2 24 42
2 1 10 90
2 1 65 21
2 1 37 66
2 1 68 41
1 2 43 3
1 2 59 5
2 1 80 79
2 1 5 44
2 1 50 97
2 1 39 37
2 1 38 42
1 2 33 53
1 2 79 53
2 1 14 24
1 2 4 46
2 1 39 31
1 2 45 27
1 2 79 59
2 1 38 45
2 1 59 81
1 2 84 79
2 1 63 80
1 2 28 1
1 2 32 76
2 1 12 62
1 2 52 3
2 1 28 87
2 1 80 57
1 2 13 97
2 1 65 1
2 1 52 14
2 1 68 18
1 2 82 47
2 1 77 57
1 2 20 96
1 2 87 67
2 1 97 92
2 1 30 85
2 1 24 4
2 1 70 87
1 2 21 9
1 2 59 32
1 2 19 75
1 2 98 48
1 2 60 65
1 2 31 81
1 2 72 89
1 2 40 75
2 1 76 30
1 2 71 47
2 1 25 9
2 1 54 23
2 1 17 40
1 2 3 33
2 1 2 46
2 1 80 93
2 1 54 8
2 1 21 48
2 1 77 70
2 1 65 85
1 2 37 83
1 2 30 32
2 1 24 33
2 1 81 8
2 1 16 73
2 1 91 100
1 2 66 85
1 2 92 11
2 1 4 31
1 2 72 74
1 2 83 90
2 1 83 51
2 1 79 16
1 2 56 10
2 1 18 88
2 1 75 46
1 2 8 96
1 2 43 86
1 2 68 21
2 1 99 52
2 1 50 33
2 1 57 13
1 2 13 95
2 1 42 97
1 2 12 73
1 2 62 45
1 2 5 66
1 2 79 54
1 2 74 21
1 2 54 66
1 2 3 70
2 1 17 68
1 2 90 68
2 1 2 87
1 2 62 71
2 1 56 38
1 2 5 99
1 2 78 71
1 2 58 50
2 1 94 58
2 1 8 28
1 2 8 85
1 2 9 84
2 1 84 26
1 2 44 42
1 2 54 36
1 2 1 65
1 2 72 59
2 1 38 20
1 2 74 90
2 1 91 85
1 2 43 42
2 1 11 72
2 1 61 69
1 2 23 15
1 2 35 58
2 1 62 58
2 1 56 46
2 1 88 70
2 1 90 22
2 1 43 16
2 1 24 44
2 1 87 19
2 1 49 96
1 2 34 9
2 1 88 48
2 1 19 42
2 1 74 89
1 2 68 53
1 2 78 24
2 1 48 7
1 2 48 55
1 2 14 76
2 1 92 67
2 1 48 77
1 2 33 66
1 2 58 7
2 1 9 34
2 1 26 85
2 1 31 62
2 1 75 37
1 2 57 20
2 1 76 94
1 2 77 62
2 1 25 82
2 1 49 35
2 1 33 74
1 2 82 74
1 2 75 21
1 2 83 64
1 2 22 4
2 1 73 92
1 2 51 33
1 2 78 86
2 1 35 97
1 2 85 85
1 2 60 57
1 2 72 82
1 2 50 88
2 1 32 66
2 1 99 31
1 2 39 88
1 2 78 69
1 2 13 40
1 2 58 75
1 2 97 59
2 1 98 6
1 2 18 56
2 1 32 24
1 2 90 21
2 1 18 78
1 2 42 11
2 1 20 45
2 1 43 29
2 1 88 8
2 1 81 14
1 2 46 12
2 1 29 52
1 2 36 44
2 1 53 26
2 1 84 91
1 2 92 74
2 1 58 14
1 2 49 78
1 2 46 73
1 2 70 57
2 1 68 65
2 1 60 45
1 2 87 73
1 2 94 37
1 2 93 38
1 2 95 22
1 2 95 45
1 2 45 57
2 1 24 16
1 2 79 54
2 1 67 69
2 1 60 62
1 2 24 39
2 1 38 46
1 2 28 51
1 2 14 72
1 2 36 71
1 2 97 67
2 1 49 64
2 1 14 23
1 2 26 100
2 1 7 28
1 2 63 3
1 2 75 29
2 1 19 44
1 2 99 94
2 1 40 87
2 1 79 56
2 1 97 96
1 2 62 78
2 1 77 61
2 1 12 98
2 1 12 91
1 2 44 11
2 1 16 12
1 2 59 66
1 2 87 22
1 2 47 1
1 2 99 33
2 1 39 7
1 2 40 19
1 2 21 68
2 1 26 53
1 2 99 1
1 2 24 18
2 1 61 61
2 1 73 10
2 1 42 33
2 1 96 77
1 2 51 77
2 1 18 27
1 2 8 33
2 1 77 59
2 1 100 27
