10 180 2 7
5 8 65 35
1 4 60 40
6 9 40 60
3 5 0 100
7 6 25 75
3 2 95 5
1 4 65 35
5 3 75 25
8 10 45 55
1 4 55 45
1 10 10 90
8 5 45 55
10 1 55 45
5 3 55 45
10 8 95 5
6 7 35 65
6 7 70 30
2 3 80 20
2 3 45 55
9 6 65 35
10 8 60 40
9 6 0 100
8 5 15 85
5 8 75 25
4 1 20 80
8 5 25 75
4 9 70 30
9 6 45 55
6 7 85 15
5 8 95 5
10 1 0 100
8 10 70 30
10 8 90 10
4 9 20 80
9 4 30 70
8 5 55 45
3 2 90 10
2 3 35 65
3 5 90 10
4 9 75 25
9 6 25 75
8 10 5 95
8 10 0 100
10 8 15 85
8 10 85 15
4 1 25 75
6 9 60 40
5 8 20 80
2 3 85 15
3 5 45 55
9 4 0 100
2 3 55 45
3 5 10 90
8 10 55 45
3 2 40 60
6 7 5 95
6 7 30 70
2 3 60 40
5 3 30 70
1 10 95 5
9 4 60 40
10 8 50 50
4 9 10 90
8 5 40 60
10 1 65 35
5 8 60 40
9 6 10 90
6 7 80 20
9 6 85 15
4 1 80 20
4 9 35 65
3 2 65 35
8 10 75 25
1 10 85 15
7 6 55 45
7 6 20 80
1 10 30 70
4 1 85 15
2 3 75 25
10 1 15 85
5 3 80 20
3 2 10 90
7 6 40 60
1 4 35 65
4 9 15 85
2 3 20 80
6 9 35 65
10 8 65 35
4 1 30 70
2 3 50 50
4 1 45 55
10 1 45 55
3 5 40 60
7 6 0 100
5 8 0 100
7 6 60 40
5 8 80 20
8 5 35 65
8 5 10 90
4 1 40 60
10 8 40 60
1 4 95 5
1 10 40 60
3 5 50 50
4 9 55 45
1 4 70 30
9 4 95 5
3 2 25 75
2 3 70 30
4 9 25 75
4 9 40 60
4 9 90 10
2 3 5 95
1 10 35 65
6 9 20 80
4 1 5 95
2 3 30 70
2 3 0 100
8 5 50 50
9 6 55 45
8 5 5 95
10 1 50 50
7 6 50 50
8 10 80 20
9 6 80 20
1 10 60 40
10 1 75 25
1 10 80 20
6 9 50 50
6 7 10 90
2 3 15 85
1 4 75 25
7 6 65 35
5 8 70 30
5 3 25 75
9 4 45 55
7 6 75 25
5 3 65 35
6 9 5 95
6 9 95 5
9 4 80 20
6 7 90 10
3 5 60 40
3 5 15 85
6 7 45 55
1 10 5 95
1 10 70 30
5 3 35 65
4 9 85 15
6 9 70 30
10 8 10 90
8 10 30 70
8 10 25 75
1 10 25 75
7 6 95 5
6 9 30 70
1 10 20 80
6 7 15 85
5 8 85 15
4 9 50 50
1 4 15 85
4 1 10 90
6 9 90 10
5 8 30 70
9 6 15 85
9 4 65 35
8 10 20 80
6 9 75 25
10 1 90 10
1 4 50 50
8 5 90 10
3 5 70 30
1 4 0 100
3 5 95 5
5 3 20 80
4 1 90 10
3 5 85 15
5 3 5 95
8 10 35 65
9 4 5 95
