10 18
2 2
12 4
8 4
3 2
1 2
0 1
6 4
2 4
13 4
4 4
8 2
5 4
13 3
13 2
7 4
13 1
1 1
9 3
8 1
13 4
3 1
2 3
5 1
5 3
10 1
10 2
11 4
0 1
2 4
8 4
3 3
8 3
3 2
1 4
4 3
6 2
9 4
8 4
7 2
10 3
1 2
8 3
11 1
1 4
3 2
2 4
4 1
0 2
7 3
1 3
11 4
9 2
7 4
0 1
5 3
2 1
6 3
13 2
7 2
10 2
9 1
1 3
4 4
2 2
6 4
13 3
12 1
4 2
5 1
13 1
9 2
11 4
4 1
13 4
4 3
2 3
0 1
8 4
4 4
6 3
5 3
13 3
1 1
0 2
3 4
3 3
8 1
5 4
5 1
3 1
11 3
3 1
3 4
4 2
4 1
9 1
7 1
11 2
12 2
6 2
8 4
7 2
8 1
5 4
5 3
5 1
2 2
13 3
12 2
3 1
7 2
13 3
7 4
3 3
3 2
10 2
1 1
8 2
5 2
2 2
9 2
2 3
0 1
10 3
8 3
7 3
2 3
7 3
9 3
3 1
8 4
10 4
7 1
3 3
12 4
11 3
5 3
12 1
5 1
1 2
13 4
11 2
10 1
5 2
13 1
11 4
6 1
0 1
4 1
6 4
12 2
1 1
9 4
4 2
2 2
2 1
5 1
8 4
3 1
13 2
5 4
9 3
11 3
13 1
10 1
0 1
12 4
8 1
4 2
8 2
4 1
6 4
6 1
1 1
3 3
8 3
2 2
5 1
11 4
12 3
