10 22
4 3
7 1
10 2
2 1
13 1
6 1
5 3
10 3
12 3
4 4
1 4
7 4
3 3
0 1
1 3
3 4
9 3
7 2
7 3
8 4
1 1
9 2
0 2
8 4
6 4
2 2
12 3
2 1
7 3
8 2
12 2
3 3
11 2
5 1
4 3
6 3
13 4
1 1
13 1
7 1
1 3
5 3
13 2
6 2
9 4
0 1
7 2
10 2
13 4
11 3
6 3
3 2
4 4
4 3
6 4
3 4
8 4
12 2
7 4
1 2
1 1
2 1
6 1
13 1
1 4
8 1
13 3
13 4
13 1
4 3
8 1
12 2
5 2
7 2
3 3
10 3
4 2
10 2
6 3
1 4
0 2
9 3
9 4
10 4
8 3
1 2
2 3
6 2
9 2
7 3
8 1
6 4
3 4
6 1
4 1
2 2
6 2
7 4
2 3
11 4
4 2
0 1
5 3
13 4
6 3
7 1
13 3
8 4
0 2
1 3
12 1
8 3
4 3
0 2
10 3
8 2
5 4
6 4
13 1
5 1
2 1
6 2
1 3
4 2
3 1
0 1
1 2
13 4
10 2
11 3
8 4
2 3
9 4
1 4
2 2
11 1
0 1
12 3
12 4
0 2
4 4
13 3
13 2
6 4
2 1
9 3
7 3
4 1
11 2
10 3
11 4
10 2
7 2
4 3
11 3
8 3
10 1
12 1
5 2
9 2
5 1
2 3
8 1
10 2
6 3
9 1
13 1
1 2
2 2
3 3
6 1
7 2
11 4
13 4
9 3
7 1
3 3
11 1
10 1
10 4
2 2
4 3
5 2
4 4
6 2
13 2
10 3
5 3
0 2
7 4
5 1
3 4
9 3
10 2
11 2
3 1
13 4
4 1
3 2
6 4
9 4
12 2
10 1
1 2
2 2
10 4
0 2
1 3
4 1
8 1
13 2
3 1
9 3
5 3
12 4
9 2
8 2
11 3
10 2
13 1
