10 16
1 4
12 2
10 2
2 2
4 3
8 2
3 4
0 2
10 1
8 1
13 1
12 4
8 3
10 3
7 2
3 2
1 2
5 4
4 2
1 3
2 1
6 1
2 3
12 4
3 3
4 4
10 1
3 1
13 1
6 3
7 3
2 4
8 3
11 3
6 2
2 1
4 1
11 4
13 1
3 2
12 3
4 4
7 1
8 2
2 2
7 2
7 4
3 4
4 3
13 1
10 1
5 2
8 1
8 4
11 1
11 2
2 3
8 3
11 4
2 1
0 2
3 2
6 1
5 1
6 1
5 4
7 4
9 3
11 2
9 4
6 2
8 1
1 1
11 3
3 4
5 2
11 1
1 4
7 1
2 2
2 3
10 3
9 1
3 4
2 2
0 2
6 4
13 1
9 2
11 3
11 2
5 1
13 4
0 1
6 3
4 4
9 2
11 2
13 3
2 3
9 3
7 3
11 3
3 1
6 2
9 4
8 2
0 1
10 4
2 4
11 1
10 1
5 2
7 2
2 3
5 3
9 2
5 1
7 1
13 2
8 2
12 4
4 3
6 3
1 4
10 3
11 2
4 2
10 3
1 3
1 1
8 1
7 4
4 4
1 4
11 4
9 2
6 3
13 2
6 1
8 3
9 1
12 1
4 1
13 2
12 2
7 4
4 3
4 1
5 2
8 3
11 4
6 3
0 1
11 3
8 2
9 2
1 1
4 2
2 2
