52 267 284 229
75 149 187 186
361 90 334 43
285 140 193 146
115 4 164 145
38 190 325 149
21 185 206 218
315 288 73 254
218 269 133 103
286 178 28 286
208 284 25 250
188 117 327 111
331 91 240 57
256 73 76 82
261 179 353 202
299 111 282 359
346 15 243 347
14 55 208 239
179 206 115 23
214 51 362 227
119 328 204 40
267 91 130 234
301 208 291 111
153 164 105 322
214 242 315 320
234 59 193 79
67 85 231 90
121 200 222 363
287 292 200 29
324 19 18 277
189 200 324 216
75 262 29 82
24 140 10 142
67 169 141 259
302 83 283 241
349 349 222 33
237 52 289 269
240 211 203 172
332 165 160 215
210 307 350 255
14 100 158 52
214 16 257 227
256 272 120 254
41 107 102 352
334 1 259 302
339 114 52 129
333 90 309 309
310 178 270 23
115 105 39 298
277 157 364 240
66 341 6 67
95 31 183 247
72 76 155 177
185 316 231 62
176 241 119 174
77 183 308 128
142 71 317 18
320 285 309 46
122 251 356 338
137 330 236 252
105 344 356 102
24 328 114 351
97 281 300 181
111 283 213 288
119 212 112 146
39 286 290 71
312 268 1 77
62 330 31 1
44 72 184 295
247 67 7 304
174 172 190 324
37 72 318 101
322 142 94 334
175 283 333 39
45 52 75 67
320 326 249 347
75 314 2 186
310 10 27 83
28 196 333 218
353 135 230 359
159 311 316 200
323 30 298 113
11 122 341 6
19 50 154 171
293 185 90 140
333 136 123 70
218 358 268 157
241 149 97 76
1 26 165 82
47 247 223 211
102 178 135 114
242 29 239 83
266 262 257 125
39 79 244 208
69 75 204 291
316 179 265 363
81 166 68 134
329 215 340 278
27 71 130 237
18 251 143 60
162 282 60 72
29 204 349 297
88 167 32 180
219 136 351 18
346 249 175 109
118 327 156 355
308 294 15 205
179 15 24 108
32 302 243 311
141 35 52 233
252 266 336 250
120 340 150 299
200 142 360 289
294 119 84 0
212 28 150 356
21 102 237 179
158 142 3 361
145 18 27 158
62 153 304 230
143 34 214 174
245 351 242 36
95 221 5 305
9 172 230 108
126 217 45 61
127 73 287 314
-1 -1 -1 -1
