214 66 181 107
182 36 49 85
122 260 182 11
12 111 57 41
149 205 184 120
353 56 288 253
167 79 301 215
96 160 189 291
340 261 298 244
143 281 352 96
17 86 186 302
222 111 88 322
292 80 288 48
312 240 82 272
38 218 41 12
331 178 184 199
141 33 285 182
275 354 80 359
319 347 93 220
113 147 261 31
93 150 262 66
48 346 6 166
27 248 321 123
204 293 345 15
262 138 52 211
205 176 335 347
258 71 65 107
66 104 220 41
132 323 354 276
318 40 286 180
139 71 282 229
361 174 282 137
120 177 251 183
354 59 119 342
51 29 55 83
287 213 224 123
20 39 283 152
261 86 142 35
289 234 326 134
224 100 20 140
228 11 13 139
239 124 316 106
238 356 26 47
269 174 262 150
204 144 297 257
329 350 141 284
350 110 324 196
309 114 25 148
258 131 312 45
149 348 75 360
24 24 82 39
302 75 178 7
357 256 241 180
285 144 363 203
127 61 91 335
75 310 298 197
227 63 83 37
29 323 64 270
354 272 139 53
309 332 109 198
62 301 337 17
255 266 252 52
92 198 358 250
295 200 163 162
234 327 79 4
230 183 117 287
323 254 276 224
59 141 71 15
324 319 212 12
62 35 208 172
114 182 14 147
123 56 134 0
142 68 290 346
5 281 340 207
12 311 22 295
291 118 154 34
56 48 238 11
88 258 211 356
166 305 107 208
8 350 71 45
328 9 324 360
133 49 155 60
214 145 311 150
276 3 328 8
152 72 361 181
4 90 77 111
179 256 234 24
264 68 76 349
157 229 341 344
122 1 354 103
168 125 88 337
60 252 99 111
299 335 196 95
81 153 84 276
360 142 301 213
129 227 328 93
218 168 291 56
61 135 163 286
340 328 287 125
76 245 338 341
354 329 34 206
223 362 240 278
142 199 52 118
154 210 176 153
132 106 265 277
79 90 155 229
33 34 150 176
88 273 141 257
66 27 173 185
33 57 216 316
182 24 101 105
348 310 138 343
12 49 192 319
305 45 50 365
312 80 27 220
200 91 161 338
64 6 320 38
37 258 342 281
125 35 340 322
225 285 249 19
78 289 330 349
198 186 224 41
4 271 256 281
219 192 5 214
353 75 363 113
-1 -1 -1 -1
