0 90 0 0
0 90 0 15
0 90 0 30
0 90 0 45
0 90 0 60
0 90 0 75
0 90 0 90
0 90 0 105
0 90 0 120
0 90 0 135
0 90 0 150
0 90 0 165
0 90 0 180
0 90 0 195
0 90 0 210
0 90 0 225
0 90 0 240
0 90 0 255
0 90 0 270
0 90 0 285
0 90 0 300
0 90 0 315
0 90 0 330
0 90 0 345
0 90 0 360
0 105 0 0
0 105 0 15
0 105 0 30
0 105 0 45
0 105 0 60
0 105 0 75
0 105 0 90
0 105 0 105
0 105 0 120
0 105 0 135
0 105 0 150
0 105 0 165
0 105 0 180
0 105 0 195
0 105 0 210
0 105 0 225
0 105 0 240
0 105 0 255
0 105 0 270
0 105 0 285
0 105 0 300
0 105 0 315
0 105 0 330
0 105 0 345
0 105 0 360
0 120 0 0
0 120 0 15
0 120 0 30
0 120 0 45
0 120 0 60
0 120 0 75
0 120 0 90
0 120 0 105
0 120 0 120
0 120 0 135
0 120 0 150
0 120 0 165
0 120 0 180
0 120 0 195
0 120 0 210
0 120 0 225
0 120 0 240
0 120 0 255
0 120 0 270
0 120 0 285
0 120 0 300
0 120 0 315
0 120 0 330
0 120 0 345
0 120 0 360
0 135 0 0
0 135 0 15
0 135 0 30
0 135 0 45
0 135 0 60
0 135 0 75
0 135 0 90
0 135 0 105
0 135 0 120
0 135 0 135
0 135 0 150
0 135 0 165
0 135 0 180
0 135 0 195
0 135 0 210
0 135 0 225
0 135 0 240
0 135 0 255
0 135 0 270
0 135 0 285
0 135 0 300
0 135 0 315
0 135 0 330
0 135 0 345
0 135 0 360
0 150 0 0
0 150 0 15
0 150 0 30
0 150 0 45
0 150 0 60
0 150 0 75
0 150 0 90
0 150 0 105
0 150 0 120
0 150 0 135
0 150 0 150
0 150 0 165
0 150 0 180
0 150 0 195
0 150 0 210
0 150 0 225
0 150 0 240
0 150 0 255
0 150 0 270
0 150 0 285
0 150 0 300
0 150 0 315
0 150 0 330
0 150 0 345
0 150 0 360
-1 -1 -1 -1
