0 165 0 0
0 165 0 15
0 165 0 30
0 165 0 45
0 165 0 60
0 165 0 75
0 165 0 90
0 165 0 105
0 165 0 120
0 165 0 135
0 165 0 150
0 165 0 165
0 165 0 180
0 165 0 195
0 165 0 210
0 165 0 225
0 165 0 240
0 165 0 255
0 165 0 270
0 165 0 285
0 165 0 300
0 165 0 315
0 165 0 330
0 165 0 345
0 165 0 360
0 180 0 0
0 180 0 15
0 180 0 30
0 180 0 45
0 180 0 60
0 180 0 75
0 180 0 90
0 180 0 105
0 180 0 120
0 180 0 135
0 180 0 150
0 180 0 165
0 180 0 180
0 180 0 195
0 180 0 210
0 180 0 225
0 180 0 240
0 180 0 255
0 180 0 270
0 180 0 285
0 180 0 300
0 180 0 315
0 180 0 330
0 180 0 345
0 180 0 360
0 195 0 0
0 195 0 15
0 195 0 30
0 195 0 45
0 195 0 60
0 195 0 75
0 195 0 90
0 195 0 105
0 195 0 120
0 195 0 135
0 195 0 150
0 195 0 165
0 195 0 180
0 195 0 195
0 195 0 210
0 195 0 225
0 195 0 240
0 195 0 255
0 195 0 270
0 195 0 285
0 195 0 300
0 195 0 315
0 195 0 330
0 195 0 345
0 195 0 360
0 210 0 0
0 210 0 15
0 210 0 30
0 210 0 45
0 210 0 60
0 210 0 75
0 210 0 90
0 210 0 105
0 210 0 120
0 210 0 135
0 210 0 150
0 210 0 165
0 210 0 180
0 210 0 195
0 210 0 210
0 210 0 225
0 210 0 240
0 210 0 255
0 210 0 270
0 210 0 285
0 210 0 300
0 210 0 315
0 210 0 330
0 210 0 345
0 210 0 360
0 225 0 0
0 225 0 15
0 225 0 30
0 225 0 45
0 225 0 60
0 225 0 75
0 225 0 90
0 225 0 105
0 225 0 120
0 225 0 135
0 225 0 150
0 225 0 165
0 225 0 180
0 225 0 195
0 225 0 210
0 225 0 225
0 225 0 240
0 225 0 255
0 225 0 270
0 225 0 285
0 225 0 300
0 225 0 315
0 225 0 330
0 225 0 345
0 225 0 360
0 240 0 0
0 240 0 15
0 240 0 30
0 240 0 45
0 240 0 60
0 240 0 75
0 240 0 90
0 240 0 105
0 240 0 120
0 240 0 135
0 240 0 150
0 240 0 165
0 240 0 180
0 240 0 195
0 240 0 210
0 240 0 225
0 240 0 240
0 240 0 255
0 240 0 270
0 240 0 285
0 240 0 300
0 240 0 315
0 240 0 330
0 240 0 345
0 240 0 360
0 255 0 0
0 255 0 15
0 255 0 30
0 255 0 45
0 255 0 60
0 255 0 75
0 255 0 90
0 255 0 105
0 255 0 120
0 255 0 135
0 255 0 150
0 255 0 165
0 255 0 180
0 255 0 195
0 255 0 210
0 255 0 225
0 255 0 240
0 255 0 255
0 255 0 270
0 255 0 285
0 255 0 300
0 255 0 315
0 255 0 330
0 255 0 345
0 255 0 360
-1 -1 -1 -1
