0 270 0 0
0 270 0 15
0 270 0 30
0 270 0 45
0 270 0 60
0 270 0 75
0 270 0 90
0 270 0 105
0 270 0 120
0 270 0 135
0 270 0 150
0 270 0 165
0 270 0 180
0 270 0 195
0 270 0 210
0 270 0 225
0 270 0 240
0 270 0 255
0 270 0 270
0 270 0 285
0 270 0 300
0 270 0 315
0 270 0 330
0 270 0 345
0 270 0 360
0 285 0 0
0 285 0 15
0 285 0 30
0 285 0 45
0 285 0 60
0 285 0 75
0 285 0 90
0 285 0 105
0 285 0 120
0 285 0 135
0 285 0 150
0 285 0 165
0 285 0 180
0 285 0 195
0 285 0 210
0 285 0 225
0 285 0 240
0 285 0 255
0 285 0 270
0 285 0 285
0 285 0 300
0 285 0 315
0 285 0 330
0 285 0 345
0 285 0 360
0 300 0 0
0 300 0 15
0 300 0 30
0 300 0 45
0 300 0 60
0 300 0 75
0 300 0 90
0 300 0 105
0 300 0 120
0 300 0 135
0 300 0 150
0 300 0 165
0 300 0 180
0 300 0 195
0 300 0 210
0 300 0 225
0 300 0 240
0 300 0 255
0 300 0 270
0 300 0 285
0 300 0 300
0 300 0 315
0 300 0 330
0 300 0 345
0 300 0 360
0 315 0 0
0 315 0 15
0 315 0 30
0 315 0 45
0 315 0 60
0 315 0 75
0 315 0 90
0 315 0 105
0 315 0 120
0 315 0 135
0 315 0 150
0 315 0 165
0 315 0 180
0 315 0 195
0 315 0 210
0 315 0 225
0 315 0 240
0 315 0 255
0 315 0 270
0 315 0 285
0 315 0 300
0 315 0 315
0 315 0 330
0 315 0 345
0 315 0 360
0 330 0 0
0 330 0 15
0 330 0 30
0 330 0 45
0 330 0 60
0 330 0 75
0 330 0 90
0 330 0 105
0 330 0 120
0 330 0 135
0 330 0 150
0 330 0 165
0 330 0 180
0 330 0 195
0 330 0 210
0 330 0 225
0 330 0 240
0 330 0 255
0 330 0 270
0 330 0 285
0 330 0 300
0 330 0 315
0 330 0 330
0 330 0 345
0 330 0 360
0 345 0 0
0 345 0 15
0 345 0 30
0 345 0 45
0 345 0 60
0 345 0 75
0 345 0 90
0 345 0 105
0 345 0 120
0 345 0 135
0 345 0 150
0 345 0 165
0 345 0 180
0 345 0 195
0 345 0 210
0 345 0 225
0 345 0 240
0 345 0 255
0 345 0 270
0 345 0 285
0 345 0 300
0 345 0 315
0 345 0 330
0 345 0 345
0 345 0 360
0 360 0 0
0 360 0 15
0 360 0 30
0 360 0 45
0 360 0 60
0 360 0 75
0 360 0 90
0 360 0 105
0 360 0 120
0 360 0 135
0 360 0 150
0 360 0 165
0 360 0 180
0 360 0 195
0 360 0 210
0 360 0 225
0 360 0 240
0 360 0 255
0 360 0 270
0 360 0 285
0 360 0 300
0 360 0 315
0 360 0 330
0 360 0 345
0 360 0 360
-1 -1 -1 -1
