658
38
63
80
162
197
102
53
121
170
44
56
33
142
67
130
38
190
142
49
74
35
97
183
92
92
112
193
113
75
147
141
60
82
96
82
58
67
81
173
61
165
143
49
196
71
195
184
136
66
153
25
81
183
21
88
148
164
186
146
120
26
44
181
120
106
130
88
66
191
181
72
106
78
75
198
99
106
23
190
156
32
59
140
157
135
174
47
161
108
95
107
159
72
169
158
171
57
127
63
43
73
188
140
84
139
38
97
100
97
150
93
100
24
44
48
51
46
86
173
90
132
124
113
48
23
197
30
63
115
124
143
60
91
45
74
149
82
94
125
145
149
46
164
69
186
149
72
47
118
136
136
186
185
105
52
106
157
31
85
186
128
139
195
110
128
50
31
87
25
165
166
103
71
77
173
38
51
56
146
72
47
134
139
114
143
78
184
172
52
167
127
116
62
170
21
85
120
184
80
79
125
176
194
23
108
72
121
60
59
106
152
195
71
128
49
51
95
171
152
162
130
158
146
147
92
31
104
112
87
62
177
142
106
149
22
112
181
165
129
178
159
134
104
115
152
85
185
197
83
130
50
176
35
39
108
199
100
35
160
164
26
108
166
52
174
181
57
93
100
45
51
115
177
87
194
196
31
62
149
176
95
73
65
183
105
157
173
153
158
158
101
119
155
89
170
143
159
25
119
31
155
133
41
90
199
192
125
184
168
64
39
27
63
156
35
148
97
92
84
59
84
73
28
29
165
155
108
78
118
150
88
46
37
164
89
89
92
194
59
125
113
168
147
168
110
168
190
139
129
60
58
81
31
106
67
76
170
179
170
39
108
181
69
125
106
33
33
152
91
45
172
193
128
196
71
58
152
199
168
77
192
69
103
192
194
70
140
100
129
113
164
23
104
29
72
185
118
68
31
26
85
79
119
169
111
162
23
166
52
25
126
185
126
198
158
46
21
49
44
172
79
106
134
113
182
51
192
103
57
144
176
89
170
71
91
162
91
179
197
26
36
90
174
72
125
164
138
159
114
137
179
127
96
143
36
159
72
154
122
47
50
198
142
20
191
66
117
102
53
123
105
27
118
60
83
120
35
144
68
65
162
23
150
49
116
49
110
94
185
108
180
123
130
97
107
123
189
191
63
35
93
49
99
170
60
180
193
167
136
110
151
148
51
176
71
104
38
82
141
178
93
41
168
191
126
84
40
170
134
73
154
142
98
138
52
181
79
24
176
113
198
123
61
198
131
189
50
102
59
42
155
125
84
87
181
168
154
133
24
157
43
80
50
180
183
34
74
101
190
191
34
77
159
66
184
122
31
133
110
88
143
96
36
167
23
143
189
126
66
54
114
33
147
122
104
200
107
130
106
154
95
44
178
168
144
176
185
102
44
100
64
105
153
173
56
57
100
40
38
101
161
76
55
156
178
53
46
115
30
172
199
71
34
163
56
125
139
193
92
199
77
39
121
47
114
27
104
179
134
29
107
178
154
163
88
50
133
43
