400
146
40
164
117
138
52
200
125
140
98
97
98
187
49
58
90
104
157
26
91
177
47
123
102
132
184
33
90
148
136
137
38
124
127
197
87
125
156
170
49
196
167
111
155
81
74
178
190
195
106
142
95
98
56
145
123
200
93
161
181
105
108
26
44
60
144
109
79
154
75
148
70
176
49
175
138
171
164
185
174
163
143
61
106
124
37
190
120
82
156
183
84
118
160
143
79
187
133
189
145
54
81
184
179
57
41
92
181
172
38
65
166
88
79
200
33
123
110
194
139
51
114
199
158
123
114
112
47
162
102
135
47
64
65
69
20
158
47
113
151
87
168
30
121
32
54
71
158
68
47
116
67
180
139
80
106
63
102
106
135
184
162
27
52
84
155
83
180
77
61
54
194
43
198
87
106
196
174
89
33
56
111
26
46
165
77
26
195
153
32
99
113
107
177
52
66
182
94
188
56
165
32
67
25
88
116
152
67
72
188
41
105
107
131
169
63
111
67
34
34
47
187
110
135
52
92
119
63
48
113
134
83
50
160
189
116
152
155
69
145
52
100
87
177
192
177
27
80
88
132
167
168
169
135
69
27
25
197
189
33
34
166
140
70
114
136
187
119
197
103
34
180
36
137
59
67
197
85
143
115
144
86
100
75
179
144
178
28
43
35
140
143
109
94
80
199
111
110
97
33
107
113
100
63
67
97
79
76
112
110
119
49
84
193
102
54
168
188
199
200
57
81
88
191
168
68
192
167
150
44
150
81
99
109
138
178
70
55
107
71
195
153
118
116
60
131
87
56
119
64
85
96
37
183
126
103
139
114
197
60
150
134
126
154
171
37
64
175
35
42
161
106
58
169
73
159
32
49
153
165
83
161
86
156
111
38
110
194
31
151
180
29
199
43
141
175
27
136
100
93
