939
168
112
167
41
54
169
112
112
57
111
181
21
59
173
59
115
134
45
82
172
26
23
161
111
162
67
45
174
192
192
22
130
89
91
54
169
159
141
173
85
152
180
190
144
101
192
32
124
66
100
91
58
143
177
197
150
197
83
148
34
166
95
50
189
199
170
127
156
167
118
156
86
200
148
176
51
107
23
155
153
185
64
155
123
172
187
121
21
161
191
88
27
104
126
89
49
131
45
139
35
50
49
24
166
128
70
41
95
94
87
161
106
95
173
157
31
22
43
147
174
152
176
85
36
153
182
188
145
125
131
89
157
47
90
148
52
149
141
78
88
76
79
66
98
125
155
59
130
136
25
161
22
22
168
36
24
153
142
130
79
130
130
132
199
163
182
185
141
163
99
103
70
39
72
23
121
134
155
191
108
181
42
48
91
103
45
22
199
85
182
31
175
20
70
172
197
50
45
173
94
132
149
199
186
64
181
157
105
121
46
93
115
171
31
75
149
140
169
134
34
114
193
48
26
39
105
42
153
61
64
155
132
152
124
183
200
154
34
23
47
48
47
29
191
46
108
49
102
78
195
81
154
27
36
102
189
31
37
166
51
47
67
196
179
154
73
61
118
130
78
47
108
133
143
72
68
191
148
154
120
71
117
42
161
83
142
62
87
61
95
67
38
170
101
172
138
93
188
104
197
66
177
88
189
111
86
49
29
114
177
76
63
183
98
150
141
79
73
101
180
105
179
52
92
47
93
144
92
93
141
99
26
180
185
122
25
113
45
149
146
71
124
136
181
74
57
52
171
53
175
120
171
153
135
128
59
86
115
191
58
129
172
33
99
163
140
177
82
189
181
35
198
120
35
186
144
43
22
152
48
151
86
116
86
97
174
127
198
129
162
27
38
102
33
130
57
80
142
90
166
76
129
42
112
180
86
123
67
178
83
43
194
63
23
98
180
106
92
95
49
34
106
85
77
136
172
73
196
173
37
154
190
89
50
136
194
33
129
67
27
85
41
163
149
199
87
97
105
36
110
158
77
76
70
142
83
190
149
108
117
97
108
133
27
22
163
34
56
40
146
191
166
39
132
151
84
80
159
145
73
26
78
145
190
159
99
136
140
170
164
166
181
45
21
109
123
104
167
131
59
72
103
180
150
57
43
81
30
187
182
120
196
42
160
106
101
160
80
158
154
122
91
83
163
38
145
42
124
75
195
159
141
59
172
41
111
184
76
72
149
167
108
160
190
147
83
114
100
51
172
169
137
33
90
35
102
197
63
21
165
119
107
114
86
189
111
20
185
39
89
164
114
93
121
93
77
160
121
81
131
97
66
195
71
164
97
108
40
78
149
43
150
136
77
156
173
154
115
86
140
67
29
37
185
84
88
126
40
45
61
146
46
138
21
184
20
44
24
81
45
85
29
57
120
189
156
105
163
119
94
173
40
138
57
181
82
96
70
22
86
162
20
116
72
165
184
140
46
64
74
96
150
128
97
178
85
37
87
89
178
183
73
55
57
193
58
120
50
138
146
25
100
105
66
29
113
99
131
43
68
192
167
62
50
46
131
140
75
140
45
174
169
138
102
181
20
106
98
24
52
56
32
152
81
199
133
170
153
82
136
34
50
111
141
136
195
122
102
199
119
136
39
116
35
75
86
72
95
150
75
185
200
64
173
115
21
171
124
146
143
104
43
139
27
29
36
133
43
156
97
110
65
20
134
191
122
120
173
118
179
140
34
23
55
146
172
37
38
114
154
43
121
151
135
62
146
33
74
50
51
130
43
151
132
92
199
105
23
194
44
26
76
39
46
134
93
176
158
168
23
153
194
22
109
188
98
38
139
164
52
132
45
70
140
134
92
167
160
52
37
152
30
131
58
97
150
77
53
33
53
136
109
54
98
104
98
48
78
29
23
112
188
173
113
200
79
61
124
44
117
153
118
54
153
173
34
30
101
117
94
21
72
43
143
75
55
122
61
162
72
185
82
45
167
137
25
101
28
42
192
36
171
65
191
39
183
52
197
167
122
114
25
73
131
140
24
33
70
183
147
150
77
55
72
156
190
186
111
81
195
67
125
123
52
71
186
42
167
120
163
179
72
101
130
48
33
132
76
143
127
50
198
144
141
85
144
165
119
35
