353
74
108
121
49
44
80
65
165
31
60
176
85
92
44
99
186
56
124
83
107
101
188
190
126
54
170
57
48
101
30
152
168
87
144
104
173
160
197
171
69
63
170
168
141
52
64
175
45
67
62
158
120
137
171
155
111
136
187
179
183
125
109
91
127
144
139
147
157
112
115
78
23
32
175
152
130
174
49
184
22
78
30
165
34
99
58
46
138
111
31
134
192
40
97
159
79
57
97
106
80
137
53
40
144
49
68
182
65
65
142
55
37
49
124
26
100
181
59
152
184
72
75
87
174
80
42
54
88
159
146
35
167
89
58
76
67
26
144
113
187
123
200
119
46
144
199
23
165
169
92
131
190
56
44
84
29
121
57
133
170
151
80
33
191
33
53
21
29
181
31
80
163
45
34
171
84
142
85
61
83
195
36
166
24
66
190
91
23
26
116
154
74
31
89
144
63
156
190
80
116
94
159
44
96
31
150
78
172
197
145
197
56
36
26
179
29
197
80
101
22
173
132
200
139
31
45
149
105
99
50
169
78
51
75
92
35
85
166
54
151
60
63
143
168
70
183
92
79
155
189
157
70
22
88
99
107
180
192
71
40
23
136
160
55
115
39
35
173
47
35
136
123
72
193
30
90
198
37
68
84
154
142
116
191
62
151
109
78
129
193
55
38
127
161
20
138
148
92
108
69
196
26
87
168
107
123
120
199
182
60
190
148
81
187
64
183
23
136
134
171
23
58
104
170
174
30
108
124
121
101
141
150
80
153
200
38
141
120
162
146
39
109
162
45
121
83
27
93
152
73
32
129
151
